8176.70552168 8339.71137475 6532.05675352 10111.56604869 7653.47973176 7082.87474894 7943.87745421 9936.83741398 8089.62026649 8287.71186034 8552.82919071 11210.77942407 7653.47973176 6865.37020217 10351.10589777 7883.91088901 7847.79907327 9258.48273355 10015.42582980 10268.33317126 6599.65732702 5715.28056949 7092.70261675 6098.48437316 5668.64395243 5409.11618208 5883.24339654 10599.22529878 8521.10417601 8988.77883261 
5098.63782262 4403.90774610 4671.35058593 3007.01960641 6024.89992192 7082.87474894 7943.87745421 8431.44222029 4369.64704051 6618.32929986 6400.19674568 4146.74715590 6024.89992192 4872.83531243 5699.51892729 7883.91088901 4307.18628006 8655.27122582 6043.36084513 9665.51162281 4725.14002061 5715.28056949 6988.66942311 5356.26972223 5561.04985215 5409.11618208 5883.24339654 5055.10114943 8160.28388598 8988.77883261 
2943.89672812 3615.20798658 2118.59040994 1868.82614310 2546.96545079 4595.35828448 3870.66648029 4136.30649529 2168.95940989 2541.92971074 3239.69703668 2249.98873532 2546.96545079 4066.72909695 2696.94143345 5207.26096835 1795.16556853 2631.99162753 4022.54632401 3071.03071539 4205.11699635 2637.71279172 2637.48907339 4380.76744659 3677.25598192 2432.94909059 1955.43053789 1741.98442125 3679.70445558 5914.01840177 
1896.35170199 1112.77606396 1337.30227816 1289.73489614 949.82145278 3229.36359841 1655.36855691 2277.91839166 1614.52282765 1417.63108138 1218.30472653 1117.77218364 949.82145278 1295.86132470 1586.18250714 1995.43733816 872.58744043 889.27972059 1830.26805045 1191.18274194 1775.21305317 1108.31474990 1302.59442776 1993.61749235 1687.73017939 1838.62375572 873.47101572 1142.36199497 1466.92131699 2319.67549336 
852.76683645 685.50103772 797.10249590 654.41989268 591.75129745 1404.60911579 799.35339319 889.10781191 1008.97347339 616.60056105 913.86979185 668.33077240 591.75129745 694.57544400 740.22728093 754.87438014 540.14394909 682.89833092 708.77154197 925.00949873 751.62192244 751.07734028 856.48252727 995.19348164 716.81805107 1021.73485303 592.75457479 719.94595808 791.43886507 689.59905999 
616.41927989 554.72511551 572.42144902 524.39044330 543.93667837 845.62932488 586.25413722 606.81136866 621.69053223 504.33974050 607.41155992 539.10768040 543.93667837 546.78956775 480.64767540 527.26708687 503.41909979 508.95618589 515.66587934 710.08708159 517.06810590 533.69767682 692.77468477 519.27855206 581.98659319 776.52654820 524.98706347 575.01849959 503.16287349 498.12760320 
504.48106991 524.28663198 503.09716325 511.46619648 482.97983721 546.17055265 569.15488454 516.81286786 505.33098105 486.36547519 535.36929878 492.49147678 482.97983721 497.46474226 456.16971929 500.14130159 497.71565126 494.84694668 500.61029403 597.32111641 490.73469543 505.97613207 633.90124248 504.90103638 510.50740499 734.23100009 502.30928612 520.17885748 479.03326210 487.62143181 
476.63375749 510.72744588 491.96790244 509.49885886 457.41188538 500.85244155 535.39590027 486.67068414 488.40795854 465.11553374 503.86070868 478.77621481 457.41188538 494.86307376 453.12700104 496.70817745 491.98688325 492.59664378 498.16041596 500.28259879 479.24144813 495.92022025 599.90386152 487.82025852 506.26776607 642.74325479 500.31500864 495.37535750 467.98722643 477.16830656 
468.94019098 510.55539668 489.39514264 508.73479161 450.99702340 499.06193384 449.20099336 485.35914112 484.52130293 423.76139865 500.56559927 461.42053129 450.99702340 494.53839008 451.10311343 495.52121110 473.81802323 492.32277939 497.19297213 414.53760635 475.84476740 489.83481757 597.34452925 479.68637411 503.46691330 516.42406479 499.72090291 491.35956703 467.83026437 471.59380694 
466.49815819 510.55510431 489.32331486 508.31799746 450.92518311 498.99340253 448.73350426 485.05169287 447.47632662 422.48448803 500.42479958 460.58369803 450.92518311 493.80473007 451.04207361 495.07410502 472.97656399 492.32205954 497.18878447 414.39395020 473.03265764 489.80640181 495.45731554 479.65978205 465.65882735 430.20429443 499.72061754 491.32703793 467.82999608 471.32481225 
465.23644883 500.19812846 447.86970432 494.97210388 447.91945776 491.17889542 448.70196350 421.60076158 447.47623472 422.10336469 499.88699883 460.57123159 447.91945776 492.95653779 417.35676397 495.06739403 468.11248696 457.64300358 422.72199284 413.84927361 472.48213691 468.10025912 494.36379473 479.65978019 413.88686886 414.05127419 462.38100803 483.39250671 465.17846395 462.75775203 
419.74877327 417.34875385 447.67822076 449.72741443 418.26071758 413.72344206 445.54071265 414.08783512 447.06691520 411.08794788 418.92016322 413.97252918 418.26071758 428.17785061 414.05568512 446.99420836 414.12298821 410.34216311 413.99220855 413.73895532 416.68844757 426.21396271 450.84439993 415.73741891 413.84054568 413.82642362 440.69204777 414.83630189 426.62963629 413.39607659 
413.86099729 414.29711130 414.56364840 415.37678833 413.83856152 413.67435332 413.95774744 413.77768319 413.75942525 410.14885315 413.89560766 413.78909146 413.83856152 413.85617463 413.81955833 414.39791091 413.84333076 410.08844558 413.68173082 413.73895532 402.10282295 413.76103692 414.08929376 413.92595736 413.82001559 406.54630884 413.75070798 413.68988506 400.21774704 410.67754556 
411.95235222 410.32393679 400.81237186 403.34461768 411.59074181 410.32902866 410.30715431 399.36233789 406.56856462 409.99153434 399.48943811 411.23626850 411.59074181 403.51799645 400.04056814 401.81733294 403.65679389 399.28977777 400.48524687 399.25496082 402.10282295 404.71330626 407.09621421 399.60537659 399.14005437 399.71001656 399.49719119 410.73644965 399.53719169 399.60845782 
410.16467485 410.14580085 399.90113522 399.46531136 400.96925302 410.06132918 410.20031997 399.14864722 399.34424678 400.28399505 399.16613907 400.34851885 400.96925302 401.42211537 399.66232452 399.12025330 399.56815303 399.18373021 399.35703670 399.23879585 399.49575499 399.73439490 399.64928329 399.16833443 399.14005437 399.45149120 399.37798470 401.80182113 399.35330826 399.13961267 
410.11216907 410.14580085 399.18291427 399.31216833 399.22414717 410.06132918 410.09307655 399.14864722 399.25157013 399.49671839 399.06521375 400.00000000 399.22414717 401.42211537 399.19666706 399.12025330 399.32645229 399.18373021 399.14562132 399.17242886 399.29905291 399.39765849 399.42581588 399.16833443 399.14005437 399.45149120 399.34516958 401.67538083 399.16354193 399.13961267 
