48168536.35667061 21794983.80074231 6252939.84006971 14030038.95237594 68387376.90362097 109259603.35662533 53720019.44264135 62141214.10913440 50537883.88975401 43015795.76524367 56098772.15801404 41444476.04802333 63055517.91079158 61657881.81886455 92897083.56913900 33027474.33256924 106433398.04311104 110830565.04572780 99195032.96810867 163197358.63281158 87022598.61212604 89397684.30053765 29224260.31920071 75059847.21375677 101495635.41852790 41507440.83842825 108907645.53181230 22354948.16978936 44365298.88935222 114741359.38332623 
48168536.35667061 21794983.80074231 6252939.84006971 14030038.95237594 68387376.90362097 67851965.64723149 28514717.61886509 62141214.10913440 46238672.18045149 21821377.45283769 56098772.15801404 41444476.04802333 63055517.91079158 17839744.97662225 53461971.56866084 11324165.10018892 28156147.89482411 52383033.63333153 37869679.82017709 51969124.12526309 64745149.35167401 89397684.30053765 29224260.31920071 26629835.82005069 57613539.82079185 41507440.83842825 28975915.43631708 22354948.16978936 44365298.88935222 70046532.28617384 
16844204.19957255 12973946.80834886 6252939.84006971 14030038.95237594 42989319.32398108 9679503.38834568 28514717.61886509 13216252.06285765 17271571.28173082 16344057.93279117 9720355.89763382 25155945.62970576 33914411.80801295 6256294.74359307 25542627.05459430 10873699.53220608 17771667.33458156 17949492.33132588 11524390.52452712 7825777.17358226 38413055.57079362 34496071.68707155 16143694.17781127 20842438.25788568 13889744.14590323 21534846.21018606 7906462.78487721 22354948.16978936 44365298.88935222 15249233.45202084 
2461030.86748969 6161421.74891601 5814099.58159070 2956214.52740275 18246784.76338757 9679503.38834568 3820184.87427565 3121826.06910385 6463614.94704662 10931689.84606267 2523471.84846969 13138141.44540228 4686327.71189267 6256278.01623872 1651946.03082303 4227281.51357627 3789901.29850698 4604676.94658867 7669018.50802394 7825777.17358226 10919538.43897516 8145616.62627185 5275539.26582582 2524154.77494913 8523894.71860678 8206638.88521612 2921075.58285592 19974763.85131228 7564612.84892327 5500589.74342023 
1814113.91162009 2245148.84781030 3038875.70585498 832941.44854906 7584473.00150450 1398829.23288082 1889809.42553741 1628178.35141476 1513422.88684359 2392241.61526237 2030271.01986363 6221639.67961762 1122895.79229640 3580896.84977582 443766.02575840 2370148.06940533 2546036.36255958 1432127.49124571 1578638.81711733 4114880.54693412 2404749.22338265 4868807.41146239 1501022.99387297 642450.61007006 1932670.63336535 1163832.03736613 941514.99552673 4415966.69253405 3151360.48785858 2296153.72850856 
988642.25336617 845274.54855591 1250185.53928126 428113.43453678 2116825.96985943 621409.46598392 1562737.32931939 1382468.04118705 1235701.09591170 1542558.67102707 1565218.93258447 2475551.66021259 644264.82583883 700537.42665755 130047.44345926 1171523.61657174 2297479.04961280 1105768.10809256 730277.00070934 1773184.64891338 1231407.77657532 2396431.71108842 783799.08050288 322298.93545596 343139.03419427 313160.17045260 579216.57382006 528680.50119882 1668777.37233500 981852.75106940 
693309.10979529 510102.20047464 1093623.04477091 307349.36919194 446725.71615250 545681.27687131 998065.77815577 860456.93037122 1045061.38347237 1289300.35521656 1275745.66615566 1615774.21574483 579270.47804882 556095.95984201 70514.97122968 187486.92190814 1810697.62528002 735073.06883600 300633.93329604 530282.97570757 570625.12625220 1143318.75973908 300895.08331801 266835.39355906 258324.69531255 218116.04581785 376593.04753893 140751.38374552 891454.98509733 525264.10873575 
483113.73344490 318928.35425882 924463.53514011 229420.20640256 121959.37860594 93313.54637881 527699.97195115 335089.85277644 360505.60520940 772039.11218139 1060519.75239446 860979.17730657 549029.41904912 495891.29041131 57722.06331539 97789.12170573 1291046.34573194 284451.10594783 76281.17852364 251091.52482929 293772.01685063 722505.15801200 78115.01116888 251023.67657144 165108.81687581 188389.41999215 79574.47495303 133594.02287697 777501.72858892 339669.00496633 
458922.46789759 55080.84119854 253005.56301657 195656.15674612 52802.78873901 63016.52982566 354581.80835980 62900.43720590 317876.19934621 458430.23695410 699505.97684245 559278.16738736 262873.72163956 389412.06000992 53080.83849509 67460.33836845 1041969.32898928 71950.65370476 52160.94419625 81869.78791222 95649.62731238 138344.40753399 11334.11545941 247206.48683932 123015.44909165 121160.69137926 66452.09154427 131257.55188796 241263.28673277 160733.24807276 
13839.96573704 4993.19301948 7104.01433414 19983.27085456 13151.24256855 18365.91162623 12814.81240761 9865.47029234 85159.87579742 16953.99472846 13310.87441491 18762.54803888 58980.50026711 16494.50849735 33669.50474693 5429.57812975 26046.73759522 36304.96931915 39901.08242650 9782.88593224 6091.20439841 3896.70545170 5101.33250239 48894.91274334 8796.25383822 46461.97779606 34743.78013801 18864.76255512 10290.57087154 23473.60285208 
1265.21442464 1329.60544695 1173.02773671 1202.98762671 1341.60469968 738.40614234 1594.12785776 569.56175466 1226.26756224 1451.06091994 1475.25979257 875.26605372 1934.74147016 837.12193959 764.07289790 1529.32456535 1928.93012152 2109.34451661 1275.08194818 1868.15611453 292.46248329 1603.01110316 1665.84066792 2058.18706018 1258.49339498 1869.69394579 1903.80213901 1438.22708073 1714.89242232 857.72431057 
697.97591052 672.08459027 396.61670658 875.27729542 737.42574412 499.51338390 187.16840556 78.96329964 691.30542487 847.17804246 711.13699729 542.44124512 707.11463440 401.85757051 514.73223509 980.08548173 605.56145000 489.64880636 150.81984646 1145.27383396 161.77731372 673.63511217 411.15873692 859.38089493 641.36058262 410.85871047 587.44745988 993.25769679 691.61207115 248.27393700 
544.36991397 89.63265143 387.35569447 209.47346469 180.25322376 362.88456758 27.66602237 56.77357537 522.87606329 340.03181711 444.95753903 485.78613366 565.22006047 324.70361812 104.53591807 415.69599334 293.70276705 378.08632705 87.34840773 789.47967864 148.85348969 171.23574941 360.97000767 634.39028997 351.85786860 168.32831085 394.64639887 503.70741871 97.35563062 147.21729525 
245.82190990 39.53481098 336.17559193 124.27755098 113.92660068 294.62153882 25.73414953 36.03632335 447.05743819 330.46986732 113.60042761 454.44520794 489.64923553 298.06605861 48.60996484 155.27468324 268.49718015 361.73300520 53.54911953 485.29177380 144.40727931 147.83446857 310.38808208 335.36959900 307.95862639 40.12638520 386.10599760 243.94670687 14.01149741 144.56357435 
182.67878090 17.64456356 157.17795101 90.96215151 91.99696487 216.36944761 25.33499887 19.86864010 159.60309093 44.76290723 41.24341929 276.26990128 150.07601877 240.79979445 35.55225866 141.32965490 264.51432055 147.12524910 46.10872227 301.05869409 143.86182793 133.36252016 143.58751487 145.34393715 8.06375321 13.92536503 167.03801277 80.08458959 12.79191173 131.82255413 
42.64019182 14.36770930 19.15391405 39.36422749 48.10437260 143.44261677 12.77114852 16.24703784 50.84709398 18.44478187 15.31944483 160.77492673 147.41671865 222.68985806 20.15542194 124.61717047 46.29974063 138.28252205 19.67884879 193.44910270 9.61590696 10.80592179 11.23636643 141.21934870 4.66680754 7.72564848 141.52479938 62.83542691 12.65645541 127.82562918 
