5914.42622492 5741.41269736 5744.73815405 6084.58025109 4932.26330802 5952.70862552 5925.36448622 5982.62223933 6078.68474869 5419.14210024 5917.15771017 5879.89104241 5951.62976002 5358.33070391 5177.10365300 5568.06022087 5812.29675493 5157.60659362 6062.34486528 6105.04920654 5153.36053645 5011.62988987 5811.75947733 5983.05353157 5841.79088790 6067.22338914 5366.03744788 6218.32618777 5879.14913007 5737.61841320 
5914.42622492 5734.19919385 5744.73815405 5996.37075304 4932.26330802 5631.10934250 5925.36448622 5487.07416201 4358.35350603 5419.14210024 5917.15771017 5879.89104241 5951.62976002 5358.33070391 5133.48873416 5552.80900114 5038.26489227 5157.60659362 5510.80328010 5786.70890142 5153.36053645 5011.62988987 5393.79052659 5279.05909425 5799.85345066 6067.22338914 5366.03744788 5332.66671929 5655.84863207 5562.33821599 
5270.43385930 4633.79368931 4962.41078809 5571.31482639 4932.26330802 5631.10934250 5496.39218826 5469.17171328 4358.35350603 5419.14210024 4630.33270121 5670.40605167 5488.92159215 5358.33070391 5133.48873416 5328.54661869 4817.15089815 5157.60659362 5184.50472089 5786.70890142 5153.36053645 5011.62988987 4898.58508681 5279.05909425 5581.03507257 4785.72732249 5156.33392582 5332.66671929 5307.06497161 5029.96987315 
4715.75265690 4278.37262260 4034.24505024 4657.64552843 4734.69818706 4572.04322658 5140.48816565 4121.86410764 4358.35350603 5264.54399596 4619.52344090 5670.40605167 4917.28175788 4682.63591388 5087.90186991 5209.77440093 4535.72790018 4796.27717562 4968.90797885 4621.39508561 5153.36053645 4593.61963446 4162.67501853 4302.41963517 3823.93408479 4362.20756524 4557.83197735 4815.58388661 4728.85876969 4635.10721168 
2875.26114122 4107.43988915 3592.46891968 2834.73460359 3752.74619247 3239.18777448 4079.66879749 3856.13908779 2685.26739349 3591.25514277 3428.13080311 4785.94278063 4296.58163356 3594.01162320 4010.22704369 4330.58795192 4535.72790018 3824.71717452 3604.52797721 4621.39508561 3581.24425853 4218.94643561 4162.67501853 3677.17246518 3380.97801754 3714.17886170 4016.56816561 4031.37071163 4371.55182042 4221.20526655 
2493.40168486 2903.34167168 3114.07490314 2536.93514362 3382.13893580 2392.41027959 3048.19245410 3218.20011803 1849.54669175 2577.64907022 2185.41761503 3104.24124994 2874.15635722 3240.01938852 2804.74698220 3103.15893142 3647.21459229 3142.43299872 3474.27032648 3253.13030053 3362.28755134 3164.84831603 2699.12544194 2784.00838847 3112.30255393 2491.16285105 2673.82270212 3035.29235755 3588.49905187 2321.62989843 
2087.23626756 2378.90481128 2005.43780182 1775.57641652 2541.60560039 2106.41368480 1684.73631219 2379.16777143 1265.73966555 1867.57974359 1102.76014963 2465.63326137 2562.09480614 2200.41062876 2373.66415499 2511.86823228 2188.49446595 2158.90362060 2851.24091563 2113.29788069 1557.75602727 1656.10373156 1824.37540278 2077.59219041 1598.31942749 1770.43277637 1849.82873555 1856.75423086 2428.14997156 2214.98387834 
916.47582700 804.57386556 773.53418490 653.20168163 1248.58312771 963.90775628 544.55518072 1202.66476231 513.28677042 362.39340006 594.69623191 1754.44460336 1785.15347186 1017.52197944 1200.47903643 953.61119509 1456.52520536 365.39541545 1570.69901965 1787.67767869 284.43473222 1172.34546342 860.53837045 762.55616412 1232.00477236 725.30718993 852.38910758 294.02102198 1343.25157474 1302.40527334 
163.56024779 402.07522899 25.36300856 33.57373479 304.92957363 250.93552174 149.94379316 201.69190250 30.24282062 4.38761525 476.54712358 834.26774322 410.76402927 32.76171683 214.87975942 58.72601629 284.58335602 167.12245616 157.04022676 138.65929445 15.57376204 306.80175385 36.86741293 199.32873072 112.27186431 250.36776726 187.10151510 15.48987438 180.56227979 500.63030546 
0.31244575 28.40439383 5.18560147 11.10009789 25.18491578 238.86527432 126.44322462 2.01984589 3.66492392 2.87541146 476.52911402 14.63706090 8.74667666 10.27651713 6.92387811 11.13132644 9.51825000 120.33325338 1.92719695 2.01983390 15.21386142 127.99516845 9.51754174 8.05182362 7.71626359 246.43296494 3.54060008 15.24509587 22.81353312 3.63613244 
0.28105900 1.95737566 5.18510091 11.10009785 25.18016502 13.06692265 120.62191608 2.01983258 1.95753379 1.89491875 0.35987181 5.31001474 8.72511074 10.27651645 6.92387737 9.48660484 9.51746368 120.33325336 1.92614720 2.01983258 6.03991136 4.24607463 9.51746368 7.90360106 3.63073821 9.16514345 3.54000983 15.24508988 22.71149253 3.57123829 
0.18737075 0.21859920 3.50878137 3.57883093 5.24755783 3.66492367 118.97682196 1.95737566 1.89491875 1.89491875 0.28105612 3.60246674 3.73061827 8.56896845 5.21803480 0.31228462 3.63369603 1.92614720 1.86426848 2.01983258 6.03991077 3.57123829 6.16482460 0.31228458 0.15614229 1.83246183 3.50919572 7.74745877 9.45500677 0.21859921 
0.09368537 0.18737075 1.86369029 1.86369031 1.92614720 1.86369029 0.34351304 0.28105612 0.18737075 0.18737075 0.24982766 0.62231445 2.01983259 1.92659197 0.21860211 0.24982791 0.18737532 0.15619810 1.81121628 0.25058334 0.12491383 1.86369029 0.37474149 0.28105612 0.09368537 0.18737075 0.12491383 0.28105612 1.89491935 0.21859920 
0.00000000 0.00000000 0.00000000 0.03122846 0.03122846 0.00000000 0.00000000 0.00000000 0.00000000 0.03122846 0.00000000 0.00000000 0.03122846 0.00000000 0.00000000 0.00000000 0.00000000 0.00000000 0.00000000 0.00000000 0.00000000 0.00000000 0.00000000 0.03122846 0.00001273 0.00000000 0.00000000 0.00000000 0.00000000 0.00000000 
0.00000000 0.00000000 0.00000000 0.00000000 0.00000000 0.00000000 0.00000000 0.00000000 0.00000000 0.03122846 0.00000000 0.00000000 0.03122846 0.00000000 0.00000000 0.00000000 0.00000000 0.00000000 0.00000000 0.00000000 0.00000000 0.00000000 0.00000000 0.00000000 0.00000000 0.00000000 0.00000000 0.00000000 0.00000000 0.00000000 
0.00000000 0.00000000 0.00000000 0.00000000 0.00000000 0.00000000 0.00000000 0.00000000 0.00000000 0.00000000 0.00000000 0.00000000 0.00000000 0.00000000 0.00000000 0.00000000 0.00000000 0.00000000 0.00000000 0.00000000 0.00000000 0.00000000 0.00000000 0.00000000 0.00000000 0.00000000 0.00000000 0.00000000 0.00000000 0.00000000 
