9414145593.31554413 8243288942.87248802 15625701228.71777534 8085817083.11125755 9509508539.42580795 7819187014.28181934 11152534337.20123863 6974494939.31204796 5151662679.82319736 9342524399.46259308 15049906495.08162308 7925334053.50929737 8452290225.53603745 11514326588.04386139 13903806693.16982079 10796629170.26269150 12441528011.22629738 8035459915.25764751 5439286653.92076015 8335415780.92711163 12338982100.92651939 10402228732.09624481 7404499588.05208302 13153455988.61169434 6127697924.37950516 12507184252.15544319 12097604464.96420670 9637188033.52409363 9164071097.99299049 6912718387.41236877 
3098483757.39865112 2301809255.73254395 4559643364.19650936 1171146533.48679709 1742701640.91698933 2417775571.75671339 3964354238.86986542 2028272398.28274441 2090911124.99372530 3448540262.06304979 5078272945.31011105 2285420648.55718756 4777386243.72146893 3543196203.88792229 2846146589.66323471 4224214017.48502541 2003648128.04322124 3976896767.42346048 2551624435.72640991 3208673878.87446260 5211789540.76776505 4870415614.48618221 1287435145.49643707 1937244394.58951521 3345930973.00932932 877140164.75464737 3791007090.30363274 2874989081.58939409 1341896140.25044560 2115010509.82199931 
2642179062.77564240 2301809255.73254395 2976165820.32748175 1171146533.48679709 1742701640.91698933 1559351712.36441875 3579788077.00902939 1996766877.47722936 1877819814.56003499 1905943860.54325151 2617490035.49466372 1161783008.33083463 1917772869.54875112 1490915745.43630362 2075969344.41209173 2917059503.01587582 714755363.78178799 1426047628.28689599 2332313275.13045406 3208673878.87446260 4910392797.55395699 4832955989.10164547 725739740.64664423 1338148764.06489110 3345930973.00932932 877140164.75464737 1037687060.33676839 2213199913.30866814 984709240.57863462 2040830871.83642077 
659032166.82702851 1015993674.49841321 941471123.52520430 585722609.48398077 439644428.18978131 238872871.73086768 1889375253.22477627 922941252.90964985 956249752.91873109 352287117.91707540 2300847374.72200966 284671457.30460894 493103198.07190311 480331649.55513436 861646877.19061208 1880925370.91469288 213498982.07234490 274393784.87552249 445991677.61522937 736463103.53806925 1474327330.73029709 588875212.36895621 190844873.22976202 532007923.27635217 1358926772.14812851 736321127.05988991 621799807.53709459 385246024.92407250 271775480.91823626 600455738.23038304 
219082014.35015514 206358182.96903187 55081440.87126365 66209480.08519389 105708582.47155455 39317547.03786088 466126797.58236557 288138066.24082285 122166593.96759847 34942960.06781118 968274755.51140726 105509446.20445353 49597045.02707911 101524410.17580731 48805814.59535331 147160072.14807728 14149760.46632358 2193112.48193177 14069323.61165749 348662927.06113988 871277671.02015698 29954818.91421932 29598294.62972176 125311838.16799134 617882925.09989166 21513849.76016943 66022610.37349478 111477533.55418091 24514899.47933757 16094379.34271910 
20744917.32844872 22958772.96378089 10234882.25001704 5033846.75417781 89060964.75408684 7710287.18706400 191711120.32794377 180395548.46856174 24401965.91526394 11913686.59277526 412080725.14431530 15538014.76990172 6194044.45857728 46441710.81714678 9454558.62015237 8487545.32656471 515167.97213841 112433.49058336 4794676.70496782 64544880.77612434 789381086.81738555 3555046.57877462 13746398.43200500 115949840.96903589 198392336.24500513 3362303.04405927 46107567.25521550 89907575.50416425 9710871.76085806 1750614.36803377 
273433.92794675 834637.32532008 80761.45117156 937713.77595401 34860628.32703436 1167017.60467748 1083772.40856403 1978369.31114535 2876396.20034574 2358304.55299861 2643846.38745693 106535.85439837 2089398.13268929 30925920.55570234 1049155.77148683 48504.50047331 8718.97986140 9616.39254391 277772.49878164 723744.27198959 575484157.50450099 108640.78255886 2837430.37956944 108106666.31342341 178336555.53014746 90636.71557600 22420816.04300505 86577536.20338938 708817.73071482 40148.12039888 
30595.92054588 63592.14751744 50.20345379 863269.36739327 632125.59681711 258661.41543577 7573.97935456 3662.96054713 704998.07212327 110265.39444978 62597.49347004 2514.01679272 795169.13855007 3705075.68651169 70670.25016194 13763.36817640 732.98009863 8526.09026318 15308.17751980 15542.96334074 2800572.46281997 3160.93881474 1376680.94136174 292353.58280639 165884758.13314271 31.11797838 53845.16571531 84479243.06943311 262190.04178797 7651.12860917 
3174.03604400 335.93115132 35.04921185 816742.59853446 3565.13627537 6892.05396692 1213.16969381 57.14415904 2546.25055447 14904.98130168 2261.96195982 32.83979430 211227.87383428 5754.97096109 7083.61013337 5500.64383879 430.95336603 8390.06666401 10623.86707540 12292.36682881 366100.72442673 152.70000125 11341.25237167 1196.85985451 254155.96797907 3.81102568 842.27266805 3371757.98616351 56242.78549980 85.67243191 
2372.53747043 4.01548140 35.04518315 204.64912989 208.91299926 60.82846587 613.34289945 56.89544751 1.70956578 8499.82598353 623.87577576 24.59812156 10453.79341884 366.97283303 94.75608145 1746.07915236 3.04536756 2711.31714006 5781.36524430 1613.76775748 2525.87539545 3.24413331 11218.24169721 368.45760221 12505.39520691 3.22652247 20.82907012 54495.52434791 32.26735030 48.99727231 
13.94790781 0.03742468 30.81862669 0.00241148 15.74541487 4.27631015 0.07626279 2.05581156 0.00053541 1888.93493780 196.64605995 9.04646069 18.89235210 0.08099942 6.66178736 2.19695800 0.00044648 0.55289956 6.58663471 0.11604270 978.32989958 0.41154876 11218.01563620 0.33784812 169.61442686 0.80517799 0.00617697 86.98471582 15.26055388 48.97640666 
0.03079179 0.00000040 0.00013218 0.00000011 0.00006256 0.01402558 0.00002390 0.00051706 0.00000000 0.01136944 2.50593617 0.00050208 0.00855601 0.00005665 0.00000628 0.00000166 0.00000008 0.00013428 0.00026973 0.00000056 0.00000413 0.00047957 11217.35188045 0.00030489 2.62959363 0.00092566 0.00000559 0.00003915 14.76781719 1.00427373 
0.00000002 0.00000000 0.00000000 0.00000000 0.00000000 0.00000000 0.00000000 0.00000000 0.00000000 0.00000671 0.00000415 0.00000000 0.00000000 0.00000000 0.00000000 0.00000000 0.00000000 0.00000000 0.00025838 0.00000000 0.00000000 0.00000000 11216.30483112 0.00000000 0.00000010 0.00000015 0.00000002 0.00000000 0.00001297 0.00000006 
0.00000000 0.00000000 0.00000000 0.00000000 0.00000000 0.00000000 0.00000000 0.00000000 0.00000000 0.00000000 0.00000000 0.00000000 0.00000000 0.00000000 0.00000000 0.00000000 0.00000000 0.00000000 0.00000000 0.00000000 0.00000000 0.00000000 0.00246695 0.00000000 0.00000000 0.00000000 0.00000000 0.00000000 0.00000000 0.00000000 
0.00000000 0.00000000 0.00000000 0.00000000 0.00000000 0.00000000 0.00000000 0.00000000 0.00000000 0.00000000 0.00000000 0.00000000 0.00000000 0.00000000 0.00000000 0.00000000 0.00000000 0.00000000 0.00000000 0.00000000 0.00000000 0.00000000 0.00000000 0.00000000 0.00000000 0.00000000 0.00000000 0.00000000 0.00000000 0.00000000 
0.00000000 0.00000000 0.00000000 0.00000000 0.00000000 0.00000000 0.00000000 0.00000000 0.00000000 0.00000000 0.00000000 0.00000000 0.00000000 0.00000000 0.00000000 0.00000000 0.00000000 0.00000000 0.00000000 0.00000000 0.00000000 0.00000000 0.00000000 0.00000000 0.00000000 0.00000000 0.00000000 0.00000000 0.00000000 0.00000000 
