59720008.53925619 68214534.01266721 57960704.36657969 40487836.56802669 59573142.49502657 92331728.60110518 33243196.14298298 45001630.50454672 71529458.07846195 117621810.42701371 49285569.77215429 3888020.36829365 44568247.48990753 39394739.37078246 51545668.39033350 55335555.87452598 53611152.31189331 46325300.11616430 107560516.38161892 117380559.63954379 132670204.74873157 45575291.14920641 70997416.15842669 79412253.25636886 182438803.75896344 21302038.42929926 54115642.97505183 27771156.33041815 121953655.91301236 79054561.61559168 
59720008.53925619 38210231.87747400 20982958.57779261 27992762.78329688 59573142.49502657 11343615.18486739 33243196.14298298 45001630.50454672 71529458.07846195 84875890.21676281 25016764.06965714 3888020.36829365 44568247.48990753 39394739.37078246 48081781.56999066 28579073.82433831 21937430.24818480 46325300.11616430 94508468.20289283 117380559.63954379 73784079.77046403 45575291.14920641 68875982.69076796 75500382.17863411 48030640.51046140 21302038.42929926 16200426.84813931 27771156.33041815 65304600.47073112 79054561.61559168 
16602250.01519324 38210231.87747400 9071567.78355884 5611329.32945809 26298990.25687999 11343615.18486739 10764855.15755031 18011427.13818088 19443446.89168691 3235755.99320409 2209660.75446443 3888020.36829365 25640873.06593166 19702243.96142148 35974687.45943197 11712240.81360392 21937430.24818480 6586882.18589473 53321027.67132881 26425256.92008769 10296577.68001295 35137337.13802128 18461651.41055119 10639420.95052765 35787389.14448480 18886404.24133647 16200426.84813931 27771156.33041815 35543092.51237981 20775679.23555397 
827405.44772378 9008945.32508893 6749168.57334818 587710.94511814 15109404.18183948 3061992.84567570 10764755.30206051 7827351.33056760 6315434.81539079 878064.66298346 2209660.75446443 1697855.23146448 5905909.01916485 2851193.29485545 1871679.73429420 2094883.89605700 21937430.24818480 4191055.98077153 1960899.56859895 6350025.20711417 3220183.10759709 9386805.33300482 9126786.06039459 9754985.67516396 6974877.11816996 7603235.35128220 8745353.76738818 3165141.67465664 13381341.22401480 680710.77053170 
352832.83584074 988590.11166571 2211641.14790386 401641.07212918 1358139.47433144 1203210.63067526 5645907.92042215 5226115.17775348 1497182.72144819 400810.47807330 528959.50839985 197087.53199981 3020691.70646550 1641440.89440809 857122.83328096 834728.08883196 3472309.12404612 2245972.13890024 1472663.81739347 1264767.01496789 1335062.75091327 2112659.87717749 1930573.78876710 2785696.92610573 4727258.10498190 760378.06181970 1391661.45388671 561265.52631719 606244.22634877 257580.47422391 
190149.98684824 72302.95326047 1353150.48267884 256639.92952156 387420.77194333 396504.55738059 1077566.23463789 1873982.13102786 257516.43274489 104198.82455921 144659.24706930 115904.11733373 183623.98186444 653895.57370260 298150.17667948 338927.63010636 1343836.11413822 796787.84801712 587975.29925422 1002987.21399670 917942.28953139 433743.80079486 812258.54814826 839369.45192691 666294.49072560 649942.55547630 281081.57289143 68339.77994262 406341.96748082 72704.01348619 
104504.16715017 42098.74355929 727003.71214495 191650.49600382 242052.02808340 136114.39854381 46656.18513015 961940.03480612 21858.85808870 83707.25962374 122805.34697979 112240.75777458 118683.00208903 496370.23000944 161667.22526974 147238.02607264 746081.48580654 367373.69656283 490770.78565068 421745.12210054 249997.92936036 94197.98512095 723310.03182267 359709.84163647 198758.89305767 602797.35665281 55218.90542841 9106.03072577 135507.08994431 53674.30080021 
29153.23771123 32488.55370416 215268.98662644 13804.95643497 74268.45396814 61547.58240129 20510.52359861 830304.36926524 5809.91916234 78647.98503915 87353.70745956 92651.21986673 70170.15880114 327817.60810001 93581.20858716 121139.43776251 459880.71565532 320936.21425971 322364.65964582 181872.62802723 60949.91735221 78058.66267446 669721.54020609 56832.43148197 94032.86810636 280552.87268881 53727.08905622 7863.96478757 20768.23843961 47270.78286694 
16208.88585170 28721.92068656 83168.50319125 12192.36838268 15007.85527282 41211.13843734 14561.16145749 659049.50710458 4838.97465551 74616.82984293 53324.24009975 71131.24649629 64832.87714437 17803.72783122 26406.67827879 102310.88078913 350095.53462149 194963.65122889 289585.98370263 84397.71852003 39666.13877439 36877.47511866 444426.57171841 33063.66399426 80421.64728682 107311.10434731 33504.68772113 6429.97112764 13971.16480527 30046.37151786 
4179.80188886 6223.17357556 16228.35080391 4084.67846202 10887.63072858 17795.76295378 13541.48965002 27316.07145896 4196.43595653 11714.65406727 17380.34525887 8782.84435653 17035.03503501 3405.68356135 5686.87940037 9718.48965441 13841.88750778 14336.51310336 14994.96888598 42482.29354535 15384.97054222 16699.51658834 4730.93846724 28822.17637183 14663.97878513 3804.74695544 15186.58648184 5881.13154047 6014.45982052 16576.30209807 
1401.07712060 1390.13275926 1089.43124384 1766.37012594 1912.58100354 1569.62419835 1352.25491075 292.64286498 1271.96590204 1477.23754272 989.09673599 1566.87337441 821.79321776 1070.46094989 1514.04095375 1023.00528797 1120.26662402 1012.19976964 775.95220809 1895.61936487 1566.34567647 1471.29430585 1438.33332684 646.24940914 1165.33653209 1488.26840333 1568.45690715 1465.65025684 796.21987592 1634.72610319 
382.87334224 634.55792700 321.64732303 314.53619858 423.89805501 655.36689874 349.50123476 196.22365711 581.44867187 301.85650838 389.33067020 460.33482041 430.05970054 655.61001994 1024.97183431 245.98332019 732.29253670 364.51706681 645.61481690 443.16180417 681.41116922 638.78206991 643.69888641 460.48874485 514.97926299 502.72709378 434.63575987 562.82142616 514.03947486 400.03853206 
372.84021421 501.45484086 314.81633826 155.51640665 290.81804183 151.27535969 236.36436829 188.75750948 464.82432474 275.21956453 341.87611736 31.97726438 255.88623732 594.74599007 256.95033743 244.95509375 134.02735335 293.55459578 619.12548649 40.03714110 186.77557289 180.48517997 486.44003762 338.78619740 140.89517088 37.32981943 112.05192451 187.12626544 402.63282763 396.97470783 
40.64360105 257.99375774 269.52695892 154.29967161 282.79728882 142.61108326 234.09043817 174.95065905 87.56065236 200.41539511 213.75964331 16.30434505 115.52143865 176.56281095 55.75222451 242.49708879 92.93598202 276.37474368 275.64033595 32.52578849 173.97499151 144.08273860 86.62590787 132.74887315 86.67232022 23.36022233 73.87879871 159.13590710 111.96675306 55.09663891 
21.41984911 256.88763607 72.22930950 150.12944675 61.90416142 133.45172370 155.39650728 140.71872668 3.94600385 36.90735493 148.57477389 15.75933319 48.37460763 13.50530643 42.08381853 238.89348599 41.84206129 72.93254512 141.52243715 30.35693007 136.92978914 39.22199339 46.87765884 24.18125910 29.16287896 18.84056696 29.20089971 49.36924904 45.47345958 33.95123485 
13.40111124 29.67824417 10.90994363 43.47178398 11.76800758 51.05446209 120.64230242 23.47105349 3.19392776 24.63382194 127.90347618 15.36341706 16.62422243 12.42087327 8.82602645 38.66070189 29.55362970 9.07747204 25.46002652 15.36320113 136.69706165 7.30754171 13.40295958 3.40608303 1.37063527 14.37107667 12.68814755 20.93749310 7.93423679 3.40269818 
