5849.63271068 5830.06855706 5969.13593979 5145.55836475 6086.26524389 5483.51064809 5887.71380452 5433.81006015 5990.80682530 5759.90797381 5307.02390755 5641.51518578 5332.38561617 5835.23273405 5666.97331639 5718.90664948 5907.12066781 5485.65560778 5340.81752867 6192.63231574 4650.81707210 5966.02547091 6513.92504898 5525.45342053 6225.02249700 5555.20663336 5300.63583193 4974.53170789 5143.03826067 5436.74283560 
5699.98343141 5642.27823735 5969.13593979 5145.55836475 6086.26524389 5483.51064809 5703.72007445 5287.64325610 5767.40476225 5759.90797381 5307.02390755 5641.51518578 5332.38561617 5835.23273405 5666.97331639 5718.90664948 5192.30149327 5485.65560778 5340.81752867 5975.39602253 4650.81707210 5342.48581432 5067.13930450 4705.48101320 5322.26659534 5555.20663336 5300.63583193 4974.53170789 5143.03826067 5436.74283560 
5437.83124228 5585.88538561 5372.45576271 5145.55836475 4817.55120877 5081.83974513 4822.69648982 5287.64325610 5374.47122536 5192.92055047 5307.02390755 4642.29135131 5332.38561617 5359.47788373 5156.81464138 5425.80610983 5192.30149327 5198.00787153 5284.53626736 5552.35924308 4650.81707210 5118.99958711 5067.13930450 4705.48101320 5322.26659534 5555.20663336 5300.63583193 4974.53170789 4367.79544452 5393.35635174 
5345.59680654 5575.08507153 5309.95194179 5145.55836475 4817.55120877 5081.83974513 4511.41345969 4937.14295748 4795.22650418 4428.21284519 5307.02390755 4642.29135131 5137.60017343 5359.47788373 5156.81464138 4886.22046977 4897.44817198 4778.36671928 4195.69160152 3814.15253246 4650.81707210 4433.63319381 5067.13930450 4705.48101320 5025.91385602 5523.10311601 5250.18459049 4974.53170789 4254.54585336 5103.68502634 
5120.84369266 4021.20874546 5012.83554997 4284.87606720 4731.25636987 4176.25882414 3767.37694699 4919.24302791 3821.44579509 4230.26258620 4786.25097607 3551.59244169 3246.75044715 4513.28804902 3646.23009026 4151.61062111 4589.98612839 4485.71660715 4195.69160152 3144.55031794 4650.81707210 4079.05398034 5067.13930450 4420.99282678 4203.04014560 5380.05395632 4749.97082246 3693.34459582 4254.54585336 4540.21970281 
3222.44219284 3968.78960854 3380.16813341 3230.30910774 3119.60894567 3878.94317850 3324.70720294 3568.26512474 3539.67910502 3249.40890614 4170.41444812 3363.53770121 3246.75044715 3411.02206059 3237.62369548 4035.44404251 3952.46417470 4059.87232341 3362.34693763 2506.35920261 4174.78585751 4079.05398034 4672.19234493 3684.86113331 3730.11922783 4474.69275963 4279.51403073 3664.19062837 3979.89267544 3587.90960046 
2865.86068932 2909.28757746 3184.57460658 3230.30910774 2525.21318013 3090.93830759 2119.16497624 3353.11912525 2865.50428811 2795.94179249 4092.93374280 2844.75555519 2433.90891406 2047.86226764 3050.73014474 3216.02179831 3481.67570527 3430.13775708 2174.00074354 1905.22689162 3001.46271009 2846.37662992 3090.72438567 3124.50266648 3430.89008927 3750.08340109 4085.21209730 3025.59808926 2957.40223581 3542.78660494 
1894.51520379 2353.98616073 2179.06039280 3015.21703043 1915.62904550 2148.65727257 1746.52980679 2453.50096248 1274.36890371 1963.05024176 2706.74752365 1849.51892016 2293.02079540 1824.08641060 2516.47229609 2860.48399064 2281.06638200 2279.34121876 1611.58219839 985.53458004 2510.14188953 2525.39431164 1388.26474395 1812.79065740 2600.02630298 2787.37653247 2267.77269255 2362.67125257 2581.02793074 3239.76751712 
1425.37272172 1300.92684406 1798.22170714 1829.24519008 1392.27437757 1050.60144738 1307.82507362 1336.83001914 477.80707176 1502.23215505 2009.17010827 1176.09751292 1892.99017489 1203.47086917 1766.46257487 1480.01322976 1491.16561577 1945.49887652 940.60580588 555.55640631 1493.06740016 1522.81458822 562.60901416 1020.78217342 2061.73643875 1545.16957893 1707.58661711 1953.63195844 1622.39431019 1209.39404231 
411.00678562 975.15010831 551.32127170 843.72462439 474.92466446 612.86902656 698.51263240 553.23317315 465.30803725 1008.54957164 826.42140879 317.41477633 1069.60972961 499.25283968 853.15755001 967.80893636 877.79412912 996.95163291 457.22028827 240.43540232 1441.51598935 443.32621103 330.38138250 478.49202712 655.53075552 697.24908863 1094.17351475 1148.64125425 960.78769216 749.60257160 
295.52079236 448.64352572 19.44068790 552.36877471 39.07682389 160.10771665 495.71711498 46.70560799 234.70145550 579.58456684 498.29961266 132.85984603 673.97464723 305.66328162 326.72373069 587.08064320 645.90086292 239.73721144 183.45989070 240.41667906 814.16118012 103.23547942 318.88198860 169.37579396 231.98251266 294.36429387 757.92392078 765.41583395 665.99073616 391.91279760 
101.68525966 272.16379945 5.27878631 224.56066905 6.95510582 55.86770839 148.81147562 9.51747086 153.46568080 350.61000187 79.55795924 132.85984309 224.14119600 59.82622571 171.05326365 57.06376219 161.38951370 8.89470241 27.88341050 199.32744122 94.01643658 19.38186005 141.00033325 35.15864877 14.35905158 116.86467831 195.84566560 239.11043738 332.02732760 60.66609141 
14.59250413 18.96811612 5.27878628 53.49698115 6.95510582 17.32326109 11.66884633 5.37247166 5.21632938 69.10765639 26.80047901 12.71396047 16.57654081 24.48946609 125.62935290 39.75732229 75.62702259 5.15387245 13.19755934 178.60263839 34.51913937 6.03867384 127.39050912 22.41672210 9.48623523 38.50969080 26.87119294 40.49624460 103.35606610 12.49401935 
3.63369520 6.80092001 5.27878628 16.15602608 6.95510582 14.54338803 4.20142722 5.37247166 5.18510091 35.51825708 5.34124320 7.71623031 3.60246674 6.03991077 27.37996937 14.69115135 12.69373167 1.83246183 6.14607572 124.04489497 6.39430124 3.73023862 27.76966483 6.92511083 3.54012733 4.35311941 12.27190468 2.96401393 11.85915062 3.57123829 
1.92614720 1.86369029 1.86370370 5.92434659 6.95510582 6.03991077 0.24982766 3.60246674 3.50878137 9.75618202 1.92614720 5.83304627 3.44632445 2.19461950 1.80123337 10.98254082 1.17822764 0.21859920 2.01983258 1.89100882 1.98860412 1.86369029 10.18657643 1.92614720 3.50878137 0.15659486 6.35137014 1.95737566 1.84627729 1.95737566 
0.21859921 0.38738060 0.12491383 0.16003199 2.05106103 1.89491875 0.21859920 1.86369029 0.21859920 0.46607609 0.15614229 0.12491390 1.77000491 0.09368537 0.24985982 0.18737075 0.09368537 0.21859920 0.15614229 0.18737075 0.09368537 0.18737075 2.15777122 1.83246183 0.38465490 0.12491383 5.46564558 1.83246183 0.50473107 0.68184891 
