9942260841.23668671 9524829601.07684517 6191054795.73208427 17664927254.04389954 11179002857.85234451 13665242472.63715553 18713015642.81040192 18354170686.46184540 12018985394.25660896 12496883640.63406754 11042438150.67160988 16056020521.75225639 14066188437.93014336 13972444550.06898308 11772827549.95654297 12741427715.97046471 19037698124.42124557 22198704098.21141052 21077757668.96878815 15047996745.27272987 9031100328.38930893 10048808026.39858818 20386304152.07387543 22944675755.81893158 16099121880.70475578 21109573969.21601486 15371438096.96053696 17932983899.04547501 6166896183.20922756 23355882461.69045258 
7697947463.84809113 5026863931.76625156 3663580070.06966066 14609071144.61313629 3932229106.68215275 13665242472.63715553 6186010865.75514030 6135108778.22331142 5864460832.37121105 5627499668.02150249 6979887223.24296665 2421037536.30430126 7965597290.84288883 4390659783.65987015 7313235142.41521168 6134669011.45765877 6595391681.45306683 11723190119.91069794 4457025448.67160988 3571379291.45018291 5776901852.95115757 5201392978.37980080 8821869585.88055420 7449468734.49431992 13962565711.90621948 2487623838.67899227 5293791874.93593597 4639840822.05713558 6166896183.20922756 4370086118.79726982 
7287690501.93544579 5026863931.76625156 1461833534.53003693 9983757183.61744690 3061372171.05512524 7313390839.94674492 5178573340.92257214 5613245546.43153954 4200688676.03626490 4254832572.70035505 5187754109.82095814 2421037536.30430126 5323160892.05311966 3616977749.95048332 7313235142.41521168 2500384559.46344233 4793869587.61345482 7106823249.68167973 3687481258.02492905 2218284579.05761766 5683606004.33761978 4545689258.09629822 8177417493.13340569 5076726779.37627316 11699420517.39994049 2487623838.67899227 4615054285.70249557 3861571798.29584455 6166896183.20922756 2717535037.50368309 
1639053612.05776548 2926036692.55228901 677157094.77233517 5058042213.49922466 1270897292.22875309 4065609630.54270887 4400647978.68599129 3573217332.79236603 1429201494.41991735 1159324529.72541666 1083726045.80610824 627570260.56210339 1031359412.80036068 646067600.18091261 2190716350.35113430 522583850.76763928 1235209352.02724195 1698169352.54961205 573406238.10852468 420850480.77279073 1186506579.38665271 2366221175.60866356 2409979987.49670076 2342422443.00555515 7202537175.35901165 1617281003.03677607 3144484635.88554335 1222040977.67836165 902042866.19017041 880557945.67149174 
76273816.14321716 2219646902.99944878 18603597.65693540 3151008311.79917812 159594574.82644647 714201002.64317405 3814243763.54442453 3279427799.47862005 47580946.72252283 473477964.25479627 80037237.79717793 79317842.45649859 364820850.65165544 50201384.94328849 89233496.16383193 72008599.55359441 376337741.70880884 81765969.19954571 150575758.87720543 110276503.46932045 124199135.35260507 350281240.04290098 1078104945.86375284 46681584.54546350 447366112.25930864 111412748.82281294 603034426.11479878 892028001.42271578 17044275.69198480 73219620.40145925 
3247691.40964928 2137681931.08798409 877288.79492890 2799959295.31486416 120785507.75554523 55245313.22651169 3441206126.45000935 3240732561.37852573 1072684.47279112 372761446.25513935 10786846.17998086 3708741.86416923 159840710.43504429 3748255.73616924 1944965.22488540 4146769.66103277 215007023.71375367 1227826.94484966 21969738.46138025 35943630.37188652 22226520.23655153 101495929.94798701 959005923.22828197 2150224.24724059 8186312.00620874 3959282.00746545 195682538.76575556 281443689.75683945 2100209.93583104 23197069.85672223 
34062.04174172 2047312493.21186447 4858.26776092 2484799332.90687513 41972101.74956910 444209.94619370 18085549.58363862 1303559125.05712485 6976.96727571 61439039.13025122 2460666.34245975 630168.44937597 85025792.41958296 3154408.96513008 979926.47353630 201155.72233618 18670164.00361396 45113.59231158 2703846.97751628 2981033.86774368 6967686.67702615 44826487.97797083 332069527.97539473 41612.72898325 337505.45291797 178575.81385396 2585055.99993763 59271620.82807642 75039.30316083 1640944.41852327 
167.07504221 1914545523.09505963 46.22651761 244686884.19465464 22962724.62099960 7457.55089309 47718.37747249 372599.03042478 532.60436567 322899.71414429 1268998.76964667 7331.13958653 126935.03006153 2323157.48855190 927119.70940637 3218.12648749 1482276.56251641 4320.58209303 285750.59056428 198478.77053655 2209174.13016477 4009734.22243306 4683682.94858109 11301.97382916 9956.70091737 4226.16206214 7655.30839497 2269197.46295572 38735.16092588 76596.25212408 
0.31667433 270331637.14135426 34.34209272 66420343.32363741 21767296.20533049 6077.28280131 193.61604989 4871.36152020 480.85642476 2015.32482490 647018.07113200 87.59213517 1490.20288231 10420.65741002 136493.80642684 364.14913216 151310.96000591 900.43712816 861.87326964 18876.34028396 69708.19651800 77328.33373376 113224.01237605 9014.29427578 267.97999596 3199.83796502 5026.61146829 102601.69670804 6655.84517442 12741.92275909 
0.23928012 13951211.32195710 22.96500417 5000.99636799 1591150.22507220 2709.54525538 2.92767838 4087.18372339 375.04480218 567.68411962 1691.66082599 5.74102634 1254.09775147 1895.31448101 25077.95258689 328.71752941 186.36040897 10.43516936 636.81826404 71.71807129 6479.99549960 2182.31842411 18021.80082436 163.77035850 37.99434314 1553.64424244 3473.93341133 4561.17796916 1567.10355347 42.95153210 
0.00004596 10638.52924902 18.14116498 4996.77510949 464.68740276 14.91986159 0.22812423 4053.03327122 25.55608514 6.76341989 100.80579511 0.00310210 0.14642093 33.37823981 3648.87329517 3.99180695 9.79599789 0.00209682 0.01626816 0.22838786 135.86999113 983.16261208 5051.71967514 0.02779296 2.17093007 0.18885713 1.62931751 54.37623013 21.48338680 25.86594110 
0.00000000 0.00951350 0.00009175 4627.00432523 0.14510499 0.00054286 0.00000275 3.75382741 0.00012060 1.11308499 0.00246824 0.00000011 0.00014024 0.04129019 0.01529879 0.00002377 0.09715746 0.00000015 0.00002051 0.00000016 0.01426628 11.82986744 5051.20941400 0.00000039 0.01802807 0.00000082 0.00049395 4.64516209 0.00001119 0.80615813 
0.00000000 0.00000174 0.00000000 0.00014097 0.00000019 0.00000003 0.00000000 0.00005636 0.00000000 0.00000011 0.00000157 0.00000000 0.00000000 0.00000032 0.00000000 0.00000000 0.00000000 0.00000000 0.00000000 0.00000000 0.00000001 0.00000006 4911.55023227 0.00000000 0.00000000 0.00000000 0.00000000 0.00000000 0.00000000 0.00011084 
0.00000000 0.00000000 0.00000000 0.00000000 0.00000000 0.00000000 0.00000000 0.00000000 0.00000000 0.00000000 0.00000002 0.00000000 0.00000000 0.00000000 0.00000000 0.00000000 0.00000000 0.00000000 0.00000000 0.00000000 0.00000000 0.00000000 0.00000015 0.00000000 0.00000000 0.00000000 0.00000000 0.00000000 0.00000000 0.00000000 
0.00000000 0.00000000 0.00000000 0.00000000 0.00000000 0.00000000 0.00000000 0.00000000 0.00000000 0.00000000 0.00000000 0.00000000 0.00000000 0.00000000 0.00000000 0.00000000 0.00000000 0.00000000 0.00000000 0.00000000 0.00000000 0.00000000 0.00000000 0.00000000 0.00000000 0.00000000 0.00000000 0.00000000 0.00000000 0.00000000 
0.00000000 0.00000000 0.00000000 0.00000000 0.00000000 0.00000000 0.00000000 0.00000000 0.00000000 0.00000000 0.00000000 0.00000000 0.00000000 0.00000000 0.00000000 0.00000000 0.00000000 0.00000000 0.00000000 0.00000000 0.00000000 0.00000000 0.00000000 0.00000000 0.00000000 0.00000000 0.00000000 0.00000000 0.00000000 0.00000000 
