1996911.85533009 2308117.03137704 4919231.97667797 920578.19579142 1431604.82634085 266132.77625336 2512796.35792295 1062131.53874078 409564.27930840 480972.90433920 401653.98620548 477927.92671122 1204500.58436978 3013089.82091209 473185.04782120 1195025.27582355 4026934.75663074 1995096.53300549 1193892.10191204 506472.94634443 751282.01697873 110542.18308234 1406356.62423617 1892398.25235846 1318364.52095211 896855.38439950 172048.53719257 565345.83762523 3559306.11251483 908439.53664444 
4387.86907851 18924.96809273 9293.01790613 42550.71843008 6428.72149897 17865.80599656 234613.33254736 5206.10996130 17229.44010970 60675.01268932 3719.65017464 3532.84400237 23872.36975245 38851.20811908 21877.68939812 18235.38148674 57891.02137834 9371.45907978 512962.27082989 13239.60841870 2180.38675090 39853.70101746 169830.36134631 63750.23982913 24039.14470608 51379.46182002 16982.61576666 34729.48483742 198419.75162022 3059.33739857 
4387.86907851 13805.57773027 4381.16757542 34083.45801274 5869.75473004 3047.69807654 234613.33254736 1601.44704668 17229.44010970 5230.23048135 3663.51133409 3532.84400237 23872.36975245 38848.18339403 20746.28679656 18235.38148674 6988.27799802 6224.29704778 324755.03402492 9586.40611641 2055.40630827 15557.80602421 81414.34673360 20154.64755798 24039.14470608 51379.46182002 9117.01341078 34729.48483742 6809.89793414 2299.77552631 
1574.17649870 1620.45138034 758.32114110 721.02675257 633.49259069 1339.41901746 4386.60948590 1162.78585797 882.68016614 1237.79101327 759.57602792 409.83691957 2113.68713942 1356.56875002 2919.04892904 1439.59389193 3234.00085444 560.60080352 4666.74115216 1119.04065289 603.46813975 2578.38056702 3542.31850323 1078.46867517 1048.07934826 11338.71074608 502.27444046 2762.60371904 1473.07766118 357.63604151 
122.40471760 27.26819687 51.18547105 30.25884126 281.50373261 355.15475177 501.16694772 182.83699111 100.13343394 170.76213768 580.49251813 97.62191011 500.68306917 175.05331070 169.31137362 63.25450074 105.67699969 164.56015248 76.43773725 336.84928048 32.64699923 271.50838889 232.10754184 66.32563474 217.29247805 660.57583007 83.68778087 323.36187534 383.66845436 22.17028610 
22.19941495 5.15551509 6.69657123 5.47081224 58.13340800 15.38326182 68.68836967 18.37455427 57.91573570 40.25004694 577.89498035 41.84144940 261.60976641 19.86429868 33.89135509 20.24853427 7.33792235 73.85594591 2.85244830 240.23120027 17.04135995 114.63704215 30.83176909 2.57860249 12.71797566 87.12667697 10.98149246 2.59101488 106.40019159 4.40105523 
17.79165692 1.50591376 1.57363070 0.49173537 4.18827828 1.85931801 26.91530338 1.46707788 2.49440966 3.38577804 577.35923462 18.48493869 2.35157526 3.72577363 2.07860539 1.12854728 1.07610511 6.78211215 1.44087165 218.30152000 1.42217990 3.72697871 2.21072286 1.31958999 0.72157507 6.09629243 1.46454421 0.23304133 4.49585116 2.81211761 
16.99856406 0.74760901 0.53164790 0.21518219 0.77365923 1.23789404 1.42912567 0.63854335 1.11270249 1.31255888 576.99455694 17.14930595 1.11005147 0.97233652 1.13143818 0.67892954 0.74605604 1.61230397 0.63781294 217.62316329 0.71638643 0.94832001 0.74764011 0.83850984 0.55368267 0.60670527 1.01951091 0.04793455 1.09294422 2.73846086 
16.76823063 0.51902880 0.19556305 0.10778271 0.42001302 0.89062271 0.82404925 0.55779018 0.12966047 0.76539523 576.89378452 16.90280213 0.77352208 0.54658607 0.69208715 0.64836416 0.56877140 1.11405151 0.41169129 217.33404261 0.55716137 0.75608674 0.38390461 0.67897290 0.43600755 0.13600315 0.87954366 0.02540720 1.05326243 0.94382559 
16.75826318 0.51502300 0.13486146 0.07041255 0.39888750 0.73370695 0.78095269 0.35934631 0.00388695 0.34661643 223.60738939 16.76124505 0.54530945 0.42047731 0.50967528 0.64201814 0.50645482 1.10492266 0.03039782 217.20502999 0.35833115 0.72573917 0.32176438 0.66231061 0.32128275 0.01543161 0.81228929 0.01404090 0.89107031 0.55371456 
16.75750936 0.51007554 0.12945983 0.06947833 0.32663386 0.73330624 0.77977370 0.35753031 0.00306945 0.33807235 2.06742603 16.75898415 0.53009868 0.41929398 0.50873468 0.59293632 0.50625499 1.10480333 0.02813971 0.01076713 0.35531243 0.68750131 0.32002610 0.66144597 0.31720534 0.00421488 0.81215875 0.00817351 0.82016111 0.54916408 
0.01598472 0.51007375 0.12945864 0.06946622 0.32516143 0.73330173 0.77976925 0.35752597 0.00306944 0.33806204 0.00000291 0.00189476 0.49711239 0.41929152 0.50873455 0.47616395 0.50625470 1.10480330 0.02813726 0.01031611 0.35529999 0.68749861 0.32001651 0.66144588 0.31719554 0.00421165 0.81215836 0.00806782 0.82006757 0.54916047 
0.00028810 0.51007368 0.12945861 0.06946620 0.32516094 0.73330172 0.04903089 0.35752593 0.00306944 0.33806203 0.00000239 0.00175201 0.49676388 0.41929150 0.50873451 0.47556852 0.50625465 1.10480330 0.02813724 0.01031611 0.32453142 0.68749859 0.32001650 0.66144584 0.31719553 0.00421165 0.81215836 0.00806781 0.82006757 0.54916044 
0.00028807 0.02898473 0.12945857 0.06946618 0.32516092 0.13581392 0.01579484 0.07298577 0.00306944 0.02588877 0.00000239 0.00174884 0.04606444 0.06431960 0.01123722 0.00376765 0.00979816 0.01929114 0.02813723 0.01031610 0.32393361 0.09696803 0.00784323 0.00435491 0.00501774 0.00421165 0.05818834 0.00806780 0.03012262 0.06342553 
0.00028683 0.02513346 0.03766768 0.02620907 0.00306605 0.00057038 0.00035597 0.02588448 0.00306944 0.02588874 0.00000239 0.00169892 0.00800419 0.02204254 0.00468681 0.00376261 0.00007869 0.01395331 0.00423692 0.01031610 0.32393360 0.01276812 0.00472443 0.00434237 0.00501681 0.00421164 0.00018466 0.00806780 0.03012093 0.02079162 
0.00028380 0.02513343 0.03766765 0.02620900 0.00262453 0.00056835 0.00035597 0.02587752 0.00012429 0.02588868 0.00000239 0.00168404 0.00800417 0.02180228 0.00468678 0.00044563 0.00007869 0.00957518 0.00423692 0.00000753 0.32393359 0.01276735 0.00472442 0.00434236 0.00501680 0.00283956 0.00017203 0.00643191 0.02040497 0.01789782 
