437.86494647 286.73506261 329.84168727 346.45294173 430.36649855 357.65470397 231.54783438 286.58677153 340.24404153 290.36157897 273.49464790 290.26339926 438.08439921 324.20803823 285.01637390 353.51960412 392.32017398 466.55872712 265.30594761 305.18105297 286.94264081 343.01022924 351.11139913 391.33973520 380.51626630 326.44891240 399.72803928 399.73512496 429.05029824 322.84865834 
162.78477742 136.57736453 121.71328473 114.33479963 190.18826963 215.22818699 175.34461288 154.85898617 210.22611802 200.04221931 211.47526059 127.73607503 118.96325040 201.33841396 191.94669104 188.96875531 165.70522439 183.85693329 184.10969148 146.53097104 181.27464124 139.43365678 164.19363411 118.16442436 160.42008224 182.95149194 147.07387424 202.57594495 238.64850996 221.87009444 
161.22125064 118.40411464 121.71328473 114.33479963 190.18826963 215.22818699 175.34461288 115.20254093 210.22611802 175.76117554 192.36213959 108.50518439 118.96325040 177.25252709 142.89946968 179.67077514 165.70522439 183.85693329 181.87425108 132.66797509 181.27464124 139.43365678 117.21762805 116.93685121 130.77937111 180.23223020 147.07387424 186.70635227 203.28274234 202.31371420 
122.97189453 94.66246058 93.98555080 62.44470958 89.74221510 109.90555632 162.60324588 104.23439112 118.45668441 102.33115697 132.12009626 86.29605996 117.05288767 138.71769877 137.58916108 138.99110732 87.59195249 92.14830107 149.56319966 97.81230519 142.56594261 83.09554187 113.37103745 91.64362623 104.67595015 103.47760511 111.59724100 134.39759356 84.99869667 150.26005540 
103.01588024 83.68023977 73.92926076 57.91803234 77.11761863 92.64381922 99.42986048 62.55818021 70.14156729 66.59310727 75.60367030 71.76796681 86.20286226 67.48073183 102.11366877 70.96845836 71.08663889 89.15274190 122.81136670 76.53159449 83.51838059 59.87974740 84.78619339 66.24161146 65.60510302 74.69645644 65.89792777 83.44404880 84.99869667 100.93712975 
76.76559499 47.61760868 69.01114277 39.60310050 58.32178359 86.90203292 98.42034027 54.57364057 70.14156729 59.72255473 47.06161314 51.87203345 75.71636480 67.21750216 95.54296841 56.53682795 63.96178816 76.99237839 99.40603231 64.44929818 83.51838059 53.12975628 73.74803498 52.49871512 63.58959071 72.02214307 65.89792777 64.93666260 79.86611515 86.10703959 
61.34127475 44.25477927 59.29839939 39.60310050 42.75188351 78.24427084 88.68529649 48.69286578 42.48369704 33.11297344 37.59540212 34.63043087 53.68622742 36.56922061 75.64777797 50.87676699 47.38049782 59.03914840 54.03490053 55.61548517 57.36962051 51.51415086 63.62075002 51.71116016 58.02070197 52.00086675 65.89792777 55.09492999 62.57168074 69.40769369 
61.34127475 40.36416914 53.88479112 29.48981913 42.23664899 59.69095833 70.03405258 44.41550961 40.98772075 32.28562517 36.11722821 34.63043087 49.53415074 36.56922061 74.59353035 50.87676699 47.38049782 48.63650682 39.75584013 42.74914882 56.66475879 46.84547903 53.13671932 36.37586606 32.67925438 51.49971643 49.29907208 53.08942015 46.84361265 56.32162350 
42.91615855 37.95777777 41.06264449 23.46067077 42.20666141 58.20412175 58.68246728 36.70414929 38.14480810 29.48726182 27.89736763 30.25882163 46.74379777 26.94388495 70.36718382 33.09432537 47.38049782 38.06661864 39.75584013 34.94757665 55.54040384 44.09000877 30.90480995 27.07128392 30.92574423 48.62050421 45.48946867 46.75823422 44.70799094 48.96224281 
34.20063449 37.45097611 37.97814994 19.34030768 32.06866417 57.40553823 49.13389041 32.29286748 35.48293287 23.72097258 23.33290624 26.51076645 40.13163349 24.88323903 60.85488386 28.94154328 40.49494293 38.06661864 27.22615281 32.23079719 41.62402555 35.82136953 23.64066571 25.84780498 30.63975384 40.37942633 42.72887295 40.49191613 36.13561769 40.02142263 
21.88305643 30.45933809 35.67237217 19.33984698 29.59171032 53.11733435 48.26585600 24.15963523 25.55740900 19.99842344 22.91534094 22.65013006 34.75628380 22.11086025 58.13382446 27.11946090 32.03139364 28.05796431 23.79052139 20.57440803 36.41617867 27.93516835 21.29793263 25.84780488 23.12595107 30.53342096 42.71272963 33.03094158 31.94387804 34.06687378 
21.88286506 22.27891843 31.98795268 19.33984698 29.59171032 41.18415173 31.08129640 19.15350349 25.39749062 14.93359500 22.73895285 18.64365042 29.37187728 17.33772263 47.45019995 16.48713222 18.72596141 25.12641886 23.22498564 20.57440803 33.03613724 27.31549759 18.34991623 25.24780438 19.94842572 27.66672328 28.79691474 25.92803579 29.86943201 31.43876909 
17.61151706 16.98756598 26.83131559 19.33984698 23.90954391 28.95061562 24.11138587 17.13468469 19.72496460 13.80247612 20.25710474 16.55423599 26.21484261 14.44852772 24.98411533 15.99114323 15.82257238 15.02414477 18.02567401 18.21371777 31.53706480 23.97422833 15.08136819 20.29341472 17.20322672 22.85444757 21.65685118 25.81817538 29.86943073 25.78574297 
17.61151706 13.75648582 24.04325635 15.11300458 16.40271203 19.38536542 16.28519076 16.47773933 19.54753236 12.35186364 19.48099286 16.55423595 17.25324776 13.91891462 20.56545389 14.08954851 15.06325943 12.34731924 16.33698966 14.13090761 30.79243910 18.24364897 12.10962249 17.31050046 16.42896345 16.91426577 21.10427688 21.27056905 17.82009178 23.36352562 
17.61151706 10.00063866 14.11340943 13.63476909 15.40360834 16.82920262 12.68664230 13.71625521 17.81529640 10.91671665 17.54536418 14.41785670 13.18487151 13.63048340 18.48188607 13.48434157 13.62042209 11.26131963 14.26765106 11.61316834 11.65594660 16.66373600 10.72587710 13.22174865 13.80371337 14.38421425 15.36646045 16.74587249 14.72265461 17.32894446 
15.10601651 5.55577997 11.31093272 11.74373416 14.82643474 13.93457160 10.67767171 11.13804586 12.50583628 10.81541547 13.10700517 11.69927145 5.59230249 13.54355574 12.52420602 11.55804004 11.45790185 11.26131963 12.04594438 10.68068381 11.65594660 12.20327580 10.72587710 12.77481394 11.33155098 11.13804586 12.59315181 13.23663832 12.47522779 12.82538153 
