2289.64517828 3050.86842966 2506.71364441 2234.46072973 3159.94098366 3333.52519826 2889.50045645 3050.75530515 2814.60501996 2835.52221962 2516.23588324 3371.03654870 2483.50036027 3011.30571191 2052.23019478 2122.20043909 2683.29846652 2425.08196818 2045.84998273 3083.40869095 2593.42471637 3013.70647556 3242.09777572 2645.98883142 2606.40037057 2170.36118210 3128.93643602 2521.97594028 2261.90906425 2962.29455704 
2218.11283247 3050.86842966 2500.82346824 2234.46072973 2191.99365932 2304.77433819 2663.77367595 2333.92954188 2706.75895143 2195.07481477 2516.23588324 3191.10170305 2285.67118600 2477.43307578 2052.23019478 2122.20043909 2320.84264557 2156.07142755 2045.84998273 2776.07629259 2593.42471637 3013.70647556 2613.54619234 2242.22521165 2350.17066448 2080.04468954 2360.02230613 2521.97594028 2261.90906425 1913.34252239 
2218.11283247 1890.12537866 2462.70154682 2103.44278439 1892.76011096 1777.16175601 2013.47236628 1769.20012686 1258.37557468 1989.00827358 2064.41010961 2181.70133189 1114.05693771 2268.05188428 1585.94289154 1976.49585793 2320.84264557 1378.15038056 2045.84998273 1800.06380654 2065.34164005 1622.37371313 1620.69835827 1989.39048289 1418.04706557 1471.88629176 2148.92668139 2521.97594028 2184.74964526 1736.80037645 
1318.20961723 1459.27129301 1701.98027971 1715.23225272 1186.18295774 1777.16175601 1215.36050661 1769.20012686 836.67036886 1159.83075444 1400.60663480 1599.42353010 1114.05693771 1161.09072371 1463.26157914 1489.14888368 1670.51936077 932.29715169 1794.58599220 1320.69773254 1527.99830130 1455.77185391 1493.09033874 1840.75363167 1418.04706557 1405.07943762 1533.84885800 1701.42808080 1052.10050575 1302.44023285 
740.70473841 830.28265438 891.42571329 1291.11566183 838.98144791 626.32063506 742.64657900 1001.46594527 792.67356357 472.46717620 704.89598847 793.44008492 477.65472512 687.33067469 638.37268933 372.58567272 1008.11310224 590.80993744 991.81166569 1048.70373918 952.86186940 1080.55864595 830.65887135 1044.92813928 1287.13957780 1171.86742841 934.39339125 1048.70600835 480.47257460 1048.66802035 
421.92575396 438.32310281 586.60565450 672.60325060 415.11123554 588.86654549 232.14333982 457.21096360 533.22855194 78.34264130 100.64719015 450.22177362 284.17150001 492.64528142 110.62168375 182.09978292 476.80838525 300.88258770 404.81255471 281.48964418 381.47305086 587.17326565 490.12686026 730.61770711 312.88041806 612.39917291 190.49731115 512.49085587 191.69411923 693.90013540 
35.40834891 31.75398074 212.36809716 269.53466052 224.03611350 172.84028563 25.76730783 371.59714991 248.52850878 25.33206528 14.17234605 266.33485324 144.42413028 48.29835283 5.28179149 124.96789485 70.33596790 178.52417537 324.32008535 69.67567417 231.06759287 203.83730052 148.09556407 263.07563225 20.06121610 65.26612931 23.81308604 147.08694318 65.09921588 273.00233462 
3.96840741 7.14278922 21.15174195 4.73946448 48.45991931 134.17893238 8.55435939 366.03285400 125.57567803 17.49999925 4.00431216 254.45465363 123.07355852 13.90459532 2.53913586 121.33667368 17.52466709 122.88944003 153.31099725 24.79268345 124.96751759 127.72570252 124.31096587 31.15427937 2.83254889 5.44834835 8.11971596 9.68138809 60.07926564 25.65525330 
2.11617704 3.18260599 7.69434954 2.55888070 3.47707079 133.13036169 8.21578660 365.45447132 121.82993865 12.43180997 3.34493266 247.61278489 121.38916367 13.18001640 2.15118233 120.66405175 3.03064051 121.13704149 120.94665968 12.61020686 121.53351675 122.51669016 120.44557602 2.68098392 2.38765274 2.21682770 7.49072075 7.86120779 44.44386714 8.07826226 
1.78769837 2.93093633 6.97087266 2.03727207 2.56100229 125.46609157 8.01050129 365.00062474 121.24301226 11.74874918 2.52570795 238.65025274 121.18500917 8.20308767 2.05143094 120.50819517 1.58621661 120.92282020 120.75853961 11.48244053 120.96586402 122.08995095 119.67548579 1.59629742 2.34060808 2.06174608 6.47115854 7.62208491 3.41599824 7.02994021 
1.31424275 2.79994805 6.24738237 1.51234573 2.39324220 4.65162366 7.97787778 4.67430876 2.44573717 11.68407967 1.52334913 1.41488526 7.33693427 8.19332490 2.02384248 120.32093414 1.34028371 8.13160286 2.47649671 10.88528220 2.56321178 4.07599043 1.83782879 1.12770483 2.27781223 1.83083076 6.36737060 7.50823712 2.60110324 6.37225966 
1.30992910 2.45310172 6.10451856 1.50281956 2.33861976 1.29153117 2.66874215 1.38607420 1.58537897 6.63822329 0.75676169 1.01882238 1.76337572 7.83009486 2.01959442 1.88841129 1.33064971 2.14278161 2.13866599 6.30014980 1.14369968 2.48971617 1.22382045 0.86107600 2.26502585 1.81584287 6.32846971 1.82924363 2.50937748 2.31004885 
1.19045139 2.24384256 0.54072051 1.49823552 2.21574796 1.27429741 1.63992541 0.73716641 1.35512752 0.48896371 0.64702404 0.94051863 1.67996747 2.21273564 2.01913650 1.65324831 1.30673567 0.96833920 2.13788272 0.59330139 0.82141238 1.28254790 1.18940841 0.78511537 1.49316718 1.80436358 0.66832598 1.66884854 2.42207879 0.46947489 
0.96867374 0.43921206 0.51107230 0.62109009 0.27568924 0.20413134 1.04501151 0.63039946 0.87637477 0.48895105 0.64513895 0.88988428 0.84114569 1.48813865 1.62253829 0.81955241 1.30584599 0.53981762 1.23137649 0.50024771 0.51346576 0.42035668 1.18940778 0.74500897 0.78209640 0.60231524 0.64211320 0.61420477 0.69140587 0.24136378 
0.18558099 0.43917083 0.45865262 0.55009935 0.27432842 0.13196550 0.55960785 0.63039935 0.28203324 0.46203460 0.64389019 0.57756693 0.55195775 0.87988197 1.25312450 0.47988029 0.76470163 0.53971936 0.56975778 0.38288857 0.30005009 0.42035633 0.55032658 0.69740777 0.41558702 0.60211736 0.48984518 0.34014565 0.58682947 0.23773656 
0.11229253 0.43917020 0.14563048 0.52536869 0.16994786 0.13196340 0.18908468 0.42118479 0.28203093 0.25386408 0.53865778 0.28044861 0.25358144 0.39939092 0.55477494 0.18137674 0.13952525 0.07291189 0.56974612 0.37554425 0.24269943 0.42035606 0.31357383 0.22404104 0.36457739 0.25318576 0.31873314 0.33937455 0.44433961 0.23773593 
