37951178710.48828125 29880482992.50656509 27884912897.11768723 35082705153.43908691 33261279203.98049164 32701960120.85466385 21396656700.59808350 34121733518.21977997 35026726317.59429932 16664640311.42683792 21508400720.75514984 26181276465.11186600 36552628626.51666260 32876166163.91695786 33437223982.11492920 31417300194.30597305 36259917186.60663605 36875053734.63906097 31931979559.78750610 29555730847.28881836 29436050285.95292282 31015855631.14013290 37228112067.84732056 26968587055.02203751 35448375935.52390289 26322846162.51512146 40530590604.23749542 33446486812.62185669 28324638644.66020203 37088359063.08198547 
23427176441.04112244 22084991327.94780731 20642553243.13324356 35082705153.43908691 23201769129.80205154 27923320372.30170441 21396656700.59808350 26345968780.48328400 18464443548.15924072 16664640311.42683792 21508400720.75514984 17914434041.12478256 25380274388.92343140 26349081980.98357773 17126667959.43033409 21897471846.25550079 15976649698.55514717 34216662284.07130814 14786409524.66588974 23390248798.93476105 23782470232.91419601 23102736819.31581879 30832378865.42113113 20350479548.34699631 28664197472.37785721 16153860533.86761475 27193327094.61906815 29340359416.27455521 26168228707.72968674 21158168483.60118103 
13624736216.86016464 6209599537.71381378 8736866913.78458977 16645717909.15697479 9664700045.98124123 12546952567.52869034 11096761137.89979744 15140773663.12951088 11728727174.22378540 10062328181.41758156 12635839788.15900230 10977047806.26920319 6730849017.95123291 6582850657.04308033 12534794316.82669830 12136240268.86212921 8616723035.78531647 13573443310.73785973 9526995480.00632668 9621540219.23595238 12835082740.53947830 9337208797.58076859 12356257068.67728615 6780109917.79229641 9364905113.21919250 8793361720.24383926 8299212424.60744476 12821285206.17319298 12985346623.97241402 11589847721.35175705 
5722443853.59814548 3150009916.62896729 4229191413.96750116 7174794304.98507309 5262745410.49251556 2650278359.45065117 6510953919.92072678 8486390736.96534157 5638637982.94168472 5286943147.93760014 4662327282.85328960 5021637012.63132477 2895274041.78359509 4829138114.77981377 3819103322.86516190 5617292980.42107105 4511980746.28997421 6510759895.33964729 4836004282.99629307 3858356493.29677677 6008072536.08977795 2176902736.64280224 4420331201.57397461 3754639362.48616934 1712739546.31818175 3996193240.89734602 3255925076.05272961 4621384058.71988392 6871396867.85278034 6562384855.46385384 
1978147313.53152680 532364106.25752205 2221636715.57240629 1076945088.83813500 1656457252.79644370 404144456.22751862 3011159848.01953840 1631640165.78096795 1197381757.81605101 2957596302.44806910 2882353032.11527729 2049009150.08876538 1984561191.29530501 2104093415.04160523 1990511004.88866997 2525861480.84971094 2336239714.51916933 796622284.67676115 1950955803.74289751 576068606.81687272 2661730960.07051897 695404618.07629979 1045579236.60357010 1849134905.67526317 168429064.37273234 2672105787.95385075 986676966.48147929 820553919.25682831 1632879581.50175595 1785692715.73778963 
316573001.33046967 111531401.83843173 1503580653.78131700 219074958.77462980 385071549.90869576 17610707.16420197 1833593865.55245590 60665735.37036754 218696203.85057741 1753897564.77244997 1182926648.70277572 403612157.35542327 1599630861.22175550 864765807.66421866 311505087.77146024 565645585.67372978 175872125.08271283 147323591.39965069 456357384.10693330 60757578.10886129 858067177.50648952 107241085.75474803 72657641.63933897 661587776.35635853 55665473.69810094 2282587574.45648098 133019774.30282389 34466258.62068859 431477256.45788550 230727137.25713202 
23777866.69211381 12257680.45306334 1240866702.54393673 23273017.17651461 51484793.13947684 981871.11327092 923908082.03547347 396391.00445230 4019149.28810880 18557731.18143981 548883540.78627157 33933123.98050129 59779467.71660785 382003547.07541102 2941956.84557877 243266748.28544673 1650034.70460515 621474.60317662 25765088.34223048 1746292.34563499 207923854.50959235 17479212.27840925 397070.39893609 27045033.05719062 3546265.20441465 890023768.31101894 47691202.06555901 90640.77098288 26873643.17492821 3844801.14472586 
5310792.49748689 4349481.22977441 456302.42344087 16250203.74963476 1134.83967297 23362.19778449 736699.51517859 2003.97569690 4433.48617445 3108.93193080 2211949.16982846 9629211.00199885 33991.20047429 301047677.51022500 588.67575306 184552798.45211202 1300.71373800 115.09864931 25377.19457011 60965.68349595 3778362.52276390 9003.99686705 144.02630863 1798319.84081477 600.74522623 1067388.41039445 2466961.83690322 843.49201478 4980329.00314923 113256.58800952 
6.00005813 4680.76454014 0.62623969 51331.79159598 0.00655475 0.13086654 203.28687131 0.00457495 1176.64694980 24.92747532 14471.97416918 2033.46202320 46.95115250 31.31343468 0.00824744 362.54128970 0.05204165 2.41836262 3.24293752 22.25243406 5560.77680304 261.63811351 0.44430630 4505.06779647 1.88237216 915.01371758 17.96137313 0.02305042 7178.72212283 0.82711692 
0.00000003 0.03716155 0.00000000 0.30671801 0.00000000 0.00000007 0.00031465 0.00000000 0.00276726 0.00078777 0.00330825 0.00000086 0.10079241 0.00000000 0.00000000 0.00000384 0.00000008 0.00002881 0.00000000 0.00000101 0.00000024 0.00000204 0.00000003 0.15932317 0.00000000 0.00001745 0.00013916 0.00012619 0.00121802 0.00000026 
0.00000000 0.00000000 0.00000000 0.00000015 0.00000000 0.00000000 0.00000000 0.00000000 0.00000000 0.00000000 0.00000000 0.00000000 0.00000000 0.00000000 0.00000000 0.00000000 0.00000000 0.00000000 0.00000000 0.00000000 0.00000000 0.00000000 0.00000000 0.00000001 0.00000000 0.00000008 0.00000000 0.00000000 0.00000000 0.00000000 
0.00000000 0.00000000 0.00000000 0.00000000 0.00000000 0.00000000 0.00000000 0.00000000 0.00000000 0.00000000 0.00000000 0.00000000 0.00000000 0.00000000 0.00000000 0.00000000 0.00000000 0.00000000 0.00000000 0.00000000 0.00000000 0.00000000 0.00000000 0.00000000 0.00000000 0.00000000 0.00000000 0.00000000 0.00000000 0.00000000 
0.00000000 0.00000000 0.00000000 0.00000000 0.00000000 0.00000000 0.00000000 0.00000000 0.00000000 0.00000000 0.00000000 0.00000000 0.00000000 0.00000000 0.00000000 0.00000000 0.00000000 0.00000000 0.00000000 0.00000000 0.00000000 0.00000000 0.00000000 0.00000000 0.00000000 0.00000000 0.00000000 0.00000000 0.00000000 0.00000000 
0.00000000 0.00000000 0.00000000 0.00000000 0.00000000 0.00000000 0.00000000 0.00000000 0.00000000 0.00000000 0.00000000 0.00000000 0.00000000 0.00000000 0.00000000 0.00000000 0.00000000 0.00000000 0.00000000 0.00000000 0.00000000 0.00000000 0.00000000 0.00000000 0.00000000 0.00000000 0.00000000 0.00000000 0.00000000 0.00000000 
0.00000000 0.00000000 0.00000000 0.00000000 0.00000000 0.00000000 0.00000000 0.00000000 0.00000000 0.00000000 0.00000000 0.00000000 0.00000000 0.00000000 0.00000000 0.00000000 0.00000000 0.00000000 0.00000000 0.00000000 0.00000000 0.00000000 0.00000000 0.00000000 0.00000000 0.00000000 0.00000000 0.00000000 0.00000000 0.00000000 
0.00000000 0.00000000 0.00000000 0.00000000 0.00000000 0.00000000 0.00000000 0.00000000 0.00000000 0.00000000 0.00000000 0.00000000 0.00000000 0.00000000 0.00000000 0.00000000 0.00000000 0.00000000 0.00000000 0.00000000 0.00000000 0.00000000 0.00000000 0.00000000 0.00000000 0.00000000 0.00000000 0.00000000 0.00000000 0.00000000 
