64173743.70875384 55918722.58349773 97346689.45703873 58011123.13452589 65443552.18689209 23895480.92532300 59219418.46149975 128574475.57235833 166830742.18924689 66498728.70565727 61764928.98425763 65747013.20706041 78913995.50835028 50608199.26146789 28129642.82957780 59791361.38472700 107457982.27168240 91384963.71276559 76508935.46975395 23213122.66526377 206032564.80789423 67439112.67693731 117903617.20536456 66877187.70617082 145534152.41111225 11243620.12309796 83139528.39317366 20795762.41487669 84801385.16658840 65611932.38972116 
22034415.27908600 20137691.59144000 97346689.45703873 56412931.64936586 35596622.36093554 16253717.00176985 33277005.42231119 9274684.60070604 60898832.33463777 66498728.70565727 61764928.98425763 59349791.47424132 68418416.83434790 50608199.26146789 25761185.09321354 39790588.73986825 27583667.88282651 68802285.81563440 24784281.41250729 23213122.66526377 23344075.59680831 66049362.88331925 15684399.69503196 66877187.70617082 45441849.12468117 11243620.12309796 47182766.01411185 20795762.41487669 63172260.20725629 65611932.38972116 
2718067.45335846 3725711.13188062 6730761.81426022 10570126.05930998 20200849.50270328 12147162.66516516 2771955.92322029 2574260.29696703 4456312.13560069 3252590.81990215 17378249.29922495 5775433.52476717 11909826.37680698 16930176.41071297 3671920.91714201 18616182.10486428 7545050.60032652 10200466.27774207 8077345.21456324 3609487.07332044 5250568.81507197 2923700.00574928 2905745.48854047 2702443.31364145 1980633.17221559 4668748.56908941 28610520.20112006 8602449.54776059 5279767.97377302 8997856.91546721 
360087.64616168 87199.71635628 565100.77720650 1801281.29742524 1050026.27299641 486172.64182445 170989.69923216 240553.84248568 117074.66049332 28997.90231854 725345.75050818 1206015.99439434 1150422.48216167 871579.18651120 274218.90843574 268626.36317069 99672.66062793 537246.13894857 425488.69614421 348433.60887113 344069.09497013 459921.05759225 231863.51732622 331034.61374056 1146498.33757975 498591.14714561 1551059.45932677 249404.95387615 361082.26893699 669052.43905243 
8399.88269310 3336.12039473 13374.36758381 18077.56514885 5339.62451469 6657.22127728 6044.94053654 12059.99017845 4460.59339424 4365.14016849 7349.29175319 11796.61177395 38964.28801667 10131.31613213 3225.59996589 4283.58411945 4561.28798970 35099.88628232 21166.24161216 12538.92262949 10103.36263982 15823.80199636 6293.21618133 8664.28260228 18494.88464776 6137.56257038 29159.45082149 18369.68721592 6761.49152304 41310.76240811 
1184.97209183 1360.44402935 868.12873478 1121.21140392 449.30255011 1174.67176682 1075.21346421 1225.81190440 652.70473059 640.36064390 615.32197327 1303.49670256 1259.26509621 1101.04718650 922.72011518 894.40889333 374.66137496 1138.64189855 1454.06517618 721.91898314 1594.29578968 1482.17289564 1116.51393554 605.25105685 970.64658535 2249.09694586 1502.14820008 964.62493477 845.41428270 1702.65241317 
480.28172691 465.72223870 71.26193883 805.65062523 72.29318358 173.63313840 101.51208451 371.90834072 92.10703144 67.90090088 205.47176076 473.15857286 147.99611426 91.67365464 539.07803772 148.25577860 97.33017355 213.76080647 506.33486442 79.99434868 707.55255002 445.60203367 281.29735268 54.19881493 113.58634861 743.08168698 259.51978781 45.47105759 160.48801153 205.70512398 
119.55307698 235.51905145 5.16620528 697.91408250 24.35478204 31.56092669 19.24732683 228.77946193 18.01806856 7.08618574 135.31237760 228.83924808 8.11136029 8.51619278 513.64903741 17.25395841 7.68053115 142.55595894 377.88884873 9.70985651 544.77895527 422.24358922 241.40971747 11.05469847 24.11459120 34.41768422 225.34328702 8.53596084 128.91745150 13.49016159 
6.06290143 232.84381374 3.98375518 696.00479272 23.80863399 5.69263642 16.56561316 223.93002642 17.83895272 1.41136457 131.58100804 218.81025171 3.37915442 7.44787028 513.35050288 13.75505100 6.79131373 140.04890952 231.29901008 8.98995240 361.63054201 422.22626808 238.97068133 10.88091970 20.33725437 34.26676621 224.82089026 7.99347435 120.74065624 6.17830178 
5.79538573 232.84322536 3.97983119 18.65701839 7.94142386 5.69130049 16.56556171 223.93001418 12.70309092 1.41130000 131.58095772 218.80974862 3.29713288 6.38609025 513.25877739 13.75504811 6.79034479 140.04887895 231.29897708 8.98843338 348.77920862 124.22927977 4.35237889 5.32101648 20.33720223 34.26659372 8.44226752 7.99347432 11.69717051 6.17791978 
5.79538573 5.28704596 3.97983119 9.77521692 7.88938908 0.10408524 7.04265523 6.68625955 1.30721477 0.41634095 4.18800166 9.77522062 2.30217382 4.29211096 5.69132877 9.77521692 1.30726117 5.69130055 8.78026290 6.99851526 113.78013590 25.60260740 0.10408524 5.28704596 0.71780467 12.37756005 7.68121861 2.51034463 1.20312953 0.10408526 
0.20817047 0.31225571 0.00000000 0.31225594 5.89947097 0.10408524 1.41130001 0.10408524 1.20312953 0.31225571 0.20817047 4.18800166 0.31226708 1.30721477 0.27432625 5.79538573 1.30721477 5.67436571 1.30721477 6.00355620 0.41634095 0.31225571 0.10408524 4.29208690 0.20817047 5.89947138 0.10408524 0.52042618 0.20817047 0.10408524 
0.10408524 0.00018323 0.00000000 0.31225571 0.20817047 0.10408524 0.20817047 0.10408524 0.10423006 0.10408524 0.10408530 0.10408524 0.00037429 0.10492596 0.00033270 0.19687357 0.00718988 0.00000000 0.31225571 0.20817047 0.31225571 0.31225571 0.00000000 0.10408524 0.10408524 0.10408524 0.10408524 0.31225590 0.10408524 0.10408524 
0.00000000 0.00000000 0.00000000 0.00000000 0.00000000 0.00000000 0.00000000 0.00000000 0.00000000 0.00000000 0.00000000 0.00000000 0.00000000 0.00000000 0.00000000 0.00000000 0.00000000 0.00000000 0.00000000 0.00000000 0.00000000 0.00000000 0.00000000 0.00000000 0.00000000 0.00000000 0.00000000 0.00000000 0.00000000 0.00000000 
0.00000000 0.00000000 0.00000000 0.00000000 0.00000000 0.00000000 0.00000000 0.00000000 0.00000000 0.00000000 0.00000000 0.00000000 0.00000000 0.00000000 0.00000000 0.00000000 0.00000000 0.00000000 0.00000000 0.00000000 0.00000000 0.00000000 0.00000000 0.00000000 0.00000000 0.00000000 0.00000000 0.00000000 0.00000000 0.00000000 
0.00000000 0.00000000 0.00000000 0.00000000 0.00000000 0.00000000 0.00000000 0.00000000 0.00000000 0.00000000 0.00000000 0.00000000 0.00000000 0.00000000 0.00000000 0.00000000 0.00000000 0.00000000 0.00000000 0.00000000 0.00000000 0.00000000 0.00000000 0.00000000 0.00000000 0.00000000 0.00000000 0.00000000 0.00000000 0.00000000 
