534.03650676 611.66721673 499.91203987 553.43933883 514.70465224 504.82230071 506.33992393 554.23846283 470.54849262 475.05024281 504.43132933 497.71141300 526.05903194 532.80801742 581.68496466 499.21086387 469.77314933 583.36797493 483.93297167 544.64589747 467.46799566 516.05996300 528.06388516 582.79875648 499.26658190 514.71676830 496.79266896 546.13530275 532.57698442 446.29524956 
412.10253176 411.55208101 444.19937531 488.52793496 463.18261776 435.70151211 435.11796772 476.00795781 449.02574008 475.05024281 467.86724650 430.72474629 478.17231012 526.03525666 463.86477682 419.65546338 469.77314933 439.96887271 437.84033917 461.07745008 417.13732591 474.83970539 447.54836362 512.61946973 481.98500873 440.10694338 429.69777976 462.49241586 458.76451415 444.86707424 
412.10253176 411.55208101 444.19937531 488.52793496 458.08227671 414.97646730 427.79538846 454.08809400 446.40924699 475.05024281 439.78434319 430.72474629 478.17231012 510.84946909 463.86477682 396.74835670 429.79543732 423.90861248 435.74398323 381.14872353 417.13732591 453.76392077 412.46910783 452.90549502 448.95445847 410.22863724 429.69777976 441.05389704 458.76451415 437.99963505 
388.89971640 376.48228487 415.68182615 426.70437835 394.48736876 397.26453394 413.24110760 393.98595148 403.98698738 429.80946145 388.57491310 383.13377129 419.56993712 434.86201499 428.67601685 390.51632336 388.23893782 411.09198231 398.64720995 381.14872353 400.91319466 417.55750825 407.79745502 376.09590101 414.70566864 400.27167937 408.12211243 399.89351036 423.62073340 395.55949708 
380.48935733 376.48228487 387.88791838 406.24682476 365.70959866 369.69192340 388.52791330 393.98595148 383.75693357 393.40972558 384.65794029 378.11220121 410.82828020 404.97951069 402.95053137 367.66573417 388.23893782 399.58052604 386.69337385 381.14872353 381.80796198 379.34368770 385.91313334 312.31623662 396.50283450 397.26259572 382.73421747 397.03342057 404.25610659 395.55949708 
364.48725471 360.93196879 387.88791838 403.59454288 361.29990142 237.97096057 366.60423645 382.03399297 365.57867874 391.03456189 371.22467721 371.86755197 404.24657506 395.29418292 393.23158223 364.20619816 388.23893782 392.21590880 360.39408600 381.14872353 379.02621056 379.34368770 378.59721282 244.37456688 376.24428611 387.35182904 382.73421747 380.47000826 402.33152529 383.56132115 
353.61414494 347.66273118 380.65829100 378.40978607 357.43579442 201.65904055 357.53968680 368.71141684 350.92497621 335.25431147 361.07257682 371.49978269 382.85269593 324.93144189 391.62731635 363.06725132 371.34109408 387.74823888 344.80716641 326.98731460 372.98130444 373.35881819 365.47234349 186.40399321 364.86139459 380.96104204 376.13015714 375.24112042 384.13184747 374.91813640 
343.55718537 342.70833145 363.28697968 378.40978607 349.10916230 186.87154205 272.33921941 348.55928255 349.07755147 219.18332014 359.80387805 362.45673176 377.33371707 291.56870460 384.64226182 339.21644219 370.36598071 345.21468406 344.68968240 278.73209719 358.24937744 373.35881819 365.47234349 157.46145354 347.97542533 361.56477575 370.47741673 341.65841147 377.78165178 356.84089430 
333.86554127 339.56255639 361.88525322 375.75064757 232.29970685 161.39823287 235.99328797 347.73321946 348.73225695 204.09631052 349.40317742 349.35585945 354.27919781 145.12583227 374.39445776 333.13807760 343.20033247 222.89143954 344.68964032 186.35014963 333.58687283 225.59061921 363.75979794 108.81662603 345.70829179 352.98823375 359.46514089 174.90935733 366.67879214 354.58907026 
331.81612104 334.42015985 358.75661339 362.70430404 155.44879982 100.37202462 184.89916570 347.64229492 348.73224854 202.90787011 348.93963474 345.66366276 348.45946621 27.45633130 369.17136968 285.59212822 340.54736403 150.20872930 262.06877624 109.93800396 332.65807813 181.75157138 171.95712403 100.04106789 344.74846465 352.98820900 348.42816609 121.46758288 356.66114785 192.39246057 
331.81611957 334.24575438 354.75504570 350.27717057 100.00075286 100.00002102 129.96720659 347.64229411 222.61471297 201.95359162 342.67606173 341.50603718 348.40910308 23.21035670 164.37408778 147.91164438 337.26622228 120.35306328 203.31358274 100.00063349 187.34571468 105.69865840 100.14018602 100.00000002 320.15057832 239.43924007 340.62781801 100.00026472 259.70952079 107.03566610 
127.14133152 231.91117393 138.65702917 333.44097725 100.00000000 100.00000000 100.00000278 296.03485506 123.06650469 201.95357527 341.66584591 177.81726143 163.79313884 23.21035670 100.00000011 100.00000001 225.44319622 100.00004014 100.02002710 100.00000000 100.02522538 100.00000019 100.00000000 100.00000000 107.56600112 100.00000763 284.12218050 100.00000000 137.37251970 100.00000000 
100.00000000 100.00000194 100.00000000 100.00001385 100.00000000 100.00000000 100.00000000 103.84243678 100.00000000 200.84281120 108.57126382 100.00000009 100.00000000 0.00000000 100.00000000 100.00000000 100.00000324 100.00000000 100.00000000 100.00000000 100.00000000 100.00000000 100.00000000 100.00000000 100.00000000 100.00000000 109.91019884 100.00000000 100.00001037 100.00000000 
100.00000000 100.00000000 100.00000000 100.00000000 100.00000000 100.00000000 100.00000000 100.00000000 100.00000000 70.98928428 100.00000000 100.00000000 100.00000000 0.00000000 100.00000000 100.00000000 100.00000000 100.00000000 100.00000000 100.00000000 100.00000000 100.00000000 100.00000000 100.00000000 100.00000000 100.00000000 100.00000000 100.00000000 100.00000000 100.00000000 
100.00000000 100.00000000 100.00000000 100.00000000 100.00000000 100.00000000 100.00000000 100.00000000 100.00000000 0.00000000 100.00000000 100.00000000 100.00000000 0.00000000 100.00000000 100.00000000 100.00000000 100.00000000 100.00000000 100.00000000 100.00000000 100.00000000 51.88203426 100.00000000 100.00000000 100.00000000 100.00000000 100.00000000 100.00000000 100.00000000 
100.00000000 100.00000000 100.00000000 100.00000000 100.00000000 100.00000000 100.00000000 100.00000000 100.00000000 0.00000000 100.00000000 100.00000000 100.00000000 0.00000000 100.00000000 100.00000000 100.00000000 100.00000000 100.00000000 100.00000000 100.00000000 100.00000000 0.00000000 100.00000000 100.00000000 100.00000000 100.00000000 100.00000000 100.00000000 100.00000000 
