5986.39878966 5303.02762540 5733.84685685 5252.24427663 5594.65745842 6323.78494778 5513.76887639 5473.86429125 5900.96856410 6066.20150883 6055.06637663 5620.13072293 5508.59655916 5897.91196101 5637.43789863 5749.56286639 5935.67160372 5698.95720971 6103.79418128 6200.86047261 6150.94506864 5645.17481539 5508.06473979 5940.69583904 6320.13231876 5303.57570086 5938.32724086 5809.77055457 5318.97324598 4982.82517744 
5986.39878966 5303.02762540 5523.15549267 5252.24427663 5594.65745842 5455.83950666 5513.76887639 5473.86429125 5710.31153781 5601.45593216 5638.76939620 5620.13072293 5508.59655916 5187.39238341 4997.90271549 4748.44161466 5139.51822502 5522.91839467 5058.11030149 5795.51854227 6147.85385287 5645.17481539 5508.06473979 5901.37702933 5687.60054233 5303.57570086 5938.32724086 5758.22303134 5318.97324598 4982.82517744 
5923.14898164 5303.02762540 5284.70017810 5252.24427663 5594.65745842 5245.58885785 5349.80730650 5473.86429125 5710.31153781 5601.45593216 4868.19911243 5620.13072293 5465.93329719 5170.50396496 4997.90271549 4162.88984901 5139.51822502 5497.52281968 5058.11030149 4865.65928265 5643.54530627 5580.54838374 5396.61270750 5048.13995763 4521.30226556 5303.57570086 4578.04290952 5298.84417322 4245.67940718 4749.84482073 
4367.47015262 5049.43686061 4088.85657262 5104.38362809 5594.65745842 5245.58885785 4097.69768762 5277.96181087 5462.03853195 4669.96798933 4426.31864893 5491.00374227 5022.66692185 2910.03123201 3581.04128334 3525.45029121 5139.51822502 5497.52281968 5058.11030149 4112.52977418 2200.32401483 5057.86528060 5191.48805256 3633.90219228 4521.30226556 4704.02324574 4453.60230222 4571.40262681 4245.67940718 3383.51986577 
3850.05326234 3171.86312442 2937.44098743 3737.95568305 5019.26858956 4783.11021701 2564.63235957 4219.81904087 4455.76630477 3548.77521318 3404.07345683 5262.43025601 5022.66692185 2028.27972800 2648.49844633 2723.43796881 4508.13221965 5097.44250764 4647.21873118 2680.95118876 2200.32401483 4533.15971186 4970.00044511 3559.40706277 4253.33136585 4704.02324574 4158.31555322 4079.95667262 4245.67940718 2321.49930238 
2030.51513874 2031.38609511 2899.40327543 1053.47344702 3343.24602681 3242.23467480 2309.87268383 3523.55342118 3225.46878054 1401.74346107 2670.03665864 4633.17935751 4652.63525082 1085.27533331 2092.69662073 2156.59688486 3316.76149782 4902.54935881 3988.54284252 1981.07576563 2200.32401483 2650.89499410 4800.17283828 2349.00651244 3357.76008052 1958.86904406 3445.24185390 1693.07997486 3660.14423242 1535.09226862 
1132.87079273 1110.73143925 1845.98254839 787.45225814 1806.02312253 1665.38950794 1707.28967920 1740.13725821 1805.57316686 582.97551749 1476.19491326 3546.48171174 4151.71155059 719.86562287 1141.86368689 1024.94893222 2286.23492986 4541.98090368 3516.19935752 1415.24721501 1594.66816154 2037.37219485 3857.73098789 1325.61357351 1736.61605554 1308.70901215 2710.80491854 626.80725521 3219.72181078 1216.94139703 
500.30718965 658.12841993 1038.18115205 716.11673846 1023.68214517 311.51441285 1017.66956606 1070.46148579 1372.49814171 552.70367472 1045.07530804 1850.71350868 3812.88660943 696.35493418 932.28739277 766.94961689 1816.74063777 2702.07391177 1001.14718027 975.61915495 1428.21290223 982.27716236 2530.18051892 922.64769880 1155.13430037 978.73807200 2019.73503994 200.71438581 2739.35261173 811.05873614 
105.38374097 527.09889305 607.33888226 710.11177685 618.88441819 180.38617217 801.85470895 969.65866850 894.30541456 552.55382135 207.18911401 694.11384227 2657.08962052 663.25434124 551.98771031 533.57557114 1417.86362480 1745.49383231 424.44029455 532.53312380 823.37215641 762.43718122 2267.98412040 505.78581522 636.14096533 621.63388964 1560.86042312 125.32341843 1147.45260487 769.86316057 
104.69679544 366.57100389 577.81489312 710.09278738 576.68258324 180.38001526 589.71034776 969.65708095 511.61033003 366.63213061 206.81191100 158.41872021 1093.75903135 663.06134226 331.87383825 524.61363828 1065.71745331 369.67587447 337.84082004 531.66475209 532.97445661 762.07403040 718.27526846 463.88279730 381.91745186 467.91157429 1158.62664458 125.19874750 998.52538564 769.84021706 
104.69679527 350.02286384 577.80962417 543.55760818 333.69262800 180.38000132 462.68091601 747.88043217 263.87744724 293.72936158 206.81191100 124.03724979 488.16181860 449.96126109 331.87107760 270.15548185 675.90723789 367.09548210 337.21299615 205.07317302 352.11096622 303.81337062 119.77347000 318.98106835 381.24979003 384.34329934 1147.16702216 125.19874750 633.33374453 769.84021566 
104.69679527 349.62286603 102.37534004 304.24171121 210.85192785 180.38000132 448.00891194 280.18577047 236.75780532 293.72936158 206.81191100 124.03724979 234.59814668 391.42580998 331.87107760 98.47974579 159.90814841 367.09548210 337.21294987 203.90461880 119.11061178 303.80913522 119.77346996 316.80779057 111.63299123 383.32339839 544.25142790 125.19874750 221.77991109 121.14378646 
93.51114439 217.26639447 102.37534004 211.70245075 210.85192782 180.38000132 407.93485193 85.88351881 126.27785388 191.04987310 206.81191100 124.03724979 169.76752539 73.98746998 221.86529018 93.49661776 96.33617528 133.11176628 337.21294987 203.90461879 119.11061178 203.19917398 119.77346996 316.80779057 108.94066499 383.32339839 503.35473666 125.19874750 126.58770950 121.14279223 
93.51114439 217.26639447 102.37534004 92.70215223 106.54132499 88.79880381 313.29889522 80.79658820 110.05370614 107.60706498 196.69561321 124.03724979 169.76752539 72.53483796 109.63459824 93.49661776 96.33617528 122.05368203 197.70517095 203.90461879 113.60446753 71.26068097 113.01313428 316.80779057 108.94066499 118.25211623 118.09908602 125.19874750 106.92641346 84.00480852 
93.51114439 217.26639447 102.37534004 92.70215223 106.54132499 88.79880381 112.39528227 80.79658820 110.05370614 91.33036016 89.69207211 99.18572757 88.71823894 65.64979291 106.13160928 93.49661776 96.33617528 122.05368203 197.70517095 175.44754892 98.35483680 71.26068097 113.01313428 316.80779057 108.94066499 117.39376322 118.09908602 125.19874750 106.92641346 84.00480852 
93.51114439 84.41236136 102.37534004 92.70215223 106.54132499 88.79880381 112.39528227 80.79658820 73.78067919 91.33036016 89.69207211 99.18572757 88.71823894 65.64979291 106.13160928 93.49661776 96.33617528 122.05368203 120.27421431 68.13794313 98.35483680 71.26068097 95.25792394 78.09021322 108.94066499 117.39376322 118.09908602 125.19874750 86.38522540 84.00480852 
