2073.00310719 2400.61949040 2068.06389653 1738.93019322 2505.31275773 2102.21305880 2419.44432382 2370.24065401 2435.50182253 2432.68980951 2269.96265557 2415.58221361 2069.52637478 1864.77954185 2321.11964462 2161.39093647 2408.72913102 2082.78491371 2199.15755332 2362.81750722 2311.89004626 1953.04789095 1997.87191522 2425.81371901 2245.34476942 2259.50068489 2178.51089433 2150.55793065 2313.54204547 2137.93881664 
2073.00310719 2186.84634852 2068.06389653 1542.33799418 2330.98541072 2102.21305880 2361.92913877 2370.24065401 1714.73384904 2275.08919125 2269.96265557 1872.21643677 1291.74100988 1864.77954185 1981.40368684 1873.99731212 2408.72913102 1615.71460880 1672.87127053 2362.81750722 2056.77486359 1771.37464607 1727.66260122 2425.81371901 2223.80010693 1976.83004207 2178.51089433 2150.55793065 1755.40685765 2137.93881664 
1534.05961410 2186.84634852 2068.06389653 1542.33799418 1923.90332071 2102.21305880 2361.92913877 2205.05414946 1714.73384904 1870.69627159 2128.01472043 1872.21643677 1291.74100988 1864.77954185 1981.40368684 1302.89229699 2168.87468166 1615.71460880 1348.89863558 2026.83743892 2056.77486359 1771.37464607 1727.66260122 2425.81371901 2223.80010693 1976.83004207 2110.46021784 2150.55793065 1755.40685765 2137.93881664 
1534.05961410 1995.35196420 1983.93617762 1101.89558892 1923.90332071 1681.50132309 2083.60633599 2026.18715770 1714.73384904 1870.69627159 1761.38358860 1231.44658227 1250.69550669 1864.77954185 1981.40368684 876.63518737 1950.95423249 1203.86646919 1002.52778067 1871.87582256 1682.77820702 1771.37464607 1727.66260122 2068.84981784 1661.67398764 1806.34903666 1671.90661861 1499.65797715 1495.26843337 1794.95591167 
876.73142385 1078.10579889 996.63322084 1101.89558892 899.43761387 1315.20982641 1758.05449380 1264.11026569 1282.11165950 1029.24421415 1006.77692751 882.50910850 428.41861912 1523.72221493 1836.41262049 272.28430177 1717.49886028 947.35387101 547.31305642 1020.28488414 773.88502754 1250.57857585 1575.98833473 1191.39239677 851.55949840 1806.34903666 780.00224067 1499.65797715 734.68709048 1794.66676181 
626.61859754 711.00271288 996.63322084 1101.89558892 490.46163963 888.80021679 1179.49033751 921.29305003 771.58367987 715.92671157 523.24764990 682.32628579 411.05759962 1259.23673097 1409.48576042 48.25739053 1471.03697879 570.86520468 330.05296318 1020.28488414 418.83971573 1118.59680442 772.44494433 1175.39460174 851.55949840 1775.56610934 550.97159022 1328.34760688 629.28559842 1773.43309763 
459.53015460 331.00868153 472.33819370 831.54066523 266.09076422 450.98495057 812.02183348 357.32119833 422.05942568 224.00719218 202.67717968 507.96803087 180.68079662 724.69462866 999.90284278 41.92041830 456.46359812 505.87183937 105.84832177 564.52686101 292.77757919 811.24604510 353.85354593 1102.91983327 552.87107177 1046.61868016 285.00899461 736.78652095 249.08837859 1326.36720763 
200.85252457 86.77182444 326.86904904 301.48133258 258.30610492 288.07574614 215.20655160 187.82105660 293.27839445 143.85749256 73.54832188 354.37461101 144.82306655 255.98530995 765.17146002 41.53519039 200.06731513 283.46304409 83.95514023 349.33877961 278.03180360 497.85701124 169.55173322 282.90586051 418.42054580 697.96148242 182.52328580 485.74005747 183.66284746 1049.66122754 
139.00382381 60.51781274 321.77325946 254.51474616 258.30013595 179.90229242 77.30100813 55.39591419 223.72801048 133.18523498 0.80693787 352.88707727 81.05239299 141.85639168 281.40876244 41.36179993 111.00920585 167.96927758 83.70447916 224.04308782 277.62339778 291.33151010 147.23411689 187.50310591 417.56806850 177.83181195 161.89520381 192.52165637 180.13677403 334.90336180 
124.22158334 60.31040981 321.76643820 254.50753613 258.28231853 144.29395673 43.13190577 24.35439278 222.37030625 133.18463080 0.00000183 352.87888937 59.30533545 62.58790111 268.60461601 41.35982466 74.66136968 149.77162976 83.70436616 182.81385656 277.59802327 186.74303508 147.22959361 112.29688950 417.39575067 93.36398253 160.54972494 41.93212494 177.52550675 45.99815472 
124.21874709 60.07672002 35.95856830 254.50544582 258.26684285 141.55022646 43.10455204 24.22649160 222.37029673 133.18459475 0.00000000 352.87722020 49.11509092 62.54362477 268.34823510 41.32423799 66.87222753 8.73748104 83.70436616 179.55120800 277.58924477 142.00910598 143.21217932 75.33454437 417.39557511 48.29981040 160.54969878 34.55149458 176.46677635 36.75946170 
121.48170292 60.06596200 35.95265867 254.50438421 258.26664683 134.51169852 43.10455204 24.22648940 127.37661425 133.18430104 0.00000000 44.27571415 48.76390692 62.54362377 87.50385508 41.32423799 66.87174120 0.00000000 3.79541050 68.62798626 277.58924421 135.66918491 35.95265867 69.64685327 43.93746685 48.13262582 43.95712146 34.54907365 87.02142644 36.75944783 
0.09505303 60.06596196 35.95265867 254.50424739 76.05868963 134.50724014 43.10455204 23.25788114 41.32423802 133.18340722 0.00000000 44.27568297 40.43084498 46.77673506 78.25686644 35.38565505 65.59676290 0.00000000 0.00000000 62.66711876 38.23297467 135.64361102 35.95265867 69.64685324 43.92208288 48.13262582 40.53883158 34.54907365 52.32148676 0.00000000 
0.00000000 36.22566240 35.95265867 0.00000000 32.17066662 134.50724014 43.10455204 23.25787918 41.32423799 133.18340217 0.00000000 44.27568297 40.43084498 24.22653196 78.21520232 34.54907365 65.59676290 0.00000000 0.00000000 62.66711876 0.00000260 0.00000000 35.95265867 44.27568297 43.92208288 41.32423799 40.53879760 34.54907365 52.32129701 0.00000000 
0.00000000 36.22566240 35.95265867 0.00000000 32.17063807 34.54907365 43.10455204 0.00000000 0.00000000 27.16358340 0.00000000 44.27568297 0.00000000 0.00000000 53.38766318 34.54907365 40.43084498 0.00000000 0.00000000 27.16372371 0.00000000 0.00000000 35.95265867 0.00000000 23.25787918 0.00000000 40.53878986 0.00000000 34.54907365 0.00000000 
0.00000000 36.22566240 35.95265867 0.00000000 32.17063807 0.00000000 43.10455204 0.00000000 0.00000000 27.16358340 0.00000000 32.21418770 0.00000000 0.00000000 53.38766318 34.54907365 0.00000593 0.00000000 0.00000000 0.00000000 0.00000000 0.00000000 35.95265867 0.00000000 0.00000000 0.00000000 40.47336079 0.00000000 0.00000000 0.00000000 
