12167541758.69800186 7728260578.91469383 8646632756.95463562 11671564721.09517288 13053027269.67710876 6592349903.13501358 9792913190.50023460 15155327675.72647095 7295457045.64543247 8173312105.67473602 9739301588.23756790 8571579884.45621872 11853246025.83528900 11609685432.01198959 9555569708.01814270 10377468734.87346840 13625246376.59206009 11562348982.85851097 16223237262.96709442 5051478871.32349491 8767065000.31005859 7978952500.35982132 14854951754.06607246 12485856660.41442680 8677742697.67245865 12280235358.18959999 9788573102.41490936 13136038545.23753929 9709110416.10527611 17113129155.72306442 
5893699134.77887821 2296378778.78541660 7810897916.00858116 9179178180.48044014 4860544324.55288792 6592349903.13501358 5326963898.42888165 4757729607.69635773 4130257695.24417400 652643200.72718918 9739301588.23756790 512729490.24426901 3211780943.94695091 2765859965.15254498 1493355814.78285670 1782872359.87154555 2496642703.91184950 4015114875.33091354 3085569945.79000378 1225942459.05308270 4920247770.36587334 1761816275.62261891 2411021161.44403362 5801550286.80877781 6381190966.68540859 9984509907.39809036 6681021117.44243526 5034349516.01243782 3051465055.37682009 1620156279.70708179 
3605619223.74578047 1992899945.17405152 6350009032.55680370 4062351013.79176617 1451169816.92459011 6592349903.13501358 5326963898.42888165 2876406311.06236172 3083315872.58839798 652643200.72718918 4911506412.78660297 512729490.24426901 2589964321.61258698 2765859965.15254498 1016288180.46832037 1139848251.88581777 2314389504.07518244 2338133197.80599642 2964827576.39280033 1225942459.05308270 3553284838.16717768 1135591028.77521634 2236796952.89760876 5801550286.80877781 4076970795.91232157 8280382156.88111019 2472677226.34385872 4488864857.95262527 3051465055.37682009 1314013396.64328361 
2305585273.60028553 537404795.48742580 2852412985.75994539 974141586.86569965 475110567.45546895 2201874676.99806118 1264333843.28106117 1710912868.36879373 531713881.84335119 47534586.40651427 686719419.04028821 172691620.53755346 597247330.76704311 329715719.14457166 125377371.95125759 230050608.58158019 1429555420.86033607 813737576.00896943 1300212611.68613815 244937430.18372661 941918519.57865620 628451026.89604211 698353259.33824384 1598404219.43054199 647275355.22974038 1422051483.03705311 1451394004.71291876 430395600.04735881 1101429911.55025721 129222114.20136721 
172023857.25660294 65328258.68883152 2103171168.51906872 21014430.19301279 21777026.36146528 267259346.10438132 501522594.46057582 87275138.50196393 40368204.05437716 1808126.98364224 1586706.59881059 4230461.55937067 66425568.18838293 30554597.90687745 617440.90725747 27995663.69248479 26974864.56668305 318284760.65500158 122158613.17799275 11139466.90988443 28299271.17466941 277058378.90069085 16683978.10720634 85755425.70635866 46608538.80902909 101884365.03900427 512544116.98291230 5939545.34015593 48154949.06847705 19323508.10861290 
23493176.48216790 35000078.80508652 64093961.89925861 389498.91231621 2328878.98159342 3858699.15206728 399117083.68317187 1305450.54745535 28393147.95583501 235845.96151696 28479.95222298 278417.98848100 10727352.31765148 1131713.02023704 18773.03758914 1273753.04411918 1358869.72144849 183479137.13546085 5922266.69716626 181702.87630118 1468367.61733482 148187983.82551640 309706.01287988 11144997.99322375 20606622.11072379 4708986.46221181 4369923.52663295 46855.28061013 2626325.63161867 1075004.43567969 
15231.10403931 28288660.59416195 94298.90598025 3325.61820860 4625.86677255 3525.25902341 3425592.79552524 5501.20844406 27104586.69982339 42830.50664254 4278.23210711 721.88539236 4365.03140161 2222.75308492 1250.07937632 769.76813320 14453.76556742 806138.88150562 41754.78515903 1554.60945914 70223.88012923 134638883.60010248 79642.81834100 12967.50375188 4949714.35045367 17367.62462395 5483.27028276 157.50483782 483.45999822 3568.77353728 
3.00215428 26023401.19209611 3.40907615 0.54146407 0.13202309 0.28818778 111557.61827025 455.86884678 955631.87771713 91.97162506 7.03408557 6.13732009 0.74299534 1.28463191 636.18174909 0.19584137 15.06511556 390.37140877 105.03201611 0.05417351 33.06587292 132323588.61576968 86.72825101 0.76372636 1048.55106980 23.68518823 2.36589330 0.00997620 1.77270302 0.97535267 
0.00000747 56.54529698 0.00000653 0.00002646 0.00000345 0.00004434 50.50086866 389.42813108 26.68666428 0.00194743 0.00002284 0.00110677 0.00005280 0.00139217 0.11882501 0.00000004 0.00061144 0.00049108 0.01234888 0.00000038 0.00002264 592449.09603745 0.00126737 0.00000001 0.00020488 0.00000339 0.00000115 0.00019325 0.00000039 0.01376051 
0.00000000 0.00000083 0.00000000 0.00000000 0.00000001 0.00000000 0.00000000 0.00000000 0.00364414 0.00000000 0.00000000 0.00000000 0.00000000 0.00000000 0.00000000 0.00000000 0.00000000 0.00000000 0.00000000 0.00000000 0.00000000 0.00003274 0.00000000 0.00000000 0.00000000 0.00000000 0.00000000 0.00000000 0.00000000 0.00000003 
0.00000000 0.00000000 0.00000000 0.00000000 0.00000000 0.00000000 0.00000000 0.00000000 0.00000000 0.00000000 0.00000000 0.00000000 0.00000000 0.00000000 0.00000000 0.00000000 0.00000000 0.00000000 0.00000000 0.00000000 0.00000000 0.00000000 0.00000000 0.00000000 0.00000000 0.00000000 0.00000000 0.00000000 0.00000000 0.00000000 
0.00000000 0.00000000 0.00000000 0.00000000 0.00000000 0.00000000 0.00000000 0.00000000 0.00000000 0.00000000 0.00000000 0.00000000 0.00000000 0.00000000 0.00000000 0.00000000 0.00000000 0.00000000 0.00000000 0.00000000 0.00000000 0.00000000 0.00000000 0.00000000 0.00000000 0.00000000 0.00000000 0.00000000 0.00000000 0.00000000 
0.00000000 0.00000000 0.00000000 0.00000000 0.00000000 0.00000000 0.00000000 0.00000000 0.00000000 0.00000000 0.00000000 0.00000000 0.00000000 0.00000000 0.00000000 0.00000000 0.00000000 0.00000000 0.00000000 0.00000000 0.00000000 0.00000000 0.00000000 0.00000000 0.00000000 0.00000000 0.00000000 0.00000000 0.00000000 0.00000000 
0.00000000 0.00000000 0.00000000 0.00000000 0.00000000 0.00000000 0.00000000 0.00000000 0.00000000 0.00000000 0.00000000 0.00000000 0.00000000 0.00000000 0.00000000 0.00000000 0.00000000 0.00000000 0.00000000 0.00000000 0.00000000 0.00000000 0.00000000 0.00000000 0.00000000 0.00000000 0.00000000 0.00000000 0.00000000 0.00000000 
0.00000000 0.00000000 0.00000000 0.00000000 0.00000000 0.00000000 0.00000000 0.00000000 0.00000000 0.00000000 0.00000000 0.00000000 0.00000000 0.00000000 0.00000000 0.00000000 0.00000000 0.00000000 0.00000000 0.00000000 0.00000000 0.00000000 0.00000000 0.00000000 0.00000000 0.00000000 0.00000000 0.00000000 0.00000000 0.00000000 
0.00000000 0.00000000 0.00000000 0.00000000 0.00000000 0.00000000 0.00000000 0.00000000 0.00000000 0.00000000 0.00000000 0.00000000 0.00000000 0.00000000 0.00000000 0.00000000 0.00000000 0.00000000 0.00000000 0.00000000 0.00000000 0.00000000 0.00000000 0.00000000 0.00000000 0.00000000 0.00000000 0.00000000 0.00000000 0.00000000 
