2564.93451522 2226.24393831 2032.00349351 2026.98666702 2302.92765457 2501.52757391 2375.00599073 1973.31322868 2551.68822322 1776.73748115 2233.40261579 2136.38021073 2360.10240683 2189.22873074 2238.67461167 1823.27546237 2416.26935730 2079.24378870 2516.88289386 2055.09342886 2003.75607770 1797.24412697 2282.99643862 2362.02546079 2316.57519082 2464.54639266 1724.99977698 2224.03037308 1892.26415823 2692.16818074 
1836.45756440 2226.24393831 2032.00349351 1933.69027466 2175.54459073 2344.30597530 2267.70159714 1973.31322868 2259.97396789 1776.73748115 2104.48763459 1981.06993669 2026.99125871 2189.22873074 2214.91209480 1823.27546237 2217.87061836 2079.24378870 2076.73012914 2055.09342886 2003.75607770 1797.24412697 1880.25656279 2030.15591372 2316.57519082 1961.85899155 1724.99977698 2224.03037308 1892.26415823 1809.82181537 
1566.37879139 1538.94341945 1604.40669598 1563.62100813 1668.31146228 1208.04155824 1741.78840027 1512.06937006 1543.39395666 1160.91117113 1604.31965760 1483.66779738 1656.45889854 1836.02551874 1277.26745929 1642.51728355 1712.72730216 2014.80377964 1317.21679913 1493.34045795 1686.79661421 1797.24412697 1618.19465781 1753.21425565 1881.71558407 1638.59007159 1704.29590548 1349.01564512 1576.94343891 1445.54311788 
1374.79242053 1135.47134811 1248.91464789 1328.52036709 1416.31646678 996.47919550 596.33681543 1221.21433521 1272.57116591 930.75776451 1114.57374684 983.37098071 1364.86374687 1191.98976421 1277.26745929 1301.14161621 862.63347783 1335.13578580 1317.21679913 990.51137187 1296.00946766 1362.70300214 1239.93311287 1303.90133226 1776.31127511 1033.59579407 1315.06107728 1142.45630041 1170.14208172 1220.35417957 
438.94975582 952.27139311 1003.02753265 620.86701934 565.44881670 710.47782123 214.82699375 320.08929674 782.31616870 699.82501493 736.98381453 756.61511440 941.39109717 578.28386690 674.93723182 317.48430870 379.95299165 737.64314791 1082.50477897 629.37119330 718.30303320 1072.52041051 981.37992122 573.90726884 846.91683184 664.90420503 652.53453256 435.31271440 1112.76415459 659.02675334 
163.52242453 418.32316722 482.86313479 274.91834108 108.79076033 195.40038716 180.27156684 89.68808716 28.87420255 318.13279955 209.98059523 321.77453364 125.43549426 263.46002328 210.64262385 94.51557504 78.10900004 141.97861649 572.94518535 166.06113257 385.20781619 598.45270494 338.61342475 258.20822517 279.63598741 119.62362651 182.88701486 38.89532451 449.09573122 241.91738078 
55.29719972 150.86649073 150.11357452 99.99923814 19.06068925 152.97843464 20.54341342 17.82627065 16.70528122 67.12910197 70.09841315 143.93849597 50.25857973 169.75077269 43.31631824 7.41233678 25.26070425 19.94970047 97.45052118 32.44064735 80.16436777 28.37908432 61.57066014 92.15802754 75.44149136 27.82662603 20.81246198 17.48554508 187.98768560 19.53838608 
7.41711287 125.23418236 11.92338091 7.63579937 10.61978662 142.64550024 8.87363261 3.17664543 15.96123181 13.69410268 15.47231226 128.52963490 37.09426302 128.37547888 12.63472585 6.16754845 9.85913460 13.01181355 8.14665296 9.31730670 12.08733589 16.41571233 12.54981988 15.31540588 31.31165645 15.28382598 7.72727133 16.05209236 127.51543569 13.18520831 
2.87186173 123.89668139 6.53783976 1.96654598 9.75679341 142.02334541 8.16120268 2.57451958 14.18199582 8.51588288 11.85730401 128.12553152 22.80121401 127.89885914 8.64821941 5.61680496 7.76196260 12.26435265 4.58610781 8.08855979 10.85480362 14.67992047 11.78949716 10.49294533 19.08576479 14.17163786 7.24811925 15.53444739 126.01710459 11.41612005 
2.09902697 122.97153306 5.97335734 1.75732673 8.26567002 141.27433078 7.41093516 1.94146438 13.92661217 7.84053709 11.49521134 127.96420578 21.14799413 127.02049680 7.85052704 4.47132956 7.67838834 11.65698568 3.62363128 2.14496008 9.54853957 13.85325022 11.54750430 9.83285942 18.67131356 13.39555500 6.49980031 15.10049744 125.63331302 10.97009421 
2.01323778 4.75012707 5.93452036 1.69153111 7.39422367 11.95033165 7.28370751 1.81906815 13.84737190 7.36522107 11.27739486 9.83806143 20.98413353 4.15255886 7.60048450 3.76221081 7.65523257 11.25774921 3.19872772 2.12865128 9.35277681 13.57563819 11.48532276 9.51463302 17.61409204 13.33856837 6.21172145 14.78906571 12.66450350 10.32812834 
1.99931308 3.71628357 5.72461441 1.67367724 7.08952893 11.48803855 7.20840432 1.66746611 8.77708714 7.21677022 10.52185084 9.20461193 9.44762543 2.44574013 7.55244694 3.56367805 1.95155849 10.85353500 3.04102045 2.09934847 9.16221341 13.47583970 11.30417905 9.25320977 6.75080446 7.83203591 6.12453444 4.55285621 8.44505601 9.51503254 
1.99903980 3.48033809 2.81490847 1.61411961 1.43390550 5.78802369 1.37592110 1.50420900 2.44578311 1.62331342 2.12829852 3.42725720 2.90061427 2.42121484 2.04272182 3.39050176 1.62680844 3.32786995 2.67238139 2.09860487 3.44534063 1.86645362 4.70038080 3.32970294 5.17712554 2.11717378 3.56332451 2.27964990 3.03020097 3.98560048 
1.99903844 0.71566549 0.87141219 1.61408454 1.42535514 2.43193232 1.09658147 1.48220738 2.10630521 1.53994468 1.76174038 1.32775782 1.41015323 2.39598630 1.24306906 2.62094253 1.60995541 2.05351675 1.91775574 1.78676475 3.36230338 1.86523013 3.80500244 0.71855273 3.22858510 1.21156580 1.88176698 0.94566937 2.70822911 1.47876034 
1.07066405 0.58089960 0.57822210 0.50159495 1.42496260 1.42674830 0.75131807 0.84577156 1.40300086 0.52686939 1.40254286 1.32085166 0.66400417 1.55897962 0.96030769 1.85098217 0.29229924 0.70943904 0.80348489 0.75165812 0.49375743 0.63680943 3.52393143 0.62433463 3.22858499 0.65409374 1.64103627 0.63196710 1.47936911 1.37402085 
0.47737120 0.23402975 0.51074552 0.45089703 0.60627798 1.39424045 0.69738744 0.51756723 1.23613455 0.52668662 0.64145405 0.87859077 0.51379617 1.06048282 0.56948824 1.47895252 0.16710893 0.43397530 0.53798638 0.72489993 0.48294912 0.45679987 3.51207999 0.51895701 0.54824277 0.44880045 0.86964864 0.51080147 0.52952720 1.02914401 
