6057.09558517 5661.96678516 5274.63334841 5680.88869667 5267.94650244 5599.59544674 5441.05982424 5687.35195400 6059.39328881 5521.95304983 5226.22701552 5916.08770718 6140.57438561 5999.40304816 5320.34824686 5358.53905228 6161.31909649 5250.17833380 5478.59723986 5906.55603495 5940.17778211 5615.53326379 5439.22761256 5363.99713168 5937.41416765 6226.99897023 5123.50203459 5794.35984617 4862.70759579 5563.65409164 
5382.28852747 5661.96678516 5274.63334841 5551.18375096 5267.94650244 5599.59544674 5441.05982424 5255.04315633 5928.33398410 5521.95304983 4316.01532983 5630.75890459 5541.86166866 5999.40304816 5280.15811031 5358.53905228 6161.31909649 4915.27460947 5395.42877113 5598.55797022 5494.84520609 5338.01208402 5439.22761256 5363.99713168 5189.20400809 5898.43459567 5123.50203459 5551.42238851 4862.70759579 5215.73787933 
5325.10133488 5091.76188602 4472.83473387 5405.99624476 5267.94650244 4964.54947843 5441.05982424 4900.64286912 4144.16691961 5521.95304983 4316.01532983 4703.99159768 5541.86166866 5236.34052430 5280.15811031 5358.53905228 4611.85484210 4915.27460947 4993.47675578 5598.55797022 5396.96602764 5327.23049902 5439.22761256 5097.94233895 5118.87341980 5301.17477344 5123.50203459 4819.28386441 4862.70759579 5215.73787933 
4786.91258477 5091.76188602 4472.83473387 5063.91066691 5130.65730316 4692.18273579 4810.66244239 4651.94842335 4144.16691961 4898.91778592 4316.01532983 4703.99159768 5026.56453888 4820.44421681 4804.11167901 5133.73272878 3763.70252889 4915.27460947 4756.09404472 4392.41684589 3877.58215613 5093.38697479 4843.46832839 4898.81663142 4388.80984131 4315.38530282 5026.14283275 4819.28386441 4862.70759579 5076.45279332 
4242.07978952 4116.66497728 4472.83473387 3997.45661897 4860.29269445 4450.24728624 4530.32778226 4002.02510665 4015.85891848 4001.67059206 4316.01532983 4703.99159768 4630.07427364 4069.43027534 4342.52009706 4144.32373036 3693.88649535 4104.73073821 4289.11005527 4018.62869513 3877.58215613 4790.71127544 4843.46832839 4561.94696549 3533.55192762 3417.05059585 4650.09376450 3920.43958969 4619.80328642 4659.43980494 
3126.28550383 3827.96014610 3746.38577341 3124.53434026 4772.24537405 3247.82312049 3260.88153524 3857.54940944 3416.49006793 3755.27113402 4316.01532983 3864.53067504 3850.93801425 3617.52064373 3332.87251344 3305.41925232 3470.74260997 3611.18023508 3781.79622694 4018.62869513 3532.31291881 4265.98820779 3699.38674806 3746.90726716 3394.86425134 3417.05059585 4202.49483770 3200.76272992 3732.61108968 4580.72591777 
2474.77951920 3262.35641214 2907.42431460 2567.22624851 4315.24447289 2597.31436643 2819.96058866 3263.37074745 2792.37736735 3016.52955048 3294.25709317 3449.74794223 3068.29778907 3168.83685046 3219.12694945 3305.41925232 2609.45745131 2947.98883055 3049.59051759 2964.58578381 2833.17919148 3540.85793852 2523.39175714 3582.17935303 3394.86425134 2723.54784507 2979.67848013 2348.38022161 3658.56042012 3851.86995266 
2474.77951920 2532.57867624 2002.01234719 2485.49374880 2778.47275261 2306.56455566 1815.68118419 2648.18645292 2476.02510234 2627.61449610 2651.18366316 3160.09910127 2738.24511770 2264.27740239 2409.63479796 2820.53699079 2171.71745466 2560.24404220 2638.26836793 2523.19131198 2006.33277008 2869.42825714 2174.46226728 2827.76652138 2740.40590192 1947.94005381 2224.10797612 2101.76514929 2830.85490412 2427.35873343 
1593.11747656 2117.52181040 1190.19445620 1611.20973202 2007.55100056 1943.86383294 1147.04998381 1548.61418895 1188.92527233 1948.17498667 1442.97231488 1827.26094106 1890.02959468 1682.62197508 1797.80999381 2418.47162413 1966.27511317 1841.09775103 1582.04363734 1674.34031804 1698.96150815 1510.86697514 1869.28602966 1885.08578661 1858.70083043 1432.10963886 1184.65630034 1412.72017455 1705.72409085 1860.76715482 
1115.49998907 1561.77234828 348.17780997 833.38135590 1384.43224318 1027.08572281 589.66174311 758.93636338 626.93207081 1336.83430553 1106.00892808 1441.59934540 783.64715782 893.82313178 1016.64289124 1247.48457848 1406.44808235 1490.03029619 748.06196878 930.04124656 1071.53953363 676.10565218 994.77062012 1136.52487061 1279.13687664 1226.85354932 740.29069352 872.32128984 1060.91777399 887.21881108 
785.28505668 373.95840513 32.93340625 408.32676957 751.70046423 539.31788869 7.03745122 523.12485551 132.26491767 531.43064535 497.42855089 697.75897035 471.54761202 130.75296836 660.56278956 614.33414988 531.16372796 804.78587226 174.87705105 441.86030317 320.92436060 354.04849547 533.26795200 358.74760952 383.99503428 503.08702455 503.55638873 381.15339365 685.71338506 425.52265123 
273.42250786 221.00699284 7.80991569 259.12161244 312.90182052 283.04845946 5.34124320 314.41889501 92.83757175 272.25670129 148.79809996 204.40528062 77.90642272 78.10337338 292.59642794 178.21024613 208.22841741 90.94792447 49.75795864 49.34125441 112.23829785 66.78961494 175.56093118 48.65815943 61.12134294 225.83700365 108.83203692 47.09334947 260.56989836 320.83327715 
49.16845797 185.22181452 7.80991569 246.96643439 37.90198944 24.53857383 2.02609942 174.00169738 9.45500677 183.36329347 127.23350583 26.60613551 17.44878005 9.87794663 78.97077935 23.29158995 134.24031248 27.77415142 9.02609616 22.90438083 14.83040715 7.71623031 67.47336934 12.01171903 22.34897390 66.66252992 28.35398237 24.38781207 17.83276934 47.85140791 
36.86172831 23.87810353 0.31228458 163.44703191 9.95391396 6.83019199 0.24982766 20.10623632 5.34124320 48.85237939 3.72738058 6.92387737 13.91837801 4.39478486 49.48281103 12.68273202 11.78581882 5.21634290 7.77868723 15.66322532 12.96387997 3.57123829 10.19514023 5.37247168 3.71695562 15.57321128 9.39254985 11.03764093 6.95510582 18.36474351 
11.32152727 12.57349112 0.31228458 9.50727732 7.87244383 5.15387245 0.06245692 3.80165533 3.57123829 6.46584659 3.72738057 3.54000984 2.65473169 1.86369029 15.22198626 3.50878137 5.54598283 1.80123337 1.92614720 3.54000983 12.01140890 0.28105612 7.74745877 1.98462072 1.98860412 3.50878137 1.86369029 6.15927784 3.57126858 2.03653068 
0.09368537 0.12491383 0.28105612 3.45312141 0.06245692 1.77075117 0.06245692 0.98058876 0.09368537 1.73892793 0.34351304 0.12491383 0.19498313 1.80123337 0.12491383 0.12491383 0.09368537 0.18965070 0.17792535 0.15614229 0.24982766 0.24982766 0.15614229 0.18737075 0.34351304 1.55084371 1.80123337 2.37283062 0.28105612 0.28105612 
