54098363.54352237 55675945.37725184 68061474.32775778 30459068.28381464 16998344.79419143 15339233.72088238 21332579.56016628 35539069.40450543 57836456.56806888 44802338.93720084 117878321.87113431 30209148.43082154 14832180.68347216 44332564.02378131 17654255.81089259 36362464.30987058 44755414.29507241 17910409.21663861 23980478.57932001 72313247.48116356 4760545.24800233 34567467.04497717 24457062.78881209 18030928.90518920 38782471.60020069 36879362.54718464 86904074.22114445 58550525.32075714 6751015.63529417 29038321.63365093 
33114330.71690044 28923998.67263663 8375185.46060988 27834243.42021180 16998344.79419143 2242551.07655300 5709805.95053435 31230963.15521405 32386559.92735198 44802338.93720084 16618166.18899749 12166478.26428230 14832180.68347216 14711209.49627082 17654255.81089259 36362464.30987058 6616649.79865979 6449364.28556198 23980478.57932001 11476973.29844669 4760545.24800233 9413821.97240440 24457062.78881209 16813363.47272365 38782471.60020069 24207060.31043176 6071627.10099102 12643589.57237891 6751015.63529417 21864226.51030331 
6853451.32881072 12618342.49542205 8375185.46060988 966274.60512421 16998344.79419143 1821461.82278907 5709805.95053435 20885516.40372305 4658164.82514842 5262039.12356457 16618166.18899749 3597380.29805634 3838675.66155923 6195331.72312519 7029535.25251344 15512469.75913480 5512242.38972731 1151015.97606787 9360276.71732594 973274.40488195 4760545.24800233 2757508.29818702 9077784.67852978 3222412.42392888 17260449.41911412 10683890.03545570 2008509.94807745 12643589.57237891 6061146.93634431 3462857.02836758 
539267.48936381 3140546.90137698 2460216.57378856 164741.01851352 5655261.23629399 149760.14616803 1223890.65502578 4861978.54512923 881879.88222451 759110.94432369 5534292.94652236 1299694.97759477 1636020.07781653 2557708.98041061 1470813.09533548 1220775.42441939 944929.41984136 903607.43279090 3225053.54939709 442530.26126830 1486367.16722548 2222427.28574795 2789726.38728286 1511593.64654742 1168796.56798674 1396669.42882760 1891900.31399391 1679781.68380583 362026.67547612 644514.30100606 
358538.19013257 383082.84752405 445873.97039759 107832.46914917 1139591.43919376 24855.10706983 132495.24700717 517174.07313491 288069.62980552 673036.24979895 788391.45959719 383053.19955461 953276.52783646 827536.04807907 845833.63900487 201115.27892197 367968.26258162 226466.07513596 1009046.16363384 186486.26303346 1080285.49456305 661324.47554154 1075654.93028375 388116.21086418 261252.96466248 74284.83456768 1204518.93096607 907995.99652450 253865.85191634 170095.39463631 
261936.39173273 73585.78236126 56447.96162994 101221.94498602 91582.13980430 18530.79861650 53203.88298153 355960.13517933 157363.79317485 571430.93439454 477867.07947363 116503.15302736 760638.76080349 813631.06824705 733106.14407943 82360.21332002 367247.95006281 110735.34693807 538370.21652911 32849.90554160 590049.63977600 72309.84776761 257384.12032113 253410.30211170 74241.86233850 6588.66078942 1088823.45696940 483557.78615037 90877.70397327 79754.03769358 
256314.94028188 3790.37146661 45801.05959366 98871.33023369 28586.35503711 16991.86255819 50045.76020870 328236.85605381 50478.78037662 536997.45076831 171837.45211043 66402.91583929 147561.91705014 441648.82840685 680783.87139442 37327.64806038 246064.96978263 104839.42986030 517570.78817007 20667.98470835 299382.95419825 21250.22651239 213588.61541044 236623.61204264 41300.08819811 4033.99243080 595293.68228706 160841.27128493 14782.97848274 31972.88327899 
246093.80694116 2267.89812839 43676.47844509 81333.64369452 6720.22175301 16384.24204095 47301.25741015 280587.49143362 32796.90539885 360207.93419501 131985.94623191 62739.59074431 41784.17184004 156179.63760866 62029.54464047 11869.69438199 138201.34320810 52829.18228225 27438.77897602 6118.72560839 97429.65878781 12793.99094084 100679.49462775 231521.29673421 32629.02928706 2417.23887817 544211.98511514 119167.19827598 13014.47448069 25451.03019186 
61701.57546399 1905.34783593 43224.32613596 79690.76457055 2320.11937996 16189.07826675 17990.75697423 19294.02840618 31385.24073462 23038.71068870 118166.91444432 58006.87504672 25574.72847086 127196.61825409 27784.22045756 10693.46396968 95877.04674088 12315.95414983 7464.91013826 2205.96477093 18949.81388668 9888.82645354 14471.25661852 28038.03049802 31747.61991663 2181.05836117 11115.49742076 32446.32069590 11788.90839063 23541.67845228 
1951.97190485 1614.37181149 1925.89392932 1529.24999216 814.58345549 312.54579819 1270.93533386 4209.57556837 1737.23285109 2390.45939773 2769.82036128 2319.21037829 6984.72023027 1901.21544697 2865.13459720 1534.19008582 1743.80609402 2186.24881182 1846.50441458 1745.61824596 1747.69686349 1683.80416692 2552.94307741 2526.35589413 2438.25467018 1914.99051167 1576.68156999 1912.55449829 1370.81653783 2649.53229307 
395.13794880 425.87866899 508.13635464 768.90494831 780.46631970 207.42556663 63.42227063 408.82447817 349.79805714 529.32670001 721.94527722 396.67438982 743.93589643 253.53285641 621.69814601 750.28970437 655.28434939 970.06861952 929.40708404 894.59146437 224.39775521 857.77599492 522.84939723 502.58995972 387.83944313 514.25882890 337.70176566 779.03423914 196.78378142 298.78103548 
365.78969594 243.17620465 494.60206383 494.38582172 308.20017769 156.48537990 3.13397826 275.81246140 327.73851092 92.97637917 85.69269727 377.17545807 370.86618627 212.30143293 137.03015557 73.69503409 306.37273840 346.13659225 283.62290946 420.26103072 213.14544736 342.03627298 150.67472059 181.25628279 214.08559823 448.11135850 255.27062802 537.06367921 193.98290468 147.34415902 
222.67676012 241.57880531 213.08642108 230.02343454 26.47828265 132.76283299 2.16033538 31.51128569 322.73984691 79.39478635 42.33293084 203.49405086 198.27477118 185.95683640 136.13059411 39.98753779 104.24019329 7.08765521 195.61083270 183.16649312 200.05857088 49.19063655 93.74278013 174.51617371 38.94105462 132.15694306 252.58787253 360.94665579 189.02594543 71.96616569 
39.90206833 102.72603725 47.84147609 51.08381743 4.77331415 125.07252774 1.21274981 29.43841579 121.00982168 74.15913715 41.26675166 47.45785237 124.64631719 11.44523751 124.46533282 34.59866272 65.70827808 2.47848761 66.07485002 72.27277356 13.44268950 0.71756352 81.00773172 18.91070437 26.34072493 78.80816196 92.43151333 175.98241953 147.21026469 5.74930660 
29.94921182 37.96550979 46.59559347 44.74939693 0.53519533 37.66861505 0.70746855 25.70023137 119.53458005 70.95307653 14.83067270 9.21126077 45.72034099 1.69485322 120.02749586 29.80302140 30.77783265 0.93927405 19.16542590 30.07030580 1.96260331 0.47963964 0.34192933 10.31962375 25.34456536 13.70039133 92.17075853 89.56531555 130.81950102 0.53417723 
29.70387700 37.80564769 45.99756872 9.41612583 0.29514097 29.63415846 0.68358649 25.66677313 0.79382128 70.90900539 9.22037232 8.71918160 37.92429233 0.56839877 119.62744090 29.59323247 17.17634628 0.65401924 17.24670171 17.29091745 0.61715841 0.46015040 0.31403083 9.01823259 25.31820372 8.66139420 92.14715285 66.87998427 128.06035507 0.48856348 
