2260.54281312 2402.90897592 2278.66655632 2469.59782377 2310.24530627 1846.24764807 2084.94329725 2594.96167245 2131.97016295 2322.29624677 2475.64402113 2261.34280690 2516.60641275 2082.33781217 2518.62736984 1878.32222257 2048.59541288 2398.32011988 2424.73939955 2147.90816392 2244.61518244 2167.88367336 1895.21739718 2204.88257071 2264.33256473 2155.14834239 2498.76433262 2042.01967291 1880.03598536 1918.62548892 
2260.54281312 2402.90897592 2278.66655632 2342.78774347 2300.85900974 1443.57072092 2084.94329725 1936.69104617 2131.97016295 2322.29624677 1715.24010567 2261.34280690 2516.60641275 2082.33781217 2203.75852358 1878.32222257 2048.59541288 2282.92155097 2424.73939955 2147.90816392 2233.06849462 2167.88367336 1895.21739718 2204.88257071 2264.33256473 1972.21114759 2329.87495764 2042.01967291 1880.03598536 1918.62548892 
2260.54281312 2298.99266957 2278.66655632 2342.78774347 2300.85900974 1443.57072092 2084.94329725 1841.70834398 2131.97016295 2296.95143757 1715.24010567 2131.98793116 2344.92469552 2082.33781217 2155.33201597 1878.32222257 1925.93312911 2158.79211376 2424.73939955 2147.90816392 2233.06849462 2167.88367336 1895.21739718 1903.69161429 2226.28777252 1972.21114759 2278.01158938 2042.01967291 1880.03598536 1918.62548892 
2037.24278315 1871.27460074 1963.04174180 2140.79669291 1838.87854835 1443.57072092 2084.94329725 1762.83240588 2131.97016295 1645.14879261 1715.24010567 1875.24163158 2086.64905633 2082.33781217 2155.33201597 1773.55764770 1367.28951269 2158.79211376 2033.07013931 2147.90816392 2233.06849462 1926.51379707 1895.21739718 1903.69161429 1597.39779038 1447.45596026 2234.16505311 1853.63119006 1880.03598536 1918.62548892 
1925.78568009 1871.27460074 1963.04174180 2051.31803815 1507.10374620 1443.57072092 1993.96238598 1423.28828719 1893.35984713 1457.11442460 1715.24010567 1227.83785193 2011.65041315 1682.85561778 1831.33923000 1713.71462093 1352.31109521 1802.27565399 2033.07013931 1918.39499317 1872.08996037 1924.14299304 1844.93975747 1903.69161429 1597.39779038 1447.45596026 1714.76535795 1604.98619117 1880.03598536 1918.62548892 
1494.72357489 1871.27460074 1537.86948321 1615.86580800 1507.10374620 1443.57072092 1993.96238598 1423.28828719 1607.20779930 1457.11442460 1349.71768312 1227.83785193 1870.87770210 1682.85561778 1672.60747426 1528.85842166 1352.31109521 1802.27565399 2033.07013931 1620.95211152 1835.78111788 1416.75275728 1844.93975747 1834.93214454 927.26047995 1406.25233470 1714.76535795 1593.69623498 1394.06464304 1918.62548892 
1494.72357489 1711.97075281 1407.03464484 1615.86580800 1084.50851755 1395.55133448 1453.61000455 1321.07212890 1409.00434471 1419.10342951 1349.71768312 1227.83785193 1760.06477310 1682.85561778 1387.08889113 1440.80874807 1352.31109521 1802.27565399 1732.44432724 1532.62243621 1705.97196144 1372.13876475 1782.32960945 1066.47116795 927.26047995 1379.17530060 1205.73209333 1234.72343865 1239.74441963 1579.09926411 
1382.69849361 1098.63312179 1241.17483377 1009.11431616 1084.50851755 942.09790870 1203.36263734 1177.16952166 948.99689197 1334.76555565 1314.42070250 1171.02655767 1257.75297801 1255.40056717 1251.54863715 1178.94852163 1352.31109521 1620.89276687 1323.71665269 1162.61063093 1591.67588526 1120.10952960 1665.67654617 1066.47116795 927.26047995 1263.12649094 690.91022011 1110.81122893 904.67140923 1551.79998583 
950.15420278 1098.63312179 1064.62762129 596.31580381 892.78245179 942.09790870 1081.23028323 57.96605779 858.83809939 1091.49801844 679.30096318 948.52501950 977.55231659 589.79865967 906.95910714 934.47078677 1168.19687574 1094.37483795 1095.63159888 943.39029578 1200.22654523 1022.12623088 1117.15816681 1014.59171054 927.26047995 1032.88333102 612.79679058 1110.81122893 544.66735818 1401.59703978 
950.15420278 931.31408658 550.99928751 526.14210745 617.20242443 598.92495006 937.69929100 21.76214089 748.66833302 203.60315586 337.61457259 575.95044977 966.64474863 589.79865967 864.14061891 820.25288604 964.01266059 880.47648911 344.49842881 436.71269546 1159.91889470 857.03519743 964.84922824 940.05517853 895.42011904 956.29289412 435.80543149 983.03048553 521.11300832 712.07466646 
890.66944879 664.63717429 526.30339094 502.41013457 498.54557745 192.58796537 540.45776924 21.76213504 576.38626627 3.41496069 301.33204713 59.37091412 712.48038412 404.59849041 381.96648984 415.90179076 644.12410131 676.22303089 170.08114973 403.07632664 277.11536273 762.62629837 964.84922824 592.94293280 889.14759332 821.10284861 253.32837705 347.11694086 346.37325783 162.59883663 
688.77783712 560.32403295 418.19026067 381.57660533 368.48943351 192.58796537 473.18836264 10.18242762 549.15547783 3.41496069 230.33800523 36.81925758 497.57081559 363.99568761 69.68210286 415.90179076 596.53813315 382.29752189 170.08114973 376.29687440 207.94970572 558.92547854 466.78394272 419.14020385 447.60898103 557.05139497 146.46724696 345.56396546 176.01832221 151.90508595 
308.23637988 427.55163595 392.15130938 381.57660533 208.44060708 192.58796537 441.23582463 10.18242762 399.99162545 3.41496069 81.49548823 36.81925758 426.23559413 57.52280535 28.59619974 381.68941328 358.99284193 182.54500928 170.08114973 208.33186587 103.83386797 360.94595391 182.70550957 360.02919895 323.05626163 318.81454524 63.97690852 327.09074322 173.85775903 67.15731395 
183.63051384 341.73369815 210.16246857 349.47426129 124.86039728 151.92557662 122.04100748 10.18242762 319.54415488 3.41496069 24.70173074 36.81925758 231.48356610 20.08753078 28.59619974 239.99897772 163.43994643 108.40211082 161.79234848 66.10057465 51.86196425 217.57352530 106.33108709 58.15736385 283.22995524 101.08803920 21.85249159 278.26575257 60.10952765 30.23915397 
71.93936485 171.38361152 187.72231766 110.93213031 25.24542401 4.07711041 3.60232401 10.18242762 125.48291712 3.41496069 15.18203143 36.81925758 126.32467996 15.30694031 28.59619974 45.16441619 64.90135753 81.21446528 47.30093525 26.26675945 3.53986957 67.67834998 35.85286755 57.80099218 64.47314417 9.15342697 11.89197962 57.27982293 26.37764307 30.23915397 
39.02449045 171.38361152 98.68816191 15.68209409 2.32780588 3.66477845 3.60232401 7.72769640 28.93370407 3.41496069 15.18203143 36.81925758 11.62337229 15.30694031 28.59619974 12.21192846 10.46298368 25.76670590 1.44614969 0.43718109 3.53986957 0.74619731 5.32548274 35.75907214 7.41142390 3.53986957 11.89197962 3.72723289 15.24448587 26.88664772 
