6429221.70682995 3289582.32726969 33676.99868508 1310208.14809629 3220166.23470535 2943013.26344446 2214205.44547368 2302804.66568898 723967.53557017 642680.19673405 458658.24115078 922080.12844164 6411451.86706538 3583424.03926592 1035061.61211572 2048088.62424411 3217136.66276016 2119787.23083601 1250365.61501336 2439532.18756426 6804537.07939619 2135388.91523397 118906.01785845 236635.04924152 429958.23537748 559489.93417158 89693.03788224 3434609.14803656 1261794.68638084 9656925.21601795 
21849.70416427 14015.03546197 4613.30541935 5365.71379742 15763.44905902 13811.16819049 534984.36997210 11043.17035452 3103.49529344 11983.62922964 25599.05572679 22258.46145173 212597.79486961 114534.96971997 29862.81582925 2777.44117478 39994.94386598 25108.38896732 22697.94613222 345116.55666844 40066.68953202 38262.60251697 118906.01785845 236635.04924152 2210.55900029 1734.33041268 89693.03788224 1520246.00872729 152290.35237130 7020851.74024431 
17917.55156827 8057.85965721 4075.34790686 4162.46530803 12548.09148252 13576.39612027 229707.59783407 9845.90688856 3103.49529344 1810.95018673 23665.93614503 3333.65907684 196807.53941542 27998.69208807 13039.47876555 1476.93832190 14740.28521086 11829.94921451 20558.96141736 162991.23896600 35823.74950352 4648.11764543 118906.01785845 106935.01055706 2210.55900029 984.08281617 32837.93771883 76740.04808535 41050.82416670 842255.48725171 
926.43402717 668.42025584 1998.79296954 771.97214567 1168.03089721 1425.75675412 2613.86898961 665.68230719 291.73887446 725.06612948 532.52329443 827.21007311 1271.56128702 2605.04538782 1356.20731317 873.25921350 1842.65414682 1137.72796914 14334.03478612 5010.80254659 873.49016518 455.15497267 15612.14119794 1728.81378529 1105.14575060 493.55664088 1156.39135838 3507.28403649 2000.85248627 1929.54336672 
399.75175841 179.20192678 113.83723423 507.79436898 238.70953653 106.72967433 412.95883456 245.53410522 229.05686315 15.48586500 237.97868794 242.40184909 144.50498675 378.15381784 255.22343664 30.65304444 54.58703026 300.20107551 10325.74915042 148.81318206 471.67536442 66.81069376 650.35408680 175.23601775 83.52393607 31.70921315 64.08309306 334.30329364 92.04544961 91.13978746 
318.87886068 28.64659459 6.81569239 163.60378895 37.34428167 13.65674141 79.78098669 222.61655442 225.04510448 2.77578939 148.85808116 14.96039485 40.55690858 39.08633381 104.21444719 5.88646940 5.46824708 68.95298868 1728.83697537 16.71573688 245.93421299 3.03098551 24.92547661 11.68980748 19.51223262 10.97646249 9.31123083 45.64717552 77.17373269 48.34742527 
297.42586226 2.21443314 1.24805481 11.71006432 1.83996615 2.29760851 1.44949627 222.03697465 223.93486507 1.55708357 5.95257525 1.35816645 2.81768418 5.61945721 19.75595604 0.85467793 0.92041279 59.21964952 21.27448947 1.98638121 219.51447791 1.12927391 1.50008147 2.04247050 1.86067437 1.38799019 0.99181339 3.05922877 4.00277852 19.02441477 
296.59690416 0.99766634 0.92038705 1.00968851 1.24385532 0.77473577 0.58395950 222.02622488 222.35415064 0.89274098 0.81438391 1.21184457 0.71182357 1.04525349 17.47584407 0.50344036 0.64781549 58.76925401 1.16833193 0.95556217 217.34791999 0.71648200 0.76380683 0.79083955 0.67343839 0.44773266 0.84449922 0.78736225 0.76103872 16.94101674 
296.33193409 0.87915051 0.83774020 0.65048110 0.80556659 0.36665726 0.36595051 222.01817646 222.14860569 0.74443584 0.66871454 1.18005703 0.38475644 0.67748528 17.14526501 0.46863062 0.57791021 58.65593732 0.22588154 0.17853139 217.21385478 0.63603610 0.55586187 0.42897167 0.49405464 0.36053409 0.61577283 0.57763859 0.62612769 16.82230852 
296.27002495 0.78979054 0.78996357 0.46804913 0.65147616 0.32538830 0.32751224 222.01775801 0.59986339 0.66652459 0.65292371 0.82012375 0.34051281 0.48601080 17.09637540 0.40470194 0.57421067 58.65004174 0.06613853 0.03224140 217.21180379 0.62807766 0.55135560 0.32542352 0.47557765 0.35448860 0.59811132 0.49687433 0.61708456 16.78302144 
0.16270930 0.77970058 0.76484319 0.46399540 0.63671889 0.32277107 0.32535541 0.79451911 0.58627804 0.66283392 0.61170619 0.81962352 0.33509372 0.46516909 17.09497118 0.40459020 0.57414824 58.50132538 0.00164789 0.02536649 0.66499874 0.62802337 0.55135338 0.32235351 0.47421751 0.35447224 0.59770597 0.49588002 0.61687238 16.78181045 
0.16270550 0.77969145 0.76482709 0.46398813 0.63667436 0.32277099 0.32513113 0.79447836 0.32289492 0.66283004 0.61170181 0.81962335 0.33508250 0.46515723 0.39998978 0.40458293 0.57414809 0.01720830 0.00108571 0.02536530 0.25498521 0.62790620 0.55135330 0.32234617 0.47421699 0.35447205 0.59770456 0.49587860 0.61686610 0.33676291 
0.16270543 0.77969144 0.76482709 0.46398813 0.63667435 0.32277096 0.32513111 0.79438474 0.32289371 0.66220279 0.61170178 0.81962335 0.33508247 0.46515717 0.33775045 0.40458287 0.57414806 0.01489057 0.00108570 0.02536517 0.07211058 0.62790619 0.55135322 0.32234616 0.47421695 0.35447200 0.59770450 0.49587854 0.61686593 0.33676266 
0.00012835 0.02153200 0.21849519 0.01395070 0.01232782 0.01059770 0.01295821 0.00907369 0.00514590 0.03785642 0.05964219 0.01287480 0.02292211 0.15368074 0.02568008 0.08451158 0.26197064 0.01489053 0.00108569 0.02536512 0.07211051 0.00355962 0.05610032 0.01017291 0.00648068 0.04256681 0.05437294 0.13085870 0.11762444 0.02458950 
0.00012256 0.00315142 0.00010194 0.01395014 0.00261189 0.00088264 0.01295782 0.00907337 0.00100452 0.00154236 0.00342509 0.01262702 0.01168488 0.00000468 0.01586104 0.00222068 0.00034285 0.00441872 0.00108567 0.02536505 0.04061814 0.00355958 0.01272863 0.00045690 0.00648063 0.00013829 0.01427908 0.03637429 0.00015609 0.02458928 
0.00012255 0.00315117 0.00010193 0.00162581 0.00261185 0.00088176 0.01295773 0.00635970 0.00100449 0.00058975 0.00342504 0.00291108 0.01168245 0.00000467 0.01586094 0.00222064 0.00028732 0.00441866 0.00108564 0.01564901 0.03569609 0.00349772 0.00301212 0.00045520 0.00648054 0.00013828 0.00456314 0.00313285 0.00015608 0.02455043 
