626.71040955 298.28622576 608.22700258 459.18638120 449.74568901 469.10477995 413.62199488 746.54756120 321.19442115 744.08492011 338.11461721 373.04498015 294.89866109 427.76752886 565.51501591 351.90054794 319.35446808 426.39835840 429.45842581 892.19518944 614.73300146 515.16562564 527.05999958 409.79622924 361.30345554 456.07834728 252.72418150 642.24085826 309.15406803 324.72197408 
201.49881673 129.70661553 138.71685118 355.88909360 219.36262196 267.67182670 96.78268369 269.06203828 157.11227471 95.52528998 193.14159910 247.04480920 141.10352549 277.30606672 161.19254648 139.00975474 171.54462956 173.57692468 255.28131853 198.87625301 175.89097969 200.28225952 278.25962488 245.60172332 125.20556885 168.29335527 109.88206414 145.58404184 181.31774896 175.23507349 
201.49881673 129.70661553 99.46586610 288.58114175 194.24994656 253.84542084 89.67786289 207.71651806 135.02179829 95.52528998 161.55748796 206.26194013 128.64174430 252.82601321 133.23363531 139.00975474 161.37458665 124.45017790 130.92727333 198.87625301 175.89097969 166.97485962 278.25962488 196.52584459 117.14429805 144.55027871 107.75238533 145.58404184 107.46212750 164.36883268 
86.15020714 72.27962189 85.09292235 135.12314744 102.82240224 170.81269448 83.75496915 176.48852170 75.60220800 90.98987161 108.31504555 93.14502967 98.80807771 76.84942748 66.53372118 118.81555422 91.26033969 76.37340079 82.18330355 185.24594153 114.97299580 97.94943981 107.38592156 118.84628588 96.15190176 109.92845521 79.34590291 104.65817813 88.57740493 109.76747648 
55.38749499 60.54109040 62.37264312 112.52818672 85.33217833 113.75217564 76.20908800 86.95274187 60.23910970 59.68216517 85.81457772 66.71512991 64.96113432 55.29275761 52.68451497 100.85292502 71.43034924 59.29669194 73.60480109 94.37330228 75.94408653 87.84451988 70.30640709 87.86225257 77.41931452 93.62790396 63.82799486 63.06672615 65.90461073 66.84250781 
52.34971852 57.96469445 60.16515715 80.54396470 61.15433377 105.95737469 64.66313105 66.63072991 52.08765399 51.96821582 82.71076416 55.97987063 58.87950785 51.09308787 50.41897763 89.10670501 66.01688233 53.15755843 70.62341031 69.26344748 58.83921556 85.63663713 67.37054612 58.79815592 65.81365634 83.48006807 53.30891679 59.38283093 59.75771629 57.01855482 
51.47940819 56.90782343 59.35836016 66.46486548 53.21155126 101.50953080 51.56211375 51.70004450 50.50559345 49.70025820 70.65031736 51.10009825 48.89379695 48.96658322 49.37684498 83.98433969 64.38351220 51.76879572 67.45957022 50.92579139 49.63545488 84.72283491 61.46236262 49.88774480 52.46446065 74.58592310 48.85751693 57.02450300 52.99653257 54.13415054 
51.07072096 55.41810662 59.17086481 65.25498796 52.93099963 84.08938651 49.59537348 49.06669431 49.72976985 48.87987995 60.58969822 49.51600134 48.51475306 48.30705396 49.05895568 83.57510967 64.37442005 50.33287890 53.64153520 49.75964732 48.52544611 84.66792302 60.03608702 48.80617723 51.09606860 72.89314840 48.38491661 49.97449602 49.74359615 53.61661227 
50.42605355 54.45126237 59.17083444 50.51412179 52.51981738 78.02109651 49.14530026 48.20149202 49.67650374 48.81610394 56.13404753 48.81207893 48.21631759 48.05072603 48.33886407 83.57094945 64.37439804 49.68962957 48.51226132 48.37084209 48.10174663 84.66791242 58.68755056 48.61670142 50.64748666 71.15111775 48.21473854 48.29974729 48.41862894 53.28876502 
50.04688016 54.16485147 50.58358358 50.47396077 52.20323630 77.91239393 48.89906455 48.19701186 49.67650193 48.52662726 56.08708085 48.73029964 48.04950675 48.04916426 48.07448062 58.60059366 60.14134438 49.65494795 48.20777807 48.06317411 47.99241881 77.07071568 57.98437836 48.61618548 50.64734645 70.73806235 48.21473355 48.29934460 48.05208217 53.10913461 
50.04586772 48.40970362 49.76177058 48.48520139 48.48029659 48.31797985 48.89906040 48.17596910 48.23625679 48.01699154 48.42801132 48.14047333 48.04950672 48.00201797 48.07447001 48.38938125 60.12338896 48.29028405 48.19119979 48.03278821 47.99240129 50.51580669 48.72882131 48.58291907 49.16036763 49.22513237 48.17143957 48.26972799 48.04441673 51.78433225 
48.10258846 48.34196396 49.14273685 48.07764692 48.03385602 48.09364278 48.28930260 48.17596559 48.10634826 48.00982082 48.42554567 48.09707028 48.02562684 48.00033791 48.04950672 48.02535638 49.76603322 48.27510367 48.18816953 47.99022171 47.98801905 50.03604395 48.19817200 48.46683618 48.05649684 48.28943834 48.00229143 48.15201067 47.99694106 48.97922821 
47.99537417 47.99399527 48.19955968 48.05223008 47.99578368 48.01440576 48.22813878 48.15491404 48.05060894 47.99098455 48.04235843 47.99459979 47.99237459 47.99578368 48.04215115 47.99559338 49.27814893 48.01218124 48.07703230 47.98801904 47.98801904 49.32251642 47.99016416 48.11243943 48.01327111 48.05223210 47.99591087 48.10364749 47.99694106 48.17082389 
47.98883297 47.99396803 48.11944731 48.04391499 47.99396803 47.99022171 48.07703230 48.05715690 48.04950672 47.98883297 47.99578368 47.98883361 47.98808178 47.99578368 48.00913572 47.99558551 48.45440492 47.99388623 48.07703230 47.98801904 47.98801904 48.93003453 47.98801904 48.04235843 47.99591075 47.98801905 47.98801905 48.10364749 47.99591075 48.15752819 
47.98801904 47.99387224 47.99387224 47.99683349 47.98801905 47.98883297 47.99616870 48.05715690 47.99558551 47.98801904 47.99396803 47.98883297 47.98801904 47.99178350 47.98801904 47.99558551 48.00112953 47.99387224 47.98801904 47.98801904 47.98801904 47.99396803 47.98801904 47.99578368 47.99022197 0.04794864 47.98801904 47.99578454 47.98801904 48.04235843 
47.98801904 47.99387224 47.98801904 47.98801904 47.98801904 47.98801904 47.98801904 48.05715690 47.98801904 47.98801904 47.98801904 47.98801904 47.98801904 47.98801904 47.98801904 47.98801904 47.98801904 47.98801904 47.98801904 47.98801904 47.98801904 47.98801904 47.98801904 47.98801904 47.98801904 0.04605733 47.98801904 47.98801904 47.98801904 47.98801904 
