2504.72322087 2408.41667124 1957.20405105 1949.25286568 2659.55908566 2022.87544317 2338.46525770 2402.47761052 2607.20401818 2458.84954964 2320.62641657 2181.23980058 2245.31901915 2295.02538647 1848.71499530 2560.97395954 1998.77033924 2292.32970780 2452.82831273 2521.68544900 2262.74862610 2187.07959137 2297.70685772 2174.23111768 2175.23166478 2229.95432704 2005.13721176 1793.99861180 2360.05659534 2523.77117138 
2326.70661254 2408.41667124 1957.20405105 1949.25286568 1675.39956590 2022.87544317 2338.46525770 2237.62924589 1517.36006802 2105.62300632 2085.26133790 2181.23980058 2022.86331059 2295.02538647 1848.71499530 2560.97395954 1998.77033924 2173.70801128 2287.18679646 2079.80482556 2262.74862610 2187.07959137 2297.70685772 2174.23111768 1794.13842982 1971.25788224 2005.13721176 1793.99861180 2005.56156827 2523.77117138 
2192.94900833 1805.96132214 1957.20405105 1949.25286568 1675.39956590 2022.87544317 1811.52502376 2111.94683754 1517.36006802 2105.62300632 2085.26133790 1954.91065810 2022.86331059 2295.02538647 1848.71499530 2395.42456147 1998.77033924 2173.70801128 2287.18679646 2018.20157400 2137.79086135 1439.21398015 2297.70685772 2174.23111768 1794.13842982 1971.25788224 1938.26521355 1793.99861180 2005.56156827 2398.10502248 
1781.02910488 1805.96132214 1957.20405105 1949.25286568 1675.39956590 1687.50758803 1701.62990009 2111.94683754 1517.36006802 2105.62300632 2085.26133790 1772.68831552 1954.15624359 2113.05456744 1848.71499530 2179.43536941 1998.77033924 2154.31766443 2170.81848575 1827.34299787 2137.79086135 1439.21398015 2249.08268582 2174.23111768 1794.13842982 1971.25788224 1606.60589020 1793.99861180 2005.56156827 2347.35159226 
1279.69839010 1805.96132214 1373.96086053 1892.40243522 1675.39956590 1650.29046624 1104.14842574 1965.19087871 1517.36006802 1822.62577439 2050.09512588 1484.67392527 1182.70355443 1334.48982321 1848.71499530 2179.43536941 1651.79615201 1622.53568802 1938.90324022 1620.41593058 2133.04522154 1439.21398015 1285.75178477 2075.02462477 1794.13842982 1861.55670562 1567.98635806 1793.99861180 1951.79307391 2217.68970676 
1267.37549362 1805.96132214 1195.17387557 1522.08781210 1675.39956590 1650.29046624 959.48685564 1864.69530525 1517.36006802 1661.96811783 1605.73157008 1484.67392527 1182.70355443 1334.48982321 1848.71499530 1725.29153523 1616.88300964 1534.64028812 1605.71562606 1143.79690422 1850.68652711 1439.21398015 1285.75178477 2013.77549487 1745.83162155 1774.58184579 1567.98635806 1793.99861180 1424.16340997 1726.28702301 
1267.37549362 1747.41653575 1195.17387557 1522.08781210 1202.47462277 1277.42280327 959.48685564 1140.36923609 1491.05137545 1537.38162663 1605.73157008 1380.90543021 1182.70355443 1163.53722802 1798.41160175 1695.74149725 1616.88300964 1378.33913646 1605.71562606 1143.79690422 1002.17563669 1271.11417255 1272.61841722 1708.47154562 978.67269699 1559.19469774 1567.98635806 1653.73845644 1424.16340997 1109.82029930 
1267.37549362 1182.59783629 865.53587199 869.29274771 1047.59587684 1025.74877494 959.48685564 888.48068724 1423.51898870 848.17960288 1572.70107199 1220.58172534 1182.70355443 1113.52743772 1285.25074220 1669.42799856 1221.13361761 594.14086124 1366.06889538 1143.79690422 610.89863840 1089.92903102 1254.09124984 1206.77101325 477.38313865 1559.19469774 1483.50306141 1366.69071240 1037.22871266 1109.82029930 
931.57597560 1182.59783629 801.90486567 727.31609041 685.01871858 899.26258870 959.48685564 393.64391557 1259.28816251 345.20284675 1247.35052032 1220.58172534 702.28787749 902.00178161 1285.25074220 723.19836168 814.50403100 591.44736250 532.82836899 893.37913659 476.68310947 1045.79547143 1102.28542843 1065.49893400 454.78446764 1460.31983124 1438.39939475 1000.54715227 1037.22871266 917.69241513 
687.17169442 562.57994788 307.33934572 675.59269243 548.84905319 749.76246248 520.82676352 230.12701937 1148.11095370 21.87846389 820.83626373 941.06937258 402.45174775 783.57119338 1243.68188788 715.93800112 728.53595977 534.64378941 364.06371989 617.75026498 476.68310947 274.38083794 1063.66960310 817.14352475 454.78444453 971.36638551 774.08925579 873.99255348 853.06908961 762.58633626 
621.22767523 156.56151618 220.19400509 606.97943643 252.31897809 667.84593372 428.56842016 15.64381718 989.45869511 7.01735188 524.65135118 769.02066232 402.45174775 673.98897718 882.80828512 428.92101038 420.13955614 399.87902378 270.19218419 369.90659526 272.93661683 193.41945022 753.00116724 538.86432733 423.89168160 847.88443207 670.76059345 817.21238548 570.32684789 599.96334950 
539.05189182 145.26252790 39.03865987 275.57477217 192.59178777 479.85494073 428.56842016 3.72723289 433.27364635 7.01728470 186.09872894 382.96361359 328.20486135 280.73606195 397.98914672 348.10648035 269.07544517 165.97657535 107.00667221 176.26333618 154.16572268 97.51122252 541.39475110 433.26613552 302.50309763 337.05681283 446.71927242 647.21342269 569.91788614 467.80889669 
332.39863960 145.26252790 13.41948410 83.78104969 109.22312283 175.53442150 411.43031461 3.72723289 215.27758997 7.01728470 22.06447363 303.13671440 326.46933144 94.78979748 376.13654278 334.11268266 141.95619621 105.44622152 45.34423438 5.72224042 15.30694134 66.54326130 323.56658345 298.04088981 61.08153556 314.42703154 275.27511956 338.13446743 547.14604602 223.40817914 
291.92973729 76.74521345 3.53986957 50.97929244 71.70302603 67.08946512 214.39869616 3.72723289 21.94949836 7.01728470 6.89237582 156.14736570 61.68179329 9.03848774 344.64100396 273.46953803 78.88766213 53.30114022 38.37933383 3.92694098 15.30694031 13.58709334 70.67335436 145.65081874 6.17207925 200.27130943 165.82665974 64.96485345 369.74459826 78.26033573 
251.85991195 37.55409062 3.53986957 26.34227691 21.95135999 48.33829915 105.10748070 3.72723289 21.94949836 7.01728470 6.89237582 15.44648786 19.16467102 3.47741513 128.52193759 66.86798106 16.37732267 25.97797677 3.53986957 3.53986957 1.61469185 10.30733650 17.63013344 122.08179035 3.66477845 130.14442314 122.03652114 11.89254448 137.00846142 43.52595246 
65.93621203 15.18203143 0.24981777 3.54598899 21.94949836 19.13874155 26.82419328 0.37472665 10.24488206 7.01728470 6.89237582 3.60232401 11.54198799 3.47741513 27.10714061 16.11313154 3.60232401 18.65944655 3.53986957 3.53986957 0.31227221 10.30733650 7.01728470 53.51558643 0.31227221 44.05464781 21.52178084 10.24488206 50.38316175 18.91209705 
