29346.25968827 122428.14183423 21848.10011238 11943.35519311 2473.84011729 76607.09137376 75580.46307495 28006.17193153 168319.56231086 13058.80524763 48060.14515142 66183.27095784 6295.64291660 33958.91512844 73051.59051057 6046.38222740 10461.64605418 1384.76046876 11442.00634592 2624.74431342 71339.79249789 40154.21070542 250639.77967068 5652.61709884 55959.85213476 68259.42441213 55466.31023674 70780.14123221 8192.02315199 18255.78851016 
2951.39547507 1677.76305516 780.15366302 3498.93493042 1031.19507234 1790.39182345 9328.78775911 210.91330724 10809.69638822 31.77958605 2264.07908672 111.31863012 687.55046086 6378.13479232 1089.94781661 207.27352021 1498.58686944 976.69232007 9597.43108122 1709.22910383 1043.73517643 1529.83929098 739.22310033 3165.90746443 5177.08792824 6511.37990926 433.07121060 286.00173889 5606.90281619 417.82765912 
831.21470023 1677.76305516 466.62568833 3498.93493042 1031.19507234 271.86704695 707.77697414 133.60362342 1162.37350669 19.25082372 364.95773172 111.31863012 587.81430796 6378.13479232 866.31276876 92.95556100 1073.94486812 392.68901113 2607.92446325 1709.22910383 217.35720280 1529.83929098 652.04277899 1171.63328680 2532.66206481 1437.30753004 37.98584323 20.21771820 5606.90281619 417.82765912 
111.74122502 46.07612677 13.28404575 220.71205463 180.06726187 26.82248727 64.82158508 10.83873176 220.99742909 10.10085434 15.58155660 8.96056103 15.80182576 60.27868352 79.43437143 8.28875291 22.52674091 116.69229106 25.05524838 30.83362668 15.04098485 24.39344513 32.91083213 69.80418729 786.42374684 59.25644826 17.69599411 8.24427046 17.41499047 143.78236207 
8.50879811 6.19763449 4.16181130 24.60713639 11.34410006 6.70719353 7.11257935 6.86844384 8.79647622 5.48857315 8.76758325 6.08504708 5.56258670 8.33203065 4.95927741 7.26683758 7.27867263 30.32972160 6.05693586 7.88917369 5.91673471 7.42091689 7.94031786 8.20804537 14.18061288 10.51666428 6.39275845 5.48623809 7.14157929 40.18204629 
5.40666117 5.11107344 4.16181130 6.94341904 7.88520059 5.72313750 7.11257935 6.50904408 5.35796721 4.69590160 5.70905949 5.07707248 2.99262363 5.88590287 4.95927741 6.18119281 5.39279401 26.02259475 4.50304736 6.02949424 3.80573845 4.47557315 4.53566274 5.92461299 7.37477334 8.54411239 4.93488951 5.10080329 6.38096610 39.74177277 
5.32064434 4.60393096 2.56985341 2.62864210 6.41310712 4.45992051 5.97483845 4.76974376 4.83430961 3.74997357 5.70905949 4.22762834 2.99262363 4.44779196 4.94995535 4.18585333 2.96452934 20.21937945 4.00186412 6.02949424 3.80573845 4.47557315 4.53566274 4.04552363 5.28954766 7.09846487 3.91404542 4.17156315 5.55399298 8.84201590 
4.17865859 3.08924209 2.08574109 2.42367022 5.48060784 3.94452476 4.21952204 3.99715156 3.58062525 3.74997357 5.10447116 3.86623714 2.99262363 3.45883457 3.37450917 4.18585333 2.64925495 15.01477360 2.71902643 5.30306121 3.33067259 4.07948407 2.99900551 2.35202896 1.61578727 6.23206264 2.34086616 2.78769715 5.51640523 2.69818584 
3.56258114 3.08924209 2.08574109 1.52222974 4.70215759 2.38534947 3.07308596 3.99715156 2.69537988 2.42279665 5.10447116 3.86623714 2.05347071 2.46739854 2.10643267 2.59346290 2.64925495 6.37897004 2.46935288 4.00145470 3.28463891 2.80396642 2.99900551 2.35202896 1.61578727 5.67915324 2.27609152 2.54073130 4.31827917 2.52049549 
2.74287011 2.74528668 1.70716920 1.52222974 3.90895869 2.05687955 2.53747370 3.99715156 2.37673137 2.08208642 3.58613365 3.80345221 2.05259446 2.39101268 2.01748022 2.59346290 2.64925495 4.99644340 2.14282948 3.14703787 2.31438794 1.46288242 2.99900551 1.74924954 1.61578727 5.63585762 1.71600989 1.28372096 3.45896657 1.78384360 
2.32641910 2.53429461 1.39768775 1.52222974 3.30916017 1.55510790 1.78520865 1.29397815 2.24393227 1.80458886 3.21438452 3.10715416 1.61191425 1.62630395 2.01748022 2.15382625 2.44294658 4.00868607 1.95797711 2.64450620 1.82650520 1.26567148 2.91542809 1.58987986 1.61578727 4.81226610 1.53986464 0.96136407 2.87719611 1.52516523 
1.80595836 1.58027613 0.74255519 1.31247788 2.24744650 1.13474718 1.41926111 0.82091617 1.84790152 1.49222091 2.48214379 2.61593445 1.46186960 1.62411091 1.97599833 2.05624943 2.44294658 3.63069160 1.63508293 2.45056640 1.04330237 1.22884422 2.25480458 1.57672267 1.49230914 4.69872741 1.32733137 0.90442767 2.53946439 0.91390714 
1.50453210 1.04439051 0.37421903 1.09941160 1.91142632 1.01067234 1.23472988 0.77205361 1.11759856 1.32932869 2.27937550 1.51681379 1.26940580 1.25983488 1.71770676 1.66978810 1.97695724 3.50213663 1.38549639 2.43152180 0.98111952 1.13829715 2.14585435 1.52628188 1.31146408 4.69329407 1.22401966 0.90441608 2.17269695 0.85330618 
1.01599418 0.93835469 0.37275369 0.95634295 1.64348465 0.95243109 0.97115715 0.75972968 0.84240686 0.92299125 1.52080865 1.16947718 0.99417637 1.18178040 1.52556603 1.38672823 1.60997663 3.39604194 1.29194100 0.98533355 0.57558272 0.85268560 1.49033034 1.45504854 1.29694135 1.55137490 1.16303014 0.90441608 1.77239239 0.78073749 
1.00241535 0.91957322 0.36559451 0.91010299 0.66536733 0.94282101 0.94150318 0.75924302 0.74311694 0.91014123 1.27230052 1.14929661 0.85418153 0.66975105 0.97497795 1.10644031 1.36321774 1.32114889 1.17136119 0.55788257 0.56052438 0.67671539 1.39360239 1.42991081 0.75727507 1.54449615 1.14268238 0.80822052 1.34226548 0.76593392 
0.94376195 0.91948302 0.36317427 0.71751273 0.50270365 0.79679517 0.55862361 0.75915202 0.70027860 0.88750020 0.72840858 0.97583251 0.84906558 0.65223054 0.88852052 0.57176974 1.29875856 1.16281965 1.15811460 0.55776500 0.56049337 0.54915939 1.18483142 1.39535988 0.71942986 1.53932525 0.73488811 0.62841289 1.10740872 0.76041869 
