639.19693716 1433.42278104 2064.99815309 1293.19277098 615.55007276 1037.29958370 613.58806299 1342.55951106 1391.86734798 1129.49081978 1524.42835925 1086.58322165 1819.51615845 769.25614396 832.82874812 993.30625970 1164.51494692 865.02024152 1466.50347795 1433.12483661 1389.44875622 1674.75326994 1294.59099279 1223.26821648 1954.47928516 1357.70441982 1376.58746883 1616.17025838 875.21902083 1612.55582166 
639.19693716 1039.77073366 962.29252269 645.47009050 615.55007276 700.05485431 613.58806299 686.12227352 754.62666022 551.28777191 697.70859728 542.12330106 588.79384401 645.53757152 594.81271503 255.27100741 762.30774743 274.06625894 932.78832639 391.39179186 531.11580791 315.88675314 283.66323382 602.46004188 374.91023637 1233.01623090 1298.58572041 389.36551931 788.85405781 1469.77156770 
388.56310118 468.67932240 547.99446695 405.19163188 567.74900128 555.71101429 465.12719932 622.06058903 582.92402617 551.28777191 697.70859728 421.90857363 439.21737671 616.79728767 594.81271503 219.17556513 631.24768808 274.06625894 686.12988610 267.21043600 531.11580791 308.71252962 226.55589725 602.46004188 305.09633921 921.72874936 1291.69191372 309.34205599 788.85405781 1469.77156770 
246.80635576 304.90087199 238.06218191 211.19059689 268.58467999 252.62773239 153.35945856 329.44522266 347.80117432 206.79132368 440.15658191 144.38310652 174.92951434 182.01771246 364.60108355 154.17292729 297.15222953 170.60437077 142.06337088 215.54837208 269.45706368 139.51356098 145.24330867 411.58186608 201.46326760 267.79316399 340.80204433 162.04375599 254.97232112 603.81660373 
124.80380355 130.95029634 113.95593450 120.82201598 147.13648981 123.34678180 119.38953645 140.79388729 170.94699926 118.67020173 143.72068341 112.49844170 115.76149043 119.05617791 151.30351074 115.36719762 147.95700922 144.95798551 114.76196890 114.83174765 123.33893828 112.71941037 119.61562181 132.71297622 157.67739278 118.98900110 117.10923390 118.82927943 136.75961341 181.60465410 
109.27440316 111.78114443 108.92309734 110.05328883 109.63877684 116.51908097 110.27589439 112.06291747 142.08013281 110.67594856 117.11779444 108.66907788 107.29958993 111.24165734 116.20121288 108.72161234 114.25707637 133.94706476 109.62535289 107.17090367 111.28816210 109.43245007 111.52309391 111.25843346 131.92457623 109.07387104 110.77275675 111.83067676 111.03284759 113.11817529 
103.40611031 106.25883874 103.10115641 102.46211605 56.99562027 111.75050414 104.04580252 106.20488294 116.17770430 107.74517180 110.47019378 102.80752662 106.22219004 102.24384717 104.72143271 102.66104328 103.74230504 109.07475903 105.74764459 103.18488144 105.27943258 102.06310247 106.63207198 106.47200740 110.78602015 103.15939557 103.99505666 104.71188025 105.96093829 107.03813700 
100.46362490 102.11163283 100.02006958 100.45872593 15.74869198 109.93724187 101.74710653 101.31106839 102.22919995 104.69081722 104.00159312 100.36280621 102.93576842 101.09148811 100.89387905 101.15930872 101.16477925 101.90314766 100.70155781 102.15206985 100.41605470 100.11902846 102.55509600 102.85926737 100.94799854 100.31361144 100.89799445 101.76674902 100.66390056 101.11088839 
100.46223905 100.78836742 100.00000114 100.30283189 15.64500019 109.52112903 100.90583968 100.24567727 100.29662013 104.17361947 101.07431086 100.34899041 101.25244959 101.08868192 100.86836895 101.11138269 101.16307738 100.02000238 100.69590387 100.00952951 100.40810290 100.00007861 101.95850837 100.78238462 100.82541897 100.30283374 100.00568300 100.96395945 100.35056832 100.41029080 
100.46216970 100.78306236 100.00000000 100.30283032 15.64499836 105.55793904 100.90582546 100.00000037 100.29573213 104.10456120 100.45733620 100.34898985 100.00038565 101.08868191 100.86726846 101.11138252 101.16307290 100.00000019 100.58183970 100.00000013 100.40810149 100.00000001 101.11856949 100.30283032 100.82541171 100.30283032 100.00000002 100.93897080 100.35056816 100.40810149 
100.46215532 100.78306236 100.00000000 100.30283032 15.64499836 100.92046704 100.46266426 100.00000000 100.29573213 100.30283032 100.01178470 100.00000532 100.00000009 100.46215532 100.86726846 100.00328519 100.32655735 100.00000000 100.52544378 100.00000000 100.29681737 100.00000000 101.10736592 100.30283032 100.56606270 100.00001863 100.00000000 100.30261793 100.16929215 100.40810149 
100.25678616 100.00000000 15.90669575 100.29573213 12.08993779 100.42028396 100.46265514 100.00000000 100.00033815 100.30283032 100.00000000 100.00000000 100.00000000 100.46215532 100.30250566 100.00005711 43.42464138 12.22524458 37.85021766 100.00000000 100.29573213 48.12354254 100.60326972 100.29573213 100.56606270 100.00000000 100.00000000 100.30250566 100.00000000 24.25430104 
100.00000000 40.49099910 13.36860939 100.00000000 0.00000000 100.21602487 71.21723228 100.00000000 100.00000000 100.00005744 100.00000000 26.00619233 100.00000000 100.00000000 100.00000066 100.00000000 12.08990401 11.40674253 22.70283182 98.87385462 100.00000000 0.84975036 21.87126514 26.65429329 70.71605208 27.70848481 100.00000000 100.30250566 100.00000000 12.08990401 
0.00000000 16.35881157 0.00000000 54.31280770 0.00000000 0.00000002 1.24979868 45.47982829 10.70009323 33.66384171 19.03685430 0.00000000 15.49396391 20.10028619 0.00000001 19.38369980 0.00000000 0.00000000 11.40692430 0.00000000 12.08990401 0.00000000 12.08990401 0.00000000 10.70009323 0.00000000 0.63724747 10.70010900 23.64997341 0.00000000 
0.00000000 0.00000000 0.00000000 0.00000000 0.00000000 0.00000000 0.00000000 0.00023194 0.00000000 10.70009323 0.00000000 0.00000000 12.73051227 0.00000000 0.00000000 0.00000000 0.00000000 0.00000000 0.00000000 0.00000000 0.00000000 0.00000000 0.00000000 0.00000000 0.00000000 0.00000000 0.00000000 0.00000000 11.40674253 0.00000000 
0.00000000 0.00000000 0.00000000 0.00000000 0.00000000 0.00000000 0.00000000 0.00000000 0.00000000 0.00000000 0.00000000 0.00000000 0.00000000 0.00000000 0.00000000 0.00000000 0.00000000 0.00000000 0.00000000 0.00000000 0.00000000 0.00000000 0.00000000 0.00000000 0.00000000 0.00000000 0.00000000 0.00000000 0.00000000 0.00000000 
