1540.44666399 1440.52844038 1552.12805220 1211.61849209 1380.90467861 1211.34681938 1186.68753383 1211.92134161 1361.29370178 1447.04175419 1278.58338406 1385.03509397 1287.39865062 1237.87983968 1483.59287787 1385.48492453 1324.17120704 1229.15374749 1556.19947883 1485.37081378 1070.43973478 1444.82107093 1440.19294583 1160.07413616 1388.33395208 1483.84088697 1447.12164613 1409.31563452 1316.33454619 1522.34654767 
810.52088299 1196.61174203 919.80696420 1211.61849209 1140.31921224 1027.30678711 939.58916340 1211.92134161 1290.02613599 983.78502630 961.50965644 826.55255796 828.76625473 1177.68243409 610.41145537 836.50211668 881.78336837 1229.15374749 1123.53803593 1108.63644524 1052.22965753 1114.80066160 1124.26392942 1106.46074983 1110.90658899 825.88585745 817.15362381 899.22172492 1028.22599045 1034.80424186 
700.10837146 957.50882323 614.08117425 657.59090596 555.43454386 662.19010494 459.32645714 905.72656580 651.12113875 884.80270838 760.39566107 574.25886300 437.31849387 915.42686070 497.29519748 576.74131062 706.07337711 376.34598925 829.91590522 683.80082965 917.44909509 699.77876987 651.79982563 545.56668371 777.03981665 639.88105984 582.56265189 749.43289299 611.53969160 567.16837033 
365.03787185 466.70689233 250.75153643 422.12186923 315.21150970 382.03433530 337.37143632 519.57404535 464.16299810 399.25457633 438.95889267 364.34323288 288.21642572 413.48620737 460.35727436 392.36588341 297.06359348 316.37990686 454.35512529 375.96530470 474.40863385 407.72018999 376.95436394 440.46949083 419.34911762 398.25384888 442.29493176 513.46930717 351.87972649 431.82255109 
205.80819666 233.34033212 190.41885189 276.96064459 137.07372605 179.33659351 206.40647614 309.88829869 234.40336774 251.45264292 281.08927395 244.63561687 177.78688899 237.02258600 329.45368809 266.44694950 198.97311897 207.73815621 188.99913659 238.79606669 284.33740276 241.13020698 246.84426359 287.29744313 192.99907546 267.98313081 329.63509978 369.74490097 197.43003106 291.84319589 
150.86314944 161.05728895 98.31353368 181.54786665 106.81680075 88.16681634 152.53450294 172.00563309 127.92455325 175.14394529 147.53217368 167.90659551 115.32973590 121.81764760 207.40977441 206.34824197 120.24570806 103.22826714 110.12150072 139.68149019 179.56447017 133.85944594 173.32999406 184.42834281 112.76162038 179.16648848 281.13423796 188.70686585 101.51999164 144.88524854 
91.39379032 104.21016295 35.18218794 107.53948068 64.05811832 53.91455607 112.14041429 114.13462353 90.94933283 103.54368425 91.23001555 132.08910602 69.28618724 73.92950562 139.14757796 146.46961446 75.21462150 62.61864493 68.68210620 85.76022443 78.86988674 79.29693900 138.84936179 151.86930039 64.19279353 144.35632731 83.72295750 142.58437518 67.36181352 94.51096375 
59.92033359 61.03124840 24.21937805 79.85468170 26.12484020 17.07744301 92.00267715 89.36129096 62.94434551 77.79571167 55.68722735 86.74931873 53.29361659 36.16042299 89.78237853 124.06366764 37.51230476 34.81312330 43.74862143 47.08573971 35.34474608 51.58240148 117.19665892 109.97404752 43.07233054 104.53510911 52.53679008 106.81750328 39.62986777 75.41043935 
48.90931708 41.77850269 14.92645463 49.06033259 22.90092762 3.14424547 81.58565065 77.62195213 53.20841524 59.07228632 32.84128811 71.73241856 44.85426454 26.86391925 52.60707443 108.53748633 33.46657850 16.98299410 28.81562730 43.92395456 18.91680636 23.30188604 108.53075454 93.40872717 38.09844140 87.11790483 39.94105696 84.27545374 29.84882010 74.62265720 
48.90918900 41.76612855 14.92437075 22.93449630 22.88399777 2.99113758 66.78535781 77.62055641 53.20831887 54.46937215 32.83339035 71.18102700 44.85418000 14.00286108 42.73161401 108.52610089 33.44721480 6.96470837 28.81399899 43.92394801 18.90412097 23.25053984 108.52636232 93.39829513 31.59543527 77.28615572 35.78220272 81.62144804 16.24417685 65.97976373 
23.25053984 40.15755222 9.94958050 20.20551428 4.97482000 1.42012457 3.97983623 27.90669660 27.26959504 45.52508188 25.86868510 26.04135817 29.74424412 4.97479529 30.99056524 25.09302147 29.42817113 4.97479026 24.18184995 21.39005511 1.98991819 20.16172755 60.33391309 25.40910481 21.70796254 34.85918310 23.55652287 20.77588997 2.32130492 16.91422087 
20.16172755 22.02221778 4.97479027 20.16172755 3.09637513 0.99495906 0.00031610 23.10717327 22.02221778 20.16172755 1.07710817 25.11102787 25.11102787 1.98991811 20.78044473 21.09197267 21.09197267 0.99495906 20.77588858 21.39004961 0.99495906 20.16172755 20.18489224 21.39028877 21.09197267 20.16180270 21.70613369 20.77588858 0.00000439 3.97983190 
20.16172755 20.16172755 0.00000000 20.16172755 0.00000000 0.00000000 0.00000000 20.16172755 20.16172755 20.16172755 0.99495906 20.16172755 20.16172755 0.00000000 20.16172755 20.16172755 20.16172755 0.00000000 20.16172755 20.16172755 0.00000000 20.16172755 20.16172755 20.16172755 20.16172755 20.16172755 20.16172755 20.16172755 0.00000000 0.00000000 
20.16172755 20.16172755 0.00000000 20.16172755 0.00000000 0.00000000 0.00000000 20.16172755 20.16172755 20.16172755 0.00000000 20.16172755 20.16172755 0.00000000 20.16172755 20.16172755 20.16172755 0.00000000 20.16172755 20.16172755 0.00000000 20.16172755 20.16172755 20.16172755 20.16172755 20.16172755 20.16172755 20.16172755 0.00000000 0.00000000 
20.16172755 20.16172755 0.00000000 20.16172755 0.00000000 0.00000000 0.00000000 20.16172755 20.16172755 20.16172755 0.00000000 20.16172755 20.16172755 0.00000000 20.16172755 20.16172755 20.16172755 0.00000000 20.16172755 20.16172755 0.00000000 20.16172755 20.16172755 20.16172755 0.00000172 20.16172755 20.16172755 20.16172755 0.00000000 0.00000000 
20.16172755 20.16172755 0.00000000 20.16172755 0.00000000 0.00000000 0.00000000 20.16172755 20.16172755 20.16172755 0.00000000 20.16172755 20.16172755 0.00000000 20.16172755 20.16172755 20.16172755 0.00000000 20.16172755 20.16172755 0.00000000 20.16172755 20.16172755 20.16172755 0.00000000 20.16172755 20.16172755 20.16172755 0.00000000 0.00000000 
