6936.40945993 375.87032813 103016.41096940 26085.65711100 7609.49930909 108473.18203554 7669.62121936 3019.92728261 11610.88102693 12995.52646841 38932.97332985 55166.55364158 74037.82559017 51515.90856483 47546.81589275 23859.83931817 2165.61497490 77690.96089872 17630.54148469 64602.85650100 168148.58142497 37865.44635501 19534.11970503 33560.73610948 32599.55779907 46300.77676586 32154.54714104 1942.54899035 66093.39567658 14392.35376210 
209.60897437 375.87032813 611.23456879 26085.65711100 6433.34623243 12682.95641328 5518.53605818 3019.92728261 6204.90734806 9520.42119475 341.31073562 55166.55364158 694.41073561 3099.86701071 47546.81589275 8665.11950045 2165.61497490 2181.13796479 450.13499318 1708.56678952 924.24286256 1685.42717092 5156.43485093 8386.55629313 3719.32724147 656.94448129 2767.73669329 1942.54899035 4924.42845058 14392.35376210 
173.12886501 141.01102602 611.23456879 8936.39935654 2504.70687860 1052.51237335 3964.74040829 3019.92728261 5141.78691575 7338.59023685 304.17203765 7520.40829335 256.20830636 3099.86701071 3038.45531673 7333.94553655 495.33691419 2181.13796479 444.29382637 1013.25894577 924.24286256 1075.39273372 3582.06243897 5940.65357830 1942.14651383 656.94448129 683.06278769 508.90996532 2807.70390592 11094.41067482 
9.97535537 17.36746456 148.47069614 526.30500711 377.84784364 28.82617127 241.19236769 12.16640430 1237.98466566 606.64282028 32.70624631 627.45870913 32.33420725 103.60983791 57.07731841 3790.21296470 314.67348289 423.77328304 18.02327460 54.02809600 163.70954624 480.60436943 20.04994490 2913.31696412 40.36672039 25.55365932 17.68001806 26.51122983 148.28305463 960.07676574 
4.84065357 4.40196506 6.45542631 17.01015494 5.06681785 6.70614125 9.25703958 3.93289609 71.51201451 21.24715245 7.58498560 46.17967342 5.43255993 7.82297021 24.32864859 1240.22170205 189.39325045 236.99744070 6.73976391 11.97469670 9.86757423 207.19011028 4.42255193 1128.93630076 7.29587128 7.11665667 6.68972563 15.51136962 4.94691155 56.68213465 
3.76008980 3.11241106 3.28862242 9.17245205 4.87455128 3.73348790 7.67009247 3.05241499 8.71822157 6.97460591 5.15958023 31.14218504 3.22563571 4.24214547 19.14918155 86.35341557 180.60792333 125.77543328 5.44125484 7.48600928 5.94256789 172.21015533 3.11651462 316.49026064 5.47575620 1.85231296 4.11748280 7.87034623 4.18759053 11.82858196 
1.34848134 2.43823169 2.73443848 7.39109231 2.68654444 1.74723596 7.52337479 3.01640710 7.23564475 4.07315881 4.65781945 25.36416615 3.08768728 3.72469126 14.64210208 5.93234983 35.29728269 81.03676554 3.57371966 7.26290211 3.07238690 157.20806583 2.97708735 219.25566863 3.74928752 1.85231296 2.50271707 3.03444445 2.78692381 7.03120150 
1.34848134 1.31681298 1.58690071 6.61951817 1.72266670 1.45210690 5.09222618 1.51113292 5.76238809 2.56722598 3.72872574 23.77853595 2.53431771 2.45697715 10.73225570 3.52187710 8.06850028 10.31538597 2.00467771 5.42058472 2.83857533 16.41772380 1.32584040 64.35380131 3.74928752 1.85231296 1.63721218 2.21414494 1.89020609 4.45633052 
1.34848134 1.23614749 1.35598327 5.92675196 1.55598481 1.02477550 3.96531354 1.11850718 4.54281163 1.91376096 1.81259035 4.67735199 2.03289708 1.77305825 8.86767751 2.44584884 2.52502583 2.39260063 1.32697454 4.83953850 1.85178472 10.89941741 1.32584040 10.26163414 2.47547841 1.49704730 1.51780557 2.01422707 1.41422323 3.19389956 
0.81270842 1.02725040 0.92167177 5.51372757 1.04768950 0.64307979 2.63609118 1.11850718 3.80279806 1.65720078 1.24814772 2.57686333 1.85101842 1.28734824 2.46590796 2.08806516 1.84289535 1.74654097 1.03593233 4.60331583 1.71694892 8.36868372 1.24571153 8.55659574 1.85457467 1.24192958 1.34393526 1.89575119 0.95379492 2.30457619 
0.67361673 0.71105289 0.92167177 5.28089727 0.98067645 0.43463154 2.24182559 0.83714508 2.01107636 1.47196668 0.87132783 2.10696918 1.42084354 0.98269057 1.23352999 1.98999077 1.07558714 0.99305658 0.97681721 4.42436635 1.33714665 7.96609358 1.20655747 4.12265692 1.19618195 1.14775778 0.85023981 1.84798161 0.86022894 1.56618424 
0.49470762 0.55665934 0.66141765 4.79101185 0.89270864 0.38628707 1.53772739 0.72454396 1.30552954 1.26634104 0.87087083 1.78425690 1.06089356 0.75400665 1.07048359 1.73214123 0.75806954 0.69694036 0.80969044 4.29957536 0.96886225 1.83792507 0.61166275 2.28420552 1.04999008 0.65792869 0.73108958 1.83743431 0.70052927 1.09874602 
0.36893915 0.49983544 0.55438508 1.23303296 0.67181091 0.36784228 1.03447487 0.67675543 0.88157630 1.09730081 0.66833576 1.37566744 0.83104784 0.60639769 1.05382397 1.54325594 0.58156220 0.64029857 0.72846121 0.77196689 0.84731496 0.74549814 0.54197864 1.27474573 0.65405048 0.43975151 0.55177251 1.83666781 0.65940250 0.98028592 
0.29036479 0.41172412 0.42269960 0.29620276 0.43585619 0.34714993 0.85325566 0.53406973 0.70845045 0.56931695 0.45360090 0.70675435 0.61383970 0.41519422 0.84427421 0.63411106 0.40795677 0.48370045 0.56096094 0.77193174 0.76508698 0.41709259 0.44617974 0.88304589 0.57701789 0.31389316 0.47359029 0.92024779 0.43047367 0.85166143 
0.27874608 0.35928114 0.31607023 0.13142190 0.39439821 0.34428303 0.30401492 0.47408257 0.38301554 0.37463921 0.43954286 0.49199764 0.49943894 0.29430088 0.50436347 0.40161821 0.25578542 0.48345944 0.47074575 0.49290579 0.27249810 0.28771934 0.44617974 0.47634973 0.32608084 0.27149086 0.35107099 0.34473804 0.30765939 0.09784629 
0.24822638 0.28593588 0.27284491 0.08914515 0.25657534 0.20503560 0.25627474 0.31037040 0.38042991 0.28260227 0.28732704 0.26591348 0.25213176 0.22419039 0.21225267 0.20715812 0.25249059 0.27291408 0.29614368 0.21142760 0.23763327 0.15507900 0.35478374 0.40858851 0.27482438 0.26550577 0.34639404 0.34035161 0.13905772 0.03191574 
