1583.72600216 1460.68256089 1573.13582609 1238.84417143 1361.23352633 1222.11154032 1255.45866025 1205.53373118 1403.11072502 1431.00391116 1260.71970134 1397.81681586 1300.66505138 1210.50141703 1466.65027116 1337.40216265 1322.61428407 1163.47438513 1570.17649681 1464.04988857 1030.51322128 1416.49726554 1394.79791779 1162.25754287 1318.20707084 1480.57429673 1444.60268541 1435.79417158 1374.64346411 1475.66233899 
804.75523451 1215.02777917 915.32847933 1044.28445069 982.51311295 1013.73681882 715.49298415 1205.53373118 1273.02453612 995.70875023 1039.77489107 795.57347524 762.22545296 1186.65839855 572.63255251 809.02988520 853.62267220 1163.47438513 1159.39979605 1076.66099028 1030.51322128 1090.93389512 1146.58173867 1146.11448408 1064.14365929 813.93243586 817.23586207 938.63505674 1270.77939767 1052.46593762 
377.07578459 772.53871879 679.86613939 590.73484713 693.17374290 903.06083928 490.14111272 637.62219865 612.78967114 671.70735717 598.65911559 530.26472741 514.52534527 665.20918509 452.07136905 457.42315494 532.84754338 896.98463504 683.65550126 548.38691976 819.61289881 657.48089334 594.30177350 546.26898203 666.57942742 589.95705735 582.00240257 656.03449061 474.62805612 699.48827760 
247.77798887 514.93725979 380.91775983 316.28732292 407.30112564 434.48098044 409.81193426 370.76028984 390.16195964 397.81541654 371.54742129 401.70349846 284.50805751 452.05768184 312.80958297 295.36637062 325.97961008 471.15595940 473.80298123 447.19269138 459.62294769 395.67333098 351.23267889 344.49250938 349.92126237 344.49448967 285.12692997 532.71889526 226.47054675 465.92872677 
164.12615058 298.30265465 183.27946303 229.73492226 325.79079814 208.13848022 300.57233696 188.03000620 253.27008683 299.22849004 255.36575858 306.50247481 193.25538441 265.10629290 249.99284175 230.52895830 200.14986987 339.98415392 268.01078493 295.49069082 291.68128400 264.96811648 236.67659512 238.20507319 205.90145285 231.94581088 268.02736960 444.00864908 137.54347587 282.57214597 
139.71911695 201.49849923 110.79753999 194.79977591 227.56245396 171.67426691 198.38545809 147.72629431 198.21423719 225.80940510 156.38495239 211.01283931 121.20936994 163.49592375 166.62548677 185.15780787 170.52810365 185.13110171 157.95636774 204.96159921 230.62338455 166.33127150 186.15712054 139.58237981 138.75909814 192.94430839 188.41414774 360.79287241 137.54347587 187.93468369 
88.66761227 161.79427320 104.05269085 143.87402872 163.55212954 137.18684031 162.86555399 71.17043674 138.88684918 148.01642585 109.77229758 130.97451626 92.22183937 121.29342615 154.38713432 133.63085943 107.85311350 148.80540013 134.01833614 144.67370673 198.07438616 119.04909179 161.20012397 121.61542565 131.23476833 125.00972782 160.95069581 287.30516413 110.11852298 144.26469311 
55.59296386 118.67950781 78.47721771 117.85815960 134.80823480 96.30808817 137.48947678 43.37489095 105.53108994 120.74227963 93.87986020 96.27482428 62.66833580 95.79655878 101.23038122 117.57120408 97.60720487 74.39644896 102.93769250 103.85417784 194.55857819 90.71233668 130.42108417 101.34723181 90.99119977 114.76953810 138.61969580 243.74141480 87.77481709 113.20406892 
38.94188048 90.69956834 59.31078186 105.42871828 134.14311640 79.82954701 128.77962223 28.89029345 96.77969641 96.45164027 69.88491250 67.70712658 44.37047866 81.24979091 93.71640376 109.89916033 69.22498147 50.61626602 89.59152525 65.75616716 179.25428815 68.74056487 113.08102846 84.59461689 59.20294059 91.85102968 123.72035076 218.61861388 44.31283511 97.30739502 
12.69295120 74.21255867 28.55071200 91.16482911 127.78807559 55.42689943 128.45601334 26.66960945 96.63633951 91.78806441 48.12494800 55.21427360 44.13758299 60.92302618 81.37741836 95.81730355 59.87447335 15.29584744 64.86390161 53.15183771 171.92748996 54.13002448 104.89473604 60.07948140 38.72455207 74.36224972 119.62822677 56.23850115 24.03300620 81.61036091 
5.32134919 62.52782072 20.19007618 76.39250047 64.37654297 44.07032441 54.92350851 26.66960862 57.01751922 80.37026034 25.04822283 35.51007565 31.95861492 42.30371860 23.22168259 90.82930568 42.08970501 9.54970062 53.26299852 33.53368802 92.55366660 37.87891126 104.83870271 46.61981666 35.77005796 57.17866786 75.37739186 25.22495370 11.02156467 75.96204961 
3.54588844 60.34764816 16.77576722 69.29178728 32.87901925 33.17519179 21.38099074 2.66221425 33.91932864 75.19395635 7.65301169 25.21964768 23.92047065 36.98395951 16.10521387 30.90849038 32.77846162 9.54969858 45.52871899 29.61921702 51.06140058 30.80950151 32.85664289 31.62208381 32.11467751 53.87562864 30.99578133 22.20714452 10.95280842 75.09889978 
3.44551881 27.71034251 5.54556079 26.66427155 28.41757563 25.05320601 8.96455383 1.16090390 31.46372164 24.33495336 1.87698138 24.68049305 21.77442847 34.90142154 3.54338364 28.17533457 28.01278810 3.94706613 25.56270839 27.01755258 38.87376567 27.95743896 25.45385476 31.37897261 25.94127817 29.51455225 23.92589271 19.60369969 3.79367308 8.12669263 
0.99495906 24.22171320 2.38898171 24.33661769 26.51563728 22.61519889 5.64494820 0.39906358 27.69142751 21.01473336 0.39906360 23.14159952 21.61862896 21.78006566 2.98487717 22.87438627 27.78926249 0.99669239 21.18173367 21.29005515 20.95180078 25.47662531 23.63910929 23.80681587 23.01400112 20.88632635 21.44276852 5.08485465 0.39906358 0.99495905 
0.00000000 20.68316491 0.99495906 21.22524613 21.72130489 21.29174386 2.58499021 0.00000000 22.26649892 20.38721544 0.00000000 21.58884875 21.48406109 20.80024487 0.00000000 20.38721544 21.09619433 0.00000000 20.49791745 21.20068342 20.88632635 24.31584105 21.86810886 22.57849030 4.37889979 20.62750789 21.44276852 0.99495906 0.00000000 0.00000000 
0.00000000 20.38721545 0.00000000 20.38721544 20.38721544 20.38721544 0.64151963 0.00000000 20.38721544 20.38721544 0.00000000 20.38721544 21.18436364 20.38721544 0.00000000 20.38721544 20.56165829 0.00000000 20.49791745 20.60473783 20.38721544 20.91094688 20.90834927 20.77133422 1.39402264 20.41410809 20.38721544 0.00000000 0.00000000 0.00000000 
