8255.70156783 5218.91768870 7509.72242780 5245.25790364 4527.57401542 5231.74442183 5923.35929429 4837.74938379 6201.43172357 4682.92356826 7129.78986881 6849.51026584 4527.57401542 6025.12335267 5384.20700858 6972.49512425 7564.99599532 6023.85512533 4569.18483943 5343.57374916 4475.78477672 3703.27269417 3790.86280740 6290.79074006 7014.25218067 6468.28633582 6581.24789949 3944.18579186 5229.32654901 5917.76428692 
3888.72095625 5218.91768870 5754.46310171 5245.25790364 4527.57401542 5231.74442183 5882.83027681 4837.74938379 6201.43172357 3256.76129524 4992.12121911 4436.91013250 4527.57401542 4406.47483281 5384.20700858 4777.32371478 7340.95573836 6023.85512533 4569.18483943 5343.57374916 3771.19424782 3703.27269417 3420.14745445 6290.79074006 5786.69075652 4909.74273147 5761.63784639 2979.22643617 4739.95509871 5574.23602193 
2327.60775732 3362.25456370 3690.10537993 2967.83564847 2525.50144721 4927.13516136 4443.43447281 4572.68945987 4874.28863874 2397.68463488 3072.05546734 2845.92787210 2525.50144721 4406.47483281 2352.04794653 3834.16642356 3948.86120233 2792.93796225 2548.31049137 3883.56113576 2054.96694571 3703.27269417 2765.19224359 3827.50251648 3129.08902055 2299.76689802 2868.45781046 2248.69823206 4410.43369411 3240.89640554 
1825.93412038 1903.32046534 2752.27174803 2372.44105315 1427.16221679 2413.46270248 2958.51655524 2189.36457703 3382.64513920 1498.91797043 2087.56599994 1475.58720660 1427.16221679 2023.86176206 1029.42080437 1199.15941119 2628.22503353 1994.15400504 2052.08569174 2007.77858723 1454.48776957 2085.10175509 1830.98399982 1531.08077857 1771.55409865 951.23325184 1268.84180843 1392.52552699 3303.08586291 2356.76446201 
1287.91530481 772.90434748 1241.65921622 1034.00339327 771.08601856 1765.34852880 1990.82820465 1466.37897862 1769.61170984 776.62736405 942.61927136 1073.20770564 771.08601856 1327.28297117 600.83946912 853.66200785 1238.84913614 1540.92102609 1657.28407645 861.74350136 1059.17726138 1150.02506019 1556.99159456 735.75309798 1040.01723854 764.08784841 836.12480467 810.13746033 2217.21327725 1027.25764045 
761.51060214 643.75304439 809.94895065 763.70504687 576.24117044 726.23997550 1137.38268578 793.96354840 1138.19197711 517.47817718 597.92740722 855.99937136 576.24117044 690.51358195 539.16724664 596.98471315 802.21211606 1234.26014544 1121.62000136 689.75248922 738.02001530 577.31335649 1238.42686437 655.77573371 657.90046852 673.43533358 601.02575606 689.83885707 1049.55995318 734.14659232 
602.64382531 595.66088246 577.93925300 642.47898836 458.77903636 563.14791393 791.53725038 555.76470516 618.97702353 444.37561459 487.89498979 728.51489178 458.77903636 635.87611895 521.54465915 526.95449790 515.12277458 953.73149150 622.27493670 622.92844879 700.48586346 506.28742442 966.17624745 615.26186976 563.13126015 608.40507657 467.67576126 575.22573361 756.77113654 488.43078203 
525.07011729 496.53397000 491.73126966 574.94428808 413.72930622 526.70845120 580.34547300 517.40830218 462.47759916 407.91313408 437.50870006 417.96184214 413.72930622 489.93373814 516.78422877 519.51575061 408.80233851 820.48790526 549.25733862 592.22813372 696.83304516 502.32131909 537.74403504 561.69608902 452.11523778 505.09288718 421.55575884 511.20315146 687.35713590 422.39932949 
466.22162385 490.35039719 451.54169724 506.14989294 400.30412015 421.12539775 423.97782487 480.93771153 451.11815811 400.74682936 417.42778336 401.01072939 400.30412015 481.58747471 516.73138380 486.48802393 400.23735272 615.38830502 425.88293985 555.73216979 592.43660103 500.05261979 489.64648663 519.74421595 416.54409619 490.21839657 400.77267159 487.98473764 617.95576364 404.60908692 
463.29112679 489.87252904 401.66013934 495.77576197 400.00036978 400.04894089 400.09566600 412.06961156 448.95818293 400.05266317 400.04346251 400.00711870 400.00036978 481.58643147 500.68617197 486.34164320 400.00012811 547.77162978 400.29478708 521.04992092 545.25732465 486.76636025 486.03929682 493.63219302 400.00614635 490.21609222 400.00027076 486.88954077 616.73714364 400.00110191 
461.42859542 487.99958750 400.00000148 489.67452196 400.00000000 400.00000313 400.00000027 400.00000518 403.84386590 400.00000034 400.00000007 400.00000001 400.00000000 479.57239997 405.13768086 485.06442808 400.00000000 529.45872780 400.00000000 521.04351324 462.24862768 485.64705954 484.06891806 486.52488326 400.00000000 486.87528611 400.00000000 485.25820040 485.04798115 400.00000000 
404.05695429 428.85509740 400.00000000 419.33890609 400.00000000 400.00000000 400.00000000 400.00000000 400.00000000 400.00000000 400.00000000 400.00000000 400.00000000 455.38590362 400.00000000 409.80799488 400.00000000 400.00660226 400.00000000 400.06392934 400.00000055 484.31048691 481.06953547 486.10821464 400.00000000 486.77821964 400.00000000 401.04936893 463.55686457 400.00000000 
400.00000000 400.00000000 400.00000000 400.00000000 400.00000000 400.00000000 400.00000000 400.00000000 400.00000000 400.00000000 400.00000000 400.00000000 400.00000000 400.00000000 400.00000000 400.00000000 400.00000000 400.00000000 400.00000000 400.00000000 400.00000000 400.00000000 400.00000000 400.00000000 400.00000000 400.00000000 400.00000000 400.00000000 400.00000000 400.00000000 
400.00000000 400.00000000 400.00000000 400.00000000 400.00000000 400.00000000 400.00000000 400.00000000 400.00000000 400.00000000 400.00000000 400.00000000 400.00000000 400.00000000 400.00000000 400.00000000 400.00000000 400.00000000 400.00000000 400.00000000 400.00000000 400.00000000 400.00000000 400.00000000 400.00000000 400.00000000 400.00000000 400.00000000 400.00000000 400.00000000 
400.00000000 400.00000000 400.00000000 400.00000000 400.00000000 400.00000000 400.00000000 400.00000000 400.00000000 400.00000000 400.00000000 400.00000000 400.00000000 400.00000000 400.00000000 400.00000000 400.00000000 400.00000000 400.00000000 400.00000000 400.00000000 400.00000000 400.00000000 400.00000000 400.00000000 400.00000000 400.00000000 400.00000000 400.00000000 400.00000000 
400.00000000 400.00000000 400.00000000 400.00000000 400.00000000 400.00000000 400.00000000 400.00000000 400.00000000 400.00000000 400.00000000 400.00000000 400.00000000 400.00000000 400.00000000 400.00000000 400.00000000 400.00000000 400.00000000 400.00000000 400.00000000 400.00000000 400.00000000 400.00000000 400.00000000 400.00000000 400.00000000 400.00000000 400.00000000 400.00000000 
