8176.70552168 8339.71137475 6532.05675352 10111.56604869 7653.47973176 7082.87474894 7943.87745421 9936.83741398 8089.62026649 8287.71186034 8552.82919071 11210.77942407 7653.47973176 6865.37020217 10351.10589777 7883.91088901 7847.79907327 9258.48273355 10015.42582980 10268.33317126 6599.65732702 5715.28056949 7092.70261675 6098.48437316 5668.64395243 5409.11618208 5883.24339654 10599.22529878 8521.10417601 8988.77883261 
5098.63782262 4403.90774610 4671.35058593 3007.01960641 6024.89992192 7082.87474894 7943.87745421 8431.44222029 4369.64704051 6618.32929986 6400.19674568 4146.74715590 6024.89992192 4872.83531243 5699.51892729 7883.91088901 4307.18628006 8655.27122582 6043.36084513 9665.51162281 4725.14002061 5715.28056949 6988.66942311 5356.26972223 5561.04985215 5409.11618208 5883.24339654 5055.10114943 8160.28388598 8988.77883261 
2943.89672812 3615.20798658 2118.59040994 1868.82614310 2546.96545079 4595.35828448 3870.66648029 4136.30649529 2168.95940989 2541.92971074 3239.69703668 2249.98873532 2546.96545079 4066.72909695 2696.94143345 5207.26096835 1795.16556853 2631.99162753 4022.54632401 3071.03071539 4205.11699635 2637.71279172 2637.48907339 4380.76744659 3677.25598192 2432.94909059 1955.43053789 1741.98442125 3679.70445558 5914.01840177 
1896.35170199 1112.77606396 1337.30227816 1289.73489614 949.82145278 3229.36359841 1655.36855691 2277.91839166 1614.52282765 1417.63108138 1218.30472653 1117.77218364 949.82145278 1295.86132470 1586.18250714 1995.43733816 872.58744043 889.27972059 1830.26805045 1191.18274194 1775.21305317 1108.31474990 1302.59442776 1993.61749235 1687.73017939 1838.62375572 873.47101572 1142.36199497 1466.92131699 2319.67549336 
852.76683645 685.50103772 797.10249590 654.41989268 591.75129745 1404.60911579 799.35339319 889.10781191 1008.97347339 616.60056105 913.86979185 668.33077240 591.75129745 694.57544400 740.22728093 754.87438014 540.14394909 682.89833092 708.77154197 925.00949873 751.62192244 751.07734028 856.48252727 995.19348164 716.81805107 1021.73485303 592.75457479 719.94595808 791.43886507 689.59905999 
616.41927989 554.72511551 572.42144902 524.39044330 543.93667837 845.62932488 586.25413722 606.81136866 621.69053223 504.33974050 607.41155992 539.10768040 543.93667837 546.78956775 480.64767540 527.26708687 503.41909979 508.95618589 515.66587934 710.08708159 517.06810590 533.69767682 692.77468477 519.27855206 581.98659319 776.52654820 524.98706347 575.01849959 503.16287349 498.12760320 
504.48106991 524.28663198 503.09716325 511.46619648 482.97983721 546.17055265 569.15488454 516.81286786 505.33098105 486.36547519 535.36929878 492.49147678 482.97983721 497.46474226 456.16971929 500.14130159 497.71565126 494.84694668 500.61029403 597.32111641 490.73469543 505.97613207 633.90124248 504.90103638 510.50740499 734.23100009 502.30928612 520.17885748 479.03326210 487.62143181 
476.63375749 510.72744588 491.96790244 509.49885886 457.41188538 500.85244155 535.39590027 486.67068414 488.40795854 465.11553374 503.86070868 478.77621481 457.41188538 494.86307376 453.12700104 496.70817745 491.98688325 492.59664378 498.16041596 500.28259879 479.24144813 495.92022025 599.90386152 487.82025852 506.26776607 642.74325479 500.31500864 495.37535750 467.98722643 477.16830656 
468.94019098 510.55539668 489.39514264 508.73479161 450.99702340 499.06193384 449.20099336 485.35914112 484.52130293 423.76139865 500.56559927 461.42053129 450.99702340 494.53839008 451.10311343 495.52121110 473.81802323 492.32277939 497.19297213 414.53760635 475.84476740 489.83481757 597.34452925 479.68637411 503.46691330 516.42406479 499.72090291 491.35956703 467.83026437 471.59380694 
466.49815819 510.55510431 489.32331486 508.31799746 450.92518311 498.99340253 448.73350426 485.05169287 447.47632662 422.48448803 500.42479958 460.58369803 450.92518311 493.76250612 451.04207361 495.07410502 472.97656399 492.32205954 497.18878447 414.39395020 473.03265764 489.80640181 495.45731554 479.65978205 465.65882735 430.20429443 499.01706271 490.07049461 467.82999609 471.32481225 
465.68785954 497.80658560 471.61248657 506.57740597 447.63708049 491.72402910 448.70196350 421.60076158 447.22439008 422.10336469 499.86577863 460.57123160 447.63708049 492.85669566 449.90880168 495.06739403 467.23071904 484.01962420 467.35428962 414.15451255 472.48213691 478.94952200 494.36379473 479.65978012 413.88686886 414.05127419 496.65055058 467.84417908 465.08848764 448.31810922 
427.27876895 414.54379061 415.19711709 415.46675927 423.98279000 433.98182450 426.87051376 414.08783512 415.02846100 410.57144307 412.84620977 415.19818079 423.98279000 412.19378561 415.38828160 416.24010020 413.80712851 427.69233493 414.24179287 413.73709573 416.74876311 413.89909615 414.79914683 415.37493597 413.85736255 413.84814081 416.07558031 419.87850644 418.44697692 419.97829611 
414.49073707 413.67321011 413.85746854 414.10299220 413.84307367 412.38455445 411.98528933 413.79954681 411.47566081 410.27807867 410.45782476 413.92043851 413.84307367 410.50771726 413.70856072 413.83677498 413.70910783 414.29681570 413.80349367 413.73709573 413.85545979 413.82073610 413.97311597 413.83973018 413.85736255 413.83027329 413.80771546 413.77309201 410.10991999 413.86622889 
410.23325340 399.53379985 400.05350151 399.79256984 399.54067860 399.41163507 399.12977754 406.16389850 399.22481365 399.67670198 405.90080085 411.00565958 399.54067860 410.03422290 399.40408335 405.22568216 400.92516224 399.47358490 412.28544193 410.57744884 402.73042153 407.56674765 403.12428164 399.20728809 399.38029313 401.76769079 399.73612479 410.57586435 400.29656998 399.76010318 
410.08055238 399.23093714 399.43788319 399.24676189 399.10984885 399.09648141 399.09681500 399.14980748 399.11071352 399.23193680 399.89168344 410.23195508 399.10984885 400.13768429 399.09906337 400.09328869 399.86922111 399.29640901 411.89608362 410.43114908 402.55805541 399.62161687 402.22746287 399.00795362 399.17755062 399.06467425 399.18858614 399.21207116 399.48186198 399.28221329 
410.07445716 399.20463445 399.43788319 399.11297666 399.10984885 399.09648141 399.09681500 399.14980748 399.11071352 399.13961267 399.39765849 410.08743644 399.10984885 399.33110204 399.09906337 399.42931389 399.83357761 399.16786315 400.04667501 410.11540968 400.26836199 399.62161687 402.22746287 399.00795362 399.12426465 399.06467425 399.13289570 399.11088255 399.48186198 399.17056914 
