54421730.22788487 21505495.35632238 31834821.56289909 12971747.60524349 24625011.28856446 14335642.79705368 26134145.95628982 30972326.59162576 10462140.65162115 11368688.37580605 21977285.22824653 28585550.08880825 28253979.24919326 26090111.62279698 10436731.42280304 37205329.51644687 15729623.95581045 25260285.52986928 19237378.90299715 10589607.65274865 53237066.63201007 30930201.26671856 59732438.62402871 21020990.36326817 11644332.86845983 19077269.41740058 20535517.44458694 3427753.44859385 43675884.18461519 3092835.96869816 
32755848.15782189 12913490.49561356 31834821.56289909 12971747.60524349 24625011.28856446 5794793.90848623 13104264.24516981 30972326.59162576 3905546.74120262 5589185.76912336 21977285.22824653 23775488.91969161 28253979.24919326 3518996.50333329 10059456.92364376 15790967.59609342 2871791.09701431 23396457.49849998 16934167.31736819 10589607.65274865 4040684.96355657 14954074.25101625 17202756.45607701 21020990.36326817 4031855.41494672 19077269.41740058 6763402.76392450 3427753.44859385 13202413.98508295 3092835.96869816 
14671187.61064510 6953917.40827739 4638270.82455615 208085.73208312 7023237.54698338 4321716.15933231 3671614.69085651 22663701.92285563 2460502.61793808 4565149.89847094 746359.67836454 2299600.02185152 17494374.01551306 3065494.86444862 1427095.53774647 13154315.33915379 2871791.09701431 5696468.94127320 9811578.46417391 653203.28379418 4040684.96355657 4436834.04705087 4678315.32493952 13906824.68712788 4031855.41494672 1114383.11344337 4462729.19735431 3427753.44859385 4080632.02653629 3092835.96869816 
4653998.28352524 726862.98333299 2562988.28525522 208085.73208312 620420.97432322 573785.04378962 2012309.05410862 3836899.60270485 1028348.01629842 520099.82708521 746359.67836454 778652.82065102 666300.44995985 2740161.88530392 245998.50652427 4689503.13314812 1174122.34840607 330114.50420358 3177433.28402558 402067.08638206 1466729.63526292 765953.90224430 3528499.56589700 2236831.72978757 306147.56758206 311831.83510571 1186152.29443035 465124.72924065 802089.21961186 2456881.93688228 
1755276.47677761 239304.29561952 1488936.24515751 8620.41427147 415466.49580043 371370.64144689 1006077.38955384 2519276.60196548 681178.34697764 40035.44634848 182974.84698747 520222.19812856 325778.04772096 824265.30861859 11393.40603820 203567.85242979 642840.00089109 54528.01814102 1187146.69540211 277434.47319388 471847.56551087 51081.69865344 553361.40929626 299348.04228913 222400.83699364 86317.39782438 348918.12197042 118107.94674591 129144.91119502 793040.98315000 
555762.77194558 215705.86325768 56780.20342149 3495.26057855 275206.23275360 205297.76678833 220343.27692631 855095.07529971 260984.90519603 6222.93385403 75626.02216561 300099.77238919 130137.82025260 265972.88964599 7509.04849214 79255.98892595 24377.15417390 47679.00658570 365221.74219091 171551.04297992 120359.93735902 12648.03753970 276321.31712505 153271.31809228 194703.55689149 59702.49001123 163619.91990626 26631.32926679 92801.03386439 737876.39808907 
367947.18833645 184639.15649869 24525.96789634 2726.72383895 249565.02394401 170216.80636470 135049.54342380 35516.68369024 78625.45599869 3800.39617166 35556.11256604 132525.03478711 114967.41364295 138353.24389748 6358.83405772 70037.36086294 24377.15417390 33650.25184836 177463.99027828 156920.22627026 100045.28527682 5009.50337283 53065.54067195 121800.46723172 191184.62401250 46241.19328040 153890.08231762 6797.03579824 65971.88458083 382425.40940783 
196305.11545347 127704.47375217 13752.12522685 1991.70367850 47359.00106565 158513.21742487 81703.97728596 24374.88077169 40073.19000069 3237.16356656 1755.34319139 42093.39964996 110701.64431656 124323.85893923 5510.45283593 57314.26926161 18064.08976751 28737.03893900 127734.31317336 154945.01158595 96869.99091986 3854.51672328 20664.55051843 115782.98355141 189172.51095205 17362.65250034 130899.20511052 5864.12651776 59318.45234458 9907.19056809 
139716.22209293 13329.71681410 7970.93525786 1641.35894161 27936.76323525 58534.66678332 76839.69514439 9003.00143740 19046.17730619 3072.22334486 878.60454621 13193.09517146 75416.31262639 10365.19732042 4769.93234395 2673.59244829 16168.58258077 25153.24125363 26400.19531175 109109.70154192 35136.37593259 3132.96742415 12882.14332648 22697.86950024 4808.61446624 14253.99314445 22158.09269735 4461.18713957 12833.38878401 4176.69505545 
1904.79234559 1712.05722278 1585.37318437 1268.48020107 2103.52011527 1513.73862886 2739.88082601 2380.03180983 1257.87755744 2502.93728744 628.90568233 2730.76520920 1702.67268698 1004.00156181 913.07310700 1541.57805261 2877.68647625 3130.88351138 1430.30572385 1104.97623703 2308.07535795 1035.37815776 1559.64118172 2639.57628504 3161.95583325 1452.45488355 1953.78923590 1526.48735817 2666.38035868 2025.86203769 
934.68825786 463.59517491 636.34379230 521.74051500 555.27264318 723.36515980 627.00001712 68.78654528 143.40449726 842.70608211 531.76669542 575.35376305 655.93073944 544.63266208 664.26090516 604.59143015 525.95364753 779.43150752 720.79329773 634.19205737 1012.80947707 604.28635995 230.39739642 175.51572692 617.97114290 407.27514223 964.13867848 183.84289999 390.63020628 392.34177073 
575.24925236 310.54374921 262.75699163 385.31078910 293.47741212 315.69288992 166.48001989 50.42210057 39.36811361 178.35834823 506.83115846 275.10917757 311.02859916 97.73381888 50.39778742 73.55674570 360.35933707 279.68425694 453.90046474 452.07491378 124.02624870 306.09880956 120.94789691 54.89594767 180.35073745 322.85149596 94.59852698 160.20841194 49.26640098 331.77293051 
343.44267336 252.15336616 197.65355776 199.52226986 275.72619471 83.58218555 97.96234947 50.08514896 6.67333287 168.82661077 45.67304297 125.42132697 40.86669955 83.41497442 26.37163571 69.73694088 75.53412572 176.83875962 436.27756840 301.79307840 31.26412314 181.56890142 115.41414059 52.00904479 102.13049450 310.93408826 81.64190353 138.11164132 15.35101672 82.88411320 
45.74833047 62.22228959 33.31200467 79.43449453 46.21911412 43.33904703 64.33543481 28.74727497 1.12341538 128.73821819 0.92812920 42.84436545 40.23737127 67.67133122 25.65360348 67.81418025 10.73798412 16.12295872 17.16236533 127.92135592 24.24928229 32.55462237 85.83585740 47.68129178 29.13847859 31.70324162 79.82639241 67.59464745 11.53391560 50.62416141 
38.48502171 41.06673577 12.13786223 1.54829558 10.41505425 9.27044499 1.09375196 26.75888985 0.95496044 9.61452148 0.21259789 38.75988232 17.10370651 21.88616007 25.62048792 9.31401177 9.46513063 9.23820040 9.27066964 19.87560840 9.10101764 30.06047835 58.91449356 46.34173535 17.14220604 29.89496810 19.05533648 64.64708559 2.17646530 38.12502350 
8.75475470 38.01177901 7.28701344 0.76734435 9.26587824 8.99503542 0.65414769 25.44128948 0.74442740 8.47895959 0.15219259 9.12748989 16.91439739 17.33690375 25.59879186 0.29839908 9.06147335 8.89720451 9.08712294 8.70252037 8.94794819 29.74940378 58.29479054 17.40126586 17.09563862 1.09799125 0.59539837 63.09474400 0.41581017 37.92665391 
