22445.19284847 37965.20686507 4694.06492356 22739.93284630 11047.99258271 16442.94767690 18312.20070963 13716.05067627 3085.70612307 6370.32770673 18577.93090975 11880.87248992 1149.03943238 37182.11095346 31332.73447475 46109.00991683 27963.51309541 8823.69764069 19945.65466964 13421.32003414 9795.50539324 17178.59996552 26375.60334065 6587.54952429 21614.58056733 10189.33019153 63096.69789102 22319.79282952 25817.70948926 22640.84924469 
1748.30324687 276.32144978 347.98861679 1500.87136390 463.02027620 2549.42745622 1422.88382835 1400.17004435 3085.70612307 223.70603109 1089.99896012 1292.93917269 19.77375436 426.12661950 1081.45378286 556.81775982 2215.65279865 1686.96914739 46.23996259 13421.32003414 7386.60634931 3471.84090329 165.88198237 3655.17088732 2219.08112492 539.66594195 238.70647906 2038.61151544 25817.70948926 9146.52835918 
557.79572199 276.32144978 70.71880841 448.01415804 81.64103845 2549.42745622 884.48893628 1400.17004435 214.90964143 223.70603109 572.07346002 1059.78513359 11.07495927 426.12661950 428.89971870 178.23310725 2215.65279865 947.74244872 38.20392110 5548.26397807 3895.20131712 3471.84090329 41.08366969 2129.59587717 2219.08112492 44.58297336 238.70647906 1062.79107822 390.14476812 1000.39394706 
21.69219743 61.81410227 17.25510361 28.29057846 20.55788829 436.66165197 277.01493891 11.14460299 27.24756701 48.48349403 87.16419733 27.34914075 6.94612429 44.78465508 94.12922551 7.84271160 17.20001591 501.29701363 10.88820275 41.34722610 630.74527395 153.78881841 17.90747188 51.68508215 87.79657986 10.03514275 14.36749225 98.29854452 32.94503003 25.62904837 
7.42115082 11.09556845 7.06041221 3.73080655 6.34455273 13.03466614 32.32835029 5.72552406 4.29677796 5.12969343 11.37484022 9.33839593 4.56453773 10.40783926 23.12487095 4.86832968 7.63754130 240.66208666 4.44292730 4.84179993 8.54573515 9.04089386 9.72691568 20.33965183 7.49842031 3.90263427 7.21332714 17.97064179 5.58710430 4.83431383 
3.93220549 7.72290028 4.60455244 3.73080655 3.79026822 6.35622756 5.84054571 4.70198128 3.20216727 2.34857492 6.16852146 5.56310272 4.50746939 4.52280930 10.31819090 3.98278354 5.12725169 13.21791916 3.55918577 4.79333596 4.37810057 9.04089386 7.67557628 17.35103039 3.41900472 2.56986040 2.26436707 4.56656149 3.88319714 3.23211115 
2.15103925 5.20766175 3.82185407 2.84852436 2.02852889 3.57486151 2.87362353 2.09249564 1.61307802 2.34857492 5.78312821 2.99884606 3.16573203 2.22207382 4.31341010 2.86822378 3.19803367 4.14485741 3.00233127 3.17696836 1.83862759 5.29891638 6.24138995 15.32564211 2.57472482 1.41902504 1.98521953 2.73298918 2.04039709 2.35684260 
1.59121288 5.18713882 1.87332862 1.96496625 2.01174118 3.06811552 2.34517089 1.66642167 1.51464724 1.88721918 4.88951358 2.89244929 2.72564559 1.91896901 3.38095815 1.69194969 1.96679536 2.21045183 1.70433724 2.88565905 1.36253827 2.89358006 4.06990476 13.37456471 1.87193256 1.21063408 1.98521953 2.34191745 1.13577341 1.56837360 
1.30411508 4.92860114 1.60631843 1.71662267 1.76471141 2.24476651 1.56300967 1.14949341 1.35320498 1.46534476 2.95552150 2.29223765 2.46695945 1.64292868 2.53585863 1.34034606 1.01595373 1.49295519 1.12544628 2.88565905 1.27470276 2.11616185 3.00306936 12.35453560 1.29558926 0.86700732 1.94381026 1.72973136 0.70900799 1.15625904 
1.15980144 3.85945248 1.27660463 1.02343993 1.53380142 1.64348929 1.05585854 0.96023110 0.99286993 1.17179427 2.72247546 1.65013711 1.59744984 1.29649373 1.72987928 1.32977484 0.98857744 1.37556153 0.75653646 2.46646016 1.07474615 1.31200775 2.92618912 6.07828025 0.58865315 0.75955213 1.59667194 1.41345318 0.65199704 0.89339793 
0.83120091 2.87616259 0.97013940 0.66741940 1.23840967 1.04580421 0.93899201 0.93512272 0.85694353 0.80588197 2.31138695 1.11996954 0.53093959 1.09788520 1.33691397 0.92193289 0.61090576 0.97551198 0.57711652 1.81513971 0.99131221 1.28224319 2.42697598 2.72975988 0.06821406 0.75955213 1.34504183 1.36491678 0.65109010 0.67163603 
0.82813170 2.75522076 0.79881623 0.53405623 0.62497121 0.61292284 0.73396919 0.67142998 0.70895735 0.59542478 2.25250687 0.88806629 0.38777555 0.57419749 1.00121059 0.77457646 0.46668717 0.88425387 0.54420128 0.86678123 0.94819325 0.77952692 1.58439483 2.15951644 0.00000042 0.43014817 0.85880571 1.35187304 0.65106835 0.59723282 
0.72692183 1.09304768 0.71792881 0.33701652 0.51876877 0.41867469 0.60519488 0.60871229 0.50768613 0.43626164 1.87021383 0.76638322 0.36025013 0.55670941 0.83476593 0.74475189 0.39964559 0.75272752 0.46997840 0.83349419 0.83679222 0.62594697 1.39154556 1.66814214 0.00000000 0.33398930 0.76535004 1.34305046 0.60986703 0.52538595 
0.58392402 0.76799938 0.60746908 0.30949077 0.48885510 0.20555876 0.50782142 0.47010718 0.47196258 0.35927665 0.63468379 0.50621327 0.33875527 0.41333505 0.63484104 0.66262144 0.30633319 0.55048621 0.36797580 0.70412548 0.81583607 0.55775558 0.61474104 0.71376179 0.00000000 0.23858183 0.49758894 0.33125709 0.60986703 0.31265027 
0.41629607 0.52911277 0.42036721 0.23150698 0.44202742 0.10064255 0.46230034 0.36852987 0.46621543 0.35476534 0.19699834 0.40319178 0.28792704 0.41333505 0.46981057 0.45864330 0.19306737 0.54566079 0.21836533 0.38338295 0.35174319 0.49918775 0.21876656 0.16061443 0.00000000 0.17920447 0.35296275 0.32839508 0.57330179 0.26890573 
0.33495342 0.31664960 0.25012910 0.22763105 0.16384950 0.09875458 0.34133965 0.29781168 0.28923064 0.29918823 0.10345113 0.32401022 0.25740008 0.36144570 0.15949238 0.27515082 0.19281714 0.33635971 0.21296752 0.23675213 0.28423815 0.30203634 0.13920474 0.09924525 0.00000000 0.16865005 0.34375939 0.16101861 0.35413004 0.24655436 
