1136.51542775 1554.46511035 1605.37047595 1528.83174636 1462.00717726 1510.03693955 1688.25543219 936.05818696 1394.33363252 1404.47504378 1467.70238779 1436.41316820 1398.85119885 1539.01457927 1433.51020549 1058.85996018 1387.66525675 1715.76434190 1558.03954155 1617.60513947 1508.66714458 1453.27490634 1482.89334617 1322.99147087 1591.95248520 1567.33797225 1534.95442476 1342.91077547 1446.61975536 1406.54813525 
1136.51542775 1145.64590262 983.11205497 902.18982899 1371.39380494 932.62332664 1510.87444023 936.05818696 1272.05675526 1404.47504378 1266.75457108 1050.44787527 1247.09866864 1409.83953494 1278.73204569 1058.85996018 1387.66525675 682.23650011 1156.90688901 1358.78112561 1317.93283556 849.30436503 1134.45244923 1266.77351167 1316.06561031 1567.33797225 1375.55742687 1068.26444759 812.61793250 1400.06816067 
963.86543366 411.22544366 645.49510343 334.23009405 520.76652174 498.88170905 1058.62174053 936.05818696 945.70771204 1100.71770020 453.01710065 757.76886898 487.24272000 836.96230244 486.49638110 627.05824711 765.66179322 400.34149746 803.67864684 1064.67476876 850.60481846 365.04129489 1023.67497404 882.63968558 1089.53729291 902.46585929 709.86013170 854.79669388 554.93265971 417.49554782 
605.33084563 215.15359618 232.26711992 257.55016284 301.82382663 182.98176165 408.76530629 374.76410491 549.81392007 585.68149975 273.72024819 374.46981130 334.83929877 361.55903805 285.60987281 301.38375096 466.41089445 250.02509618 481.39001059 497.58165143 360.59063924 280.37517896 573.53330943 526.87657360 605.12434621 483.29041105 394.22814159 325.50286682 414.65775233 314.61799130 
335.21193105 167.62790906 137.68212870 138.67461813 187.11225227 107.11014724 159.03931197 189.84961757 234.00565672 172.91252475 191.67460422 162.56236275 126.28122127 146.37732475 162.41181925 239.10503176 241.67586281 147.01074311 240.63660784 236.68225040 160.33664892 197.46896255 228.50203315 257.23379745 151.12811962 251.91860005 233.85162276 220.94313789 206.17630265 92.22313967 
150.17935100 123.97728491 89.90598279 74.63148615 85.94609855 86.61314993 120.33419569 88.88633900 129.61240980 108.82624811 152.47040633 56.39410026 55.01262715 89.35197396 136.21026569 163.22899336 153.05939159 93.71706502 186.76491991 168.20498828 117.20206287 127.78214288 106.61367701 122.89832167 117.21735730 167.61131217 168.39001271 116.08884434 114.08137469 30.28933992 
93.66172761 91.01566064 23.85391026 23.75311821 62.56957951 82.83422360 91.80162478 72.96807791 107.94145028 62.13776427 77.07905033 12.71087359 13.17616796 56.23448995 117.65514668 109.56676943 113.81148755 72.44954775 179.64288755 118.33912033 92.51789711 96.66069708 80.72227136 68.99550873 91.44322505 140.01364841 135.48818293 110.98866356 88.84540447 18.64727611 
10.15227534 83.96876856 11.46136480 13.61264142 59.02339369 80.43121334 65.81933689 70.05673186 105.43781409 6.48119443 19.50316153 3.29428981 6.91862848 28.41309680 95.77192578 91.24148405 61.10782964 70.46513960 147.97936124 90.44426916 81.52984312 70.34703360 17.32392130 61.19473287 87.61766327 73.09602940 99.65784313 110.61765029 74.24539014 13.69995439 
7.17054993 81.00153943 11.16085114 2.27093172 58.82948049 79.85185438 62.15060907 68.80421882 105.42482619 0.07249570 2.16888244 2.20209676 6.52203586 25.72608059 11.91491345 84.79257784 11.83290079 69.92884863 141.11386869 84.98872085 79.67294338 65.33729876 0.07895307 59.39535396 87.50488655 51.52708959 38.17091089 110.61732679 71.71408909 12.81007501 
7.16912630 80.23457204 11.15933776 0.00117600 58.82264242 79.66207151 61.72408148 68.73884714 105.42475789 0.00020585 0.15802773 0.74082495 6.51237508 25.72581790 11.25833814 63.01930812 9.01481398 69.88797255 48.57306185 84.97589284 79.47708373 63.53767554 0.00000245 59.37693591 15.59555820 49.88893274 36.76023037 12.02029087 71.65112789 12.80822088 
0.00000003 0.01080432 0.01075643 0.00000093 9.87797376 77.47493567 9.90660067 68.73883130 7.77581732 0.00000000 0.00000002 0.00000000 6.44900994 25.72581138 0.00014747 62.58934063 0.00953739 24.23954157 12.41050988 34.16158931 0.00112494 14.24760932 0.00000000 7.93804050 7.78077264 26.01773504 15.19909779 12.01941729 11.25413364 0.00000020 
0.00000000 0.00000000 0.00000000 0.00000000 0.00000000 7.82124100 0.00000070 0.00000000 0.00694448 0.00000000 0.00000000 0.00000000 4.16231169 10.31796154 0.00000000 3.41370192 0.00000000 0.00355226 0.00000033 0.00000022 0.00000000 0.00036689 0.00000000 0.00410990 0.00000009 7.35493288 0.00606478 0.00000003 0.01343987 0.00000000 
0.00000000 0.00000000 0.00000000 0.00000000 0.00000000 0.00000000 0.00000000 0.00000000 0.00000000 0.00000000 0.00000000 0.00000000 0.00000000 0.00000000 0.00000000 0.00000000 0.00000000 0.00000000 0.00000000 0.00000000 0.00000000 0.00000000 0.00000000 0.00000000 0.00000000 0.00000001 0.00000000 0.00000000 0.00000000 0.00000000 
0.00000000 0.00000000 0.00000000 0.00000000 0.00000000 0.00000000 0.00000000 0.00000000 0.00000000 0.00000000 0.00000000 0.00000000 0.00000000 0.00000000 0.00000000 0.00000000 0.00000000 0.00000000 0.00000000 0.00000000 0.00000000 0.00000000 0.00000000 0.00000000 0.00000000 0.00000000 0.00000000 0.00000000 0.00000000 0.00000000 
0.00000000 0.00000000 0.00000000 0.00000000 0.00000000 0.00000000 0.00000000 0.00000000 0.00000000 0.00000000 0.00000000 0.00000000 0.00000000 0.00000000 0.00000000 0.00000000 0.00000000 0.00000000 0.00000000 0.00000000 0.00000000 0.00000000 0.00000000 0.00000000 0.00000000 0.00000000 0.00000000 0.00000000 0.00000000 0.00000000 
0.00000000 0.00000000 0.00000000 0.00000000 0.00000000 0.00000000 0.00000000 0.00000000 0.00000000 0.00000000 0.00000000 0.00000000 0.00000000 0.00000000 0.00000000 0.00000000 0.00000000 0.00000000 0.00000000 0.00000000 0.00000000 0.00000000 0.00000000 0.00000000 0.00000000 0.00000000 0.00000000 0.00000000 0.00000000 0.00000000 
