1787743.34912887 274891.60466322 5157050.41698161 1944552.85864752 1199594.59322581 2082899.29404339 7904721.35173487 4310706.77643626 14441738.68930257 9373096.00799399 1741497.71484114 2822726.94463622 2223349.29942964 1379258.65098286 3538588.96783508 2099320.81115595 6268858.85681661 3533178.87882588 8973106.87217591 3492282.40333076 1259998.06257995 2183391.18124667 2042050.68076121 4025811.16857315 6677676.40628254 6031124.42818150 4717562.15065490 3469350.72650695 6035728.88256740 4772385.55346129 
1787743.34912887 274891.60466322 1621124.97638287 1124569.22409225 1199594.59322581 1206768.49339573 573613.61067226 938733.18643872 3547098.19392894 1191578.46330734 1741497.71484114 2822726.94463622 2223349.29942964 657583.14295490 3538588.96783508 2099320.81115595 96282.58416248 3533178.87882588 6018977.33928343 1584713.04966552 1259998.06257995 811577.59265364 528739.47847674 2158563.79021134 2862822.43331626 1336038.33314650 4717562.15065490 3391126.10858167 1334670.15837056 2224210.24210997 
500255.41039791 274891.60466322 415404.82370988 607415.47202635 409525.17501544 1206768.49339573 85653.88385502 199097.71759994 986667.68121322 401004.21217857 380838.03235215 659793.44024324 732055.14627108 50032.77317106 787464.07169142 466766.32392621 96282.58416248 1358572.30187146 172391.21170504 548906.94350367 796992.86397916 228163.65163956 103510.18618242 97991.31857250 601211.63250999 306943.49733599 715573.12669066 842072.38182399 399155.47947943 603996.67141260 
106175.15066699 40993.38976646 61762.63529206 74307.11462380 34149.76543439 163445.91613912 37623.64236564 36693.16010607 123178.02965728 185334.67511331 80598.04491579 136085.63809863 18934.41564238 1944.86662520 220616.92963354 52239.55228378 49537.01065070 306240.17139451 33700.96171769 58648.51302610 28155.00883298 16097.39244580 17881.69459782 27159.14182176 79984.31451680 28504.28175921 282785.03571777 11712.41304281 23709.27170364 143301.10622446 
3072.25493817 2786.95604350 4444.29521687 8214.25164422 1661.53688959 65798.53389357 6851.60557831 8377.66991640 1941.25377858 12456.24727539 12696.70272131 571.37549453 75.30897514 38.93280706 3074.57439100 2487.01166149 1513.38986143 7001.23005760 1755.71341816 7750.00865289 707.22686327 8433.75827369 1475.56346864 12241.69280203 10563.94590865 1690.09819419 93558.84483750 213.51508503 882.66109717 5306.92543093 
109.16163758 146.76995162 407.25921783 1416.05100820 417.85362318 23700.90816420 638.75469489 1569.28479645 29.16720665 2904.77675941 1733.23553812 63.92302597 36.48817408 13.32000772 256.52552437 35.99384490 193.02132280 574.37416102 385.65029430 1722.48413442 39.98806384 438.26463383 88.54137220 9996.92773402 1957.30412741 133.15950652 8925.84293676 27.89598784 242.86756093 1077.21718301 
31.13216690 32.88919071 41.94116266 68.91791227 71.76487717 32.36479590 149.64350769 142.75028613 13.22707733 150.32324323 100.00559305 27.97209765 32.85620417 10.36334274 43.06427356 13.19496866 39.30393334 68.90790153 63.19619587 714.75759193 15.60905501 84.35860035 58.27248621 823.38177859 21.41484278 111.26094433 821.07213267 16.73020692 31.18210382 352.18245626 
27.14726890 24.70197774 20.39390462 16.37549948 13.45078573 14.37679461 34.71664617 17.57879670 8.05861109 35.68864382 68.80615609 22.40111281 27.87031935 10.00144953 16.17684507 8.48604684 35.50442819 17.11892263 19.76625932 529.53620387 12.27659602 63.14253562 44.45178065 33.11168658 14.26722368 110.78807609 71.62597346 12.31676647 20.33819925 34.51757529 
21.82105846 19.66138562 15.83357141 10.60377833 9.01436804 10.47168121 24.86698916 8.65716162 6.09070158 15.70151255 58.95876955 20.61776712 20.07676005 6.76414483 12.74839011 6.68813096 30.91593758 10.03292956 12.88355771 14.33409028 10.01472479 47.89399655 26.43720621 20.38730025 11.16329286 108.86614608 19.90739318 9.54269523 16.01861748 23.25402828 
20.04532117 14.01693140 12.79770006 7.97016489 7.94655291 8.82192017 19.43113389 7.89700290 3.81362474 12.86182218 18.71537658 17.55066193 6.24993987 4.97957571 10.29883229 5.11245517 28.10277280 8.24447742 11.59710729 6.77959209 7.96773492 11.24572537 12.68042571 18.96277887 9.84822685 107.52736856 16.36410271 7.17317171 13.96981340 19.94975248 
17.91290008 10.83139574 9.83915381 6.65687963 6.61067062 7.65675208 18.20960131 5.59099910 3.18182703 10.27938233 11.33077037 16.67036845 4.75455781 3.49420258 7.28604746 3.92455146 12.28952476 5.58317798 8.95963833 4.99540612 7.76756962 8.54156457 8.41464835 15.97545326 7.21418951 9.52954544 13.01472787 5.49349404 11.26517507 18.11671420 
4.30273720 7.30965813 5.92852455 4.48448263 5.00941144 6.30262473 3.60032515 4.80871868 2.50157858 7.86678223 9.92857172 10.86396933 4.27059831 3.29219887 6.64369049 2.79896261 3.81139778 4.99527974 6.65614893 4.15720483 6.72328442 7.97058486 5.56648115 4.15262100 4.83797256 6.95113077 8.29114824 4.33321912 9.03092211 5.15765175 
3.02558279 6.59592548 4.99615208 3.61096174 3.94914178 5.04605279 3.03044505 3.93136793 1.32564539 4.65009097 5.50042659 5.10612133 3.29899270 1.88088592 5.34183809 2.07830957 2.68934943 4.21089387 6.14102059 3.35182181 2.42116788 6.31278649 3.83913809 1.99543623 3.94698102 5.06673544 2.77723321 3.72181657 2.24157196 2.65910743 
2.17641208 2.60441614 2.68567993 2.82694632 2.69532484 2.55372433 2.53471931 2.68252015 0.96098568 2.52371735 2.06258476 2.73012869 1.42646078 1.44417170 2.34641953 1.67713149 2.24580751 2.69287742 2.90500645 2.73027179 2.09564201 1.86183615 2.77430802 1.48937447 2.28649558 3.07053967 1.99012353 2.15308354 1.48472689 2.00195241 
1.32637257 1.53003678 1.69487157 1.65600657 1.57107164 1.16330044 1.05664860 1.71879070 0.88645969 1.50522671 1.57478605 1.47653709 0.85968571 1.13658500 1.13381535 0.70243859 1.42820927 1.85995619 1.33524093 1.44379054 1.66445951 1.44856234 1.60834115 1.17787260 1.41587592 1.69471172 1.39421051 1.31592670 0.96918912 1.40511512 
0.80810713 0.83971663 0.77616138 1.02727109 0.97693033 0.80106480 0.74234871 0.95607381 0.81553711 0.92472921 1.30008072 1.13285595 0.60393490 0.95902865 1.02785784 0.57406968 0.55001305 1.12167053 0.85762499 0.77554708 0.89200891 0.92013773 1.10030271 0.75390343 0.89186947 0.67687733 0.77081807 1.22434982 0.84276260 0.82886297 
