141379531.98020524 144666184.12455058 33409947.03905218 52703487.95340610 56472122.03941890 155499997.65734419 15301109.69711250 117331300.78706767 74141950.61533949 98375162.34960356 176181535.22955677 148500251.62698841 236745136.67370483 56923677.12297498 269706800.97798985 38657147.07574993 30624141.62774434 100419940.33228900 58338315.36053820 197982412.82161388 22086889.05829442 93365571.68411940 58328386.95078567 35776570.60709555 7449623.47785327 53153890.22933771 96151245.95266736 75521768.84810780 80414773.20145194 84325642.93084840 
5388911.25044100 68274652.08501844 20234546.59654307 52703487.95340610 35149139.26384562 115849193.28727604 15301109.69711250 21048868.01547027 25939703.59622818 19050239.94201791 84418159.67557643 41418704.93650252 75287275.69464014 43351928.97145363 43565184.65162832 6280920.44478886 30624141.62774434 25140701.03001090 23661261.74595433 68302209.14073251 22086889.05829442 93365571.68411940 10411534.98969923 35776570.60709555 7449623.47785327 53153890.22933771 25979221.27131441 30033479.24165336 16519921.04331918 84325642.93084840 
1432896.38543620 7548064.98974720 6804963.10091340 4722393.43400084 35123550.46451318 4528428.88057700 15301109.69711250 1774652.56687474 11298573.05687244 6751906.33509434 3335809.94728992 11503559.12508648 908904.35895281 5855488.75011672 6570332.26422494 2088480.75132602 8618611.31974778 5326974.81758012 1001748.73915978 7707941.68637998 11673964.44282990 10246028.92445309 2161262.26403373 3051749.16308656 2078583.43191350 4586887.40942847 434824.63893804 24027197.76644157 3826588.27631463 5594727.01612533 
187495.93946318 715767.49471129 277542.42141387 95907.60692635 1636552.19249257 123511.71399385 1338839.69309380 217936.73723247 1154576.51547610 237953.91730567 667619.35619519 2587702.27128981 330160.73209432 536561.90355134 414953.80467344 146322.42127166 636653.59055298 467848.86798294 100191.22581769 532367.23927904 885598.96804736 1051511.84042984 226131.32558392 387849.14817619 126659.77833865 253984.69630950 119579.89211500 261020.80290764 325863.50994920 1871644.32428730 
4163.08292788 76110.51487627 16077.96129354 2945.06902979 59517.58867111 4180.87103192 34668.07327907 19507.80626889 15992.12763009 4170.78302007 10198.10913375 107910.82312723 15013.92638222 21747.62202225 18261.61536697 5940.94164104 18450.67821273 46635.53763711 4970.05385051 191738.87456035 28729.50792249 36577.52584042 116571.50927110 14454.62246589 4447.78772287 5995.54251730 4991.59204182 46503.29583984 16131.54623871 288787.00391974 
1191.02564987 1196.29170339 1304.72371389 825.28246476 3038.32679892 701.32208809 943.86585488 9807.05698944 1151.26119856 677.38023176 1414.97256703 1918.01138526 1255.93307046 924.62269315 4539.46364979 1264.56735487 1658.77905250 1319.97363046 1098.27919675 111438.09003753 1665.47506674 1085.15635485 81214.21559356 3099.93509990 1035.01853494 1771.52054803 1333.89135363 1663.03698832 1007.67522381 8859.77619150 
121.75838713 276.96034266 490.40568222 304.76002262 370.72773275 358.64663625 198.31549055 775.16378135 185.29187813 264.72956770 577.32096596 624.35078026 144.35561511 390.86007136 401.63711352 454.10626869 697.37153826 178.64791196 253.22817125 1318.55140536 247.80680594 385.91876136 79405.38196591 150.38327479 308.94371613 214.85900908 215.24341439 319.38317092 246.92577828 726.69619397 
35.91515596 150.43227104 378.91600539 272.06634569 76.45387278 345.11222441 36.30335575 9.76833279 126.21542737 6.48529421 483.26769963 40.70974563 118.56005182 332.75033400 16.27669863 325.15316194 442.52872648 60.39371922 18.85433236 56.57805806 32.33511869 243.81282904 79193.58372212 52.61457867 54.86030554 158.61791087 27.53240475 37.76699933 159.18893504 268.54436853 
30.78517995 147.00378605 368.16447381 271.94745004 71.56597922 344.98104200 6.28234188 8.20108066 126.11955324 0.41635407 473.89035789 9.99777747 118.43833479 332.14512622 14.36761971 306.13367596 423.47374087 60.12725478 6.68632807 14.45035215 18.32562111 242.95249551 355.34915706 46.69474842 2.11244092 158.59801902 6.68628304 30.28762987 159.16108888 238.57830932 
11.27903650 10.49123251 368.16445224 271.94362934 10.62509581 174.15723341 6.28205873 8.16783312 125.12465394 0.37659389 217.45769330 9.98338739 0.11587545 332.14511177 14.36747816 306.13353186 211.25899242 60.12535257 6.68625957 14.44981767 18.32550285 242.95050377 353.29685413 46.69454541 2.09400335 135.23429121 6.68625955 30.28720198 7.06260018 238.57774486 
11.27851575 9.26685695 6.99851526 11.76513505 9.87930216 7.78530385 2.30217566 5.09667530 6.87877673 0.31225571 0.10408524 6.00568862 0.10408524 16.63581985 7.90133143 6.89443010 118.75059033 56.14552137 5.69130051 4.39618476 18.32550285 120.63642320 13.85913353 7.99347432 1.09904429 123.17353068 6.68625955 24.70950137 6.00355620 27.29196725 
0.20817047 0.20817047 6.89443002 5.79538646 5.89947097 6.68625955 1.30937471 0.00721856 6.79034479 0.20817047 0.10408524 6.00355620 0.10408524 1.10766636 6.89443047 1.30721508 0.41634095 9.98338739 5.58721526 1.41130000 10.15773080 1.20315196 1.60032761 0.20817047 0.00000000 0.26380996 6.68625955 0.10408524 0.52559087 0.20817051 
0.20817047 0.10408524 0.00000000 0.10408527 0.10512510 0.20817047 0.10455755 0.00000000 0.20817047 0.20817047 0.10408524 0.31225571 0.10408524 0.10408524 0.31238562 0.31225571 0.20817047 0.41634095 0.10408524 0.20817047 0.20817051 0.10408524 0.10410040 0.20817047 0.00000000 0.20817047 0.10408524 0.00000000 0.52042618 0.20817047 
0.00000000 0.00000000 0.00000000 0.00000000 0.00000000 0.00000000 0.10408524 0.00000000 0.00000000 0.00000000 0.00000000 0.00000000 0.10408524 0.00000000 0.00000000 0.00000000 0.00000000 0.00000000 0.00000000 0.00000000 0.00000000 0.00000000 0.00000000 0.00000000 0.00000000 0.00000000 0.00000000 0.00000000 0.00000000 0.00000000 
0.00000000 0.00000000 0.00000000 0.00000000 0.00000000 0.00000000 0.00000000 0.00000000 0.00000000 0.00000000 0.00000000 0.00000000 0.00000000 0.00000000 0.00000000 0.00000000 0.00000000 0.00000000 0.00000000 0.00000000 0.00000000 0.00000000 0.00000000 0.00000000 0.00000000 0.00000000 0.00000000 0.00000000 0.00000000 0.00000000 
0.00000000 0.00000000 0.00000000 0.00000000 0.00000000 0.00000000 0.00000000 0.00000000 0.00000000 0.00000000 0.00000000 0.00000000 0.00000000 0.00000000 0.00000000 0.00000000 0.00000000 0.00000000 0.00000000 0.00000000 0.00000000 0.00000000 0.00000000 0.00000000 0.00000000 0.00000000 0.00000000 0.00000000 0.00000000 0.00000000 
