556.92599459 358.88896577 225.13855458 635.82751145 311.17929073 619.58380011 234.41099264 468.41798428 623.05787273 751.02113494 643.30692423 699.68552337 524.14548078 725.50970534 514.62717647 490.93159559 560.46535900 216.46619735 566.39111995 633.39950811 500.62929836 533.44684417 476.67947442 734.67656133 662.56646403 813.40479316 622.02147786 514.03216289 547.46900880 633.04889421 
296.51919400 358.88896577 225.13855458 531.61387654 166.20729495 208.23242145 234.41099264 293.96660900 428.98907100 345.69341062 643.30692423 523.00671049 524.14548078 115.26868996 514.62717647 173.75729736 471.34855443 216.46619735 226.61327579 524.05760763 448.56036258 323.32814340 476.67947442 324.50091216 277.14564875 590.48210990 244.97777883 370.63392596 337.62437389 633.04889421 
255.21767908 358.88896577 225.13855458 278.89298993 166.20729495 208.23242145 234.41099264 293.96660900 428.98907100 345.69341062 643.30692423 523.00671049 524.14548078 115.26868996 495.62158263 165.30953477 330.87276893 216.46619735 226.61327579 524.05760763 191.39988857 281.76097519 476.67947442 293.64964608 277.14564875 422.34452992 244.97777883 370.63392596 337.62437389 504.28724719 
107.32116121 295.25419422 183.37579925 278.89298993 166.20729495 122.29633641 186.51253977 158.99121165 402.15649339 124.61038933 207.80478079 61.18730497 206.43099473 70.46405860 256.47688085 133.71526819 179.79386360 108.37968671 105.28881570 228.01612061 191.39988857 110.89201481 156.33773127 40.81695185 261.68269635 134.71789312 228.94113658 175.26039549 137.08978425 392.75579813 
38.49979813 59.30698934 50.96291979 148.52536065 72.86907302 22.20341874 12.99311642 101.22164318 62.78882794 38.64155191 49.05730403 32.02420623 83.03765090 64.72642099 28.73894021 123.56796665 42.52302585 18.23645138 28.93938263 130.99635269 61.60684735 49.77043764 34.13115444 18.66183218 52.18686242 24.91689348 107.19562041 130.13870042 24.89316669 60.78970771 
26.17833562 16.04574823 10.93287769 16.78990534 23.67491829 2.44517894 2.78422068 3.24370932 16.17132387 7.01256116 5.65731176 13.48421925 19.96953467 17.85535510 5.28649833 121.54456192 8.63905889 5.45458517 14.22428743 40.91071589 40.95190798 7.77184187 18.90396604 4.98467674 11.51810576 16.20599970 52.98550994 24.72638861 3.91632633 15.82394247 
24.68715947 1.95700437 2.23320792 2.48800218 2.49770895 1.03203803 1.58472573 0.56887793 14.98933296 4.90489617 2.02760042 12.44657443 13.12828923 13.74003202 1.92392075 120.69571588 1.84526457 3.38530190 12.58894091 13.16075773 14.23460809 2.66229994 14.16573527 1.04952484 2.84534264 13.36116544 18.04420183 2.19328992 1.74837817 1.88396701 
24.32708964 1.00597642 0.83794964 0.95340040 1.04117993 0.78567100 0.57230969 0.36535222 14.39175369 3.48154754 1.66699882 12.10416033 11.88862549 12.96009624 1.09787148 119.94673401 0.83984565 1.93259742 12.27575151 11.81258758 12.67728672 1.72691980 12.57301477 0.74175773 2.09278890 12.12534410 2.32402480 1.14554447 0.86577349 1.33442177 
24.02649958 0.69081355 0.50306289 0.75061025 0.78691051 0.42706008 0.43343439 0.33787842 14.27707692 3.05055994 1.50532065 12.04721538 11.74685005 12.56692752 1.00503120 1.69227732 0.74951232 1.11173515 11.92000076 11.68692796 12.25651496 0.68213843 11.78319502 0.60330555 1.51503824 11.43515384 0.63389850 0.82512740 0.49604451 0.89128327 
23.89080550 0.65775839 0.46492303 0.41295873 0.74038292 0.16294223 0.12678802 0.32487669 14.16355902 1.70768824 1.42394633 12.03996247 11.74171570 12.45274725 0.97738196 1.64178811 0.74359588 0.92703255 11.77617176 11.67414644 12.17929810 0.46006711 11.28662180 0.48513971 1.39608777 11.27201688 0.30253923 0.70960099 0.41729102 0.43899547 
23.41766496 0.60178016 0.44421997 0.26144012 0.72020035 0.07594924 0.04076355 0.29390667 12.06923332 0.57395174 1.38174650 12.03402332 0.77205082 12.36796568 0.90722862 1.63144153 0.74084873 0.86573197 11.70951343 11.67294055 12.08177482 0.33868754 11.26773304 0.43660276 1.39248879 11.21802812 0.24975486 0.68505954 0.26706871 0.43180995 
0.56217497 0.52053574 0.44095313 0.08984046 0.71907621 0.07584017 0.01950208 0.29328867 0.70263402 0.24751885 0.97295961 2.08372294 0.52395629 0.47479715 0.90525752 1.38680562 0.71702035 0.65464576 0.51591945 0.75118013 0.59695758 0.27126570 0.12546686 0.38978087 1.39204466 0.09699255 0.03237297 0.68505647 0.25039578 0.42644502 
0.52649645 0.52049889 0.43709955 0.05978496 0.71881146 0.07580336 0.01948525 0.29328849 0.43573609 0.24724901 0.97291413 0.67424569 0.50721584 0.45886488 0.90525175 1.38631068 0.71701761 0.23244986 0.44953846 0.59749909 0.23832365 0.22423615 0.05280873 0.38314202 1.39204253 0.07312678 0.03155949 0.68505624 0.25036413 0.42643404 
0.52649537 0.50385095 0.17853104 0.05977882 0.02126812 0.07580336 0.01947352 0.29328846 0.22821276 0.24680175 0.14381065 0.02164077 0.09629012 0.45886435 0.23503436 0.56183297 0.42044120 0.23238414 0.44896654 0.02296877 0.23832347 0.02213455 0.05280802 0.38314196 0.15830908 0.01439032 0.02961387 0.02543792 0.25036410 0.14443759 
0.00434491 0.02467841 0.01953431 0.05944739 0.02084579 0.07580336 0.01943503 0.03682340 0.01944880 0.03566218 0.02019929 0.01943719 0.03591336 0.25072133 0.02126845 0.05388085 0.23277808 0.02424123 0.23803582 0.02290187 0.03018048 0.01516328 0.05280802 0.04013719 0.02104164 0.01439031 0.02884340 0.02542774 0.01948613 0.04476265 
0.00433982 0.00524603 0.01944479 0.02706555 0.00141082 0.01973300 0.00001265 0.01009525 0.00002013 0.02687921 0.02019820 0.00004235 0.01962685 0.23128948 0.00183663 0.00264849 0.23277405 0.02073572 0.21732787 0.00449892 0.03018047 0.01515013 0.02156899 0.01967457 0.00075241 0.01439031 0.02054852 0.00599592 0.00003708 0.02533080 
