57250570505.53322601 47104441478.95390320 41769180098.49157715 57287848310.27055359 48728181729.56439972 53276980756.98396301 35469048834.04844666 44345696289.89994049 58382873989.34840393 40517874418.85730743 58048626760.62729645 57691934040.72876740 62770555045.18384552 57202031147.87883759 57923191186.87493896 63720582280.06513214 30270738011.83495331 63270320514.79351044 43448867803.37443542 51074739573.32031250 57990110708.60696411 60799519852.33522034 56381777810.93186188 58304183011.11583710 53516818456.13759613 36629618758.88572693 49965241572.28673553 43786890718.42330933 54070046336.55376434 73419127633.29229736 
57250570505.53322601 30150388106.61221695 41769180098.49157715 43942396108.86614990 35798332474.63316345 47534035262.03774261 35469048834.04844666 33251206385.43991089 58382873989.34840393 40517874418.85730743 32390685703.39870453 28174961176.73970413 62770555045.18384552 21421785329.37151337 48246018250.62863922 33566235595.01247787 30270738011.83495331 53021110107.34922028 43448867803.37443542 47299545962.49311066 50640470713.57666779 42994827185.20100403 56381777810.93186188 46233637191.87380219 53516818456.13759613 28758989091.02898026 49965241572.28673553 24631514479.57958221 32268467813.50051117 48563832011.79809570 
41371040162.97715759 13950040987.74055862 39458521154.45980835 25814999133.13220596 29036997439.27595139 26494384539.60053253 18074122770.95955658 18233696156.58448410 35493133829.87318420 21336518342.88290024 20128900410.58289719 27627712385.65209198 37316009721.63645935 18855313129.08351517 35204465025.72615814 17258484383.24283218 24851956266.88299179 20353708307.60851669 33996783660.75239182 23568618535.47840881 31227449104.59735870 25508772537.18244171 35471522297.47708130 22456602400.78785706 22215755760.15744019 18348517763.95140839 40931392777.57363892 19532231589.23886871 13378604099.19990730 21186785547.61427689 
20012906651.31459427 9594472629.74352646 16840479996.70284462 7909343916.15211391 17493867577.32431793 13689071187.06534386 7872219380.36975765 9088478274.86140823 11029037118.22553253 8874549485.97558212 7749941624.46463203 14869641004.42568588 17815427347.69939423 10680736626.95922852 14737095184.26315308 8567787013.53441715 6864206956.28624153 15930279179.60087967 14264368017.26815796 11475881048.34179878 18982421057.27909088 14076928421.94522667 12974749686.40085411 11486071484.13195992 9070675890.91259384 7943771072.65552711 22666796212.13436508 6928212521.11803341 8385189127.47800159 5104048996.85952282 
6619285128.90069294 1642154062.31025529 5282098425.80799198 1255105091.66765881 3967431156.55063105 2282545727.15453100 2448015908.98832750 3101889338.35216522 3671926685.20715189 2856933041.24002600 1771436549.52490211 2927202468.12434149 5605439113.90647602 5238441450.46302891 4126170472.09950399 4939828926.53359604 1415001518.71392322 3169066071.43625975 4318638602.50704288 2192416698.79512596 14905670855.15507507 2845907005.31611490 4109017626.45828867 4400459687.32882404 1391873633.59788561 3574960556.85675812 5555439775.73253345 570456728.50531721 3113506873.18145943 1174575225.19591928 
2159780203.47001600 334802752.45494419 721454511.18666887 87767005.31555033 463166563.73918593 92644720.81907980 361022930.25644034 228244057.65225044 397943064.62403417 1803597367.10244417 250687206.41541988 1216052956.89588284 3100119682.94598770 3840776778.82645130 1636647815.50137210 3340731696.16307163 72842467.94841531 360757259.60089940 658846759.45984769 474212898.88771760 12509085575.30566406 177534982.63919285 2425026258.75902748 1538702620.29932880 176671967.69304511 104547869.10528697 1559762070.89378238 26997487.96486690 759291242.17827570 325465694.29865438 
1169919727.00923491 36474953.22177715 2452965.12079284 24009564.60757581 9748808.67968263 16369517.84502400 81261075.15503570 48041331.82252742 104642031.28671893 403029607.01920617 96606147.99222912 40229133.01851774 1227697244.59983897 299128679.71208555 986887580.15144253 1010073692.42952514 3270143.05947507 4969206.03016133 3409090.64285488 98338645.58798946 2262426827.79257011 1612193.18350468 2225928115.33996773 736298137.66954660 6008338.86413256 4636831.29801498 1037081091.44405460 1695999.09329983 8883106.99371645 10867433.45217114 
352368112.51999593 102850.11612599 812.22265783 12441976.94217035 33410.75630349 54054.81700518 23472447.60932329 299776.12341046 23723484.24505263 3267277.19595965 90261396.18823357 90494.50870235 220555.86394455 10517744.36079437 300331715.26161563 6683414.62970561 595987.74608498 164004.33331691 36150.45829990 429874.39276861 2053407.80215074 16823.42108727 59355.34719488 44069668.94137722 31412.92193232 227622.11385130 1005073991.45183861 46304.87116850 511882.99562038 34209.35319061 
84114.22803783 728.64787140 69.15080501 7409880.81168619 1644.99649962 10837.41146294 16169.53423464 835.74681465 37443.57439022 3715.83145206 375.70904185 1871.09345284 1270.18374421 1030452.69402827 10940.44364818 6495.51692731 5241.96891535 1205.84600146 4168.45373821 5484.89274172 14014.28875921 3474.73006149 9837.94829430 5082199.49507960 1836.44252528 2372.32959262 197117.95931149 3143.69292884 490219.28289218 12241.58803238 
2717.95509589 611.47119665 68.95083301 12092.60451024 9.39360011 537.40908780 5337.75689346 9.53288523 4073.35417733 7.16189943 6.02542221 1748.65390161 88.74630052 7119.26348379 71.49789555 210.52912111 4953.02286197 13.44197478 4167.84468220 3905.62067842 11711.15951582 1724.51301548 4.03898462 488.84526854 1835.69486244 2360.71075892 1317.49871282 2.14862127 9369.06743543 5698.76518664 
2701.43747226 0.00011930 68.93109053 12087.90091759 0.03009035 0.00004943 0.02314338 0.00000058 930.25426368 0.00563960 0.00000282 122.44435737 0.07102867 402.34199795 3.31447007 0.00596005 4951.68457822 0.00298433 2.14320620 0.09343962 0.45305665 190.52912092 0.00789883 0.55376445 0.01315100 2359.75930293 0.00164787 0.00048881 9363.17836355 2292.52254115 
0.00000282 0.00000000 68.90543978 0.00080247 0.00000011 0.00000000 0.00000651 0.00000004 0.00000131 0.00000000 0.00000000 0.00005708 0.00000000 0.00000156 0.00000282 0.00000000 645.34698138 0.00000000 0.00000002 0.00000004 0.00000000 0.01711127 0.00000000 0.00000007 0.00000000 2358.71450434 0.00000000 0.00000000 9352.71012309 0.09794127 
0.00000000 0.00000000 0.00000000 0.00000000 0.00000000 0.00000000 0.00000000 0.00000000 0.00000000 0.00000000 0.00000000 0.00000000 0.00000000 0.00000000 0.00000000 0.00000000 0.00000000 0.00000000 0.00000000 0.00000000 0.00000000 0.00000000 0.00000000 0.00000000 0.00000000 0.00000000 0.00000000 0.00000000 0.02579293 0.00000000 
0.00000000 0.00000000 0.00000000 0.00000000 0.00000000 0.00000000 0.00000000 0.00000000 0.00000000 0.00000000 0.00000000 0.00000000 0.00000000 0.00000000 0.00000000 0.00000000 0.00000000 0.00000000 0.00000000 0.00000000 0.00000000 0.00000000 0.00000000 0.00000000 0.00000000 0.00000000 0.00000000 0.00000000 0.00000000 0.00000000 
0.00000000 0.00000000 0.00000000 0.00000000 0.00000000 0.00000000 0.00000000 0.00000000 0.00000000 0.00000000 0.00000000 0.00000000 0.00000000 0.00000000 0.00000000 0.00000000 0.00000000 0.00000000 0.00000000 0.00000000 0.00000000 0.00000000 0.00000000 0.00000000 0.00000000 0.00000000 0.00000000 0.00000000 0.00000000 0.00000000 
0.00000000 0.00000000 0.00000000 0.00000000 0.00000000 0.00000000 0.00000000 0.00000000 0.00000000 0.00000000 0.00000000 0.00000000 0.00000000 0.00000000 0.00000000 0.00000000 0.00000000 0.00000000 0.00000000 0.00000000 0.00000000 0.00000000 0.00000000 0.00000000 0.00000000 0.00000000 0.00000000 0.00000000 0.00000000 0.00000000 
