26430712.91926582 52255686.38911814 119575261.93997793 28379086.66922960 24361106.01551059 9350344.92559759 45219546.31509990 62988435.91361690 58761803.08078880 21429106.11320823 59838217.44202155 7840188.14665062 22021637.69282743 21238504.77059636 92231246.76697890 20806712.86388634 40413933.45786386 37599656.75673608 13174967.90939628 127739005.94587100 8661922.90562942 39022707.73195829 120772405.12487634 32797735.14500897 8886220.83212588 34390812.69904802 63470977.84471730 76065613.42488822 9935572.08676812 24962738.87949066 
26430712.91926582 52255686.38911814 17675751.79176140 21318638.73493075 24361106.01551059 9350344.92559759 3772418.24060158 9273895.97806951 16370519.90339521 9372207.88568208 10560534.56581763 7840188.14665062 22021637.69282743 5917934.49299075 13651124.88341044 17280200.82689309 39280658.21979253 12192378.51211528 13174967.90939628 12795357.70622236 8661922.90562942 4924340.14512431 42154841.71139555 13220757.04792721 8886220.83212588 4485186.96723092 25795764.21891282 9079409.58656456 9935572.08676812 15894026.52301370 
3256394.23947950 4488986.63107539 1999093.34267038 1316058.94839716 1588924.14367307 628415.25129373 250474.15916729 2684256.82371910 918977.12645188 1739463.50994246 718437.94799406 5049676.45439862 2910712.80361897 973236.53561191 2322207.79025355 909153.35382680 1718422.56628037 294913.06533315 525884.83560609 2146025.05238379 4119120.25562791 3623663.09858286 502329.78434723 2347808.53895868 234001.54882142 526351.52003584 2797044.10619714 3661402.84788343 654368.85988759 297616.02679906 
196983.27002759 662135.92265451 28519.69039022 247139.79486390 58016.33673089 52410.43537265 79748.63534140 70302.94103510 82107.15310388 190595.61207660 230318.11834061 221973.91201451 426584.84966905 39752.89281685 92771.72327684 157512.55307041 25334.77555190 46737.88568706 81642.33611912 257255.44566748 308682.97946249 428003.88790219 25728.85529289 51859.77345604 27573.37552754 227323.40670829 192609.46076948 93626.71390153 37259.10485564 14435.34511739 
5733.32968191 28513.85495611 3538.84208287 7821.19110275 4148.89806925 566.62231313 4958.70387892 5791.06789185 36840.07682682 6444.22637320 5184.57249779 24351.98654205 3961.75690871 1977.97665019 7301.61436919 6329.53472325 2031.71370016 2443.49849533 56514.50492937 72220.73797259 25527.91043711 4934.56762338 3471.89441092 9865.23110522 1773.65778425 90663.04850957 2558.65715764 4912.74244755 3227.01121525 2327.43828207 
419.19087484 1568.53925539 317.81466050 587.58879978 256.54622466 154.93253281 680.31070836 316.08373059 29938.22449451 1452.53790810 739.83783150 742.27423951 96.67666843 210.30222082 1055.09853569 789.89630350 707.39281276 460.62906941 52191.84884436 513.35527896 645.05033581 581.09788706 311.43130008 564.31907037 709.04223479 3779.80401169 565.25821368 660.72459502 480.19738456 436.59541885 
75.71243034 178.86695304 80.23455929 31.15180625 12.94057779 50.53134929 341.93574893 27.37376315 422.77578373 163.04685693 159.60182441 136.47949984 38.61847965 18.58727896 169.57922691 34.26450111 155.81420435 339.51748588 729.32381325 42.53583901 6.00446858 374.74576325 42.24824771 29.19078285 443.56430932 48.69795055 133.01816803 84.88783031 39.00357849 250.84621159 
1.87131844 31.87603733 3.54159556 10.43730399 9.78111855 22.68988484 338.68553546 10.11948871 314.33043039 10.84531819 150.28185522 4.05373189 33.64280537 2.15940970 120.28728170 10.39417060 135.49374395 297.67864680 33.73937127 38.98006340 1.46231913 365.77818756 9.33191593 12.16323547 378.73798682 10.99275434 1.59762787 1.62581990 13.46458749 235.44697363 
0.60459338 31.16410519 1.86115430 9.24624980 9.08230649 8.89541917 338.63537192 9.80980360 305.22766106 9.87944060 150.08347266 0.93728928 17.29186389 1.24483701 119.15712428 9.95012859 128.49227828 255.36252919 30.45181838 38.94840301 1.20285821 365.50593955 8.86867321 9.27150779 377.78595764 10.48119628 1.19789257 1.38644516 9.98401211 233.54386696 
0.26263079 30.36931116 1.76478025 9.06698317 9.03389560 8.62945909 338.60917750 9.72754250 9.69766698 9.79067942 148.94038814 0.82672441 17.15382865 1.11566503 118.91044671 9.42130823 128.32386561 255.23807494 30.14311560 38.88939321 0.63977378 365.34052025 8.85465631 9.07709281 297.99015876 9.52927330 1.02542271 1.05794221 9.84532988 233.29032129 
0.24093664 29.92001850 0.62080416 8.94978190 9.01619933 8.59508492 9.36800091 9.70461817 8.92309966 8.78627248 29.52639108 0.68631713 17.14000551 1.03715174 0.38422785 8.77136137 9.04181513 67.15256958 30.11866342 38.88249766 0.60221980 9.92159762 8.78488340 9.03808068 1.56247898 9.43731395 0.98827908 1.00181158 9.83107073 4.31863895 
0.22313664 0.63528160 0.54031445 0.58714678 0.78878913 0.21146023 1.14117430 0.48692187 0.46605985 0.51814937 0.57781782 0.67678422 0.35099835 0.85758467 0.31125382 0.88316156 0.80453323 0.85415098 1.10453413 1.41474029 0.52541373 1.24531432 0.49916982 0.59878209 0.70958468 0.78467712 0.89794525 0.92144267 1.02704092 0.22746167 
0.20038074 0.47522283 0.47935415 0.49159357 0.67565371 0.21132740 0.48729796 0.10383786 0.44223771 0.22230427 0.57569274 0.41110585 0.27712749 0.24013659 0.18884003 0.49522093 0.33169995 0.39691490 0.32415273 0.66697158 0.42613782 0.28532415 0.45992192 0.43331309 0.69713407 0.23146985 0.43259218 0.66655890 0.33208104 0.21115402 
0.04236241 0.15103009 0.07714809 0.03214030 0.19532694 0.05520872 0.27052080 0.10125453 0.05404961 0.04616468 0.05381632 0.06079611 0.07216572 0.01195249 0.03270376 0.18021959 0.02613545 0.13526340 0.04596031 0.07895457 0.05402166 0.05318441 0.23735549 0.05425715 0.06708100 0.04633907 0.17418977 0.04683282 0.16206156 0.04585355 
0.04168616 0.15102985 0.04574387 0.00171694 0.02830580 0.05520867 0.25108377 0.03568362 0.03709052 0.02998579 0.05381427 0.06079607 0.07216566 0.01194709 0.03268196 0.04477206 0.00657182 0.08951080 0.04596026 0.07856306 0.00959560 0.05318435 0.03737581 0.03992511 0.04923954 0.02688158 0.05360114 0.02725694 0.10704513 0.04210434 
0.01359661 0.13159788 0.00053263 0.00170693 0.00624355 0.01330385 0.22146156 0.03568356 0.00949695 0.02310866 0.03438239 0.04050700 0.04200079 0.01194705 0.01325001 0.02534017 0.00657174 0.04056662 0.02652843 0.05588793 0.00050317 0.05318428 0.03737577 0.03909336 0.00825706 0.01979400 0.03364417 0.02725679 0.08760400 0.01613256 
