1251.40927810 1464.25091866 1332.65221915 1645.68902582 1101.98981064 1358.91494976 1503.22700555 1040.15971389 1456.67392830 1407.96829563 1058.17780940 1415.23957094 1102.33633343 1351.50236382 1434.75285647 1248.67248392 998.25552361 1223.03313138 1546.57539275 1671.67845860 1343.15279676 1336.58230392 1600.80878718 1215.66818664 1528.00985449 1429.41646755 1256.12776319 1354.65855090 1515.84547712 1399.33541181 
935.24160584 972.32518325 785.73136666 1009.79511846 953.05267240 981.95910564 1331.15086286 1040.15971389 1042.81630746 1242.11692741 947.86813493 1296.15063173 1071.98499498 951.08278435 644.83191908 1248.67248392 888.10700886 1223.03313138 1266.96777841 1168.79191472 1230.89025248 1131.87382198 810.01087633 965.13043338 925.20118417 1014.92657255 1255.84711573 1135.24012751 908.72713090 634.60634417 
595.18127784 572.56258759 548.41545206 574.38940003 594.83202843 431.42775342 746.68795532 1020.74541924 936.30479200 630.75703547 605.17901453 812.77398530 979.06324086 687.47080331 557.81216104 647.11788037 751.65891634 577.13564410 448.52342712 831.12622316 693.49887188 491.29210233 478.49629276 513.68401935 660.40950471 486.58368778 995.73249481 783.68411115 393.75147496 477.95194321 
423.89860721 449.64702664 339.78308507 324.44972519 413.16229168 286.52155607 487.94023837 504.15170552 393.36158159 350.04004213 372.20596363 577.69677434 551.96436750 477.51706394 372.67091537 324.72457504 370.27998065 436.36913980 364.80684586 563.22446452 380.84298427 341.01309488 327.48615869 350.16224114 388.57061421 358.91888678 438.76075640 357.38164140 299.88270239 363.29085483 
251.33176546 275.31601375 247.68028707 208.30337411 218.74340477 244.06755652 259.01349454 357.90125147 296.91600730 247.92269313 226.09314538 429.29078838 327.03817484 269.43960968 323.38269484 203.66868306 228.10789443 249.65237481 180.97310251 249.08450289 208.16840181 216.18612380 263.34626108 264.59886210 240.78947137 224.26251496 273.93196614 241.22325674 187.39319937 293.38034142 
152.41518907 186.81353118 174.59098894 151.33167198 109.76675015 196.26756591 187.29645042 262.12555156 201.14104285 152.15719925 168.04980551 351.30230020 212.95079881 178.03858904 264.34089406 104.46535041 144.85032469 204.06742445 145.49751854 168.89155628 159.59585939 132.85447496 204.66416142 226.97680573 173.40006172 148.87945669 197.62104482 203.14914381 139.96343830 248.16465245 
136.49047392 146.70243094 121.05302354 114.35897450 95.34262053 146.21523364 120.22516215 239.54755796 166.35626546 93.73374944 129.86928201 314.97797015 177.29731922 125.91873841 214.05572507 80.35112589 122.97864118 163.13729586 100.39158267 99.65398771 124.21609800 108.38572187 174.28400402 137.60729211 132.74992310 101.95208530 176.70400380 171.23501947 129.87866329 203.30374844 
90.12693911 113.48206361 79.82188726 68.93524198 61.66935379 119.68936281 90.44767967 192.30024605 123.91391191 77.15422298 106.35707197 291.63837457 141.65888134 112.02700198 195.72051549 64.52508756 106.27188022 133.14480015 78.27970847 82.49220670 87.66002876 92.69679764 156.10758432 103.27845777 90.16815387 89.62229940 156.49094548 130.02116659 97.41854685 189.58846054 
66.89879768 77.42524041 64.58244965 58.25528202 50.12600799 102.79629782 77.34702427 168.24558914 100.52877072 53.64463016 66.97952313 143.85799345 99.32164469 69.77416390 184.80829284 47.31987257 84.00084021 114.91148990 57.35317328 72.32976266 70.60160504 57.69815876 139.56619622 83.17753994 75.98670082 55.95577865 138.99305476 106.90350759 72.05686395 167.82655375 
47.40918251 59.79897030 54.15263525 45.77932935 47.46783397 93.35462858 58.40885926 152.00326170 89.95675758 44.25604326 63.92965068 124.68656707 89.26154774 65.68504756 174.98599113 39.86502126 51.17245266 95.53313362 45.23194650 55.96754002 53.27164214 45.95124973 138.80853121 51.66089394 61.66124334 44.30395519 123.69537397 64.77997269 51.30816344 147.93431530 
33.66382574 51.58724237 47.09909225 33.99072216 32.44080608 86.06933069 44.88610729 41.01152241 76.65609722 37.81054302 51.30382392 52.95525128 66.63011111 46.11276088 57.79941494 29.86319575 34.60551898 59.30242243 38.24632123 41.84477959 39.60817042 38.41420689 52.48308093 46.14198470 53.78992318 29.11389568 107.58565283 41.64508933 34.16396931 70.66203287 
29.82832117 50.01084243 42.16317507 24.41632294 27.27142045 33.44752808 39.76731910 33.45845784 70.95491329 36.67397734 36.97525100 24.55642480 58.35230422 30.88384687 36.65373367 28.73175006 30.60070726 53.13537219 33.83904770 37.79820203 28.64469991 31.19462491 28.82834601 44.59167993 50.67875468 25.77557049 29.76637851 34.64298364 25.74503288 57.10764856 
27.25254672 28.84471153 21.22526221 21.97899124 24.80228217 25.20504333 35.42344769 29.73579632 25.15813225 31.89300220 30.98308123 24.34121091 23.28744893 25.24754726 31.24403109 27.94662418 28.38799292 24.70079516 23.97103840 35.02159122 27.23652535 28.95812142 28.01103933 25.04979190 25.47126356 24.39953062 24.53985016 31.21443927 23.88121537 30.36077122 
21.79845369 21.41003828 20.38844279 21.36483021 21.69458317 22.03071805 21.29638724 21.16329946 21.30953054 23.57800557 27.48938966 21.50048738 22.06838613 22.67698289 23.21985397 21.50662035 22.07948932 22.52066949 21.50451521 23.78888172 24.92677269 23.64550938 23.50455810 21.74897756 21.74902757 21.63944440 22.23725818 21.24802409 21.84119199 24.41618745 
20.57013161 20.38721544 20.38721544 21.36483021 20.84706605 21.73871798 20.38721544 20.94577707 20.77133422 21.20429292 21.80895947 20.38721544 20.57013161 21.77365916 21.33594814 20.77133422 21.46882341 20.78765399 20.60473783 21.24780540 22.17714900 21.43223673 22.77969507 21.17989931 20.92795653 21.00137647 21.01776726 21.16612025 20.61627748 21.12736049 
20.49791745 20.38721544 20.38721544 20.38722212 20.38721544 21.22524613 20.38721544 20.51835318 20.38721544 20.49791745 20.56165829 20.38721544 20.38721544 20.39062491 20.38721544 20.77133422 20.77133422 20.38721544 20.60473783 20.38721544 20.60473783 20.38721544 20.80024487 20.49791745 20.38721544 20.38721544 20.38721544 20.38721544 20.38721544 20.56165829 
