566.50090470 1439.15282263 1771.07111209 1347.02713384 547.26120099 1048.00280814 522.90709234 1046.15352834 1303.90769458 1257.39274877 1834.49031520 1151.49734590 1538.55474210 778.01673631 766.07556099 701.23538348 1167.77056076 574.77699041 1386.29656225 1841.58631799 1410.53582842 1646.02495937 1315.87874983 1555.35305384 1380.81391618 1438.41982961 1891.01888102 1210.50054665 859.20862470 1630.61286692 
566.50090470 1032.80449857 1118.22437924 1274.73399289 403.90343303 1048.00280814 445.35238367 245.72203335 1303.90769458 1257.39274877 815.38410360 345.87811319 483.96636935 726.02298433 766.07556099 701.23538348 745.07462663 531.35267673 438.16083183 672.28040769 743.53021758 1611.82267176 340.22189628 1477.04849942 355.41079154 618.65341138 1212.87971453 522.28178754 859.20862470 717.36060607 
566.50090470 1032.80449857 1079.22774567 1274.73399289 306.61810166 837.16427692 362.39833316 245.72203335 996.44489970 1257.39274877 807.24837015 274.05528500 483.96636935 557.39583826 605.93220450 659.80887246 655.73065887 531.35267673 438.16083183 579.82679373 517.34200187 1044.32545238 237.88540989 751.79921373 321.89049125 559.17095826 1212.87971453 477.78352682 485.39095622 636.89634635 
191.52638449 384.16105526 368.55343894 305.94664725 205.00836287 359.78982183 217.01135282 181.72175203 273.63979327 362.31182921 265.35398631 137.49787204 305.34805743 326.16350543 297.15194409 327.93896423 385.31871673 151.66330287 169.66311568 201.68689777 264.24238188 684.73450669 155.43835806 484.79043032 198.06800498 316.88375535 514.16690366 331.02552109 216.71135440 300.86604920 
116.69750068 201.60805890 181.22844171 135.36821597 129.99373329 146.18764414 130.83534813 148.31002226 115.34604289 140.64277360 134.41641852 121.87527290 210.91423030 131.50049679 131.29717373 165.31948498 134.33854377 115.43146930 116.18219995 115.27665804 121.48499807 221.46762628 133.86800784 129.34321414 126.18532754 175.97425721 143.74413337 219.97709494 117.42441610 120.40261878 
111.73653814 128.02760841 135.93304548 116.69052354 108.34809898 113.40699205 122.00030279 141.25504902 108.99635445 113.58214244 110.39548087 112.14208247 163.99426983 116.98626386 122.62775390 153.86918778 110.92629743 110.73960512 109.95928590 110.04666717 112.63460100 175.88494789 119.65522087 111.95365174 111.05014071 114.99991235 117.96957350 197.29064072 112.32246234 109.35069508 
110.23227065 112.80260770 114.70597029 110.03581598 75.74681053 109.36494720 120.43248832 124.18157272 105.27398009 107.68747388 104.40686713 109.48640981 117.74993678 113.75194192 118.06791209 148.79618655 105.71118550 107.98346218 107.26000444 105.92710133 108.01452521 136.90740101 109.37458544 109.17231970 102.48167586 107.02749612 111.58593759 165.09828756 108.42574502 108.65491459 
108.22865694 108.06376365 108.17964505 105.73765819 43.45385372 105.82331184 117.47188471 116.13692475 104.36691935 101.47370862 103.23781634 106.32606194 110.54309935 106.78810011 115.09102537 143.88951950 102.46055294 105.49364251 105.02663998 103.62956028 106.53070334 110.25789128 106.96994984 102.12868926 100.03212405 100.65770889 105.51888383 111.03959247 104.73805715 106.78533401 
106.83687100 106.15037784 103.88496411 103.76235207 38.75444900 103.40244277 114.74553728 113.01019392 103.37639134 100.35528353 103.20657406 103.22926418 104.72525251 105.56142846 114.45382356 143.06016340 101.52695889 102.63951453 102.62889732 101.69753922 103.58576050 104.62281144 104.89449061 101.72489549 100.00840303 100.34499714 103.70717111 104.02072579 103.75754121 103.21278700 
104.48004766 104.01641818 103.13393752 102.36269083 38.75351956 100.38410664 114.34364317 112.97355331 102.87177197 100.34846827 103.20516519 103.06117850 104.07208910 105.48725783 114.33270175 142.96727905 101.45078872 100.53574502 101.76315210 101.20945084 102.75493187 101.06847029 103.64130429 100.65484507 100.00000151 100.34490097 103.46338467 101.79131378 103.66207590 103.21278700 
102.47064130 101.95483440 100.98355447 101.76837998 38.75351898 100.34739148 114.20231049 112.97348381 102.87145360 100.34788831 103.20516500 103.06064872 103.68923541 105.48693191 114.32989853 142.95769563 101.33923891 100.00679062 100.76140739 101.03701305 101.19382807 100.90012374 100.94237094 100.25076242 100.00000000 100.34490026 103.43464424 101.58267292 103.65613912 102.67088189 
102.44422415 101.68512655 96.96011377 100.99780343 38.75351898 100.34739127 113.97889695 102.42086092 102.87145360 100.34788769 101.25563145 103.06064871 103.66837112 102.03715184 103.50464247 108.69548607 101.33824794 100.00000000 100.34490510 101.03701153 100.61057115 100.90000971 100.81302659 100.00000000 100.00000000 100.34490026 103.43461124 101.57574755 103.65613867 101.57999396 
102.44420956 101.68512619 47.16195948 100.99771186 27.23110590 100.34739127 113.89185154 101.38352472 100.00000267 100.34788769 101.04757839 103.03979892 103.34329076 101.11147475 100.75734381 106.17797311 100.73372108 100.00000000 100.34490026 101.02506836 100.42351577 100.89999344 100.81302659 100.00000000 100.00000000 100.28904592 100.68679061 101.57574733 102.38777368 68.63879159 
32.59105603 46.31099185 44.69854819 44.08112227 26.77671819 66.77272574 12.93732035 44.87390083 34.64487834 80.68555519 34.27306493 62.43783484 49.92699945 34.98866340 59.93109622 55.59498733 63.92925501 11.20180539 51.27137155 51.08673494 40.41599162 53.53983739 44.09670366 34.09867800 30.87922227 40.33428721 47.81971805 101.57574733 55.23981128 34.17124630 
22.80399812 35.91105525 16.09487893 35.19567050 0.00000655 0.00000000 0.00000286 34.89114506 19.22379397 0.00056930 0.00000000 11.56306014 36.43084963 34.98866340 17.01672293 31.37217373 26.25584643 11.20179507 11.20179507 29.63988767 39.62910172 0.00044814 11.20179507 20.85736473 30.87911782 19.18953800 22.79338500 11.56314617 43.06316495 15.56046985 
11.56305921 0.00000000 16.09487893 21.14503820 0.00000000 0.00000000 0.00000000 28.95610757 19.22379397 0.00000000 0.00000000 11.56305694 11.56305698 34.98866340 0.00000000 11.56305776 11.56305760 0.00000000 11.20179507 26.25553300 22.45656184 0.00000000 0.00000000 20.83482334 25.36923532 19.17758317 0.00000000 11.56305728 11.56307212 15.56046985 
