2701.38178436 3007.57113443 3033.07826594 2300.73938569 2887.37016993 2976.75947285 3107.87512227 2970.26741716 3606.59068620 2513.15741827 2374.58924970 3046.25122385 2640.26877384 2621.69794268 2033.01786322 2427.46488959 2690.65637270 2592.54264246 2957.67987145 3128.71381626 2431.52799977 2924.86053813 2893.24473160 2692.34088826 2543.10427454 2052.99348185 2678.80055737 2485.93810329 2302.25908628 3000.78755163 
2627.95979175 1901.23688724 2492.11114067 2300.73938569 2231.09959908 2185.41975928 2342.15523879 2087.27528949 2104.18579845 2124.26912755 2374.58924970 2168.48369294 2510.94054219 2621.69794268 2033.01786322 2427.46488959 1963.55366544 2031.99049973 2593.45984021 2375.97008769 2431.52799977 2619.45802943 2163.78363045 2427.65320909 2344.33779006 2052.99348185 2063.18031002 2437.20402331 1972.88973384 3000.78755163 
2192.01402536 1403.21576201 2027.09848004 1679.51607333 1590.71412811 1267.06929232 840.57818178 1674.41664621 2027.93000433 1244.23470902 1625.77388587 1846.75274843 1296.58123553 1486.64445526 1976.50121383 1558.33592580 1694.55214780 1432.04972702 1789.63015333 2098.94229150 1678.12513916 2088.24063626 1823.95044580 1998.45237799 1784.39530558 1566.13264153 2063.18031002 1950.24082830 1972.88973384 1515.49233216 
1794.79641140 658.64975038 1378.12079745 1351.56273451 980.09649654 1077.15482726 699.70103218 1122.13423186 1612.93763007 1061.51366966 1467.55572192 1045.03686121 1279.00793975 1486.64445526 1284.28175506 1104.38380952 1644.90412804 1373.27659630 1579.30633569 1876.05028629 1254.14001362 1234.84141457 1823.95044580 1585.43348579 1756.53722214 863.81308436 1371.67742603 1261.48820450 1164.51633182 1241.49859655 
1136.90674520 396.78599305 765.47739686 837.65041068 619.09937175 295.60225136 637.87439046 604.86550587 757.89416388 658.37873214 901.46222712 603.92601239 801.09061097 1018.77798866 933.60332325 426.26756962 736.04046683 574.96300712 1113.37383833 1171.75524806 1204.76463846 414.91305533 1083.74710012 872.96463056 1100.42038466 403.06917768 933.60776504 567.47807987 657.35489280 751.94966677 
676.37958087 319.88600873 284.66157876 370.47251326 176.48098261 251.22369529 188.27140599 166.24460930 174.78328807 72.17665752 421.89890419 349.04935323 204.64912924 765.47693777 435.80470291 102.26428416 199.35040514 134.75211495 417.69856605 635.07594906 752.59973101 208.58492225 540.85131048 495.02483504 328.94287750 137.20309927 189.99228507 394.92949724 196.65532429 301.75835157 
46.90857660 44.79614081 39.71463246 70.90374989 52.55951443 150.02703065 21.43222598 34.50493127 16.55979381 16.69011787 50.58084336 22.38500232 7.54543851 171.49531264 145.64899592 10.27000512 19.17042118 6.99468228 81.37085545 358.19910643 38.49443361 138.12187808 248.77792534 266.97429942 22.98462392 29.31363947 20.87152737 64.66829881 123.19174645 67.96662389 
1.98084778 3.83654511 4.82203162 2.91174299 3.01931844 121.95802301 8.97571933 2.75758591 9.49199671 8.36185776 23.41310834 4.05013385 4.68128288 4.30901636 121.42548502 2.62554029 2.76622051 2.52785825 5.46932716 23.80456356 2.80315360 133.31417289 235.66486986 240.75307381 3.08424974 5.95691486 2.19310872 4.46609209 121.98341082 16.23800252 
1.70657606 2.00457202 2.29376143 1.92842323 1.11617092 120.03986340 1.75893535 1.25488139 7.32086732 7.58794743 20.34881846 2.81640663 1.45692230 0.92079911 119.63057262 1.47694216 2.23886509 1.30830215 3.32712618 7.95009416 1.56882803 132.65138375 234.32581880 237.97832154 1.18202501 4.94995738 1.02848705 2.19801374 120.71822452 7.88068501 
1.04319032 1.18393832 1.55298980 1.89528522 0.63727561 119.47702230 1.51728356 0.39102193 6.19038555 7.46440625 20.11579083 1.62856946 1.22956906 0.76564385 119.23581967 0.81055576 1.88987892 0.64081245 2.34065005 7.05616179 0.61243283 131.95976485 233.87204543 1.77552238 0.90314556 1.04609812 0.75779527 0.90134539 120.36303861 7.50828859 
0.93526472 1.01155542 1.45379936 1.87120126 0.50581242 0.54210235 1.47394673 0.29684802 6.18421069 7.31987502 20.09122639 1.19669664 1.10991448 0.73741636 0.99876999 0.40966243 1.67358262 0.57191647 1.36488850 5.82860270 0.54410236 12.87146855 25.53458303 0.45225804 0.83120765 0.86318854 0.75101056 0.75466070 20.44242529 6.53314955 
0.90972386 0.75714276 0.42540234 1.73411400 0.45034685 0.36085208 1.43111958 0.28055575 0.67488584 1.84254619 0.70227901 1.06824072 1.02633277 0.73051931 0.70851746 0.32994837 1.60245769 0.52270151 1.07338594 0.16474378 0.51060841 1.31903369 1.09329999 0.43588819 0.77549240 0.82689631 0.73790146 0.53817277 0.83900180 6.38290768 
0.57151622 0.63121562 0.36551578 0.67787378 0.44726960 0.31148421 0.25051746 0.25804584 0.57856099 0.65929404 0.67898072 0.91299632 0.98779035 0.70654983 0.62714161 0.25994042 0.73782306 0.46931137 0.33333365 0.12793807 0.46064189 0.85983640 0.57138035 0.42102589 0.69342427 0.70625864 0.39861666 0.53435576 0.65400490 0.74548241 
0.22453456 0.33540662 0.13636174 0.43957432 0.41928885 0.05240610 0.24425791 0.12933575 0.37039044 0.08096806 0.14928608 0.12467545 0.05858559 0.54622249 0.08430275 0.17108588 0.16880246 0.16753088 0.14852582 0.07953972 0.17830604 0.10322361 0.40962054 0.13950069 0.34213460 0.21699072 0.07170453 0.07461643 0.29880648 0.16204895 
0.18353557 0.22043105 0.05811309 0.16680290 0.07771776 0.05103828 0.05458807 0.09934923 0.29103908 0.03909106 0.07530671 0.04148918 0.04925690 0.42100334 0.06318851 0.04280482 0.12400089 0.12275155 0.07602619 0.04318768 0.14832323 0.08680260 0.10395339 0.04580379 0.28189224 0.08366822 0.07166254 0.05757983 0.29560863 0.05653141 
0.15347473 0.16833580 0.00627241 0.01976886 0.01017648 0.03249848 0.04274274 0.07431722 0.29103898 0.02355697 0.07520702 0.04000655 0.01009747 0.26904067 0.04520327 0.03278597 0.12400053 0.11508641 0.07602609 0.03804186 0.06047138 0.08680195 0.04997261 0.04580379 0.15512026 0.06331052 0.07166152 0.05408106 0.29476267 0.03877110 
