1514873.00887216 2273608.91858972 1086923.24570922 1777760.76192692 1023105.98430789 825041.74811885 2234985.44381869 3083771.96313502 867817.48720132 3921130.61827265 1395630.45357428 1331201.44934953 473494.87120918 1147540.56951765 1822627.10590890 1030973.79397175 1130941.54768651 2348519.08344043 1123827.12394421 4140650.85576560 580341.84958662 3222094.71192646 2150709.31044623 2320187.23835995 2529400.42140181 2787324.35171733 3766130.13628765 1269324.49446417 1886213.41364768 410550.47518500 
311714.86736101 930829.85822418 924840.44115537 1777760.76192692 1023105.98430789 825041.74811885 102866.67573151 291867.48319430 867817.48720132 1164966.04573010 912709.76494565 228816.70403067 270662.99423740 1147540.56951765 1190730.37637221 1030973.79397175 414836.98749694 2348519.08344043 1123827.12394421 187031.16369382 580341.84958662 534962.83337643 447278.16927512 1476563.41670807 2529400.42140181 2308279.95869452 295395.61426211 1269324.49446417 1193209.82902730 410550.47518500 
311714.86736101 481079.16268942 26565.50897286 528905.52085014 1023105.98430789 317701.54285150 47235.40215351 291867.48319430 799964.95306485 145084.25285065 332725.09751920 28178.01665074 270662.99423740 496608.73479811 912579.51165751 179883.80246484 361196.56409662 553588.88956183 552994.90360823 57231.25719729 580341.84958662 458551.08004693 299874.33457176 118091.45550786 1411433.11933858 1245832.41350101 117427.89899212 214769.24576686 124398.24258754 205543.11463841 
183369.22321989 2939.12302352 10745.57994465 199202.89576138 20467.99030182 142929.28781821 28972.58352462 57634.52043280 12204.83426427 113900.73358746 69412.30082448 11755.60548392 85164.95154979 42669.35964820 199654.31652008 20876.69289698 31508.99942474 28811.42588137 199337.20644163 17836.57694513 244322.97868581 8956.83919481 56862.01267820 7373.14090040 220581.50874637 251080.56272585 43573.61331510 129797.57102133 38279.49225073 12701.06752020 
72530.96822202 47.89893111 2349.75760712 7793.21728170 397.09123703 11784.25565905 5576.70337448 3526.29417968 273.34866476 4382.39393131 3722.00682078 1713.57780500 9072.67672584 1774.68927258 1631.01001354 465.83757892 4670.27874543 117.37577219 98712.01058176 4646.49055265 7769.37151860 333.46645216 2040.33202996 351.68884801 22164.46148915 46629.44253884 31225.24466558 18409.20735797 1335.01671131 117.92331325 
55085.07460098 13.72358299 424.78539626 1374.06566892 115.65737762 1840.13759950 3311.48062493 92.70719558 38.56020642 182.23199627 22.28211318 333.17535624 675.98092582 176.95095631 20.96034364 43.21913534 302.46952392 16.00778578 5107.22876446 2073.42060032 38.56620618 27.60413668 184.66941426 30.33726668 2812.56289461 15755.90259189 25650.62698073 9315.29037638 31.04837586 16.67439809 
46073.79792670 9.18697229 35.75982351 618.58624544 59.38695850 82.26501309 3010.44606591 26.60728229 22.85695754 87.61459846 10.47499506 29.13029360 306.24883701 72.86425230 12.23015814 15.26311967 39.50714290 8.37970482 231.71796245 240.79476487 12.00578314 17.83698438 24.10948370 15.03020024 663.22862677 6312.85136684 20878.91559917 7648.03221700 19.08820899 11.41381021 
22933.64893125 5.86120957 20.83623530 41.87062437 19.93433096 23.64341026 44.71709719 18.37370120 19.89055702 72.39662545 7.48706687 10.56847998 229.55553884 31.06474190 10.50663569 8.46782495 25.40752795 5.42604060 25.25248026 24.64832713 6.15625714 9.99024112 16.02250950 7.90187230 22.55686030 114.51093405 18670.26909108 6587.40299857 16.02646179 7.37427221 
23.23466307 5.29004593 11.87115311 14.01511148 16.20409167 11.54976960 37.74319989 15.46464973 18.75018351 40.44701025 4.76460856 8.52479546 227.72778324 5.45713265 7.36762590 5.36052766 18.54726565 5.42432438 15.82948786 9.07896021 4.37803207 8.60106880 11.22528380 4.43898895 7.53310061 32.22229668 556.79009086 299.60058929 13.69239231 5.34469764 
7.25824372 4.10194697 7.54652947 9.32591986 13.65505172 9.25614636 34.54050262 13.59760465 18.13120941 29.64434524 3.72769999 6.99034541 58.17809362 2.83784249 4.08292383 4.69701096 13.75700030 4.31166339 13.44609949 5.84632703 3.36601228 6.22528612 9.40583630 3.17403554 5.79284328 21.95708006 10.65985279 18.45522430 12.29808759 3.76839842 
2.79260583 3.53574742 4.54073211 6.46275796 10.31891437 8.03156316 6.16254625 9.40621440 17.17897780 12.97434048 3.32662656 5.57496097 6.82886343 2.30746420 2.85628238 3.95072362 12.65850096 3.12731784 3.29318388 3.66127983 2.76111001 5.50068107 8.15448641 2.61769172 4.19331375 11.68695368 5.49735021 16.21074734 7.70379868 3.33454045 
2.14727528 2.79638963 3.84873827 3.94001845 5.48439416 7.08068147 2.53026533 5.44490029 2.17961610 3.10536902 3.17038441 5.19160841 3.94625429 1.74864003 2.36271848 3.23994453 3.72589934 2.72433900 2.85460060 2.96878278 2.38556519 4.49144755 7.71563291 2.16516925 3.40323726 6.47434592 3.76080574 3.10514973 5.68200120 2.93691914 
1.11987328 2.04354009 2.97893938 3.34309955 1.94298905 2.62109826 1.99838234 2.76687546 1.24631323 1.86280615 3.11965574 2.58766530 3.33510292 1.30297277 2.08427838 2.36816421 1.98258676 1.94641652 2.60903854 2.09093967 2.05100592 3.19605792 0.53226260 1.91291302 2.56083843 0.79216610 1.99258294 1.76421246 3.34891114 2.49481896 
0.69856525 1.60155268 1.25354864 0.90581002 1.22902772 1.23226175 1.47889757 1.01737430 0.81796324 1.47825084 0.90597035 1.65781330 0.96881720 1.11848046 1.50348225 1.63341892 1.14709214 0.94239746 1.19954938 1.18291996 1.60430797 1.01626324 0.40524321 1.14999435 1.22181345 0.17586736 1.46923698 1.70935289 1.67628178 1.61988911 
0.57117307 0.70294486 0.35326164 0.69529205 0.59164732 0.72554828 0.70014947 0.55613924 0.68065175 0.77416262 0.32520314 0.54220343 0.68150079 0.78005236 0.72843821 0.71018747 0.62636565 0.41360157 0.55654132 0.73966173 0.78015803 0.54909297 0.11387436 0.40892153 0.71588331 0.03952095 0.67326283 0.72071107 0.74775079 0.79877643 
0.37514185 0.43400691 0.18481666 0.46722475 0.33705016 0.46329180 0.27890295 0.20638474 0.22224886 0.46626290 0.32066645 0.29720550 0.39408806 0.33151617 0.30650452 0.17960840 0.30280188 0.24384839 0.37517906 0.49212496 0.45382502 0.34112952 0.00000000 0.17948601 0.26622081 0.00000000 0.34818973 0.26078106 0.46683596 0.40951029 
