521246.03757752 808476.30332354 1693937.18495213 861637.83798678 1221535.07810091 349658.79426217 520279.98435360 1213612.98255691 239039.20775372 295839.00282740 585232.17798257 1709886.37046368 416610.16253423 871304.62971394 734731.07119757 432950.93539015 1144411.68657605 242280.47284563 532873.79852972 501867.30741687 395537.93993179 533483.21116044 700786.81706846 809492.77347005 912609.99631171 271897.00630311 961759.59574110 568002.31015842 573058.21494930 503323.19428230 
412941.59310970 351864.15616221 80737.45602378 109459.34720152 872203.98282628 349658.79426217 520279.98435360 927007.01556667 239039.20775372 295839.00282740 120297.08082914 879089.10264849 416610.16253423 471589.91988202 655361.59919250 409843.17088872 470065.52118851 242280.47284563 532873.79852972 255111.69547856 395537.93993179 4763.09243088 141099.17290941 325676.78726920 576744.25950801 78450.85515371 188551.96301702 376423.76451964 196632.37911931 213974.04309803 
69261.95186898 337991.69502009 10679.86756903 108796.42264858 188191.10483177 47558.01828505 110317.20698242 55057.35533140 158151.36902356 172270.47888328 120297.08082914 90335.63386694 416610.16253423 31929.10494421 89939.41940542 19837.93205870 62807.26420865 40663.22318412 211603.58692381 146093.14174758 48192.50199756 4763.09243088 102635.00664233 94379.44769168 182620.07259838 28486.96811307 48563.25703571 78933.53627484 38831.84071165 6624.54817121 
10389.12224245 54424.92766437 2948.58408949 19003.98303891 55616.29219320 4313.42387271 47493.95795691 1406.58353343 30214.78219795 7951.57698547 49233.09429052 361.90752131 110695.86846520 8161.09764025 1622.44289113 4022.34627547 12426.88108325 20372.85836021 108986.22396415 22172.85094505 3175.34633034 3048.76354188 12454.20062829 10178.93730599 17544.88013070 329.00802024 1411.26185758 9829.15758539 6050.52703241 5454.87531664 
365.94506981 2879.74082165 384.07499540 5115.06935231 14871.89349375 224.99085425 695.78201597 219.51468880 1312.04971834 205.90470900 4113.15223181 23.67599648 64083.85961750 155.31426173 94.92482545 1447.88779248 327.72801934 526.37457171 5476.65754423 4062.95532365 191.32558998 307.04239835 2942.82859451 3342.08573412 206.68536503 37.49796327 791.04253282 332.49447253 531.05225995 240.11160878 
66.05787908 36.10511501 162.37390877 1368.28435144 7194.27285546 70.51956163 18.85295246 41.45344490 38.66737009 27.12461046 148.83174025 13.30946942 36272.02818696 22.66004836 25.03713127 232.01047863 56.10228520 19.01557439 203.29511318 895.14279110 22.07882155 65.74837105 1579.41480753 1288.33072789 18.10282697 14.79214699 465.98671295 22.00637876 164.96091946 27.46535044 
53.93102904 17.18335271 27.74467350 109.04997636 1044.46994343 52.05053462 11.86642598 19.74970959 24.49395644 24.59009478 85.94261917 8.72552412 15654.43133474 14.77622718 16.87691538 169.97868764 32.06631959 11.61094257 21.50799552 60.77494098 16.73859371 50.08552408 1355.98921258 777.98473436 17.25015205 11.01264348 132.79582597 10.29115533 139.82717092 16.12895627 
50.96414798 14.09462551 22.33837305 15.33839175 27.38054865 32.64044582 8.66052554 16.32290621 21.01491605 18.81881715 80.47120062 8.71186351 995.21281649 10.98715174 13.36374618 164.22372196 13.47258217 10.14498580 12.59998520 43.53166472 13.37208106 34.35354156 53.77187236 45.09759156 10.33809040 10.57106429 21.38081610 8.06596182 108.73428898 9.87395442 
49.29691419 12.07086495 18.60560050 9.33136144 15.01404196 14.40763617 5.65621056 13.66278792 18.27557272 17.19657617 7.98946456 8.34028181 28.74670883 9.02544808 10.24793107 15.14663638 8.46004333 6.78703814 11.03164205 18.12647734 9.77494736 24.60073485 20.92759048 26.41110283 9.52262478 6.40146207 11.04493075 5.26875183 87.17995920 7.37886135 
48.49036158 10.14962288 15.51576964 8.49248023 9.87424323 9.48180077 4.52244494 11.60328761 17.39509758 14.50913453 6.02697905 5.89055891 22.56969000 7.11072833 8.26048910 10.40235196 7.18662390 5.64358408 10.48520393 11.67591808 8.58563924 24.09578724 18.03820974 21.21490773 7.96036493 6.06266996 8.52645908 4.07583922 68.92428452 6.29193339 
10.60265578 7.68885842 12.42705231 5.57665134 9.87424323 6.72631021 4.27706801 10.91670524 16.95165029 13.09345675 3.86271589 4.57953276 19.27437709 6.14740766 7.31058507 8.31563349 5.59473386 3.94409657 7.51143684 10.61887293 7.15617149 11.99964479 15.48924858 12.75325417 6.30436754 5.32607434 6.05258450 3.42233211 7.38574101 4.97300031 
7.08855032 7.22885078 6.36282762 4.45838647 8.84828665 6.16307836 2.71722815 9.89597365 2.66276083 9.43804624 2.52833132 3.03549589 4.59599983 5.41205285 6.89384806 7.82377801 4.70661114 2.95850259 6.95205945 9.13142211 5.81782215 2.83093744 5.36416912 3.70311675 5.60825138 3.41135131 4.81294614 3.22419307 4.64856443 3.94189611 
5.53204601 4.44491853 3.00806450 3.79381077 6.00151618 5.23394430 2.04634989 7.69681893 1.72312725 2.34139469 1.98949342 2.66050088 3.40076052 3.66650422 4.86482180 7.42495417 3.79696933 2.55912448 3.48886216 6.32707071 5.42622978 2.40715700 2.88385052 3.13587051 4.36410293 2.91407895 4.21634174 2.66105009 3.85142367 3.26229892 
3.88739231 1.53043167 2.51253227 2.58119192 3.44538300 2.88540951 1.82261429 3.20817519 1.23186929 1.41938379 1.89771007 2.13602888 2.22836154 2.57516284 2.44260845 3.25142105 2.51293721 2.11687945 2.54123058 1.95955956 3.51395595 2.22111323 2.12437048 2.18036503 3.01339474 1.69946185 3.04985604 2.43234715 2.46291783 2.68636046 
1.26594848 1.40659264 1.67046113 1.55691854 1.52831286 1.15983187 1.26262703 1.76183732 1.06688736 1.21912573 1.50614407 1.75036234 1.54363305 1.54923722 1.46129962 1.33828748 1.20106921 1.13379633 1.55050456 1.13622018 1.41294716 1.55270989 1.37918969 1.25539365 1.82027077 1.20378865 1.46818273 1.21510727 1.31725386 1.55645200 
1.07924601 0.65182572 0.85230389 0.91621219 0.74217021 0.85669092 0.82339279 0.82834170 0.74653432 0.72766605 1.02260861 1.03185902 1.00970258 0.83853381 0.89939250 1.00953917 0.90960367 0.80722004 1.01107412 0.85847957 0.92421129 0.90313670 1.11407685 0.76659878 0.98348567 0.90605300 1.18765268 0.86205406 1.17212323 0.75327500 
