2310.82091962 1157.25330514 1334.87686681 684.16719009 1446.93866507 1330.46490239 1325.04612229 1677.63038965 747.28182967 1023.15864532 1169.89568518 1547.80199072 1293.98191453 1347.31960205 965.85062487 1231.77863712 760.41986753 1426.63940419 1837.26616971 879.15357122 1186.58870882 998.92047056 1193.98075026 1556.70033041 962.11301343 1123.69455573 1187.41664361 1167.18866933 1905.67070181 1082.80860656 
848.79286953 640.68544912 643.19147063 684.16719009 812.95912095 993.08387057 673.26418226 1458.45560273 667.00636115 808.21598985 739.90508550 533.25970895 947.83348185 763.11783633 576.87896906 651.27988864 760.41986753 791.54268791 874.10108479 572.72531030 592.40029011 868.64222139 591.75207434 600.87077509 519.78178788 672.75880693 561.29583497 723.95442845 949.60753113 813.28783185 
579.38287940 620.79974218 586.10509249 684.16719009 678.01452599 993.08387057 590.81175575 1163.64505405 505.08865895 808.21598985 639.93522234 497.45740390 867.10326440 763.11783633 522.03748467 587.95797207 760.41986753 791.54268791 854.77017237 556.46994085 592.40029011 669.45160732 510.68178191 558.28403765 519.78178788 610.37751036 554.57007327 685.99902104 949.60753113 607.38980030 
506.32842226 504.24334805 448.84308817 473.62431444 523.54748821 545.61128458 542.03003494 509.05652984 488.73791535 553.80055402 459.30659840 462.46586163 593.19453765 491.85303362 470.75303225 482.85636627 490.66769632 540.70322094 521.86159278 482.61689771 486.03003678 501.29928331 461.67535140 504.07743148 480.30377796 552.77979066 485.76924222 640.28988341 526.44816660 547.52110927 
460.71696853 488.44114030 415.80635964 451.37959480 456.74339099 466.14012390 455.89986984 433.41378158 448.47337870 428.17945690 447.82280233 449.69118640 520.81278778 450.95982912 450.48953900 460.56259033 465.08285748 456.64977120 442.80910029 455.28148760 451.58753656 468.93148187 433.41592963 467.40263618 438.99825117 463.41762054 459.20495572 594.62261473 456.88320557 476.41344971 
452.08982875 486.11533564 408.07797524 447.35921211 451.25106300 460.28769503 451.23830234 413.26601662 419.11585700 409.32475548 445.14513493 448.76727266 471.06076798 439.88134898 448.10910017 451.97702769 452.59430480 450.28131536 430.02628184 449.72312658 449.62272773 451.58534452 410.65062699 461.03633425 421.89191256 453.20207065 449.15087675 580.16979096 453.01407033 458.61115562 
445.86772842 466.47411757 400.84994523 444.60762129 449.17255586 443.83802876 448.20788442 399.17652496 403.14752167 401.50659293 445.00106608 448.34621933 453.32753738 418.81888818 447.10822354 450.29778286 447.99780441 447.21445995 411.49402071 448.49468398 448.85108536 450.12080440 404.08292124 460.17091679 407.06613723 449.51608136 447.98717483 550.58596636 451.42868555 451.11091503 
445.30855253 403.41284697 398.45115808 443.88484466 448.92401291 411.61592514 447.05554560 398.31915752 401.09081043 400.17454704 444.62793596 448.21034754 451.06472501 400.54600745 447.03306971 449.45878331 447.31612142 445.82895060 399.97477419 447.79056359 448.37369806 449.48009140 401.48876548 460.16149524 400.73553468 446.66681072 446.79052638 453.20971747 451.41225674 446.61135281 
445.12036543 398.71417493 398.27503980 443.87709435 448.91689364 398.94146290 446.55072108 398.29828912 399.84489825 399.80561460 444.27282210 448.12840023 449.77995309 399.62256850 447.01101233 449.10194110 447.16172378 444.96765626 398.26076104 446.99803676 448.36628648 449.40780610 399.88083992 460.16147322 400.10877076 446.20924749 446.46628258 445.28132745 451.41189428 446.00150431 
444.97554462 398.28262019 398.27437683 443.87709431 448.91689313 398.82107250 446.09537781 398.29818591 399.72204687 399.61399061 444.23681842 447.96598647 448.20201532 399.58501277 447.01101097 449.10189199 447.16170789 444.25627707 398.08223930 445.18659545 448.36602658 449.40774829 399.75224889 456.93413747 400.10876491 446.04346031 446.46588425 443.84922782 451.41189263 445.92682209 
444.94849528 398.27462922 398.27437026 443.70793402 448.91689197 398.70441929 446.06152461 398.29818352 399.63664016 399.60998986 444.22817144 447.88065984 447.56018528 399.58496782 446.30106397 448.03651719 447.16170785 443.69683461 397.99141333 443.91260047 444.42199168 449.40774829 399.62002888 410.06408745 398.38706437 445.98865634 440.74981025 443.53074802 398.03485805 445.92682118 
399.83020515 397.88618231 397.94044365 420.57042046 432.35439688 398.63608736 398.26355339 398.17775342 399.60998986 399.58794494 402.38704596 399.13646252 408.19601907 399.58496782 443.68272953 397.82021516 446.61954780 402.39439173 397.97885512 404.02648937 399.83816829 415.42733272 399.60998986 408.92927490 398.37958380 445.96573028 400.23179109 413.03022937 397.74567105 401.94279954 
398.17808327 397.88617541 397.94044357 401.69875586 399.85080930 398.28037782 397.94049061 398.09773031 399.58496790 314.66029829 398.00402032 398.53784119 399.61005175 399.58496782 250.39916591 210.01737133 399.58496782 399.63027204 397.83568311 399.15695961 176.33577050 399.82520245 399.58496782 398.45842660 398.37958380 402.77597283 294.68228580 401.80300250 397.74567105 397.99141148 
398.17808327 397.74286909 397.74286909 398.13413172 398.30213795 398.27293506 397.74286909 398.09711195 399.58496782 100.03125088 397.89426805 398.31620757 397.79799105 398.65689822 100.02382131 100.02854058 399.58496782 399.63027201 397.74286909 398.19367356 100.01303768 397.75102699 100.08248989 398.11627683 398.14144127 397.94105402 100.05877737 397.98652266 397.74567105 397.88617541 
398.16653900 397.74286909 397.74286909 397.74286909 397.74567105 397.98660877 397.74286909 397.91345740 397.74286909 100.01849073 397.74286909 397.74286909 397.74286909 397.74286909 100.02329382 100.02798716 397.74286909 397.77990601 397.74286909 397.79387950 100.01284055 397.74286909 100.08242593 397.74898964 397.75723133 397.74286909 100.05745400 397.74286909 397.74567105 397.74287619 
397.74286909 397.74286909 397.74286909 397.74286909 397.74286909 397.74286909 397.74286909 397.74286926 397.74286909 100.01373508 397.74286909 397.74286909 397.74286909 397.74286909 100.02267892 100.02755340 397.74286909 397.74286909 397.74286909 397.74286909 100.01268855 397.74286909 100.08236061 397.74286909 397.74286909 397.74286909 100.05743189 397.74286909 397.74567105 397.74286909 
