556.08216431 685.35261044 596.70668712 523.97773714 470.78648886 585.28749555 219.92252745 488.65873261 684.15975927 603.28250787 692.64738727 451.00098936 691.22108172 585.26418245 551.24161218 475.51419296 730.64281302 485.55592290 708.03444878 316.51264776 453.05062275 580.38472051 558.46577365 613.06935548 402.76899180 802.83063299 560.06268114 357.35133313 645.34818377 532.29666359 
403.42063376 616.96948306 409.03049083 523.97773714 470.78648886 585.28749555 219.92252745 488.65873261 608.47509503 449.39496107 453.12772343 451.00098936 691.22108172 528.41103782 469.50182001 207.98284500 570.20261692 276.65724967 701.79019344 316.51264776 453.05062275 452.51733805 212.30063013 460.72380958 182.48955236 190.37148152 560.06268114 357.35133313 506.32075150 532.29666359 
403.42063376 616.96948306 409.03049083 523.97773714 470.78648886 585.28749555 219.92252745 488.65873261 485.84540649 449.39496107 453.12772343 343.81018887 683.47565537 54.28434705 469.50182001 179.12865548 77.69134758 233.20677657 392.24496135 263.47710634 453.05062275 398.60635482 212.30063013 460.72380958 182.48955236 190.37148152 560.06268114 357.35133313 506.32075150 532.29666359 
142.99592478 265.36545035 241.86760938 523.97773714 262.74101128 461.30894647 123.58134306 481.57993071 207.35370053 402.25847013 453.12772343 343.81018887 338.85939834 54.28434705 97.16949454 64.41259064 66.19181242 108.42870334 275.12012382 99.45209379 67.41381515 275.75784799 139.22378299 460.72380958 179.47675694 150.49883942 534.94047980 245.32165282 147.05057169 172.04676495 
28.85603777 146.56390879 125.49909603 155.85017418 61.85273420 261.38369424 81.50383584 259.30443204 69.02792798 234.49759324 91.76372630 66.36110631 100.63975402 54.28434705 95.45386990 42.83221464 21.93651756 27.86501095 114.43438038 17.83756547 31.79460767 49.96087442 17.30086839 231.20324341 56.22998985 41.75218662 101.82548862 78.24943245 30.99206802 31.15324622 
14.08691812 123.45225514 40.04754525 40.86004852 36.88735765 135.04823879 21.71748245 168.95783950 55.38408106 30.80706256 56.63877616 53.84403965 22.80471798 18.89829160 36.75741013 11.73602109 5.74589525 7.47113087 72.37501549 2.87277267 3.14597206 26.37862817 2.80062934 84.51624690 11.89267912 25.16578855 32.21653213 12.81555960 4.19544567 8.42254866 
1.47220705 119.54948069 25.61022632 18.82471027 13.06887601 120.32777093 5.22511197 128.85478545 51.50174886 2.20894067 9.84185907 6.44510162 6.42308033 6.26652727 14.60670439 0.90085978 1.37812502 5.17713468 4.08866857 1.55178142 2.14859466 18.37802682 1.52116813 12.51750792 5.34434132 2.67074082 2.96838581 5.34807000 1.56832195 0.80797043 
0.68788129 118.88370886 1.07265360 11.28540821 12.98936960 119.36747280 4.02495721 119.49871849 50.85548270 0.99623956 1.96939418 1.99134695 2.87300982 4.75147893 12.82670151 0.60410900 0.62012248 4.34895512 0.39587578 0.89423755 1.48163426 2.09437033 0.82493515 3.50367277 4.32162510 0.70691849 1.46386754 4.71653727 1.05294970 0.31356871 
0.60931185 118.77986889 0.54326702 5.40872806 12.98532755 119.24941422 3.75280893 119.14344209 50.68128954 0.94633895 0.78284815 1.42725838 1.10074083 3.80789407 11.97828831 0.46761001 0.38480316 3.88864671 0.15427174 0.27162384 1.09886505 0.96194902 0.59638015 0.90034684 3.99713444 0.39586509 1.23663591 3.56009456 0.94514953 0.15757308 
0.58508696 118.71500429 0.40315960 4.73002848 12.98395423 119.06206963 3.47228164 119.10448593 32.18218908 0.93039679 0.74417954 0.90050672 0.65850632 3.63249589 11.61867087 0.44949705 0.31626736 3.80676305 0.12585472 0.11163737 1.08825214 0.64103188 0.53982633 0.62538649 3.97111874 0.33256738 1.22001892 3.38090931 0.90815045 0.06053220 
0.53406040 0.27830764 0.38015715 4.36701476 12.98287233 0.87979116 3.33686344 10.71960426 11.72093188 0.91652517 0.73480595 0.74655299 0.65315391 3.53631730 11.50747334 0.29098504 0.27991896 3.80071484 0.11777477 0.05138287 1.08289392 0.46686920 0.49563690 0.49190650 3.92979374 0.29636225 1.16809827 3.34321652 0.90297208 0.03895941 
0.51930549 0.26459619 0.37928883 3.55643253 2.34490515 0.70641709 3.33683521 9.75127604 0.82003710 0.90134043 0.72553384 0.71233932 0.64157293 3.53630138 0.56452447 0.28952099 0.23233740 3.79473670 0.11407785 0.02844917 0.90831148 0.44311598 0.48698760 0.44959135 3.92725010 0.26541117 1.16746640 3.34294166 0.90238849 0.02375040 
0.51930226 0.26458594 0.37927884 0.35384924 0.91530478 0.67044463 0.35968525 0.72537883 0.26997037 0.90134036 0.72552134 0.71221616 0.45487764 0.45143277 0.52036103 0.28951948 0.22997904 3.79473416 0.05999690 0.02836435 0.90828845 0.43264078 0.48698576 0.44953526 0.84000192 0.22986168 0.28277446 0.07774988 0.90238843 0.02342152 
0.02851353 0.23475617 0.35605597 0.25458378 0.11364842 0.45514813 0.17735636 0.30909094 0.26421552 0.03287138 0.02994215 0.07029439 0.24499950 0.02736276 0.01956472 0.28951943 0.22997898 0.19684863 0.05999114 0.02836433 0.15546830 0.01747756 0.14922882 0.44953523 0.13273386 0.22114982 0.07491692 0.04192572 0.01710574 0.02342108 
0.02851338 0.02650108 0.02305380 0.00176347 0.08054431 0.22625715 0.03584790 0.03237957 0.03002545 0.02489682 0.02992978 0.07026072 0.03685637 0.02716789 0.01954063 0.02226825 0.02183586 0.03310115 0.05200234 0.02836428 0.04571272 0.01635469 0.09064993 0.24139216 0.00183244 0.01297542 0.01944883 0.04192558 0.01710265 0.02342107 
0.00908147 0.02570508 0.02305378 0.00176344 0.07899891 0.21602032 0.03584783 0.01294778 0.00500944 0.02489671 0.02992971 0.00083756 0.01074768 0.02716781 0.01954033 0.00031476 0.00240400 0.03310109 0.05198607 0.02069021 0.04571262 0.00076201 0.08440224 0.20826370 0.00183239 0.00176591 0.00001438 0.01970399 0.01710255 0.00398922 
