2581.39893434 2781.46288980 2208.45530367 2034.30631325 2160.32351023 2114.36188438 2353.83617291 2158.78971555 2355.76921615 2505.26692475 2497.16214105 2644.86510608 2338.03648802 2573.05896250 2366.47548921 2104.59159672 2371.39499170 1831.63862978 2159.70225336 1733.99710259 1745.16068545 1988.03348071 1973.68559544 2277.42522589 1828.79400889 2261.43839494 2385.53004169 2557.45335465 2468.18365927 2324.88162324 
2065.86507502 1963.56075363 1970.00584718 783.04744986 2084.55501550 1864.32594853 2209.30379190 1588.71465685 1334.04698045 2053.87362008 907.74253679 1429.41846557 1462.60913505 1757.94519032 1662.17147744 1577.58853243 1440.77974899 1199.91447607 1545.71213943 1733.99710259 1745.16068545 1391.79298612 1973.68559544 1994.48273899 1381.49726114 2188.49067711 1800.15725570 1720.84213595 2160.00219599 2190.17166753 
1788.13739342 1905.44926746 1691.26607672 744.39017208 1912.93605483 1694.35087213 1927.72601744 1588.71465685 1334.04698045 1612.74090349 907.74253679 1429.41846557 1119.43827526 1757.94519032 1662.17147744 1119.64538260 1277.60648196 1199.91447607 1545.71213943 1733.99710259 1745.16068545 1391.79298612 1973.68559544 1994.48273899 1381.49726114 2010.00067271 1800.15725570 1720.84213595 2160.00219599 1973.54566192 
1049.24026517 1070.94634898 1238.39760746 473.79594405 1454.86448377 1560.38301260 934.23796672 1112.64107794 724.25099632 1078.27054216 634.07264772 876.06202360 990.11064862 1278.30988183 951.07388983 578.45823993 926.24281970 656.77374336 975.74007502 1116.36922445 1561.64632596 674.81741210 1076.92766945 1171.20090244 693.52502470 1611.29599704 1006.19729646 1404.43564838 1672.26422693 1356.60779721 
171.30060443 215.56825539 204.00427181 231.07980737 209.74427379 1016.54637420 315.31323338 153.87916247 414.67214296 195.77098580 223.20486626 497.89454366 340.77798513 361.70958711 208.37967968 163.36776305 178.89569976 132.08673520 227.18694319 481.49252124 270.08171940 292.09211865 290.82940036 483.02504834 125.33336219 641.44128666 205.56244883 411.03886865 869.56401785 656.28725108 
108.52388696 49.42496591 103.35319744 174.40761513 35.68136922 311.13400588 96.44841269 36.63189168 88.61415293 135.86942672 133.48071504 447.15015633 215.54916990 141.90596436 59.82072368 29.50112900 97.86853553 18.39293398 65.12519577 142.36283199 61.38392525 96.95960385 88.49758892 239.54333505 44.43539875 129.72132230 55.37792116 245.51161260 404.85523374 53.35291912 
44.55243322 33.54819157 51.35299091 26.92359468 21.86994277 33.85223914 23.54384201 11.83922393 16.00622179 133.28085799 121.97742757 422.04059177 202.06148284 19.88958711 23.99140726 13.75923508 14.78635442 12.87134824 11.42709259 122.59165767 22.43445997 39.48594354 11.81155037 156.18597372 22.69453479 13.30583029 13.26169041 18.00286255 148.98747973 33.88011876 
41.69776354 33.31358726 42.18823913 11.04404615 21.42762491 32.51335131 21.39137663 11.63905093 11.38800617 133.25080175 120.97696282 330.86547398 201.35634008 11.53100038 19.91062212 10.90680760 11.36223777 12.17252953 10.42040754 121.69873178 21.56911687 10.84133282 9.92645365 152.47066982 21.75295768 10.90245962 11.72875300 15.88748526 109.34608952 32.13396514 
41.69696644 32.51359394 41.73823866 11.03570339 21.42750614 32.48043958 21.39095572 11.03571770 11.36013081 133.25077035 120.97515423 330.56191205 201.11110088 11.36013085 19.85062071 10.90101475 11.36013103 12.12976910 10.40609590 121.69727818 21.56746368 10.83267789 9.90435478 152.34534523 21.75184068 10.90101476 11.72639489 9.90891747 108.10022909 32.09234205 
21.56856313 32.51359125 30.41095213 0.53719173 12.09012363 22.08699318 21.39095567 11.03570306 11.36013080 133.25077033 37.65676686 330.56188042 62.27095871 7.49203477 19.85062063 10.90101475 11.36013080 8.17459747 10.39817731 11.36024400 19.36840879 10.83267507 9.90434500 14.30852858 12.96376551 0.00223381 0.16842853 9.90434500 108.07721637 32.09233893 
21.56746367 11.73045472 14.38674339 0.00000049 11.88494265 22.08274595 10.39817731 11.03570306 11.36013080 11.28510328 10.39817731 20.75010271 31.41309039 0.00000000 0.00000169 10.90101475 11.36013080 0.00000000 10.39817731 0.00124605 11.88494244 3.21547136 0.00004315 11.03570306 11.73023671 0.00000000 0.00000000 9.90434500 108.07721637 23.00912614 
11.96296793 11.73023671 11.07828287 0.00000000 11.88494244 11.40607238 10.39817731 11.03570306 0.00000000 1.84101566 0.00000000 20.75010205 20.92103750 0.00000000 0.00000000 10.90101475 0.00009552 0.00000000 0.00000000 0.00000000 11.88494244 0.00000048 0.00000000 11.03570306 0.00000000 0.00000000 0.00000000 0.00000000 0.00000000 22.57290926 
0.00000000 11.73023671 0.00000000 0.00000000 0.00000000 0.02592526 0.00000000 0.00000000 0.00000000 0.00000000 0.00000000 11.88494244 10.90101475 0.00000000 0.00000000 0.00960526 0.00000000 0.00000000 0.00000000 0.00000000 11.88494244 0.00000000 0.00000000 0.00000000 0.00000000 0.00000000 0.00000000 0.00000000 0.00000000 0.00000000 
0.00000000 0.00000000 0.00000000 0.00000000 0.00000000 0.00000000 0.00000000 0.00000000 0.00000000 0.00000000 0.00000000 0.00000000 0.00000000 0.00000000 0.00000000 0.00000000 0.00000000 0.00000000 0.00000000 0.00000000 0.00000000 0.00000000 0.00000000 0.00000000 0.00000000 0.00000000 0.00000000 0.00000000 0.00000000 0.00000000 
0.00000000 0.00000000 0.00000000 0.00000000 0.00000000 0.00000000 0.00000000 0.00000000 0.00000000 0.00000000 0.00000000 0.00000000 0.00000000 0.00000000 0.00000000 0.00000000 0.00000000 0.00000000 0.00000000 0.00000000 0.00000000 0.00000000 0.00000000 0.00000000 0.00000000 0.00000000 0.00000000 0.00000000 0.00000000 0.00000000 
0.00000000 0.00000000 0.00000000 0.00000000 0.00000000 0.00000000 0.00000000 0.00000000 0.00000000 0.00000000 0.00000000 0.00000000 0.00000000 0.00000000 0.00000000 0.00000000 0.00000000 0.00000000 0.00000000 0.00000000 0.00000000 0.00000000 0.00000000 0.00000000 0.00000000 0.00000000 0.00000000 0.00000000 0.00000000 0.00000000 
