2237.34883352 2588.99684344 1905.20221562 2531.57055448 2141.09778166 2197.13393372 2485.91944125 2268.31434541 2369.18356628 2410.33148834 2254.12385811 2545.25210493 2472.40553273 2141.43052456 1746.29592298 2132.89094702 2330.82007826 2242.11155829 2124.69585528 2020.60921087 2015.73002536 2350.36220673 2275.14724056 1971.27526905 1797.02123022 2102.03715408 1902.05083148 2421.45599200 2394.33185203 1668.77056226 
2237.34883352 2317.20395956 1905.20221562 1965.09772372 2141.09778166 1699.27045428 2174.63108282 1904.30063247 2332.74272225 2369.11571289 2075.19986474 2188.74225709 1491.55411519 2141.43052456 1746.29592298 2128.30564280 2185.58139286 2242.11155829 1661.08915291 1461.69548603 2015.73002536 2350.36220673 1930.33351788 1971.27526905 1797.02123022 2102.03715408 1902.05083148 2225.29574036 1841.76743645 1668.77056226 
2237.34883352 2257.58085919 1594.59414377 1871.65471753 2141.09778166 1699.27045428 1941.76928042 1904.30063247 2332.74272225 2278.34208211 1462.34070783 1899.17983689 1471.03566444 2141.43052456 1746.29592298 2128.30564280 1989.90364134 2242.11155829 1661.08915291 1461.69548603 2015.73002536 1384.22256509 1930.33351788 1971.27526905 1797.02123022 1923.08213103 1902.05083148 2225.29574036 1841.76743645 1668.77056226 
2082.43546338 2003.46568033 1594.59414377 1492.26131408 1837.38829664 1048.13430817 1692.93627982 1763.04961659 2088.02411078 1781.24309894 1462.34070783 1899.17983689 1081.82085500 1663.09991870 1547.66268541 1108.87537556 1989.90364134 2058.41534192 1560.84708706 756.13777617 1633.74285372 1384.22256509 1451.13404731 1672.43448919 1797.02123022 1409.62639902 1833.17064464 1727.63192198 1533.78676527 1355.14318340 
1397.56235455 808.99396914 812.46785108 1135.00372787 1667.32166791 1048.13430817 1277.63762577 1143.67411703 1214.43989702 1002.34997972 1025.49681315 1681.67772879 1081.82085500 1401.29909013 911.58635363 1075.69087759 1193.33927607 1203.18593084 1034.91485498 423.20553952 1384.51915319 925.62714544 1404.25995019 587.74271811 1592.27387511 707.34231488 1383.67322708 776.30630343 1212.93900307 1147.06303941 
844.39192261 808.99396914 644.84526931 718.14165937 1186.67956339 770.04588096 933.85819602 877.60050496 432.25078622 479.73110519 1025.49681315 1519.05422743 852.70201549 709.81714247 845.69045812 660.83795161 871.61377737 949.80734516 970.62678897 301.98904884 773.01779936 503.75933801 996.64310960 587.74271811 1054.67597085 264.80632739 905.76778439 113.99076174 629.62771949 469.64103233 
513.10900459 422.83603327 368.71539751 587.38153532 989.15637933 502.38568683 631.02933182 463.04298990 420.92740284 314.37194958 587.84256570 964.54588529 527.92222287 356.81540224 301.36148460 332.44415905 325.52541871 565.42609439 562.33845791 266.19424363 591.78060506 200.68674380 406.69692947 508.23269374 973.47010701 124.16392033 334.74921133 94.36759202 318.61671507 390.05372282 
126.16884105 65.89272637 211.32800040 220.72584408 440.15274960 265.82485180 85.60383693 171.42891060 243.63862078 206.23194134 178.27430840 709.00996228 166.79388417 31.02089398 103.38441990 244.20163903 108.25648108 245.13009823 259.23245354 64.20445804 147.78988319 113.79193728 152.65143621 288.31353297 274.08042211 26.94264004 60.99536406 11.49001604 66.00140828 83.57381555 
13.49450806 3.77613561 5.28744905 12.22176708 64.26881319 102.19711134 4.62366001 0.78848005 15.58163562 80.59858811 49.55924033 345.58707235 123.04299637 21.94950763 0.95182962 4.01483273 8.26137559 9.41122595 50.19788997 26.77038466 21.24027108 0.45890633 4.08870355 21.81383981 51.55927126 0.58506740 7.08052515 0.32067160 7.39094359 28.45620507 
13.47247943 3.72723289 3.60232504 6.89237748 7.01770996 6.96471055 3.53986957 0.31227221 3.41497206 11.95449411 3.61392541 33.16096916 122.43059186 21.94949836 0.18736456 3.47741513 6.76746693 7.14519037 15.11959655 26.76173884 15.11957698 0.24981777 3.66477845 0.12490908 0.25006648 0.37472673 6.95483026 0.31227920 3.53986982 6.95483159 
10.18242762 3.72723289 3.60232401 6.89237582 7.01728470 6.95483026 3.53986957 0.31227221 3.41496069 11.95443407 3.60232401 11.82952518 0.25877331 8.28749543 0.18736332 0.21627371 6.76746693 7.14219358 15.11957698 6.77201498 3.52581309 0.24981776 0.31257594 0.12490888 0.24981776 0.37472665 3.53986992 0.31227221 3.53986957 6.95483026 
6.89237582 3.60232401 0.31227221 0.18736332 0.49963553 3.66477845 0.18736332 0.31227221 3.35250633 3.73400666 0.24981776 3.41496069 0.24981776 4.77317131 0.18736332 0.18736332 0.18736333 0.31239196 0.18736386 6.76746693 3.47741513 0.18736333 0.18736338 0.06245893 0.24981776 0.31473244 2.23389413 0.18777741 3.47741588 3.83372368 
0.24981776 3.60232401 0.31227221 0.18736332 0.31243863 0.31227221 0.12490888 0.24981776 3.35250625 0.18771569 0.06245444 0.12490888 0.18736332 3.47741679 0.12491975 0.12490888 0.18736332 0.31227221 0.18736332 6.70504772 0.18736332 0.18736332 0.18736332 0.06245444 0.24981776 0.31227221 0.12490888 0.18736332 3.47741513 0.31227244 
0.18736332 0.18998022 0.18736332 0.18736332 0.24981776 0.18736332 0.06245444 0.18736332 0.00000000 0.12490888 0.00000000 0.06245444 0.12490888 0.12490888 0.12490888 0.12490888 0.12490888 0.12582241 0.12490888 0.06245444 0.18736332 0.12490888 0.06268870 0.06245444 0.18759389 0.24981966 0.12490888 0.12490888 0.12490888 0.12490888 
0.00000000 0.06245444 0.00000000 0.12490888 0.00000000 0.00000000 0.00000000 0.00000000 0.00000000 0.00000000 0.00000000 0.00000000 0.00000000 0.00000000 0.00000000 0.06245444 0.00000000 0.00000000 0.00000000 0.00000000 0.00000000 0.00000000 0.00000000 0.06245444 0.00000000 0.00000000 0.00000000 0.00000000 0.00000000 0.00000000 
0.00000000 0.06245444 0.00000000 0.00000000 0.00000000 0.00000000 0.00000000 0.00000000 0.00000000 0.00000000 0.00000000 0.00000000 0.00000000 0.00000000 0.00000000 0.00000000 0.00000000 0.00000000 0.00000000 0.00000000 0.00000000 0.00000000 0.00000000 0.00000000 0.00000000 0.00000000 0.00000000 0.00000000 0.00000000 0.00000000 
