2610.17166695 4918.94163296 2839.72632117 3622.73725782 1855.90415514 4228.28522070 5323.49975211 3388.32662993 3977.80179610 3261.92296079 4489.44227274 3077.52095123 1855.90415514 2706.59263858 2625.78064368 3720.47043221 2714.78520307 3105.08728788 5893.15553869 2013.60677837 2892.50973211 2744.05575993 5062.50731468 2951.95948855 1637.53533322 3466.39847538 4451.49808179 5423.70110581 3775.73264612 3642.96848563 
2610.17166695 2528.96615897 1173.23045395 2118.27188608 1855.90415514 3069.61502618 3868.08069669 3388.32662993 2463.22275606 1254.27286437 2857.61929545 1548.63734203 1855.90415514 2011.02994281 1322.34262727 3540.87380441 1707.23983984 3105.08728788 3249.55564118 2013.60677837 2700.21199169 2744.05575993 4914.65243209 2225.04539187 1637.53533322 2868.05281871 1729.32926610 1567.55662153 3353.47593488 3630.47119776 
1036.09314657 1165.93292135 844.17428906 413.23986706 521.01303972 813.80297856 623.70606979 941.84964795 502.06895001 413.29824816 1573.99492177 1445.86637152 521.01303972 1153.34717446 1067.28151637 1772.36409824 383.14548740 1654.63089078 1419.06284419 1035.80533104 592.03441446 635.28478213 1574.88783464 540.38354783 938.25597540 687.86907929 622.51518325 780.52866367 673.23699343 736.61282693 
656.13657264 718.75253725 274.93886799 272.32236741 403.94344989 751.17782097 271.54704544 298.68387462 332.09581257 242.85094072 496.19486233 424.65710164 403.94344989 363.77694868 514.47310254 474.15808463 217.43160980 771.94095606 370.49238773 448.84950593 368.66318510 326.89222083 916.18249161 354.92756869 269.19222242 310.87968652 286.07880068 300.55851176 162.46129431 509.78643803 
252.81377353 204.31614060 155.26623143 152.09125590 183.78562338 202.45973931 160.45403269 119.94054047 196.91123610 181.62060463 220.24263382 185.57490908 183.78562338 199.11710028 215.30616645 160.20310355 113.07224322 185.41987373 206.20736699 219.79173897 181.55582452 177.49869242 374.21645821 169.98960995 153.41143551 165.44193566 187.63935853 201.38748952 129.26530413 262.37533192 
110.53207031 112.81481374 116.01196422 108.09484626 119.45692502 115.73283879 98.13365591 92.44707128 121.59121202 158.61990502 171.33651552 125.63167804 119.45692502 117.79179481 142.64315319 112.71052783 86.60724535 131.96846321 137.60081635 172.36469030 101.10317120 108.71228664 153.17118040 107.55286206 124.37033498 131.47674244 146.53565932 131.19553721 105.76805478 145.17494411 
71.54308191 96.22275270 102.96861291 93.99790275 93.91773322 97.32703095 84.52914656 87.35770689 109.63123977 117.20724232 123.75076271 112.13239099 93.91773322 92.82424254 107.61027032 91.79907776 80.91842446 97.02278195 131.58806605 148.62778021 88.13563610 89.46327567 107.95325804 98.49261592 120.65013893 111.90719845 135.69790205 97.50802481 91.33475020 100.31460165 
66.60540270 87.68866422 95.23809049 91.89110464 81.99587925 90.13514084 82.29810477 86.54385949 105.99381704 86.56706329 109.22539903 110.00288914 81.99587925 90.53852020 100.57079095 84.40455480 79.86909694 85.08517360 119.25266255 93.74162591 84.20520145 83.73490542 97.01321701 96.14457409 118.78978214 105.94012316 126.41434228 86.04942130 82.65105813 86.87163728 
65.86979764 86.09774252 93.89755585 90.98385121 77.95861354 89.61133459 81.44340982 86.29397165 104.80133873 80.43968983 107.08458557 109.11336424 77.95861354 88.41495195 100.46514936 82.96752043 78.70998179 82.96316480 117.37638683 89.01949747 83.01003148 82.43887183 93.95118947 95.26384875 118.09387988 95.62512882 95.37272885 81.30158796 80.20494025 83.10733006 
65.28253703 84.86339902 92.56778334 90.33408403 76.62738764 89.61123568 80.26840084 85.95230884 104.79527915 79.15200190 105.43052417 108.20366755 76.62738764 87.82785325 100.46478093 82.57386859 78.18559830 82.10053375 116.86985996 88.15138990 82.56717409 81.93266033 93.17058873 94.22727480 118.09345504 94.54410676 93.64842460 79.06925086 79.36387620 82.56513317 
64.94512027 84.22857732 80.19758574 74.58549585 75.29496057 80.57170961 79.90063805 85.28065205 78.48848017 78.63737945 81.78895197 82.01694953 75.29496057 87.67162002 91.87095350 81.61973292 77.86938978 81.50820343 77.95613973 87.15196441 82.33570874 81.53890118 92.23984975 93.61205235 70.24436761 93.48225056 70.56614860 77.75498879 79.14686344 82.24456748 
64.57661536 64.61787027 64.59544817 65.27879380 67.95513845 69.14099949 71.53960617 64.64907410 66.25884493 66.74965231 67.97134365 71.15370417 67.95513845 66.27240307 76.29660363 65.75430929 65.30472764 71.87831407 68.00954429 68.55093950 69.87347642 66.70272283 68.45994791 76.66114024 65.46740206 68.94080852 66.33474207 67.37010235 69.36629237 69.21487317 
64.29150303 63.35914636 63.85371143 63.84347421 64.06494166 64.73502192 63.77104185 63.59374382 65.51682483 63.75332301 65.13080600 63.65330418 64.06494166 64.00358655 65.15178951 64.68909893 63.67285642 64.72902021 64.52625390 67.31515273 64.27997013 65.97466988 63.29462608 65.29332812 64.71564131 64.25504266 64.72692849 64.39511243 65.56721665 64.94708092 
64.19965158 63.14064417 63.29646203 63.61507058 63.49395736 64.06824259 63.77104185 63.08172856 64.97659178 63.53861933 64.96067610 62.99780570 63.49395736 63.16470721 64.54874276 64.02675579 63.16749832 64.26420620 63.15353840 63.60394826 63.45693127 64.83822830 62.77423794 64.80497769 64.34843318 63.38734433 64.20366909 63.72974010 65.15673205 64.10890337 
63.45277091 63.02479010 62.91947908 63.31502880 63.19328336 62.74436041 63.34074418 62.89153387 63.55715727 63.46421043 63.65571019 62.82447863 63.19328336 62.84668868 63.78937948 63.59029597 62.93815378 63.17446437 62.77594007 63.41571923 63.06129860 63.69785580 62.77423794 63.25647557 63.23359994 63.13565957 63.48419669 63.34417468 63.60711791 63.80235571 
62.88541464 62.89395821 62.78112652 62.81474803 63.05121974 62.51636743 62.97631688 62.85837485 62.65653134 62.94790590 63.02638996 62.65758084 63.05121974 62.80275137 63.10168593 62.75134246 62.72570359 62.88139432 62.62638679 63.16476681 62.67463888 62.94376192 62.65766614 62.93061637 62.66932449 62.82490210 63.12982334 62.90822433 63.09645012 63.01012376 
