2532.84792796 2456.19694314 2003.25813350 2256.84940641 2255.39726693 1720.17380147 1723.35396203 2179.84279336 2461.07969677 2632.80008086 2443.47985523 2608.95208096 2342.33785653 2383.58323779 2162.54896680 2282.68099133 2212.68886456 2293.68278164 2462.90015267 2573.20209859 2322.80911849 1814.04905745 2607.32456287 2278.41250977 2512.82060724 2097.07549759 2633.41322904 2524.67692743 2271.08022165 2738.16557382 
2532.84792796 1992.69942925 2003.25813350 2256.84940641 2180.23992334 1720.17380147 1723.35396203 2179.84279336 2461.07969677 2257.66623199 1840.67401521 2447.82975461 2342.33785653 2294.35492481 1133.43887793 2282.68099133 2142.90953383 2293.68278164 1787.77054692 1838.14833144 2246.85521505 1814.04905745 2123.43018956 1986.11527055 1996.01808213 2085.59995129 2275.84335619 2099.05229543 2271.08022165 2449.72376206 
2166.32908250 1854.91154364 1993.72188349 2256.84940641 2062.42407502 1720.17380147 1723.35396203 1801.00692893 2264.50037406 2158.46118044 1840.67401521 2421.14969588 2342.33785653 2002.88534295 1133.43887793 2282.68099133 2142.90953383 2293.68278164 1612.69519648 1838.14833144 2154.65991387 1768.13504636 2061.09266879 1986.11527055 1996.01808213 2085.59995129 2085.24049173 1902.80778362 2104.87358599 2336.80162508 
2135.70783385 1752.05399615 1378.16186224 1585.18845246 1781.22646229 1395.23200509 1723.35396203 1759.71148943 2056.36535996 1141.69829560 1786.99090796 1407.43241140 1692.54783320 1984.09856306 1133.43887793 1545.62856667 1722.31762173 1938.41314427 1612.69519648 1639.37014990 2003.20279804 1534.45868690 1775.71730678 1861.55277178 1920.83807139 1756.53660542 1235.50797138 1902.80778362 1598.47150499 1926.12568437 
1565.22758341 1502.17565465 953.41964137 1021.79622059 1483.41867528 562.59472870 1024.53059850 1723.13468525 1863.40124703 926.72948718 1397.74933523 1383.09969622 1692.54783320 1054.81100859 1133.43887793 1425.94829031 568.66882930 1285.23219926 1203.31433592 1330.05421888 1566.79695547 1260.82704266 1601.10162482 1450.58264011 730.13043598 1446.01279935 381.83553964 930.30011008 1288.04432981 1524.83903790 
970.54768666 1198.26798740 736.07092092 603.37179355 1203.47594032 186.01002628 560.12923310 1169.22616161 1143.52053025 595.08281842 769.35397310 741.62550581 1427.57889303 778.38484217 981.06606418 869.43067402 560.84560986 1154.96225345 981.30411435 934.49178923 1300.63374438 807.08083583 989.36136405 1117.74677715 293.35896392 609.00437522 221.61001498 696.29540280 1079.01186232 851.56228494 
273.75087470 625.55073672 105.66250582 195.33439557 849.95366487 140.31486479 527.07024888 447.17382313 578.69862092 100.39902205 205.37276789 344.39364657 823.09845092 735.94905311 644.02814562 311.50699153 107.27204171 590.84847080 538.60643682 113.29366976 1139.11257723 182.14370230 590.29329744 491.41529279 90.89293477 501.70641640 169.58079255 139.08805877 124.30176011 431.35775654 
98.70103525 312.15620818 3.71994349 32.88028269 365.16697785 6.67628176 324.88419120 175.41687794 179.31526714 7.34671544 34.60123588 44.30084555 293.84016267 217.75495836 113.23327884 89.12613288 15.34592422 32.56175344 233.96672488 7.57108033 343.24447481 41.16727894 457.33764801 145.58548669 15.28841060 52.02569068 16.37712726 88.58200555 49.36617728 91.51658813 
4.89032170 60.91197106 3.53986958 0.51459548 1.51862899 3.66490854 22.88234030 8.67977517 8.96664551 6.95484304 0.31300673 6.96584782 12.44938451 10.48523954 3.74453713 3.54893565 6.83023260 3.66508527 0.68518311 3.47746356 33.99830300 0.50554460 9.05575286 125.33364661 7.32681233 7.09487518 7.08074162 88.44293707 0.59963520 5.79324891 
3.53986957 0.24981836 3.53986957 0.49963553 0.37472665 3.66477845 3.47751762 3.60232401 3.66482672 6.95483026 0.31227221 6.95483037 10.30733651 10.18242808 3.60232421 3.53986957 6.82992138 3.66477868 0.37472665 3.47741513 3.54264518 0.37472665 6.89237582 125.33071043 7.32676771 7.07973914 7.07973914 88.44293698 0.18736354 3.60232401 
3.53986957 0.24981776 0.12490892 0.43776268 0.37472665 0.37484414 3.47741513 3.60232401 3.66477845 3.60232418 0.31227221 6.95483026 7.19074723 10.18242762 3.60232401 3.53986957 3.57656332 0.44841104 0.37472665 0.69417427 3.53986957 0.37472665 6.89237582 122.15476945 6.89239082 7.07973914 0.43942363 0.25001211 0.12490904 0.31227223 
0.12490888 0.18736332 0.12490888 0.43718109 0.31227221 0.24981801 0.12490888 0.24981776 3.60232401 3.47743394 0.31227221 0.18736332 0.40436521 3.60232401 0.24981776 0.18736333 0.25148177 0.24981776 0.37472665 0.12490888 0.18736332 0.37472665 3.60232401 122.04065863 0.24982042 3.66477845 0.42891089 0.24981776 0.12490888 0.24981776 
0.06245444 0.00000000 0.06245444 0.24981776 0.24982107 0.18736333 0.12490888 0.06245448 0.12490888 3.47741513 0.31227221 0.12490888 0.12490888 0.24981776 0.18736332 0.07020784 0.12490888 0.24981776 0.37472665 0.12490888 0.12490888 0.31227221 3.53986957 0.24981776 0.12490888 0.24981776 0.31227221 0.18736332 0.12490888 0.24981776 
0.06245444 0.00000000 0.00000000 0.12490888 0.18736332 0.00009241 0.06245539 0.00000001 0.00000000 0.00006115 0.14237695 0.00000001 0.06245445 0.12490889 0.12490888 0.00033868 0.06245444 0.18736332 0.12490920 0.06245444 0.06245581 0.18736332 0.18736332 0.00000000 0.12490888 0.03728386 0.18736332 0.18736332 0.12490888 0.18736332 
0.00000000 0.00000000 0.00000000 0.00000000 0.00000000 0.00000000 0.00000000 0.00000000 0.00000000 0.00000000 0.00000000 0.00000000 0.00000000 0.00000000 0.00000000 0.00000000 0.00000000 0.00000000 0.00000000 0.00000000 0.00000000 0.00000000 0.00000000 0.00000000 0.00000000 0.00000000 0.00000000 0.00000000 0.00000000 0.00000000 
0.00000000 0.00000000 0.00000000 0.00000000 0.00000000 0.00000000 0.00000000 0.00000000 0.00000000 0.00000000 0.00000000 0.00000000 0.00000000 0.00000000 0.00000000 0.00000000 0.00000000 0.00000000 0.00000000 0.00000000 0.00000000 0.00000000 0.00000000 0.00000000 0.00000000 0.00000000 0.00000000 0.00000000 0.00000000 0.00000000 
