541.80938869 242.87047960 659.46745518 551.90303438 564.16410525 616.43020249 710.08601255 575.65590433 677.77544471 548.58744011 640.73395976 533.53605545 517.22344569 485.38179982 349.64297046 655.87765488 489.98458493 470.86749441 514.21227563 723.59329586 543.58978797 299.81748234 484.34482566 584.05620656 588.80293101 590.24808877 425.78930133 372.47887012 628.60464162 666.34275410 
541.80938869 242.87047960 202.71815489 551.90303438 460.52089196 616.43020249 507.96030174 403.45281334 467.30985859 548.58744011 296.56933867 456.24190884 135.37028303 410.32188335 306.65037310 493.15102824 432.84171564 424.50048075 514.21227563 471.40699688 401.21329437 299.81748234 484.34482566 146.71983546 315.04978371 559.51971458 425.78930133 354.20460698 442.19617603 602.69564630 
285.48349904 242.87047960 202.71815489 489.82392883 460.52089196 587.95515834 507.96030174 403.45281334 376.05858516 338.90141556 172.05295454 456.24190884 135.37028303 410.32188335 306.65037310 493.15102824 432.84171564 424.50048075 514.21227563 471.40699688 401.21329437 299.81748234 484.34482566 146.71983546 315.04978371 519.68822250 425.78930133 354.20460698 442.19617603 559.00854916 
285.48349904 242.87047960 194.75576750 214.09526904 337.78119801 350.06105687 295.95109209 257.44296362 237.23375980 275.56178378 172.05295454 249.75209277 135.02732692 410.32188335 245.41821151 290.46355986 432.84171564 422.45030800 492.26579376 471.40699688 134.43997035 240.64013961 484.34482566 124.69978848 157.50349904 519.68822250 403.27720334 332.59229753 305.76147494 328.10721551 
100.73387367 109.55041361 194.75576750 168.38917866 242.24674077 216.43991918 83.78180746 201.97442888 208.82603293 116.93008842 55.14258197 235.87088474 17.26328613 304.74247715 109.60661123 119.46643749 432.84171564 149.77418694 351.87436073 303.59762693 28.10877449 146.12498804 358.38268048 11.95761309 29.16302064 363.59802384 162.00567871 276.53872927 45.68903969 300.43000313 
16.07962357 86.89369339 148.59053037 33.44804405 175.91728601 95.33908663 37.15762408 142.33000833 184.58024546 71.33753203 16.54636689 102.60652664 5.21287474 170.50347912 108.18710967 57.02909046 396.20749646 55.30383264 178.31501034 237.23307244 19.64053150 53.86687338 184.53447350 4.13691853 15.21899971 335.03678252 88.39321996 274.49599113 28.68748472 258.46852423 
2.82913636 61.10697702 71.16555662 15.51693329 66.31643557 37.89121987 20.40224281 87.54628261 37.37414605 47.01535739 9.31965270 10.61975799 3.84682015 62.96118658 31.73245914 52.81351882 307.27022197 49.32049694 144.02161664 170.04054564 7.84980137 3.50114484 76.39761755 4.00756391 12.92221021 20.54795541 17.43793081 271.09706708 4.65142527 89.00978643 
1.79740890 15.09222800 24.12773268 14.69985007 63.52031370 36.79397410 8.58244874 62.92977521 27.43790931 4.26745112 5.87665032 2.59703480 3.44338662 17.95646936 27.96105831 9.28614749 122.89315398 30.50902205 59.34170241 11.08214363 2.72094164 1.66255654 25.55327595 3.92124226 12.62383139 7.29698837 2.79710193 143.63858280 3.78535769 19.71396611 
1.33479448 7.83536321 7.96644689 14.46825293 63.48749473 36.68682822 4.20185120 4.49949836 24.97655386 2.51463293 5.34055649 1.06153777 2.38661746 10.24293505 27.45850990 1.79189965 120.45176353 15.18011573 23.82338461 5.72305300 1.83337153 1.12216502 23.41530267 3.90366806 12.51400182 6.72279744 2.16325327 119.96857456 2.65780956 3.41635554 
0.99296401 1.86259554 4.07911304 14.17702903 21.77557961 36.65674929 2.91395841 1.58817998 23.44394709 2.30211103 5.28164128 0.87705624 2.19660265 4.59865648 27.31659740 1.35810067 18.99807910 14.27936304 1.90422464 1.53088365 1.72697246 0.56829798 22.89862196 3.88532365 12.46132351 6.70107561 1.84312244 13.61987510 2.43267892 2.09596140 
0.65818677 1.72808565 1.55124037 13.48662779 2.40301582 25.71423836 2.31662628 0.97251797 22.88901254 2.27073602 5.27216770 0.62613387 2.18037525 2.55915513 27.25349791 1.00058939 12.75049935 11.93428669 1.61169409 1.48359244 1.70468094 0.54087497 22.84324791 3.87761199 12.28719386 6.69878252 1.43830537 13.61987510 2.15526735 2.08798812 
0.63886578 1.71901340 1.49622695 13.44556979 0.98659664 22.65157396 1.49742170 0.85931452 22.78757260 2.26992410 5.27213256 0.53423098 2.16039719 1.24796586 27.24268611 0.92981107 12.28554274 11.92270428 1.58555654 1.43113975 1.69888548 0.53625394 22.84080080 3.87755794 12.27017956 6.67057497 1.41253650 2.80630753 1.64393109 2.08269490 
0.57355421 1.71893925 1.49597827 13.44555496 0.93714969 2.05237290 0.77704198 0.81243801 22.78482479 2.26992397 5.27213248 0.53081266 2.15562438 1.08249711 27.24127763 0.92954168 12.28066507 11.92270038 1.58413583 1.42040127 1.69888537 0.53623869 13.47101930 0.71648779 1.30347089 6.66076974 1.41194790 2.72735051 1.63509749 2.08269446 
0.56642529 1.71893925 1.49597824 1.01294304 0.91419261 1.82371820 0.51585785 0.81223686 12.99873438 2.26992386 5.27212497 0.53080922 2.15562359 1.08206055 15.38180452 0.92954167 3.69394590 1.37151561 1.58413568 1.42025382 1.69888520 0.53623867 0.47040047 0.53276942 1.28543041 6.66076973 1.41194776 2.72635019 1.63509727 2.08269446 
0.56642514 1.71893924 0.58381331 0.15483789 0.66108390 1.82371799 0.50372460 0.81223680 12.22256187 1.68740988 0.86827621 0.53080896 1.23122696 1.08206040 12.03135202 0.92954167 1.83348511 0.75514663 0.81052396 1.42025381 0.91545073 0.53623864 0.42680559 0.43570913 0.78162505 4.93635611 1.41194762 0.81725067 0.66491576 1.06173962 
0.07694044 0.72283451 0.52297472 0.10788421 0.59903619 0.78355284 0.50372386 0.81223668 11.91435123 0.96075285 0.63051539 0.53080886 0.51804333 0.43331080 11.82397048 0.59161628 0.60407814 0.57231813 0.62458966 1.18233619 0.75906861 0.30480133 0.29490603 0.43468624 0.49846239 0.74510365 0.99703412 0.36893486 0.53881675 0.24024485 
