317.14130066 477.48920507 393.72995005 414.38351896 371.87056183 394.51762991 333.79926333 467.46632415 403.18184940 385.43492665 283.90344988 404.62005720 420.62748867 321.27359100 371.22761739 360.71378236 286.68321083 337.67872161 377.78025071 410.84372970 393.72306940 389.18584849 367.89454045 430.11247335 400.59143547 339.35310073 434.39800950 393.63846312 331.91081452 375.80588595 
130.13001289 152.90642469 175.10753055 184.65172048 154.42337220 213.19287250 173.08401289 293.46700162 183.41970351 152.17644951 245.17646198 156.05166962 197.68447674 161.01964358 234.60661835 198.73455985 207.55866300 201.01504944 143.05961541 150.74991033 191.35174559 153.68574744 164.91570236 270.21372522 221.61327055 104.11062697 198.33931615 206.42271290 155.92309288 233.23364294 
130.13001289 107.81017324 175.10753055 184.65172048 150.74879650 199.91352903 158.21133666 250.07056838 157.26275848 152.17644951 188.88827621 156.05166962 197.68447674 153.77461333 192.93317986 178.13459088 207.55866300 201.01504944 132.05776038 144.67799778 124.68432882 153.68574744 164.91570236 264.97120631 221.61327055 97.30819745 171.70904563 195.76918285 146.09020962 175.15157034 
63.77873839 91.83406876 97.42576574 138.62698402 83.47104344 121.67943695 106.87630492 100.42888582 76.16345682 100.84929504 135.56649450 77.73602156 106.02965816 84.50249968 110.61008382 137.19192787 145.08866966 164.56503597 93.38083070 97.19691685 81.31606883 106.74335382 104.44695596 136.19793781 128.33899082 76.67134170 106.16060271 120.92808189 97.43170639 128.25725511 
44.10772766 59.06523143 52.06340021 75.78506644 47.42096162 64.56550113 39.74783706 47.03760400 46.34906575 52.46249960 88.03602033 48.22342331 49.40403186 52.84089767 42.48852748 73.74855661 62.82234937 108.01398387 30.66656839 56.34117735 58.75461386 54.15186793 47.57676897 61.53851553 79.22870208 50.76378181 51.27824485 82.82483858 53.02564623 78.55296050 
38.94040693 44.99051070 45.66997245 53.26855371 43.72906815 52.45047675 18.70786102 29.03276244 33.04424831 42.09151289 73.02269888 18.71711569 30.88913845 37.09165222 29.42723508 57.99582663 55.98034164 64.70296334 28.69676620 45.68524622 39.38936376 30.60053910 37.31535911 44.22832194 41.98051196 40.04502147 38.58034465 82.82483858 35.48010984 58.50786910 
29.43926655 31.36550519 28.57776969 30.80734301 18.07438502 27.46992114 16.76385122 22.27679244 23.40569610 28.93750460 59.75740095 11.07838612 16.85536427 25.11846830 15.78410502 22.56868777 36.80842771 48.18777905 10.92130855 28.63880069 22.63162681 15.45345067 14.36050555 25.02874488 21.56563301 26.80933519 21.66134690 72.22130217 22.61937803 40.48218660 
19.90034901 20.08897859 18.70789508 22.16367571 5.62268376 18.21715722 13.88452324 16.31692007 18.60893741 20.86283702 52.96308445 3.58580999 14.92461202 18.69048261 12.31625344 20.07578132 30.74369212 22.04658742 3.23957465 18.86001086 17.89749013 7.25747596 3.78621816 16.71473809 9.25225753 20.61299751 16.69758683 62.50598483 21.00809858 28.39423650 
12.50830101 11.42661925 12.73705369 17.90969319 1.99013662 16.91420324 11.20145429 11.31899408 17.83706296 16.32123203 52.85926661 0.99497026 14.92435055 15.33857956 12.30748493 13.93746305 13.29821147 9.00723314 2.98487765 14.35118022 11.69608375 6.96471734 1.98992298 11.30374231 7.95981904 19.10686696 16.28061998 61.50186158 20.70439373 27.21726244 
12.47120537 11.36526166 11.03763838 17.90920248 1.98991811 6.24549282 11.20140054 11.03753992 16.86086836 15.17467315 20.92003867 0.99495906 14.08061710 15.33853605 12.30734475 11.36526291 11.36526161 8.95460124 2.98487717 12.14348566 11.20140054 6.96470836 1.98991812 11.03753992 7.95966757 19.10686317 16.28061819 61.50178282 20.70439360 27.21725836 
12.30734475 11.36526115 11.03753992 0.00000039 0.99495906 0.99495906 11.03753992 11.03753992 15.46131533 15.17467311 11.52912177 0.03085072 1.98991811 12.86277289 11.20150988 11.36526115 11.36526115 0.00000000 0.00000018 12.14348414 11.20140054 4.59494060 1.98991811 11.03753992 2.00961110 10.87741715 11.97964997 15.95290241 17.22270179 11.05154577 
11.20140054 10.87367930 10.87367930 0.00000000 0.00000000 0.00000000 11.03753992 11.03753992 14.35537111 10.87367930 11.52912177 0.00000000 0.00000000 11.03753992 10.87967080 11.20140054 10.87367930 0.00000000 0.00000000 11.03755640 10.87367930 3.97983119 0.00000000 10.87367932 1.31105405 10.87367930 11.97962352 11.20140511 11.20140054 11.03753992 
10.87367930 10.87367930 10.87367930 0.00000000 0.00000000 0.00000000 10.87367930 10.87367930 10.87367930 10.87367930 11.03753992 0.00000000 0.00000000 10.87367930 10.87367930 10.87367930 10.87367930 0.00000000 0.00000000 10.87367930 10.87367930 0.00000000 0.00000000 10.87367930 0.00037047 10.87367930 10.87367942 10.87367930 11.20140054 10.87367930 
10.87367930 10.87367930 10.87367930 0.00000000 0.00000000 0.00000000 10.87367930 10.87367930 10.87367930 10.87367930 10.87367930 0.00000000 0.00000000 10.87367930 10.87367930 10.87367930 10.87367930 0.00000000 0.00000000 10.87367930 10.87367930 0.00000000 0.00000000 10.87367930 0.00000000 10.87367930 10.87367930 10.87367930 10.87367930 10.87367930 
10.87367930 10.87367930 10.87367930 0.00000000 0.00000000 0.00000000 10.87367930 0.99495906 10.87367930 0.00029687 10.87367930 0.00000000 0.00000000 10.87367930 10.87367930 10.87367930 10.87367930 0.00000000 0.00000000 10.87367930 10.87367930 0.00000000 0.00000000 10.87367930 0.00000000 0.00000000 10.87367930 10.87367930 10.87367930 10.87367930 
10.87367930 10.87367930 10.87367930 0.00000000 0.00000000 0.00000000 5.86348947 0.00000000 10.87367930 0.00000000 10.87367930 0.00000000 0.00000000 10.87367930 10.87367930 10.87367930 10.87367930 0.00000000 0.00000000 10.87367930 0.00000000 0.00000000 0.00000000 10.87367930 0.00000000 0.00000000 10.87367930 10.87367930 10.87367930 10.87367930 
