2479.61587820 2314.65700641 2019.48471100 2008.08890470 2457.72293114 2268.28419681 2525.04509135 1835.22519264 2191.49475932 2014.51958849 2397.18302581 2576.88455861 2390.85246715 2420.49743791 2217.93420168 2339.94023373 1977.39377730 2071.95238817 2573.74002656 2066.50077220 1867.41354519 1817.55306662 2372.48652415 2478.40936761 2394.08944237 2585.98378051 1974.82079432 2057.64444782 1605.54377404 2405.54380504 
1987.34572967 2314.65700641 2019.48471100 1921.60122361 1892.24752150 2006.66109046 1711.04811539 1835.22519264 2191.49475932 1979.53136717 2091.08728224 2076.28441717 1774.75278477 1756.55156611 2217.93420168 2339.94023373 1977.39377730 2071.95238817 1765.06055150 2066.50077220 1825.45229070 1817.55306662 2290.30422496 2113.43515512 1614.05675373 2251.61169266 1961.23070196 2057.64444782 1605.54377404 1196.24542924 
1614.80481090 1519.95764796 1470.50096448 1389.97058295 1833.26175283 1936.53006064 1395.92055558 1395.81058623 1433.74782166 1794.71008441 1678.72074356 1141.82995432 1668.91465549 1261.43256555 1376.28515432 1981.25919794 1263.78764629 1768.83088592 1340.52792970 1936.37401503 1734.88273758 1531.03430720 2045.27408071 1637.27225530 1163.48154631 1487.93664107 1506.65465558 1606.79768138 1446.30758957 1087.51155765 
1122.94884314 1263.05717025 863.22265538 475.07387207 988.45049465 785.72003258 1081.09266705 1080.10833509 1175.21485417 1252.14430708 1033.52446750 1096.11879910 909.99265837 1199.19299771 1088.61674398 1572.21632701 582.53542479 1481.63219945 1184.44182138 1598.25037206 730.74642749 1462.13587207 1216.99929255 852.15867006 1080.00127342 1293.15853579 1104.37242383 955.79112257 1183.20930172 397.14316555 
611.89184255 774.63304875 319.38579218 181.53451034 737.73487171 659.71000942 441.31743524 398.96616217 638.09552933 351.34587172 1033.52446750 460.32421142 717.46531989 705.60539827 801.13856017 672.57691919 271.78147001 791.97348016 747.42525037 759.38619066 309.34872432 552.08389080 838.72521534 552.83087046 371.20811261 581.05958176 234.44716799 239.45126135 737.38949111 178.19852006 
243.03597373 311.74539011 76.56107093 77.36534995 152.57018701 242.45897055 122.25848933 38.28914832 188.75837926 184.13435449 484.65887516 141.14414095 136.20461585 304.89528702 284.06918070 256.02839191 22.89986268 377.61037254 468.89074389 423.85959526 153.04290788 265.12234487 180.96875406 100.64321493 98.36753510 233.83217009 88.33174985 138.77539215 266.86880931 129.43730481 
41.32364677 78.40378301 19.03396269 33.79502838 31.68763908 57.36223304 24.64828153 4.71853870 13.02804033 23.25337139 124.68312823 27.23482925 48.83526569 23.07527278 82.58288930 43.29485310 10.18250837 73.90866360 29.56133270 34.31340002 132.09833477 226.37257878 127.73529117 39.12694723 18.96855718 29.73267585 14.30242460 4.36378551 76.27397887 126.21906637 
2.79526100 6.81181659 10.31756763 28.47165913 3.52870491 6.75684713 6.26360092 3.52655433 9.04486500 9.52220336 6.77650368 11.13662514 3.54211012 10.99578718 17.02134332 5.70501833 8.94185465 3.83206143 13.69139887 3.47450555 131.31758416 223.68558078 125.87811864 12.95398652 15.72098719 12.17662659 11.50164392 2.11934738 2.16132107 125.72340307 
1.90314026 4.33225979 9.26444888 17.53034073 2.46208341 5.39773216 5.10219618 2.60642164 8.57538878 9.08965743 5.44654443 10.36806010 2.75160322 10.41337433 15.59498771 3.53061603 6.99440628 1.38057164 12.25408533 1.84418326 131.20954805 223.42000976 124.81857975 10.91799971 14.74059437 10.88234355 10.65445272 0.96536739 0.62192175 125.65030373 
1.60050149 4.00399511 9.07505593 17.07195095 1.81500198 4.65007221 4.81346966 2.47753988 8.38455121 8.07335585 5.10526868 9.82332087 1.73459590 10.00235184 14.75439460 3.20310591 6.93378408 0.88833342 12.07695320 1.47937980 130.29386530 223.34655547 124.55967835 10.37550953 14.38394082 10.59267737 10.24710454 0.67407551 0.43274519 125.37473515 
1.53005296 2.97249533 8.96699136 16.97074078 1.61930614 4.11221578 4.51303895 2.25405150 8.19899780 7.83683037 4.80761524 8.40887296 1.68445311 9.74893615 14.35393988 2.62745117 6.87280668 0.83879359 12.03093648 1.33649861 14.10606296 0.74283737 6.45572660 9.75102254 13.92568444 10.51416689 9.75557535 0.57982318 0.35706232 6.90417520 
1.52045463 2.40631724 3.07952462 2.57529160 1.41753719 3.70116159 4.04487305 1.86860783 2.02163303 2.14036154 4.03990322 2.42671125 1.54750248 4.23886619 3.99730757 2.24866795 6.72028936 0.81824210 1.12390274 1.22118923 2.86876181 0.73469731 5.91527146 3.81494135 3.70396786 4.98968396 3.15250690 0.57408968 0.35265754 6.61640669 
1.45670248 1.97203171 2.49825593 2.06610398 1.15399664 2.77389140 1.33333449 1.54992077 1.43957054 1.65047421 3.25942946 2.19191152 1.37782018 3.08004842 2.00802801 0.63858462 0.36428612 0.74862175 0.75821009 1.09016218 2.10307307 0.73424739 0.30356192 3.21779451 2.07726243 0.82318244 1.46850238 0.55492349 0.34903919 0.63135251 
0.29466641 0.07098158 1.24713002 0.88117954 0.64442599 1.57823800 0.19919832 0.35531236 0.72403754 0.28056182 0.40089603 0.39019862 0.49867656 0.29023956 1.04576811 0.35176197 0.36426802 0.19404929 0.07777713 0.82225228 0.78898638 0.15797072 0.26238354 1.21270394 0.25528474 0.09453520 0.29783763 0.06783891 0.13485724 0.30891004 
0.22887876 0.05109086 0.28697462 0.07818447 0.05168683 0.59108292 0.18534165 0.18003023 0.71631240 0.16883727 0.26663849 0.05257593 0.30626026 0.29010651 0.49658589 0.04089151 0.15609523 0.12806013 0.05429687 0.23654456 0.07886003 0.06104136 0.12912336 0.32872826 0.13023674 0.09449447 0.25141815 0.06166758 0.11991202 0.15009651 
0.16653856 0.05108375 0.07879753 0.05461531 0.05122489 0.06409360 0.14257120 0.18002453 0.07068099 0.16883426 0.09841142 0.05257592 0.24301484 0.07670495 0.04840412 0.04089055 0.12819518 0.12805992 0.01444123 0.00728195 0.03879338 0.06104129 0.03085032 0.11645653 0.03383665 0.06673305 0.22764302 0.01785058 0.08104813 0.14811270 
