402813.38780427 567200.01507330 88771.60001221 700759.15874003 163205.36175428 297921.33897427 206085.57432642 560043.02164116 318491.45166382 166664.32376757 307782.61936535 426337.21259826 293863.97525597 516494.61908497 610887.83356037 170783.17774079 410780.27685742 466825.52940480 440357.58257021 261107.15718406 458741.14433066 564734.61609553 380309.29293742 297273.91265041 332401.55952703 294124.55513077 650364.91652376 215064.82152633 626409.28603059 685822.06334529 
28401.92321867 183639.12299796 88771.60001221 80943.71860829 22340.28985790 297921.33897427 188357.52199773 284888.95389110 203685.16449765 166664.32376757 116200.13211419 262756.97077521 246341.01022200 499073.29807456 530242.67691353 100653.57018151 410780.27685742 302650.05586664 232694.63324900 261107.15718406 315204.12123130 46046.72996938 330426.05019006 237421.16152597 173592.66141410 55371.16921994 255481.53462172 141750.68502835 299386.78671273 383064.69740527 
1074.54580476 9545.07373459 40956.35613593 25501.85141126 17135.60655019 18595.83161728 33401.59752716 238416.48854742 66003.90936887 87337.97010984 55754.18919556 16673.22939228 46266.80402901 58403.67665292 330550.08923186 7898.88571113 26884.74854951 2596.49979513 44793.10073101 54234.60649488 282396.62429859 46046.72996938 59933.74894023 87424.38217261 126936.46060688 6010.82350666 62276.65474916 3802.17788878 4571.52277044 75387.69305946 
520.46502985 2816.91763704 16372.75881959 2639.48504633 2060.76934780 2686.45601243 4527.61167485 14612.29676843 10988.59159212 34446.32287634 17902.07398289 1441.37098679 16727.83937798 1535.51059223 16828.76370784 1229.38520663 854.81555328 990.17219005 5377.95672536 4043.25576650 14088.40702659 6071.13334806 3788.75975529 33884.86583279 13523.94659291 561.10519288 1633.89047351 790.26615975 1408.35804130 6912.74501717 
66.84449570 952.39105826 12044.55220788 371.30183948 322.46569730 647.30453936 571.00295306 542.34803677 270.12673699 950.92675786 1795.04167675 153.48980128 3759.10485162 93.74006826 281.69723209 487.49920249 112.92459422 48.00131226 936.23196339 1196.03677085 846.38624366 2799.01110110 212.97867155 2823.50867631 59.49070110 85.29370259 242.67628199 47.78201957 233.49632894 138.99614578 
51.95482214 112.04700515 7033.55551748 119.34539092 31.92381019 424.95011533 71.66771947 28.43453563 26.34537749 162.72489418 227.19112111 44.25707716 152.90686614 23.57314673 20.83035748 139.42232145 24.25003414 15.33862154 74.25643780 220.36857548 50.52195588 869.64921785 24.90944081 346.80239154 10.16214714 38.32871687 71.65748735 22.25915094 65.14541438 32.42607956 
45.45971941 93.56237320 1110.71433941 31.82635842 10.29833420 26.29347736 16.85776107 15.93823080 13.77734772 65.88256592 72.23586106 30.05770280 25.42515888 14.42188197 13.81940882 71.63851874 10.91595257 12.41801066 26.30853194 22.29710405 17.20796295 307.43672882 15.12833678 24.32149402 7.02745908 20.60376520 58.75085552 10.92206916 37.50272836 14.49920835 
41.04543846 84.63832180 261.37472747 7.45172804 5.08563827 8.64940075 12.55423868 11.03793816 11.45840280 61.30944999 16.36329156 24.95983596 13.41365195 9.12663293 8.90839849 61.86389297 10.09574046 9.58384169 13.13064422 12.58367328 15.86538002 90.08764844 11.75876258 15.15631739 5.55324926 10.34965828 51.30444983 7.81856416 6.60785606 10.28112063 
34.95660478 77.95428898 13.59814716 4.13742580 3.36145779 5.36239636 8.97968302 7.86284733 9.04150446 59.32930255 9.51217277 19.41776406 8.46417024 6.25160581 5.64987234 58.80803021 5.99286478 6.01285719 9.61276984 9.27362812 14.02806886 23.33627317 11.32678579 10.23100671 4.65770292 7.23306455 48.69479973 5.91751146 3.45318105 6.23791689 
29.20992502 69.73065582 9.68050069 3.12161671 2.35541224 4.37146169 5.98609715 6.07896785 7.03864992 57.58213004 6.79913684 17.47020058 5.02770763 3.01068257 4.88761471 20.92231043 4.59078443 5.85776722 9.45162397 7.58827214 12.79385431 8.67425013 9.59654230 8.96613547 3.23806615 5.12699025 47.59600236 4.26909901 2.73808663 3.79064829 
7.11991889 3.92125995 7.28797591 2.94372893 1.87260080 3.07411736 4.77338941 4.73288319 5.71666747 19.65157908 4.09095459 16.50150242 2.98877294 1.92824842 3.78573586 8.41417025 4.12453211 3.61264994 8.19266305 3.69601334 11.69631846 6.47271417 8.67248843 8.39876247 2.10466617 4.01329293 7.60638256 2.98509480 2.31433317 3.01083617 
1.77940183 2.21594477 5.96768387 2.18305089 1.40769258 2.56031870 2.41084094 3.79185691 4.67144206 2.20218562 3.04920574 2.37937143 1.32067955 1.12973795 2.61045221 8.15896336 3.49261555 2.48555104 5.02724238 2.55754440 10.43058500 5.82977332 8.18137877 7.64040539 1.79585871 2.95048745 4.75125300 2.17476114 1.90149109 2.66175755 
1.40314027 1.70030490 1.00350125 2.00256758 1.19442890 2.00767193 1.83437598 3.17340807 3.99400779 1.35213003 2.50597139 1.39971516 1.07420814 0.63678921 1.46837945 2.29296951 2.52635148 1.59894417 2.00187773 1.81919432 2.56035417 3.84297051 1.35542954 1.33425044 1.43330823 2.10361168 3.33445627 1.44487824 1.75347429 1.91548407 
0.84729114 1.52851309 0.32672953 1.65367741 1.11601181 1.48184722 1.21084579 1.42613765 1.10954807 0.94402632 1.61777443 1.10111590 0.93838268 0.20951848 1.31512132 1.07243807 1.58794308 1.17449352 1.54197602 1.02456827 1.50754914 1.58965843 0.95413149 0.65040017 1.15751907 1.54916572 1.51260251 1.05402000 1.69941098 1.52916475 
0.63737711 0.85019525 0.08530491 0.80174774 0.54963881 0.62113157 0.55632725 0.81202989 0.37038320 0.60307302 0.70056013 0.74251155 0.52530360 0.05064781 0.62239402 0.68367924 0.71925646 0.84242112 0.81773712 0.67068996 0.48460649 0.81898214 0.74046210 0.54633569 0.59546147 0.66951197 0.88447176 0.54307066 0.57784799 0.61187227 
0.43618333 0.45682138 0.03003116 0.36456119 0.37515056 0.27526232 0.21196988 0.31349513 0.12831340 0.25010950 0.45200522 0.42003818 0.15455665 0.01975764 0.39023827 0.35360337 0.44593244 0.45329660 0.46491593 0.32813506 0.29022798 0.55107308 0.40425099 0.32464032 0.30194541 0.19668811 0.51082986 0.40979633 0.30634545 0.39164675 
