6217505.93928718 3514087.33367800 1736047.03102527 3123019.78922580 2530716.64072326 6489565.39106306 5643979.74824652 63204.67270401 489084.13986536 3575868.07038682 1379234.42375678 3536136.70881176 3807042.90448153 15527482.99961116 844458.60492272 3182574.08248157 1371493.70367670 17172033.83979038 668851.74007438 7591955.77212110 3159166.43188457 2794831.78818655 2122690.23342234 5071963.70589772 3807042.90448153 12611468.53233027 3018561.61013208 3435857.02209209 8718966.67612489 8233248.13567804 
1011171.83879031 1255676.40064748 719488.36916497 3123019.78922580 2213418.55502582 229763.12846494 2036623.56971541 63204.67270401 489084.13986536 3575868.07038682 1379234.42375678 3380260.41918578 62407.54862807 2358761.22477633 844458.60492272 164754.39934555 1371493.70367670 1156995.49933638 668851.74007438 1032071.09963536 2071531.28364856 147560.75176297 1965910.91064958 725395.96304410 62407.54862807 3357893.53019216 3018561.61013208 2411074.70911947 765099.44385493 317162.24426062 
817434.16747778 1255676.40064748 719488.36916497 2259628.97110592 1417177.42817263 229763.12846494 1581726.83407319 62873.91307767 489084.13986536 1428830.47257486 1379234.42375678 1669417.11771194 62407.54862807 2358761.22477633 844458.60492272 164754.39934555 1371493.70367670 1156995.49933638 668851.74007438 816309.12257112 928852.37555725 147560.75176297 1414824.84949054 366301.72488652 62407.54862807 2087862.52431376 1946656.28507339 1198522.67370723 765099.44385493 317162.24426062 
366185.06168380 909701.81207716 25034.51461072 849345.21667213 1219107.08775527 109508.75440128 138126.93885005 62551.76591786 97017.82259976 1104721.80892747 702125.02769646 97261.75899413 33796.32925776 916346.16620649 159970.23799791 8904.84942993 510300.62515830 533047.26782956 233178.39907856 252808.28163126 148485.50953386 147560.75176297 1290688.53611212 4806.16052180 33796.32925776 1470011.99197801 274146.39176843 98177.08331476 25565.78324084 317162.24426062 
341335.20719187 215920.51551200 12196.55605484 33209.06644051 88262.16101883 78357.24900966 116164.96158935 5109.27463215 13228.27581833 804572.46149627 21272.12480837 7322.03402075 9156.46060201 35066.16315331 12337.24246990 6588.60604043 146054.63562328 241878.58013120 5454.78904138 86736.24448511 29569.78389256 43927.92185654 1135696.30852151 1391.19182228 9156.46060201 505382.40760957 40165.27572555 1751.02432423 1321.37165114 189163.47997219 
287384.05777954 22283.82464823 8540.43030624 24961.67119930 49626.52851188 23551.75472673 32736.82817155 831.30797406 11764.96782245 403289.98659841 12537.14269298 1723.04159753 8764.32489779 5547.37414526 4169.28350261 5556.52784324 4995.74196613 14094.71358472 2554.77443206 38582.90275409 26725.39303199 9362.85198571 1025767.84329138 804.79080341 8764.32489779 42797.27771710 31470.04057442 1102.37571583 1035.24957229 22360.21219237 
240992.17575519 4498.34665916 4788.30047819 11902.58754855 5491.51159554 7814.86678730 17191.07433656 423.37638556 10791.34593318 134675.69126258 9769.49518357 1251.27712888 6003.34031494 4438.45881280 2388.49969141 4795.39013855 2397.78207329 2917.04894734 2230.53746365 22446.99484536 25938.11243432 7240.89095536 307871.69720208 634.03372827 6003.34031494 14819.08491061 7302.59862730 338.78362443 130.72783070 21274.34276417 
45723.38816882 4240.62913222 2874.35958414 7889.85598053 4283.67484245 7490.41293519 3714.94999715 68.88177493 10113.30710364 22777.75959746 9195.71352937 1251.27712888 1728.04374960 4163.52292718 1731.22310723 4266.68514963 2049.76502220 2840.29177433 1832.79464071 19374.51843163 19195.40839222 6403.36406696 37008.28975580 580.26467281 1728.04374960 14295.95011245 3759.73997392 105.15665773 106.01768395 5782.88228275 
6324.72724756 3252.27168924 1367.45567250 7818.97820747 2461.63183671 7431.52675456 2328.80271346 38.89809139 10063.52309197 8254.57154119 7862.33848663 900.26421736 1539.97377818 4103.12538488 1382.93388965 3377.89555939 948.84129647 2361.06759340 1810.94577467 15399.50329437 17906.02698201 4711.89420818 581.76130655 575.33573910 1539.97377818 2038.04760876 3596.33963050 37.47985384 89.44318491 3544.50670439 
6288.47571348 220.62787853 831.53349715 1366.99228478 1887.70048740 7207.69214080 2241.73426061 28.90100281 10017.99951398 7339.11188178 6671.49253613 749.55426600 1307.70022461 4078.58042413 1236.21977678 2494.98331768 382.51208724 2133.55421007 1796.97469104 2731.59825946 1786.32053552 4298.59660086 205.56419009 552.28907121 1307.70022461 345.44425503 3372.27240372 21.01215590 88.38847545 3300.33759274 
537.38039921 146.16303633 610.64449039 329.25875000 1152.55192782 263.78670137 715.73048132 22.70972296 256.54489689 32.36316310 375.35763215 660.19539899 1100.57167774 523.01300420 1127.54424963 238.08475202 333.25136029 2062.61924431 1770.91808973 95.46568087 714.30556033 135.19173931 47.57645635 453.18016656 1100.57167774 243.75587145 891.44292120 20.54633764 87.12338948 1709.15506601 
213.41935788 19.39229946 285.73422988 102.67905140 128.89835529 160.58008903 109.84070147 12.17626907 112.97437578 14.63080569 250.97154924 275.32012383 115.67909288 224.16352273 55.63968886 194.23159637 317.23536710 28.31056659 38.17670399 86.19456927 13.84880914 32.85418902 18.06933680 337.60129724 115.67909288 154.20150465 218.10415391 20.52505286 86.16622879 51.82158645 
20.68598879 7.99117555 33.25837594 1.46375594 36.11118049 126.92446717 95.85453960 9.38705935 23.43414298 4.42676159 54.37516733 23.63684177 3.73885352 41.18309893 39.84574843 151.09214483 49.14592857 3.42067168 2.91251660 86.15717804 4.43759425 4.20933232 10.08391676 119.12687016 3.73885352 86.28292740 21.41294335 20.45723422 56.06756176 39.76326209 
12.14773113 3.02322375 1.00368799 1.19395752 7.97360642 9.50689661 83.54340632 8.37855448 13.16324366 2.29934963 41.86454162 22.57325204 2.07363704 40.81150726 39.79500267 40.77088116 45.08977636 3.40886005 1.48078587 86.10054356 2.92641039 1.77894894 5.16487536 1.22001707 2.07363704 1.66558229 9.44699610 19.86353738 4.78469818 28.89451147 
2.19806168 2.40621020 0.99689383 0.63803700 6.00583205 1.20311936 11.61060010 2.40744222 13.16287380 1.01491043 40.12316065 16.46876214 1.59379757 40.79103749 1.47877218 15.33348014 44.97928893 3.40141805 1.32708183 3.52820807 2.65112540 0.64186670 2.20353562 1.20310315 1.59379757 1.64404475 5.68912572 19.36982858 2.04956286 28.42201457 
0.20814316 1.63683166 0.00000006 0.62444082 0.00867540 0.20814304 11.58924164 0.41628773 1.20310332 0.41667982 0.41628781 11.40579043 1.26495858 0.62443466 0.99495906 0.64808726 0.62506064 1.41137386 1.20310204 0.20815811 0.22260489 0.62455775 0.20822014 1.20310204 1.26495858 0.62443493 1.41149345 11.17296183 0.00711984 0.00000016 
