9049520196.11831284 9921309066.03091431 12114661369.97700882 4650962525.16621971 10585953627.11179352 6401753375.87201118 6411534120.84145355 6186378787.01419640 6025482987.66329193 13176234125.64302826 7140099241.40640831 5423075892.74436855 3449607995.19566631 8234299431.03658962 9521361646.04978180 7911808280.97460842 10840202593.22437859 5960252180.40618801 7880623484.88964272 8286836586.45064545 9580275663.88218117 4996500007.00348949 8686125458.32668304 3539175895.06723595 4361537502.28931046 6402217071.75711155 8035195777.07591057 7874379235.25723267 9155041732.44599152 3072560185.78644753 
3225869914.78624153 1549244751.43132615 3838240324.06987572 1714917274.46789336 2511428818.81139660 2547084216.04194212 708052964.39060390 2329592048.82855654 2398763142.11034870 1757826401.60112739 1442226048.12153864 872138211.01571763 2546354511.14598274 2038484532.13274956 1007293212.76599050 3874382417.06697559 1733129897.97253895 861993668.46140718 2162382273.29869080 3591236584.25876474 2028438380.55805135 2539846499.98033094 4190597577.61669397 868089642.71510780 3408490140.04519558 1617735835.90017486 1436451114.65672302 1515457650.00195694 2418952424.04895401 2063577056.81266260 
3152891487.78200626 641152261.15703237 2382610184.78128815 1607830186.63137698 2511428818.81139660 2276846349.45721197 470275268.53368342 1767553375.95632005 1997627463.07723475 1757826401.60112739 1442226048.12153864 700664188.46120775 2001189335.24684405 2013003780.28739953 806179523.45881343 2651036398.15501976 1246835616.25107670 861993668.46140718 1132803100.92590141 1679833665.01415253 1536401501.92636681 1883412810.43321419 3245127661.52263355 410185623.82684767 1595422636.57945991 1523278202.54162598 1331994756.06567287 1013017168.92720175 2059702225.59072447 2063577056.81266260 
890214860.15564775 78000433.29874904 1395312204.10955834 888787317.75753260 301691340.52901471 517314988.77548546 141620557.04105589 1229830930.43619466 967999066.07932508 895382125.49984014 243717587.60842377 178131704.86443967 901316897.46802497 83123775.05554529 131666281.03560737 818082070.87736154 365321612.95929480 311208754.09751940 106089297.74384181 332986758.34168100 226963083.61092710 459470414.52227849 2150415839.26599836 75444922.64997390 715098292.95412731 215735857.55923694 362479855.01086366 338089445.17311656 173347534.52400181 1495798933.75081754 
58242492.06219295 6273911.92883383 654704542.81660962 211506665.55283192 7628563.62797153 10733245.25614482 5349973.31020938 920289302.42702508 325113691.44567490 312857754.41156244 5245260.05061881 58289678.62931829 22868663.73623686 7308653.55216890 39720001.42268338 31159522.54334451 117562902.40788499 89439617.81893927 11697631.62222070 13079340.53466124 3240162.63749758 35577999.07059132 1893985836.05648422 20561246.68398313 106605004.67280643 37240641.40909662 144394048.52006376 18101555.53936726 7630310.49428223 401742338.18650126 
8439027.92684133 98918.26848080 281648569.03112710 69731493.86973701 168860.62686963 111916.24632571 107343.10867974 717641546.46230948 54997898.60322066 195641103.59654438 36440.45245418 19029451.68582471 235315.39251103 147529.46789580 8477547.98337080 3799407.89267733 22897779.16145899 3551361.76612827 236853.93910631 541637.93924512 45561.92189870 15634605.82321345 1810298391.16464400 955595.02454833 3225715.10170690 9713722.71404679 28978873.55142357 147912.08595219 125598.26763509 13882524.70996651 
4688322.67484247 1986.34486581 127786.65408100 25516010.12125536 740.73583248 140.82292097 6156.89123150 529357808.52281129 3309092.38040149 211491.22568648 178.42837946 1412193.20008018 709.47193635 4950.75756987 337659.20699177 841.47656861 65550.97407717 4096.63708491 2087.79913327 3150.76706246 142.97559157 32279.91546954 1253216429.90834761 41862.37596644 87076.35051232 15279.03430268 602216.03640977 1036.44567281 73.90317777 38259.84541004 
1017.02575601 507.41714739 44.39319221 18554.86939308 0.02907473 0.02570261 10.53650870 329111591.16310918 71396.39059682 51.12640987 0.01806011 470.69641134 0.45102790 138.22948932 2329.89375297 0.07703129 217.29733454 274.05074883 924.40299265 16.66479024 9.05707936 2590.22357905 676359.99368833 2306.62984522 6.85190686 23.83391329 60.18742034 14.63442944 0.06947085 2.68787927 
0.01889911 0.34049280 0.00013633 0.92652261 0.00000000 0.00000001 0.00004131 51305.19790225 12090.96999778 0.00013700 0.00000088 0.05369348 0.00360243 0.00041451 0.00182885 0.00000002 0.00007411 0.00005553 0.01261010 0.00000611 0.00030144 0.00124232 0.38048916 0.01296761 0.00100729 0.09993339 0.00006324 0.00002206 0.00015297 0.00000023 
0.00000024 0.00000000 0.00000000 0.00000000 0.00000000 0.00000000 0.00000000 0.01413801 0.93750642 0.00000000 0.00000010 0.00000000 0.00000000 0.00000000 0.00000000 0.00000000 0.00000000 0.00000012 0.00000000 0.00000000 0.00027145 0.00000000 0.00000000 0.00000012 0.00000000 0.00000000 0.00000000 0.00000000 0.00000000 0.00000000 
0.00000000 0.00000000 0.00000000 0.00000000 0.00000000 0.00000000 0.00000000 0.00000000 0.00000026 0.00000000 0.00000000 0.00000000 0.00000000 0.00000000 0.00000000 0.00000000 0.00000000 0.00000000 0.00000000 0.00000000 0.00000000 0.00000000 0.00000000 0.00000000 0.00000000 0.00000000 0.00000000 0.00000000 0.00000000 0.00000000 
0.00000000 0.00000000 0.00000000 0.00000000 0.00000000 0.00000000 0.00000000 0.00000000 0.00000000 0.00000000 0.00000000 0.00000000 0.00000000 0.00000000 0.00000000 0.00000000 0.00000000 0.00000000 0.00000000 0.00000000 0.00000000 0.00000000 0.00000000 0.00000000 0.00000000 0.00000000 0.00000000 0.00000000 0.00000000 0.00000000 
0.00000000 0.00000000 0.00000000 0.00000000 0.00000000 0.00000000 0.00000000 0.00000000 0.00000000 0.00000000 0.00000000 0.00000000 0.00000000 0.00000000 0.00000000 0.00000000 0.00000000 0.00000000 0.00000000 0.00000000 0.00000000 0.00000000 0.00000000 0.00000000 0.00000000 0.00000000 0.00000000 0.00000000 0.00000000 0.00000000 
0.00000000 0.00000000 0.00000000 0.00000000 0.00000000 0.00000000 0.00000000 0.00000000 0.00000000 0.00000000 0.00000000 0.00000000 0.00000000 0.00000000 0.00000000 0.00000000 0.00000000 0.00000000 0.00000000 0.00000000 0.00000000 0.00000000 0.00000000 0.00000000 0.00000000 0.00000000 0.00000000 0.00000000 0.00000000 0.00000000 
0.00000000 0.00000000 0.00000000 0.00000000 0.00000000 0.00000000 0.00000000 0.00000000 0.00000000 0.00000000 0.00000000 0.00000000 0.00000000 0.00000000 0.00000000 0.00000000 0.00000000 0.00000000 0.00000000 0.00000000 0.00000000 0.00000000 0.00000000 0.00000000 0.00000000 0.00000000 0.00000000 0.00000000 0.00000000 0.00000000 
0.00000000 0.00000000 0.00000000 0.00000000 0.00000000 0.00000000 0.00000000 0.00000000 0.00000000 0.00000000 0.00000000 0.00000000 0.00000000 0.00000000 0.00000000 0.00000000 0.00000000 0.00000000 0.00000000 0.00000000 0.00000000 0.00000000 0.00000000 0.00000000 0.00000000 0.00000000 0.00000000 0.00000000 0.00000000 0.00000000 
