621.39861804 716.58840451 389.26963832 178.49381618 499.29033645 364.39490121 341.54875678 417.70752356 623.77066006 391.53859339 361.27843292 754.44327277 505.71760784 396.12029166 467.40996909 271.75553283 213.14441511 257.43571777 335.25274362 599.08617896 475.03337392 354.64983838 628.39760229 793.31939223 442.40054493 187.71054446 208.57761986 308.50583566 600.01422407 274.35842839 
217.24127565 202.10229213 317.10680053 178.49381618 132.95285301 169.87336803 162.62566983 417.70752356 166.64058559 207.89735376 215.41695820 369.64554752 168.28142278 183.56793728 250.42590131 191.39138715 134.83613659 134.41285011 239.15281868 164.29343394 220.74954239 193.24428192 345.41119547 151.86609633 155.01811631 150.28029915 150.85721488 156.52370168 179.40689387 175.59275282 
217.24127565 178.77030013 154.23319972 178.49381618 89.86642745 161.06943034 153.68683091 209.61388637 120.23814375 177.72528659 126.08791254 272.21634519 140.68624841 168.20136748 178.53091074 158.05367693 128.24860948 134.38003223 216.89981682 154.89536319 161.15280400 124.73578595 245.52153180 142.73037675 113.70755716 118.99115732 139.91934862 140.62607953 129.63237624 164.10974106 
159.94342643 124.54906070 103.91299368 140.96055179 65.77199735 96.35104150 105.79243827 99.68606445 91.92500375 117.49345667 84.50693389 127.07895809 99.88731743 113.64173052 100.51199622 107.08400052 97.65340835 119.47868110 141.79450637 100.94967610 97.83471155 98.70317171 162.46547455 98.27664038 113.21628012 106.17078487 124.28339299 106.91537714 97.51512284 112.81594978 
109.77604814 119.97777309 78.52094168 91.49154573 59.27973705 78.44686182 89.79887361 77.63962022 78.00207823 85.66418891 76.18678858 99.71882247 82.33437591 80.88810024 79.13248237 77.65372665 79.05740504 113.82951858 94.63674039 78.63261978 83.96583027 78.07630040 116.66749588 76.53179613 92.77276853 87.72471660 112.68596743 92.84675276 88.60727619 85.76037569 
90.92287092 119.32524070 67.91593115 78.01896529 58.33115805 77.48043808 82.67727306 76.02225732 76.76698324 79.27950213 76.00460097 93.09472543 75.93021816 77.31126219 75.65516755 76.37717050 76.44661158 112.93763555 66.76671323 76.10531588 78.28598795 74.14426959 108.50989144 75.65221717 86.49463235 79.86093993 109.32584323 84.62734866 80.15191858 77.17651027 
83.57539699 118.52997173 60.12109732 75.53272933 53.77162003 75.97312896 80.73796884 75.52703440 75.33896661 75.19229976 75.47124084 82.91922204 74.23122338 75.27803634 74.68051154 76.28616122 75.39470749 111.72791020 56.40827348 75.52316857 76.29594849 72.88311293 94.60989758 74.72555866 83.43547049 77.21884558 107.15729133 83.62276458 80.15191858 76.71638281 
82.59380615 118.51599759 57.17838499 74.60962010 53.39320114 74.98923762 78.86619700 75.41163608 74.92376788 74.67413034 75.31985786 82.29987641 73.88421777 74.72298861 73.50313826 76.00094379 74.84602492 111.32461620 53.48178963 74.67924738 75.94547261 71.31847825 92.47098294 73.96482264 82.87584447 75.09463684 106.98840292 82.89023142 79.51669857 76.12503150 
82.03309078 118.51468624 55.65679908 73.18091207 53.24471493 74.53029614 78.71412054 74.39718019 74.34277417 74.43329911 74.48672669 81.56265832 73.51383420 74.36415520 73.40294881 75.76367382 74.84602492 110.60989199 53.28943669 74.38530092 75.59362887 70.41259221 91.76482151 73.33677167 81.16860746 74.75266601 106.64534502 82.36389734 79.31612021 75.75165793 
81.34317542 83.43141949 55.58623324 72.43019480 52.71647871 73.78561291 77.75220670 74.28246661 73.74911508 73.29738017 73.87593820 81.36513702 73.51383420 74.26394453 73.25867951 74.95215180 74.43966599 83.09726345 52.42791216 73.81541890 74.57529288 70.13698316 89.25605550 73.12735011 80.82110212 73.79461960 106.34503575 82.05744856 78.93417121 75.48840771 
80.96765426 72.66945845 55.58591270 72.24999272 52.45074431 73.43045478 77.45383805 74.11206733 73.32310343 73.05648696 73.37430100 80.93748710 72.80244001 74.18080108 73.25867951 74.76730533 73.93200403 76.52642644 52.26577514 73.52159390 74.43739025 70.13554105 84.59052653 72.86801532 79.64845258 73.17769633 68.82298883 58.93897746 78.32595652 74.95342999 
75.61475507 71.93977359 52.71057272 71.27129887 52.14532807 60.37140540 76.51395319 64.70563914 59.79069268 72.85814331 56.83083780 66.91155430 72.57293084 64.07758883 57.19898353 58.99598344 73.77043202 54.88067206 52.26577514 73.45140244 67.90604017 56.91988037 53.54904937 72.61051651 68.21821123 60.90170022 52.68180781 53.17720502 63.38483275 59.12672096 
53.08603348 52.52231876 51.73960866 52.25315255 52.01692462 52.55579475 55.89752679 53.64072339 51.74769967 53.15710980 54.07583415 54.08787331 53.41048988 52.87282195 51.51431492 55.06973358 54.53420451 52.87924532 51.99140789 55.02066634 56.78270374 54.69285211 52.17287392 58.31748696 53.71417472 51.91256068 51.83708281 52.22831574 53.36486755 55.17045105 
52.04307491 51.59578826 51.70571824 51.97390862 51.83324898 52.23158229 52.05914459 52.71253421 51.74769967 52.50719013 51.72814917 52.63032136 51.74738601 52.28208190 51.43137647 52.70774266 51.55867279 52.26019023 51.77599756 52.75836816 51.85103108 52.49638945 52.17287392 52.95804529 52.63511135 51.75173921 51.74505655 51.84838154 51.92485560 53.40146771 
52.00479458 51.59578826 51.68079761 51.54808760 51.74726749 51.97127399 51.89252376 51.84019570 51.50698383 51.64252526 51.72814917 52.26832417 51.43013244 51.50801596 51.35057270 52.32649927 51.40731399 51.67339974 51.75628213 51.79624291 51.80857638 51.54274960 51.95878281 51.98382726 52.17803123 51.68702288 51.43599792 51.80142636 51.70433199 53.05650222 
51.89305117 51.57982395 51.50649802 51.48510322 51.72398569 51.64017103 51.37038813 51.75712761 51.30204962 51.38591570 51.51479284 52.22139408 51.41401377 51.43366060 51.35057270 52.05681090 51.33515616 51.59647683 51.75628213 51.65270789 51.64871377 51.40651393 51.61605466 51.57974194 52.06889133 51.62510551 51.43599792 51.58974751 51.46923125 52.03258623 
