396.77343500 569.87973568 463.03437765 567.57439114 443.30427130 465.34452562 531.72052233 597.69226143 439.41093782 601.02897294 664.70174824 424.06121625 476.53453698 534.05068988 454.93330643 484.61037544 437.71877259 555.37348699 545.42311661 395.43650998 630.94845970 427.57158436 600.13032287 366.67552312 545.75027062 622.08086257 541.04633091 443.08827593 167.99904005 439.41793604 
174.08624409 136.91587150 119.76339288 236.09624262 288.44330448 145.05061565 121.35768044 75.31128193 155.34866597 181.03919005 252.25097084 310.13686843 187.06064143 119.86509820 156.30256369 164.12030539 158.35153796 112.37655182 321.57375217 116.33163099 141.14377776 164.38949803 164.40905371 187.70774031 352.84801371 292.69922001 239.06731027 139.56104840 167.99904005 234.56872855 
125.80206251 70.89909865 112.82036505 236.09624262 277.10620000 124.19839136 105.27848738 71.09605864 131.65988436 144.29081093 202.60665999 290.61809270 187.06064143 113.54030714 97.51067079 128.00731655 116.41972524 106.55587556 168.16515455 109.37239960 116.71588069 154.31852530 133.39325863 187.70774031 249.32770512 135.07264920 131.92544698 117.41425738 167.99904005 188.73554694 
58.99702907 70.89909865 70.23355992 83.77822612 184.30557116 83.74635099 68.96812891 31.61539127 91.26525547 73.39031602 79.53629326 100.01371878 95.47012201 73.55138741 50.39297542 98.45745153 88.01359937 77.72314381 76.20325970 68.42782561 66.56203470 67.91540736 85.32764460 102.08361205 156.05060989 67.30387210 89.26021441 73.32296899 106.67496236 105.11080808 
18.55161885 17.32329514 24.83446190 23.75790581 74.21166635 33.70254912 59.14623294 16.94951637 46.02279564 22.59046029 19.59977932 45.68455895 32.82553505 18.55845014 25.81874777 68.76258204 29.53645609 47.70273576 46.36007784 29.67621529 25.20785588 18.55286739 55.17844522 42.81835147 54.54786460 22.48352739 24.81256904 13.47270067 41.72377419 47.45405595 
9.00824428 2.61568308 9.49350360 7.39012824 59.70618935 23.67474462 56.89086976 12.00556386 18.26318618 9.24575247 7.53099694 7.98280671 10.89790179 9.81157833 9.27815261 55.05784297 8.87829391 10.58694852 20.70156732 12.90399243 9.49149167 8.21484822 42.91835179 21.14875380 15.81448087 11.21677493 11.24133300 4.53826787 16.51513068 9.55734084 
0.66203450 0.03744588 0.25508371 0.24369126 42.18665666 20.33014374 55.93594925 5.78965542 4.93745576 0.30870475 0.20535996 5.27636090 0.47311507 0.28894324 0.54328464 52.37140503 0.05984962 0.22230114 15.59524522 0.61995703 6.32673616 0.27115608 40.63448368 14.87389512 0.55573181 5.74157429 0.27985824 0.04140292 7.39637062 0.45893285 
0.01227483 0.00131259 0.05267274 0.00464427 38.86147516 20.05778194 53.97499922 5.71659519 4.68890634 0.06211103 0.00123621 0.07670218 0.04272741 0.02664824 0.00323634 50.59735668 0.00118841 0.00094047 7.27335090 0.00290824 6.31118141 0.16667483 40.33252290 14.03870730 0.02804589 5.72812513 0.00127871 0.00072404 6.38714065 0.00342133 
0.00009134 0.00000106 0.00004609 0.00000446 38.82201000 20.05740628 53.97217655 5.71648974 4.66011470 0.00061972 0.00000324 0.00007754 0.00016571 0.02156035 0.00000380 50.57379185 0.00000422 0.00000489 7.23809098 0.00000250 6.31116032 0.00454455 40.33186774 14.03780861 0.00024848 5.72812352 0.00000085 0.00000187 6.38705087 0.00000797 
0.00000002 0.00000000 0.00000167 0.00000000 7.86873905 0.15962765 10.01390476 0.03624616 4.66011470 0.00000000 0.00000000 0.00000000 0.00000101 0.00000003 0.00000000 0.02739665 0.00000000 0.00000000 0.13143202 0.00000000 0.00228048 0.00000002 40.33158845 0.00329913 0.00000000 5.72812345 0.00000000 0.00000000 5.61847927 0.00000000 
0.00000000 0.00000000 0.00000000 0.00000000 7.86738038 0.00000546 4.52560177 0.00001472 4.66011470 0.00000000 0.00000000 0.00000000 0.00000000 0.00000000 0.00000000 0.00000000 0.00000000 0.00000000 0.00000000 0.00000000 0.00000000 0.00000000 6.24848531 0.00000000 0.00000000 0.00000008 0.00000000 0.00000000 0.33208923 0.00000000 
0.00000000 0.00000000 0.00000000 0.00000000 0.00014992 0.00000000 0.00000000 0.00000000 0.00000000 0.00000000 0.00000000 0.00000000 0.00000000 0.00000000 0.00000000 0.00000000 0.00000000 0.00000000 0.00000000 0.00000000 0.00000000 0.00000000 0.00644889 0.00000000 0.00000000 0.00000000 0.00000000 0.00000000 0.00000000 0.00000000 
0.00000000 0.00000000 0.00000000 0.00000000 0.00000000 0.00000000 0.00000000 0.00000000 0.00000000 0.00000000 0.00000000 0.00000000 0.00000000 0.00000000 0.00000000 0.00000000 0.00000000 0.00000000 0.00000000 0.00000000 0.00000000 0.00000000 0.00000000 0.00000000 0.00000000 0.00000000 0.00000000 0.00000000 0.00000000 0.00000000 
0.00000000 0.00000000 0.00000000 0.00000000 0.00000000 0.00000000 0.00000000 0.00000000 0.00000000 0.00000000 0.00000000 0.00000000 0.00000000 0.00000000 0.00000000 0.00000000 0.00000000 0.00000000 0.00000000 0.00000000 0.00000000 0.00000000 0.00000000 0.00000000 0.00000000 0.00000000 0.00000000 0.00000000 0.00000000 0.00000000 
0.00000000 0.00000000 0.00000000 0.00000000 0.00000000 0.00000000 0.00000000 0.00000000 0.00000000 0.00000000 0.00000000 0.00000000 0.00000000 0.00000000 0.00000000 0.00000000 0.00000000 0.00000000 0.00000000 0.00000000 0.00000000 0.00000000 0.00000000 0.00000000 0.00000000 0.00000000 0.00000000 0.00000000 0.00000000 0.00000000 
0.00000000 0.00000000 0.00000000 0.00000000 0.00000000 0.00000000 0.00000000 0.00000000 0.00000000 0.00000000 0.00000000 0.00000000 0.00000000 0.00000000 0.00000000 0.00000000 0.00000000 0.00000000 0.00000000 0.00000000 0.00000000 0.00000000 0.00000000 0.00000000 0.00000000 0.00000000 0.00000000 0.00000000 0.00000000 0.00000000 
