37926015609.99185181 42247581671.23571014 33012386855.14987183 40524519137.21989441 44046092378.24091339 35338278859.55316925 27279714220.81210327 37334684647.54534912 42329694033.61129761 17297785466.42407990 31396021511.48564911 35726388553.30281067 36663973855.42354584 33826285898.08062363 31536044835.99567032 38111204287.09635925 39423444799.97730255 42072131462.41674805 35204488112.03559875 42989604846.30033112 31092402196.22353363 38204613046.76479340 39542298318.87665558 31699519033.18361664 41448765693.51577759 31056987225.87263489 45060607449.57382202 40777708259.33992004 32435325960.67222595 40600652371.32804108 
34005561320.27921677 15208697987.59315300 26447474605.50685501 33102397005.74600983 27148738531.93808746 34583288077.97562408 27279714220.81210327 23936120764.93007278 26273922760.96652985 17297785466.42407990 26781426163.35563660 27788157499.52907944 31770408854.84896851 16991358915.54228020 20351065476.78810501 18363587956.84474182 18446595758.79721451 29477095465.29720688 21405262061.11348724 28287996591.98576736 31092402196.22353363 22404854683.29660416 39334999895.33856201 31221470788.04530334 28013934741.46567154 31056987225.87263489 39165503186.89483643 35325553773.44992065 24642119565.29055023 29756501518.85344315 
18861410202.82410431 9605834320.71005440 9639277850.93873978 21104143265.56722260 11436309370.66920280 18864801111.89776611 16974870742.41621780 9109336735.40903282 9454912801.55702209 10145299996.63640594 11076480868.53445244 22079695103.77088165 6906487289.95252514 9243471199.15091324 18197746871.19832993 9795842130.69935036 14695569842.54507828 13028528394.67317772 8492293764.76663494 16974680889.04695702 25789650405.99441528 10496887838.88473892 15705157042.09531784 18828613787.37545395 12146640064.95369148 19638291779.59140396 17450018601.45552826 20771495734.01477814 11439362976.08390045 19362196916.80251694 
4759458843.06571674 3707157758.11096573 6184934563.51457882 5596652607.53386497 5500329204.04575825 5701559710.88981915 6589681840.04728985 4536487414.35992718 6185928024.45657063 3333521816.02911806 4153493894.01883888 5494865757.96948242 2426381002.22080517 4006092040.62812471 9959584069.38980675 4106857189.50179768 7355508255.40588474 8946447427.66099739 5903093625.75577927 7183373219.18476963 10783576407.84526253 4723595058.30284786 6088961571.24003029 10450766830.72944450 5486245165.91718674 7793764531.36246014 10999496096.51354408 7393109042.14268875 6018287618.19415188 4963882806.10850048 
2021783007.73360825 840225781.26486003 2587024219.49193192 1712514887.70736313 1053501947.87628055 1539458213.34616613 1171551317.76937485 986088764.45034456 1318359759.59463382 2217623258.17268610 745590198.70856774 1091350543.54506946 354584876.09162211 1676331578.25418353 4141718019.13471603 2292556653.48710632 1392094248.88792849 5580226650.46368694 1715309181.87411022 1301385710.07196069 1991620826.91923380 1704059185.43366051 1166625189.29213905 4288407298.98797321 1236175989.42278767 737794579.94275320 6252983127.37465763 1353613895.91905499 1061514329.40846944 1536434928.34379196 
464728438.31778699 348744626.41827065 270028566.04607719 447986441.05643117 99306571.89490446 565630592.31309474 296745831.88473833 192999969.33284646 574019267.40449262 193669121.80284286 103967026.68961331 108556175.12580809 84711607.28215051 448311711.46167445 2277610984.94135141 719128716.63642657 672556427.89354563 3845110145.36124945 892267524.20748973 442720171.73799384 996976156.75659144 428070794.98198056 87390830.23574579 2949267238.46608305 99696868.01583362 149368755.76318172 4025081201.46316481 367550096.81254631 90530130.91228281 160791985.14330769 
13249038.82388722 18251445.75333841 58106857.76096269 44064257.26434606 5401331.55305356 238568729.42635015 4369682.56241247 93405311.61071771 454673879.81407160 3960811.93944262 17258273.65786852 6491245.63334722 23341747.98071400 4816773.73113728 203488821.28163001 459914247.86974543 285119947.12525016 78503853.53494149 171411104.00152439 24074906.83238597 607508402.52266335 5399909.01086902 39577698.15915488 1479844084.47506142 2513958.33318126 25816462.09729978 1461554350.25360513 52802099.10911264 1786929.82077565 2157666.16232577 
17689.06248195 4845634.69038385 27976137.91636689 434584.09288577 185757.58610806 32596517.71131876 24554.24248300 35336324.82393593 254366.21138752 553610.04638190 66898.70135858 3835801.61787622 3919884.91261863 10233.91498431 316731.70675562 73615641.66687773 538460.81845364 3100826.80219474 1952973.79272815 461526.69295975 4858842.24790011 12056.98296923 15047769.50906610 12191069.77935838 10295.33776202 11202.93222243 963556720.32381797 416694.64267669 2543.36709585 11546.85654119 
8691.84217274 2345.00613656 634.03687624 5141.85710689 9994.81456366 3861.57202330 1855.44084530 32279.06521711 995.57658375 1144.27628925 605.41340677 31866.47238178 1284.70640194 2311.87596689 27.63746786 36370.66334968 212.01186831 3705.27779589 1007.92663267 142730.63857044 199557.18590547 549.55623845 15035543.80026351 8713.00841973 4817.91671642 407.10622337 5437727.06271485 4102.63058578 568.01106972 4789.73158362 
34.81588795 4.73744124 524.71856619 0.52407202 6.57799792 317.63985352 1768.58374943 317.86495267 541.90358765 478.88371009 284.71780037 78.20705278 1095.40794355 0.35180746 0.55454969 10020.52421690 32.69282137 532.93463479 260.57612374 4562.92092958 198573.55299927 540.70293534 42713.22463334 799.38483375 254.54634304 406.89765638 7991.47559666 112.88686103 567.86473342 4785.80101122 
0.00034784 0.10236149 524.57514946 0.00019334 0.00071934 0.07369024 1767.87425860 0.12275947 4.29620894 0.96527907 0.00039113 0.00006112 0.01065158 0.00000240 0.55388191 10016.72926776 0.00769392 0.00004910 0.07651390 0.00009216 415.41013302 0.04821476 60.84640500 799.14511793 0.00001093 405.34601642 3.52854243 0.05298315 567.66045013 18.85858458 
0.00000000 0.00000000 0.00034813 0.00000000 0.00000000 0.00000372 0.00000163 0.00000863 0.00000039 0.00000002 0.00000000 0.00000000 0.00000000 0.00000000 0.55367279 0.00002521 0.00000017 0.00000000 0.00000000 0.00000000 0.00000626 0.00000000 0.00232408 0.00196835 0.00000000 0.00000008 0.00000089 0.00006823 0.00000007 0.00000000 
0.00000000 0.00000000 0.00000000 0.00000000 0.00000000 0.00000000 0.00000000 0.00000000 0.00000000 0.00000000 0.00000000 0.00000000 0.00000000 0.00000000 0.43761273 0.00000000 0.00000000 0.00000000 0.00000000 0.00000000 0.00000000 0.00000000 0.00000000 0.00000000 0.00000000 0.00000000 0.00000000 0.00000000 0.00000000 0.00000000 
0.00000000 0.00000000 0.00000000 0.00000000 0.00000000 0.00000000 0.00000000 0.00000000 0.00000000 0.00000000 0.00000000 0.00000000 0.00000000 0.00000000 0.00000000 0.00000000 0.00000000 0.00000000 0.00000000 0.00000000 0.00000000 0.00000000 0.00000000 0.00000000 0.00000000 0.00000000 0.00000000 0.00000000 0.00000000 0.00000000 
0.00000000 0.00000000 0.00000000 0.00000000 0.00000000 0.00000000 0.00000000 0.00000000 0.00000000 0.00000000 0.00000000 0.00000000 0.00000000 0.00000000 0.00000000 0.00000000 0.00000000 0.00000000 0.00000000 0.00000000 0.00000000 0.00000000 0.00000000 0.00000000 0.00000000 0.00000000 0.00000000 0.00000000 0.00000000 0.00000000 
0.00000000 0.00000000 0.00000000 0.00000000 0.00000000 0.00000000 0.00000000 0.00000000 0.00000000 0.00000000 0.00000000 0.00000000 0.00000000 0.00000000 0.00000000 0.00000000 0.00000000 0.00000000 0.00000000 0.00000000 0.00000000 0.00000000 0.00000000 0.00000000 0.00000000 0.00000000 0.00000000 0.00000000 0.00000000 0.00000000 
