1493233.82620259 2048823.88734050 3315808.76873411 5180915.87224106 6007598.43705838 1423767.74676252 4309995.93448927 13593585.83579378 3023387.71758723 6256744.88822067 2409680.46872463 162852.21628046 8596828.21814906 4109537.99127007 6227615.30073133 1579388.81043363 8511193.87889292 2889950.13186922 3641944.39440824 1227412.80753256 4756517.15533045 2696382.89933179 858777.11647025 1494687.07870255 8596828.21814906 3483315.47546405 3122632.86858825 2060842.67778405 1394491.26134312 5530262.77173171 
1493233.82620259 11611.77976794 204632.39650125 205891.40981068 281383.02212029 89340.99549043 103158.40254807 127269.23386990 19135.48214385 3194144.58392262 625718.72686543 162852.21628046 184725.30537829 209769.90257288 72044.38662171 43709.68097132 544350.18697933 77876.88904852 81626.92640964 69766.46666454 88301.88511533 488937.99611078 118997.62546912 81300.69282736 184725.30537829 33733.33230045 835626.83707316 94955.10763352 19163.96028159 123461.57818393 
1493233.82620259 11611.77976794 57850.54377129 13028.68300385 79414.30970668 13263.87847759 103158.40254807 61008.42231104 13204.24940640 914612.36276794 625718.72686543 161543.18959654 159884.83697156 134039.31302296 45124.24523620 43709.68097132 225400.42821377 77876.88904852 81626.92640964 69588.13987353 43302.75229470 119288.91992080 118997.62546912 38505.45975849 159884.83697156 33733.33230045 834981.15664855 53985.56812428 12752.26065352 123461.57818393 
36750.76404098 1308.64041426 1663.89618847 5565.81456012 2670.94524358 4292.99896791 1811.31758105 2025.48917043 719.25541203 36788.15088299 358917.32569160 4484.97156660 46590.21713150 15339.29567262 1839.05015324 4109.90564698 5155.44100972 3115.48414990 7855.83349979 5079.85881487 1571.75900908 30487.30715647 11852.20662606 2162.08563689 46590.21713150 3484.30236184 19987.77970739 2354.53110110 1879.94562913 2028.44123690 
679.73188929 137.83231733 352.10385466 462.87649771 407.16634984 513.93402171 182.94464546 466.56932565 125.04636914 528.82493065 1091.19612131 591.69314163 32780.45012831 210.88036365 94.76516003 349.69837056 230.85907657 597.47249571 499.80513429 163.79089739 501.73127872 910.51269630 555.91827070 735.68542127 32780.45012831 432.67915926 684.36490053 389.01636962 338.04792491 700.09660747 
117.62468543 36.40325998 231.50693455 105.07956933 72.12279291 130.66689742 34.00526022 85.01801590 33.49923868 156.54645859 96.59261615 55.53461295 833.19718302 104.24780906 10.70621771 171.64386135 159.59904731 174.31442881 173.72591268 79.64807784 369.54106844 284.31946688 99.25231669 250.22929929 833.19718302 134.35141760 313.42161943 278.49600783 105.48171475 141.92272701 
26.93663965 2.90137555 37.88253709 16.77586653 43.15732224 32.07450515 13.26380129 25.58492191 25.56212407 16.69888471 15.13315631 12.15221605 171.64071129 9.67638101 2.43565642 5.69367629 18.45061026 36.55995746 21.52873947 19.09095204 362.37389931 83.31272378 10.47426664 7.64297616 171.64071129 11.31414063 25.76350471 251.51463984 15.52249009 11.26376958 
11.71751130 0.47114822 0.59307242 12.41885625 42.98807702 15.67710499 12.37626870 11.59812506 25.53893339 1.32501917 0.25335142 1.43518950 17.81969828 0.49674084 2.40620898 0.74705389 0.44663297 5.42199443 2.95836525 0.94669567 362.19090159 4.40997194 9.16494146 2.18387090 17.81969828 0.67386905 3.68048190 250.76990768 0.51543403 10.36594164 
11.58924130 0.41628598 0.00000041 12.37605730 42.98800717 15.56907344 12.37605713 11.38109811 25.53893033 1.20312307 0.00000049 1.41124509 1.41141948 0.41628600 2.40620408 0.62443034 0.41628604 0.20819780 0.00001675 0.41629074 362.19038288 1.61942905 9.16274423 0.00004910 1.41141948 0.41628617 0.00080365 250.76978587 0.41628618 10.36584627 
11.58924105 0.41628597 0.00000000 12.37605713 0.26406047 15.56907224 4.22708078 11.38109807 13.82809538 1.20310204 0.00000000 0.85608652 1.41124503 0.41628597 0.41628828 0.62442895 0.41628597 0.20814298 0.00000000 0.41628597 362.19038288 1.61938801 4.19327485 0.00000000 1.41124503 0.41628597 0.00000000 131.14082561 0.41628597 1.41129358 
11.38109807 0.26129546 0.00000000 0.00000413 0.20814726 11.38109808 0.41628597 0.41834962 0.20814298 0.20814300 0.00000000 0.41628597 1.41124503 0.41628597 0.41628597 0.62442895 0.20814298 0.20814298 0.00000000 0.20814409 11.38122824 0.62444804 4.18805635 0.00000000 1.41124503 0.20814298 0.00000000 124.39517017 0.41628597 1.41124503 
11.17295508 0.00020997 0.00000000 0.00000000 0.20814298 0.41628597 0.41628597 0.41628597 0.20814298 0.20814298 0.00000000 0.20814298 0.41945249 0.20814298 0.20862763 0.41628597 0.20814298 0.00000107 0.00000000 0.20814298 11.38109807 0.62442895 0.20814298 0.00000000 0.41945249 0.20814298 0.00000000 12.37618743 0.41628597 1.41124503 
11.17295508 0.00000000 0.00000000 0.00000000 0.20814298 0.00000000 0.20814298 0.41628597 0.00000000 0.20814298 0.00000000 0.20814298 0.41628597 0.20814298 0.00059204 0.41628597 0.20814298 0.00000000 0.00000000 0.20814298 0.41628597 0.41628597 0.00000000 0.00000000 0.41628597 0.20814298 0.00000000 0.41628597 0.41628597 0.20814307 
0.00000000 0.00000000 0.00000000 0.00000000 0.00000000 0.00000000 0.00000000 0.00000009 0.00000000 0.00000000 0.00000000 0.00000000 0.00000000 0.00000000 0.00000000 0.00000000 0.00000007 0.00000000 0.00000000 0.00000002 0.00000000 0.00000000 0.00000000 0.00000000 0.00000000 0.00000000 0.00000000 0.00000000 0.00000000 0.00000000 
0.00000000 0.00000000 0.00000000 0.00000000 0.00000000 0.00000000 0.00000000 0.00000000 0.00000000 0.00000000 0.00000000 0.00000000 0.00000000 0.00000000 0.00000000 0.00000000 0.00000000 0.00000000 0.00000000 0.00000000 0.00000000 0.00000000 0.00000000 0.00000000 0.00000000 0.00000000 0.00000000 0.00000000 0.00000000 0.00000000 
0.00000000 0.00000000 0.00000000 0.00000000 0.00000000 0.00000000 0.00000000 0.00000000 0.00000000 0.00000000 0.00000000 0.00000000 0.00000000 0.00000000 0.00000000 0.00000000 0.00000000 0.00000000 0.00000000 0.00000000 0.00000000 0.00000000 0.00000000 0.00000000 0.00000000 0.00000000 0.00000000 0.00000000 0.00000000 0.00000000 
