557.10204952 573.98293670 495.18750176 536.27385818 510.13530788 501.71232992 472.99034212 535.18777598 528.63476402 442.01588050 516.21426762 616.79951590 518.20800748 565.90880949 607.50822367 497.06570051 483.88746032 566.27580485 467.31571581 523.39292374 477.66481138 538.11282502 524.11252849 550.78140685 639.68076962 497.86617059 480.95062634 571.95866204 472.54497047 510.68484778 
470.81634168 498.92772557 334.66853271 445.49040793 492.37199450 456.60904000 425.55390961 488.87836796 519.65816482 442.01588050 466.65365158 414.04561170 518.20800748 489.85619124 338.81695805 458.82495221 434.38959306 493.58000817 467.31571581 473.08768972 432.99113658 477.97822183 524.11252849 457.96557486 543.51846510 449.97763253 471.08625835 455.14050805 470.03142059 454.15154674 
470.81634168 490.35609600 296.19566939 445.49040793 474.31224564 426.15249064 425.55390961 488.87836796 454.26594690 442.01588050 453.86849271 414.04561170 505.78313951 429.34990476 338.81695805 422.51483627 434.38959306 475.40010953 467.31571581 444.14960900 405.49896891 449.19633922 491.45921188 457.96557486 543.51846510 413.09031953 433.10814050 437.70115398 446.97514827 454.15154674 
414.80417695 433.22602490 199.76356291 407.04310496 414.03145627 390.38367506 382.04536408 398.61780503 396.31072326 411.10035425 399.24198027 375.91145148 437.16453716 391.38012014 338.81695805 379.05028824 406.72627826 422.53085541 407.96859463 407.05884682 400.55061558 397.63447076 391.26924528 406.21928270 412.74482308 381.61706416 401.04436989 388.62346505 399.43003134 442.69983601 
368.09051670 362.47686531 136.24558062 362.24360476 379.56110897 346.28400573 354.02020427 361.73168926 361.34102351 361.42584532 355.16764754 351.01246561 361.46025838 360.23200139 338.81695805 359.50345395 360.48665387 389.96517455 366.71680594 378.78734847 376.71534706 354.76082620 350.70853174 359.41083822 371.28148911 351.62915693 364.07348082 358.18574402 367.18399959 393.68017437 
345.33978175 354.93301731 128.24940820 334.72134477 364.72558219 342.93249427 346.53445437 351.97131719 344.86559303 355.41461015 342.13885072 348.60567524 350.16816061 353.73236516 235.94120167 353.39290001 354.50158977 364.65285094 347.89687304 343.41263776 357.76548442 345.91931567 345.19693772 355.85040453 358.19926178 342.84562480 344.11027125 344.23520932 359.14846999 387.71532778 
336.26667383 337.58141035 102.50957383 327.45060209 354.94566050 328.67574037 345.39429287 337.91306301 337.13339791 334.89249646 341.40648494 319.52234076 336.78568375 330.61768379 161.84748399 351.67662408 341.60187029 354.61966518 342.15695199 338.47103198 345.32029231 339.62457549 335.50292369 355.13473330 342.37401890 334.22908583 337.62819674 341.64753347 349.82998115 386.89771609 
336.21397388 333.25509307 100.09597273 327.42020234 253.60800486 328.10938640 345.38683113 331.88007342 335.65686004 327.87502428 341.39897800 319.52234076 334.44794300 327.76986945 143.64848397 351.67559676 339.71271877 352.84327710 333.68213223 337.40133897 330.26331204 339.41344363 334.04693360 355.13160959 329.02185284 333.13853697 336.29305244 341.56812876 346.63937879 386.89576164 
336.21397150 333.09723670 100.01447155 327.42019600 226.78397761 328.10911134 345.38683102 331.32241334 335.65466578 327.76925779 341.39874699 248.54360001 334.44767369 327.76925779 100.15733618 351.67558694 339.70616729 352.80293045 333.66050484 337.40128805 329.03363130 339.41342199 334.04636052 227.03481056 328.01049408 333.13632569 336.29246678 341.56812361 346.63566586 386.89576100 
328.61444657 333.09723489 100.00000300 300.11706718 112.55054449 327.66119025 329.34842821 331.32241154 335.65466578 327.76925778 341.39863679 115.59924665 332.86541458 327.76925778 100.00017710 342.13547039 198.50374855 335.81227357 333.66050446 330.75260007 329.03362821 335.20104201 334.04636052 150.87160734 328.00868867 333.13631571 333.67440990 339.87946294 346.63566586 374.79364603 
328.56605700 330.85187216 100.00000000 300.00000320 100.00132540 180.00600731 329.03362821 331.32241154 333.96611389 327.76925778 111.94096354 100.00000047 332.86424848 327.76925778 100.00000003 339.98522621 143.73433446 218.59449742 327.76934839 118.95398509 327.76925778 333.63380108 329.87912142 100.00009473 120.36255892 330.71180182 333.66692097 338.84483877 213.62106828 187.88848000 
151.53133738 100.01145718 100.00000000 148.45897347 100.00000000 100.00733826 327.76925778 327.76925778 329.87862207 100.25765803 100.00081530 100.00000000 331.64089854 100.00144701 100.00000000 330.60874080 100.00000002 206.97119657 327.76925778 100.00000061 123.08973678 331.08488894 251.13052348 100.00000000 100.00000002 188.44675304 331.71745200 328.86184458 100.00582950 100.00231889 
100.00000000 100.00000000 100.00000000 100.00000000 100.00000000 100.00000000 141.76619180 327.76925778 329.87862207 100.00000000 100.00000000 100.00000000 100.00000003 100.00000000 100.00000000 100.00022616 100.00000000 200.00000000 327.76925778 100.00000000 100.00010454 101.72416975 201.81958683 100.00000000 100.00000000 100.00000017 329.87862207 108.88597095 100.00000000 100.00000000 
100.00000000 100.00000000 100.00000000 100.00000000 100.00000000 100.00000000 100.00000000 100.11514370 224.11476869 100.00000000 100.00000000 100.00000000 100.00000000 100.00000000 100.00000000 100.00000000 100.00000000 102.66887771 52.44887357 100.00000000 100.00000000 100.00000000 200.91856891 100.00000000 100.00000000 100.00000000 327.76925778 100.00000000 100.00000000 100.00000000 
100.00000000 100.00000000 100.00000000 100.00000000 100.00000000 100.00000000 100.00000000 100.00000000 200.00000000 100.00000000 100.00000000 100.00000000 100.00000000 100.00000000 100.00000000 100.00000000 100.00000000 100.00000000 0.00000000 100.00000000 100.00000000 100.00000000 200.45066347 100.00000000 100.00000000 100.00000000 300.00000000 100.00000000 100.00000000 100.00000000 
100.00000000 100.00000000 100.00000000 100.00000000 100.00000000 100.00000000 100.00000000 100.00000000 192.64404318 100.00000000 100.00000000 100.00000000 100.00000000 100.00000000 100.00000000 100.00000000 100.00000000 100.00000000 0.00000000 100.00000000 100.00000000 100.00000000 200.45066347 100.00000000 100.00000000 100.00000000 300.00000000 100.00000000 100.00000000 100.00000000 
