1366.90859080 1158.33249298 1256.52843888 1065.32776871 1461.48267895 1270.19419709 1345.07333055 1262.00055508 1218.24017907 1386.14137819 1122.68593057 1115.13205470 1021.35646682 1246.64284501 1266.05414990 1083.19490802 1222.69015113 1172.36870192 1124.99632154 1374.94237448 1452.38008311 1044.19136630 1158.02186542 1221.07896690 1292.64292415 1378.82858521 1054.82124657 1200.79685974 1256.70804948 1253.12232406 
1092.17037274 975.54305284 1230.50717420 1065.32776871 946.51451296 1104.87184292 1040.44934525 971.76528175 1218.24017907 1152.80585391 1015.89697451 1115.13205470 1021.35646682 1035.24041127 1146.81531143 1083.19490802 857.80347141 1117.68645158 1124.99632154 858.26616650 898.69311515 1044.19136630 1158.02186542 940.52180168 1102.58051643 913.23386116 1054.82124657 1155.27681907 961.40893647 1163.63923539 
788.14234498 941.01042074 695.51167224 1065.32776871 946.51451296 834.32856920 993.53065661 780.41049728 995.02417207 886.46614768 955.87271892 861.56161367 1001.36878018 863.09635556 718.46117456 937.92474575 713.18294432 1058.08957474 934.66960223 795.35774639 771.63090365 900.18723501 912.55942214 940.52180168 927.11907054 793.05643943 829.57815324 749.03713018 837.80914259 945.22947975 
698.22701976 771.22134442 677.94055459 859.65751256 694.33130007 717.57169519 802.93806057 653.04721439 805.36347865 659.25491952 748.46694364 677.38778536 758.20567785 709.26048115 632.03069025 743.23204354 669.02055692 917.03813898 716.44203810 615.47366770 601.29679338 810.55014136 746.55112727 674.14910755 727.17495253 693.67824578 726.07389434 724.32327297 698.53452119 682.14312350 
626.69000483 668.04758456 587.91266582 731.55349060 641.73651280 640.19468113 628.14527816 581.25210989 645.38488059 585.35004785 598.63086025 616.54049561 563.73775286 633.39660704 574.33345894 588.79236699 603.86502798 666.51380129 630.06212788 591.72309920 574.30163821 582.77117729 622.83091238 589.40980116 650.47786465 583.88153436 584.56081350 584.63358937 616.19179563 600.24974486 
587.92725228 584.44712846 583.36697631 586.44947502 591.94124400 580.17896507 532.59763500 526.75530044 577.22651175 551.08164856 567.61305477 595.06174938 545.94836671 603.22891895 548.33540898 558.73767269 552.88757222 566.99220887 546.84673240 554.15919691 556.55060257 539.01956023 576.31356880 552.85007359 577.25200572 547.46309980 548.58945037 567.97145816 591.05411310 547.62401174 
573.79944325 542.49225598 505.67216479 570.39121446 567.56521497 533.91745609 529.57965567 512.33049759 556.50151520 535.85494106 521.64285609 578.59774780 522.97364000 581.29563859 500.62769978 511.74315224 537.71397763 566.99220887 529.11123374 500.16058016 556.55060257 524.84226807 530.25169229 548.60304987 544.06102102 518.55316593 532.44747234 526.46123125 567.03125675 527.42910489 
550.42135959 525.98465085 465.65567942 539.24721251 567.56521497 504.48787709 520.50464247 478.98890783 521.13217773 497.54764362 463.59954656 556.64870217 508.44368392 540.60857742 477.78238659 451.93563715 527.39421086 566.99220887 529.11123374 469.33651496 527.54984195 515.26667204 449.20237395 535.37088248 520.20240553 469.72294054 492.88862440 517.58280634 560.28117620 515.77936740 
513.65330550 498.64450427 428.44269498 475.31035329 535.60557175 478.08461088 480.34008976 464.53630035 511.56338585 481.55625595 458.65287785 533.74784715 478.32379313 488.87087345 460.67919594 432.29767292 527.39421086 543.16514853 494.89321671 462.51131057 494.24040131 455.90118318 446.25879365 506.40747664 478.73966339 455.95302530 492.88862440 497.77185788 542.51646526 471.87455071 
508.83271485 476.62488312 428.39489898 464.53155417 501.94524019 460.06723085 457.01146477 431.17959675 505.45353176 452.26279312 457.65748362 517.00022692 453.24890177 467.87977853 443.03209711 431.03320334 510.84447834 501.82162866 470.78961436 462.50942804 465.96868437 455.56137641 446.08178068 476.08640778 444.14569668 436.01129869 476.61210667 449.01094408 508.65840392 441.82175678 
487.53825506 464.13635880 428.39489794 448.76079666 474.61203986 454.42615226 446.75126250 423.15462715 487.22688687 430.56672302 436.87324678 503.95185380 453.05950801 467.87811925 442.42247418 431.03320325 474.72155923 468.89301590 455.25174832 462.50942804 448.72981157 455.56133270 446.08178068 435.41643368 434.44409401 431.93591049 472.98761410 438.11363179 497.64460598 432.66279343 
474.28001286 438.08408843 428.39489794 438.21088739 467.69942016 397.60602683 422.22991363 417.87240102 471.20595763 430.52785711 422.74068546 486.03860366 426.15944249 467.87811925 442.03961757 431.03320325 456.10713427 463.36974481 446.57557387 462.50942804 446.10775120 432.92024224 432.10798612 424.04844412 434.43091420 431.05102941 459.89965632 438.11188225 470.19931288 423.84484703 
458.94099610 430.28347343 428.39489794 418.69769374 444.44920386 162.20259642 417.04147683 417.68865596 437.78120428 409.96371334 422.73781242 458.68593035 231.59371140 205.51640276 420.61221193 431.03320325 438.77393074 311.23780567 441.38055778 430.36644695 446.10775120 432.92005299 420.16966012 424.02180158 434.43091420 431.05102941 444.15848976 438.11188225 443.99071290 417.38595272 
100.00000000 201.26240484 423.56514877 418.69769374 439.27551990 100.00000000 415.67988582 100.00000000 436.46153890 210.35851958 422.73781242 430.77393654 111.09140898 201.33126581 416.51375371 416.15399111 431.17760712 117.68553980 428.21119325 423.94057753 415.39963323 416.05578812 413.45804350 100.00000069 434.43091420 418.73306387 431.64439990 436.38790010 424.98230835 414.57839911 
100.00000000 201.26240484 423.34456633 417.63531042 414.14115809 100.00000000 415.67988582 100.00000000 431.72978983 200.00000000 422.73781242 425.11233609 100.00000000 200.79323933 416.51375371 411.32300545 416.90301001 100.00000000 426.71586814 423.94057748 415.39963323 415.14632950 407.91155589 100.00000000 431.39131333 417.23189816 422.74985939 426.48052015 419.49100281 411.36811931 
100.00000000 201.26240484 423.34456633 413.53210234 408.79350907 100.00000000 412.23072180 100.00000000 420.02514301 200.00000000 414.40574630 418.47286230 100.00000000 200.79323933 402.08346730 409.65118957 416.24748979 100.00000000 412.36555658 419.24835750 408.24257108 412.35334337 407.20498200 100.00000000 415.94509470 416.49314900 422.74985939 421.87525737 415.11659412 411.04306277 
