1386.53919243 1157.16872827 1256.35908180 1164.13451821 1426.38059787 1296.95599064 1359.52538803 1359.10812770 1214.09132843 1326.16722271 1153.07031004 1252.61234083 1068.21115308 1454.18667121 1432.31556278 1092.16326456 1399.32167636 1262.40155222 1127.76405701 1324.36227601 1575.67083484 1055.66972617 1322.01041358 1338.23020762 1202.55766364 1420.06176209 1058.13687169 1277.04699866 1304.59330154 1275.40957754 
966.35739682 1060.32312521 963.71940026 1139.15561951 952.33263657 1106.13510400 1087.45858766 1093.48734062 1214.09132843 1281.31647290 1153.07031004 1225.46704091 1068.21115308 1056.26156634 1346.10394786 1092.16326456 852.92850039 1162.11788396 1127.76405701 1150.71766785 882.72103204 1055.66972617 1307.64464602 905.05064422 1073.85036959 917.05096973 1058.13687169 1124.32420088 1215.48869523 1226.59545044 
769.35094671 824.59991191 726.97775873 934.75278064 952.33263657 806.31079933 792.37931911 773.27538897 855.22342718 901.86156781 885.78271832 904.25543490 841.63086382 920.07723772 789.73269345 830.27176889 792.95148743 991.16903349 1105.76359673 794.95984109 882.72103204 933.44374559 1030.73561773 904.58904439 843.77776560 742.11832605 897.54623590 925.66414310 733.18081126 839.14446934 
637.35242151 721.82765641 599.30693442 687.87832474 716.88473331 700.58564557 676.32350803 670.77856961 815.29478923 633.38711999 749.31528484 695.81062197 792.81652006 683.19587053 594.45132941 797.99806536 601.08883490 731.23415722 715.03634998 626.82811008 746.33138066 685.51830355 696.49535301 755.02717629 737.51412144 551.36060953 635.79014735 638.45951317 683.04650674 615.90505913 
544.19368074 623.50184851 533.56482283 576.61742977 586.31503768 545.47548229 560.33078064 549.08042014 583.00197425 540.39366047 607.58279986 573.66443204 580.39251289 536.77715169 536.47127504 599.75867442 501.00933971 654.29148501 611.29594041 494.59340799 594.58580597 584.89269594 576.91065424 560.06076081 575.46041981 468.17089107 557.61254321 526.25028752 544.50893622 535.61181276 
478.93046537 496.94179474 457.33939863 481.24475094 497.57912691 475.12987678 479.97585179 494.75905410 488.16433438 475.27902860 488.81538727 509.55531991 496.68202078 466.42959085 479.71895203 485.04489057 440.37857701 532.86281332 472.93123077 444.15954413 507.83633692 523.84876956 498.49601327 476.81397318 448.96729211 445.07139423 451.97481950 441.70566955 464.59698381 478.74844144 
430.36569032 458.41467276 428.52071847 441.18402422 440.44226874 439.00519979 435.48821142 443.55719218 439.55983646 421.35690532 418.60866803 450.81666658 450.22562276 426.86868090 433.33460071 442.39619455 430.40972179 456.98430030 424.64556325 409.52806855 440.94311661 504.25078150 448.33693351 454.82613778 422.66885802 442.60559999 423.18759809 415.68069675 446.75923848 428.57844213 
412.53965003 437.20156917 410.85385746 426.26275376 433.81617831 413.23023471 407.79910456 435.33450347 401.97390976 410.18636050 405.28175071 426.30275366 416.82588449 413.66056457 415.19160104 420.70261751 429.48252680 444.37812628 406.85934200 407.04392592 405.67105900 504.04582196 437.28806814 423.44644877 421.14557773 442.47673738 410.55673225 414.07671585 443.78164911 415.87817929 
412.52075001 437.03322633 408.00886820 426.25789256 433.81525416 406.24263407 407.20155742 435.15994619 401.84367186 410.17700481 405.27092255 426.06959119 416.65641775 413.53283458 415.16735694 420.39546169 429.48246329 440.82026685 406.45563407 407.03749215 405.08599336 504.04221824 437.28273179 409.49679438 421.14183242 442.47658973 409.98847166 414.07613078 443.77207573 415.86628109 
405.94185142 412.12282330 403.98698641 415.17574545 418.64785921 406.24200173 407.20155338 435.15992005 401.84367064 410.17700339 405.27092047 419.75764226 408.14179822 413.53274158 409.95309618 415.23631978 401.23998492 440.82024660 406.45558483 407.03749131 403.87077095 439.25773639 437.28272619 409.49431773 409.43762179 412.39087387 409.98844445 414.07518131 443.77020912 409.57986823 
402.85861096 411.15045495 403.95802185 415.17492247 404.50699126 404.44389628 401.91996765 402.65303613 401.71777022 408.79773367 401.99778051 403.72456489 404.52624037 402.18662619 404.02477953 411.51553840 398.58633890 415.30413249 405.38807205 401.30981110 402.75064304 399.77189556 411.63339713 402.89171218 403.45161211 405.05787934 402.52576796 400.79534290 407.05411016 409.14725790 
317.58980750 402.15834256 402.76122763 402.31501050 403.80328472 401.03094270 401.49240148 401.99912450 398.07075521 402.25933584 400.74358689 400.97496565 401.54931878 401.91997143 401.39265418 402.78707140 396.96580044 404.88147829 400.64211740 401.10588722 402.74409697 392.78303033 402.11287061 401.49240255 401.46285231 402.73846664 402.48355908 400.37237171 401.10439560 402.46015154 
100.00000000 400.33804184 400.65409243 138.05653799 401.11546014 400.22143365 400.97496565 401.07798108 395.45791870 400.97496565 399.22880239 400.97496565 400.64010327 400.97496565 203.31045104 401.11546014 389.49699618 401.11546014 400.24021965 400.22188679 400.97496565 387.07170495 401.03147109 401.11546016 400.64319141 400.97496565 193.72406272 394.70559986 400.15621996 401.03094270 
100.00000000 395.51085658 400.63470234 100.00000000 398.84868185 396.91709319 399.88091160 399.92921237 387.42637232 399.88091271 394.70575936 398.51088391 398.51073843 100.00000000 100.00000000 100.00000000 385.53351670 399.23371200 399.23371246 396.91822407 395.51090637 348.62419080 398.51057837 400.33804184 399.89778620 400.33782036 100.00000000 363.31720026 394.70559416 398.16049686 
100.00000000 300.00000000 397.93613638 100.00000000 300.00000000 300.00018444 385.90193255 300.00000000 300.00000000 300.00000000 300.00000000 300.00000000 300.00000000 100.00000000 100.00000000 100.00000000 300.00000000 386.20979243 300.00000000 300.00000000 300.00000000 300.00000000 300.00000000 387.19913454 348.62419080 394.70558877 100.00000000 300.00000000 300.00000000 387.42637232 
100.00000000 300.00000000 300.00000000 100.00000000 300.00000000 300.00000000 300.00000000 300.00000000 300.00000000 300.00000000 300.00000000 300.00000000 300.00000000 100.00000000 100.00000000 100.00000000 300.00000000 300.00000000 300.00000000 100.00000000 300.00000000 300.00000000 300.00000000 300.00000000 300.00000000 300.00000000 100.00000000 300.00000000 100.00000000 300.00000000 
