5629.15077093 5626.29726958 5839.27281726 5802.78341195 5532.43782916 5844.50473861 5442.56548092 6396.00302786 6062.91047510 6343.41100029 5729.92432261 5696.51419741 5057.59509017 6080.65264659 5595.56775973 5802.77044241 5018.06834092 5832.15407364 6092.14939119 6007.30431809 5638.72575830 5237.56595188 5605.84132874 5687.85883947 6208.18534989 6052.20723815 5613.92257952 5508.82022397 5656.54933197 5422.17217360 
4984.29649423 5278.20136143 5387.16827198 5528.77313110 5448.50574379 5785.03664568 5442.56548092 5374.30845630 5863.48767575 5992.11853702 5729.92432261 5242.84712585 5057.59509017 4886.58532350 5595.56775973 5404.40600961 5018.06834092 5384.12858901 5379.90582797 5099.52484747 4708.26871832 5237.56595188 5539.07324800 5653.71015502 5490.72906818 5906.84644701 5438.59065005 5508.82022397 5359.56051163 4804.46844142 
4984.29649423 4711.43019371 4512.78510225 4966.13639467 4447.39930481 4247.47847677 4514.52637927 4510.45777395 4878.09031518 5535.07423845 4625.32617519 4607.74802442 4474.00331806 4612.94353340 4508.30445537 4335.77872660 4973.38802390 5028.67490005 4596.91016035 4057.71108421 3935.59866409 5237.56595188 5352.82884516 4452.39824593 5136.87745292 5119.82024240 4907.69894101 4935.59002383 5359.56051163 4804.46844142 
4927.62516718 4503.14784994 4288.03405991 4489.61136779 3869.69713658 3472.45391797 4433.34589240 2975.32144394 4049.12637394 3799.38957508 3572.39158774 3950.82578775 3645.31431455 3914.97958721 3031.41232987 3337.21097271 4237.75657416 2567.43040988 4310.29732123 3857.85864547 3935.59866409 3748.70693557 4325.35775764 3982.31413054 4041.15116943 4374.18764145 3001.35792926 4935.59002383 4568.36533068 3929.04122639 
3949.17158974 3461.07854045 2070.83795564 2642.49211231 1752.95947953 1418.16552542 2837.66174461 1421.17204071 2194.67130341 2046.67727974 2856.35394761 2518.50403320 1686.05241683 2462.18427303 1220.98532327 1616.97038404 2458.53650709 886.49660685 2463.80479395 1863.45630418 3426.70616378 1403.96461619 3115.88905228 2571.30749818 2570.54431157 2249.51072995 1121.19007207 3543.26315862 2695.00350597 3199.73674045 
650.03693616 1228.48586388 602.10350715 668.50794715 671.16563372 317.60417338 843.88017337 313.52451786 667.17438170 571.64013238 1888.87749252 1438.06657169 473.12354505 982.94944055 268.67556894 537.21719828 765.47236866 410.88815113 597.69047988 837.73247402 2153.19023831 465.49391747 896.38350135 1223.66066359 537.76056396 633.10799495 315.61403287 1670.89929712 560.74190539 1231.66644030 
78.35216724 113.88741616 147.94976201 185.05150880 520.97058430 247.65924569 196.64237591 57.29110126 103.60513995 218.60178885 251.28294372 306.58267265 96.55906964 524.39919163 170.20237829 137.94242381 337.20311671 247.48672421 88.88431404 203.70781806 380.42324619 296.79790110 182.18152007 435.13754069 129.69308693 113.94977608 221.52908552 346.25099881 160.00221267 259.45595815 
73.10477254 30.58014330 103.79409058 165.39988095 483.39760885 223.41184279 153.49743518 20.53783002 32.07101644 177.86319024 43.57422276 26.38897081 73.87062604 447.79951777 163.21957585 103.67843928 285.77522082 243.11452807 82.86478767 73.20466687 54.35386443 294.64551675 163.23399530 396.79586256 63.08322865 43.68324953 219.91110218 275.58191486 53.12891293 103.62258743 
72.60236267 30.40859541 103.75492695 163.20935518 481.68155193 223.32708677 152.82862971 20.49419103 31.39690397 177.29419524 42.84166707 21.84469731 72.97069262 447.57897466 163.21928206 103.03872143 285.52326656 243.11007553 82.84098188 72.87249163 52.01856571 294.53592481 163.21188586 394.76847517 62.58669579 42.48026920 219.89573530 273.06061251 53.04384664 103.14025979 
72.59720904 30.40859439 103.75491759 52.96728205 481.67912333 74.29629837 152.81592166 12.63016338 31.35439377 177.28452795 42.78865167 21.84370492 72.91671134 447.57626571 163.21925594 103.03871314 285.49726222 46.11317643 75.82471292 72.86765541 51.97444227 294.53590340 151.69727668 394.76155841 62.55476088 42.47934829 152.68554768 272.11310252 53.03600169 103.14025970 
61.24336613 30.40859439 10.22866412 52.89440646 54.37604742 62.84215989 20.91399435 12.62905223 20.63702892 22.29241910 31.82851610 11.91779160 62.97026981 447.57625660 151.57542156 10.10046352 42.20030905 33.36095577 72.92113916 53.28604264 20.49419009 174.63644539 150.79922278 139.94133935 52.35354274 32.18393931 62.86592103 127.28156294 52.89372442 91.56610377 
41.27102648 20.46723643 10.22866399 32.02686989 42.38227963 21.91030586 11.04683713 0.00000000 11.24696179 12.33359296 22.43141211 11.91779159 32.83130080 31.17409661 42.37170542 0.00000057 42.20030418 21.05769875 62.76588926 19.83104614 12.54397901 42.56567354 20.63324070 42.20785436 41.37258804 20.28133666 51.63565159 11.24696179 33.35561853 0.00000000 
0.00000000 0.00000000 0.00000000 0.00000000 0.00000000 0.00000000 0.00000000 0.00000000 0.00000000 0.00000000 0.00000000 0.00000000 0.00000000 0.00000000 0.00000000 0.00000000 0.00000000 0.00000000 0.00000009 0.00000000 0.00000000 0.00000000 0.00000000 0.00000000 0.00000000 0.00000000 0.00000000 0.00000000 0.00000000 0.00000000 
0.00000000 0.00000000 0.00000000 0.00000000 0.00000000 0.00000000 0.00000000 0.00000000 0.00000000 0.00000000 0.00000000 0.00000000 0.00000000 0.00000000 0.00000000 0.00000000 0.00000000 0.00000000 0.00000000 0.00000000 0.00000000 0.00000000 0.00000000 0.00000000 0.00000000 0.00000000 0.00000000 0.00000000 0.00000000 0.00000000 
0.00000000 0.00000000 0.00000000 0.00000000 0.00000000 0.00000000 0.00000000 0.00000000 0.00000000 0.00000000 0.00000000 0.00000000 0.00000000 0.00000000 0.00000000 0.00000000 0.00000000 0.00000000 0.00000000 0.00000000 0.00000000 0.00000000 0.00000000 0.00000000 0.00000000 0.00000000 0.00000000 0.00000000 0.00000000 0.00000000 
0.00000000 0.00000000 0.00000000 0.00000000 0.00000000 0.00000000 0.00000000 0.00000000 0.00000000 0.00000000 0.00000000 0.00000000 0.00000000 0.00000000 0.00000000 0.00000000 0.00000000 0.00000000 0.00000000 0.00000000 0.00000000 0.00000000 0.00000000 0.00000000 0.00000000 0.00000000 0.00000000 0.00000000 0.00000000 0.00000000 
