45200554415.91387939 41323992356.77818298 40049226334.16232300 44942614628.00550842 39519793780.77896118 49491013483.17472839 22699115044.23794937 45955106060.76150513 54173437358.03657532 28811044001.63184738 50012417900.43095398 38077690854.32917786 46990982645.86576080 44078435254.75968170 26477827480.77198029 43206558966.99277496 26227040106.76165009 42089983886.42564392 34136011042.94410324 35422443403.97956085 48647113123.12142181 41351128045.05783844 40099448447.78820801 52985487271.21958923 44351297684.93144989 29762275260.43738937 44401729192.94429779 36407043857.40468597 49432672456.36681366 50312570150.64099121 
33381248702.61751175 33719393937.25319672 34605664088.02560425 44942614628.00550842 31475544615.39918518 39562651807.68233490 22699115044.23794937 30951596954.63901520 37410903361.78918457 28811044001.63184738 24998477368.27086258 29647562269.46026993 37438204537.67760468 19527973437.30856705 26477827480.77198029 43206558966.99277496 26227040106.76165009 34929170618.28922272 34136011042.94410324 35422443403.97956085 39577704883.14373779 37368166656.63088226 40099448447.78820801 31351162664.77571487 43573616970.61444855 23340529573.55291367 30923581036.76178360 36407043857.40468597 32535174159.75526810 21667111078.70217514 
25777095149.23089981 20006417165.42563629 24616637659.03463745 20388007807.29096222 18897053083.32122421 21211955225.64464951 13187301046.09726334 19209128312.17440414 34030471815.96717834 26161247431.59356308 14532836372.78424644 29370766675.94380951 27091455661.02846527 10484164497.89164543 21965441105.69622421 29505812190.01135635 26227040106.76165009 19151102364.84925079 20010454064.31240463 17452090782.77605438 26172405095.31629562 23410163381.39553833 35871418695.77139282 16175673389.94871712 31737865661.05503845 14922101679.69296455 23084494231.02474976 14934187035.59847641 11719078072.94853020 10970772723.67189598 
10248855382.17039108 11055939589.84927750 14145706315.39028549 10534811630.63362694 7050167756.71103191 9410943657.56744194 4271490703.84228992 8483647647.76286793 10400625908.81648254 9695538068.75700951 4626548482.09180641 10974683890.58210754 13422548365.39117432 7163249356.06652451 11395909174.20933342 15107836974.15347672 9575251529.64795113 6660568714.67757607 11845752745.93821335 6577476916.83221912 9567530984.90175247 6869525917.00755405 20050087291.00698853 6274544886.39135647 14230471783.24825859 8731991891.63678741 12687547614.13841629 6147692176.77661610 6038997845.49132442 3605257747.90022326 
3728354354.77304363 5309530746.14808273 5863392963.94886494 2410255952.54905510 3366084145.15213013 1003177925.41566265 1022031094.42614210 4809010731.61448288 2551679075.81368876 2778941687.58891964 2764523865.59053516 3359332640.10802698 2339175186.67929554 1104997902.05292249 3249685999.72722626 10824116756.58255386 3538768074.31682730 1514303060.68168712 6470214309.46493721 1140629097.32163906 2232032687.95175838 555603539.39085674 8807323375.14649200 1419593730.11352134 4760989257.18437004 3413996988.37940311 7049865670.92465973 2113333414.94382572 1842247237.17821360 1545246314.91178823 
980451597.40801370 1825968322.92723370 4097577841.62497854 283093536.40761662 1868391752.37986565 16534488.00995009 111861901.83668435 2309367174.52053404 344008663.34703469 1761881769.01051855 589375179.45016074 803829049.56994581 1287018552.50494504 537044596.19296324 352660311.90447754 8311301856.79910564 213458323.07074797 161216220.83775169 796666227.58757031 234272001.73038191 345782333.10319370 104963909.63523094 361112445.12367821 75580346.95732717 277669318.13292348 303539960.10406458 2862691435.00069714 247367537.20460939 44290307.20736992 304410721.91933376 
873370902.06862736 12253661.97167681 1057256392.71221232 76932985.74551141 1553150110.38494802 2521482.65687490 10992288.50673607 2132905996.01510239 9656077.62788315 143885850.14745402 255250873.33308738 323600569.96003127 148829027.48356059 106458581.29204604 24115012.40218281 6954086435.33765697 3171827.89732245 6366370.56201784 38361882.38342168 58459500.46223916 73813069.94329821 3904714.90260184 1870072.06283622 3451043.68112124 1827835.29437556 4888978.91022785 93544099.07441059 2604887.38374281 4453562.13149100 758709.93975891 
771003013.30369771 1129.80594603 12294096.82527715 315028.97173519 1358270147.96452498 239646.95307267 13070.10424220 54048.73181913 21949.44167969 14649.65849881 253104057.03394771 6623252.51707304 408972.73021342 184291.06652047 7908.97261143 1997999050.51716328 2875.29914260 593986.40873256 63634.84120679 203654.71351021 43930.42446293 2015.73656601 891.89432221 25052.47044388 397.65956995 110.51047255 9808393.44338354 64674.23297613 36044.53253501 5549.44137337 
92045.05098588 0.11795048 202496.73591096 9427.95879705 20498.43489998 151.82523879 42.85758207 0.20387885 0.92466817 2.65473522 30784.12436790 6.32817284 0.26301718 4.22721567 0.01193446 4833.80436966 535.92968130 51.66515342 15.80590710 0.36960319 3852.44884839 0.15352871 0.32155087 0.40176138 0.00137298 0.07079326 113.15789271 5.53835150 126.55756595 8.11660908 
0.00009403 0.00001130 0.00002505 42.03138811 3.58779839 0.00178323 0.00000421 0.00001064 0.00056099 0.00001592 0.00005144 0.00000006 0.00000222 0.00000002 0.00000000 0.00014339 0.00000030 0.00003198 0.00000001 0.00000000 0.00283722 0.00000000 0.04697222 0.00000147 0.00000000 0.00000000 0.00002012 0.00000000 0.00157478 0.00005311 
0.00000000 0.00000000 0.00000000 0.00000012 0.00000000 0.00000000 0.00000000 0.00000000 0.00000000 0.00000000 0.00000000 0.00000000 0.00000000 0.00000000 0.00000000 0.00000000 0.00000000 0.00000000 0.00000000 0.00000000 0.00000000 0.00000000 0.00000000 0.00000000 0.00000000 0.00000000 0.00000000 0.00000000 0.00000000 0.00000000 
0.00000000 0.00000000 0.00000000 0.00000000 0.00000000 0.00000000 0.00000000 0.00000000 0.00000000 0.00000000 0.00000000 0.00000000 0.00000000 0.00000000 0.00000000 0.00000000 0.00000000 0.00000000 0.00000000 0.00000000 0.00000000 0.00000000 0.00000000 0.00000000 0.00000000 0.00000000 0.00000000 0.00000000 0.00000000 0.00000000 
0.00000000 0.00000000 0.00000000 0.00000000 0.00000000 0.00000000 0.00000000 0.00000000 0.00000000 0.00000000 0.00000000 0.00000000 0.00000000 0.00000000 0.00000000 0.00000000 0.00000000 0.00000000 0.00000000 0.00000000 0.00000000 0.00000000 0.00000000 0.00000000 0.00000000 0.00000000 0.00000000 0.00000000 0.00000000 0.00000000 
0.00000000 0.00000000 0.00000000 0.00000000 0.00000000 0.00000000 0.00000000 0.00000000 0.00000000 0.00000000 0.00000000 0.00000000 0.00000000 0.00000000 0.00000000 0.00000000 0.00000000 0.00000000 0.00000000 0.00000000 0.00000000 0.00000000 0.00000000 0.00000000 0.00000000 0.00000000 0.00000000 0.00000000 0.00000000 0.00000000 
0.00000000 0.00000000 0.00000000 0.00000000 0.00000000 0.00000000 0.00000000 0.00000000 0.00000000 0.00000000 0.00000000 0.00000000 0.00000000 0.00000000 0.00000000 0.00000000 0.00000000 0.00000000 0.00000000 0.00000000 0.00000000 0.00000000 0.00000000 0.00000000 0.00000000 0.00000000 0.00000000 0.00000000 0.00000000 0.00000000 
0.00000000 0.00000000 0.00000000 0.00000000 0.00000000 0.00000000 0.00000000 0.00000000 0.00000000 0.00000000 0.00000000 0.00000000 0.00000000 0.00000000 0.00000000 0.00000000 0.00000000 0.00000000 0.00000000 0.00000000 0.00000000 0.00000000 0.00000000 0.00000000 0.00000000 0.00000000 0.00000000 0.00000000 0.00000000 0.00000000 
