5889.84244274 5831.10946122 6048.60210870 6011.34097822 6479.59688372 5294.92080627 6222.78197480 5687.59823272 5637.42241955 5223.16227935 5976.71555450 5127.53205254 5620.12536169 5996.53846036 5678.76556939 5537.80126494 5870.30376682 6076.78175895 5237.00701816 5509.65765131 5684.74960584 5524.55915450 6440.42260119 5176.89942018 5382.45227252 6396.88618171 5991.09026406 6067.62602629 5243.88337164 5852.02282943 
5889.84244274 4932.87551275 5621.56086391 4948.97504911 5996.51726041 5294.92080627 6222.78197480 5578.22065200 5637.42241955 5223.16227935 5976.71555450 5127.53205254 5620.12536169 5996.53846036 4967.75075281 5537.80126494 5740.23310287 5028.40093558 5237.00701816 5509.65765131 5684.74960584 5392.68986969 5773.62303443 5176.89942018 5382.45227252 5508.26709295 5368.20963935 5619.31615888 5243.88337164 5591.36327973 
5498.46821203 4740.57476298 4953.89597679 4948.97504911 5113.91564234 5072.59374910 5072.30248240 4495.80369549 4723.68900145 5113.05696071 4794.91044441 4668.36022665 5124.36542784 4774.87748246 4859.41860221 5007.80145758 4581.00207894 5028.40093558 5237.00701816 4991.52343078 5220.53542584 5392.68986969 5431.58248233 5176.89942018 4073.58371040 5508.26709295 4383.90280598 5619.31615888 5243.88337164 5591.36327973 
4735.14785260 4470.58999357 4951.40661280 3544.94450734 3451.15560588 4153.11952592 4124.52247162 4495.80369549 4271.16019081 4374.61122618 4512.11691738 3918.08868726 4038.78225719 4774.87748246 4770.45584026 3276.32940993 4057.91518319 4553.99170621 4583.85229962 4991.52343078 5220.53542584 4246.05777702 5294.14692239 5063.11404716 3167.90658103 5305.73967505 4335.48262654 5396.49978446 4791.97912883 4410.18540825 
4034.73235295 3613.45265608 4433.83652851 3218.50316881 2518.13208197 3777.74611474 3732.81270237 3781.15269303 3914.26335045 3746.71587930 3568.31800524 3252.20880226 3473.53119706 3766.23308855 3793.63214456 2948.44506037 3655.15091109 3284.04113921 4266.35597991 4829.54498826 4443.67524897 3834.01368284 3578.14357016 3821.48476980 3167.90658103 4361.65081253 3658.36293918 4150.56028734 2555.70010783 4410.18540825 
2655.72417995 3196.68745401 3330.51217306 2092.12776678 1278.04783370 3074.40165695 2401.94938259 3237.74651434 2875.08024108 2547.95431380 3080.49953443 2806.04233350 3057.09832609 3129.86749234 2625.36764249 2127.89437680 2584.01302296 2205.51424071 2898.74895447 3456.73569267 3222.83165394 2358.00951585 2911.86036872 2675.32058411 3167.90658103 3189.13909916 2287.36760673 3271.68902436 2555.70010783 2588.27013880 
899.67562992 2158.28929627 2634.50810404 1153.84585957 861.38469632 2322.51562863 1241.73702259 1842.09035683 2323.78084308 1916.61816128 2494.30070317 1299.19064055 1892.16897929 1105.50723839 961.38043866 928.74282293 2104.18692247 1220.58278304 1734.33215905 2554.30176999 2474.17883973 1646.83383839 1688.65778977 1395.50705013 1949.51255923 2167.43114888 987.42123025 1843.31234173 1623.33991692 1778.20249665 
611.78430683 825.43192122 882.53433343 244.50506648 350.03797281 947.29132387 178.76962646 631.86393948 1646.11191125 1111.97547449 453.99615849 119.19835698 1006.13563034 874.44377781 153.28281082 251.94837973 830.47355177 251.20233596 847.95673559 1399.15692947 1076.99669418 214.62842378 583.65244953 631.05506074 808.33571370 724.42176803 160.36294806 799.58558003 1102.70813553 615.34449476 
611.58915920 143.12479694 74.33819551 3.94803741 221.09942814 204.73997365 3.49001136 10.31986592 267.91157694 177.81909059 30.07001153 2.05116832 12.01227858 407.00075605 120.45830895 225.61540238 49.92700823 6.02607523 113.80260664 309.32225637 69.46743244 122.04141512 173.04485347 29.26817402 148.18456380 95.68784287 121.97893274 11.17426759 135.34944128 237.24296210 
120.42812820 3.66492409 10.15185616 3.72738059 221.08706354 118.78185007 3.47755291 10.27651659 222.38841351 3.59610581 6.76838657 2.05106103 6.89265016 7.00285198 120.45816719 225.61495247 1.98861952 5.79167149 0.40641782 5.44428688 0.21872964 122.04080136 6.86143880 5.34135887 5.24756381 3.63370223 121.97834444 3.63369526 3.57151359 3.75888268 
1.98863098 1.95760527 10.15160261 3.72738057 3.47755294 1.98898300 0.15836288 5.24397030 5.26855663 3.50878137 6.76773959 2.01983258 1.21511413 6.95510582 2.08228958 3.44632445 1.98860412 5.27878629 0.40596995 5.34124320 0.18737100 0.42201390 5.21770950 5.34124320 3.60247472 3.63369520 0.18737075 3.63369520 3.57123829 3.75860903 
1.95737658 1.95737566 6.86142045 2.05106103 1.80123400 1.98860412 0.12491383 3.57768245 3.57123829 1.80382535 5.12264399 0.31228458 0.21862947 1.95737871 2.08228949 0.83880718 1.95737566 0.28105612 0.37474149 3.63369520 0.15614229 0.28105612 5.18510091 3.60246674 1.92616563 2.69013169 0.18737075 3.60264354 2.52946724 3.72738057 
1.86369029 1.89491875 3.47755291 2.01983258 0.15614229 0.28105612 0.12491383 1.86369029 0.24982766 0.12491383 1.80123337 0.24982766 0.18737075 0.21859920 0.31228458 0.15614229 0.28105612 0.18737075 0.28105612 1.92614720 0.15614229 0.18756039 0.21859920 1.77000491 0.18737177 0.21859920 0.15614229 0.28105612 0.28105612 2.11351795 
0.00078333 0.00000000 0.03122846 0.00000008 0.00000000 0.00000000 0.00000060 0.00000000 0.00000000 0.00000000 0.00000009 0.00000003 0.00000000 0.00000008 0.00000000 0.00000000 0.00000000 0.00000000 0.00000000 0.00132599 0.00000000 0.00000000 0.00000000 0.00028320 0.00000001 0.00000000 0.00000000 0.00045593 0.00000022 0.03122846 
0.00000000 0.00000000 0.00000000 0.00000000 0.00000000 0.00000000 0.00000000 0.00000000 0.00000000 0.00000000 0.00000000 0.00000000 0.00000000 0.00000000 0.00000000 0.00000000 0.00000000 0.00000000 0.00000000 0.00000000 0.00000000 0.00000000 0.00000000 0.00000000 0.00000000 0.00000000 0.00000000 0.00000000 0.00000000 0.00000000 
0.00000000 0.00000000 0.00000000 0.00000000 0.00000000 0.00000000 0.00000000 0.00000000 0.00000000 0.00000000 0.00000000 0.00000000 0.00000000 0.00000000 0.00000000 0.00000000 0.00000000 0.00000000 0.00000000 0.00000000 0.00000000 0.00000000 0.00000000 0.00000000 0.00000000 0.00000000 0.00000000 0.00000000 0.00000000 0.00000000 
