1.568396e+03 1.158513e+03 1.085595e+03 6.237170e+02 1.709347e+03 1.047023e+03 1.653037e+03 2.022062e+03 1.716180e+03 1.509902e+03 2.543145e+03 1.600768e+03 1.643881e+03 1.991886e+03 2.214362e+03 2.395526e+03 1.505718e+03 6.897174e+02 2.513830e+03 1.145807e+03 1.061699e+03 1.337502e+03 1.298786e+03 7.053839e+02 5.896116e+02 1.445300e+03 1.400568e+03 8.072644e+02 1.505895e+03 1.405630e+03 
1.568396e+03 5.987027e+02 1.085595e+03 5.952352e+02 6.909589e+02 1.047023e+03 7.380317e+02 1.725702e+03 1.239932e+03 1.097007e+03 1.369729e+03 1.600768e+03 1.025266e+03 1.766305e+03 1.300221e+03 1.356022e+03 1.027138e+03 6.897174e+02 1.119896e+03 1.140027e+03 9.275353e+02 1.337502e+03 1.128363e+03 7.040987e+02 5.896116e+02 1.159921e+03 1.213505e+03 7.433185e+02 9.905487e+02 1.405630e+03 
1.132255e+03 3.376231e+02 7.396820e+02 4.497544e+02 6.088485e+02 4.611092e+02 7.380317e+02 1.351178e+03 8.458761e+02 7.389432e+02 1.214569e+03 1.109880e+03 1.025266e+03 1.480997e+03 1.300221e+03 1.123405e+03 1.027138e+03 5.436110e+02 1.119896e+03 4.694225e+02 8.868265e+02 1.126476e+03 7.766120e+02 7.040987e+02 5.896116e+02 5.641514e+02 9.350177e+02 7.433185e+02 9.347699e+02 8.290935e+02 
1.132255e+03 3.218013e+02 7.396820e+02 4.497544e+02 4.222692e+02 4.611092e+02 7.380317e+02 9.707709e+02 2.828062e+02 5.600872e+02 1.214569e+03 7.659461e+02 5.984673e+02 6.569898e+02 5.050934e+02 1.107870e+03 4.668978e+02 3.181265e+02 1.107360e+03 4.694225e+02 3.372643e+02 1.126476e+03 6.855743e+02 7.040987e+02 5.758286e+02 5.641514e+02 9.012761e+02 5.787004e+02 2.914310e+02 4.394373e+02 
5.623119e+02 3.086906e+02 5.557304e+02 2.220151e+02 2.910183e+02 2.750191e+02 3.909841e+02 5.271685e+02 2.828062e+02 4.076587e+02 5.089337e+02 2.948157e+02 3.324384e+02 5.586432e+02 4.492068e+02 3.477800e+02 2.929151e+02 3.107383e+02 6.608667e+02 3.122556e+02 3.372643e+02 6.867964e+02 3.827179e+02 3.497112e+02 3.695184e+02 4.400855e+02 6.333905e+02 3.534127e+02 2.628439e+02 3.127350e+02 
3.116657e+02 2.756108e+02 2.671632e+02 2.006351e+02 2.910183e+02 2.750191e+02 2.366584e+02 2.264299e+02 2.779348e+02 2.977773e+02 2.772533e+02 2.948157e+02 2.407052e+02 3.567916e+02 2.546110e+02 3.126795e+02 2.481355e+02 2.493453e+02 2.776551e+02 2.744091e+02 2.283846e+02 2.761541e+02 2.769482e+02 2.576330e+02 3.121855e+02 2.467622e+02 2.737954e+02 3.534127e+02 2.046814e+02 2.777964e+02 
2.205258e+02 1.973412e+02 2.023587e+02 1.885312e+02 2.025161e+02 1.920540e+02 2.082015e+02 2.264299e+02 1.971886e+02 2.009421e+02 2.013573e+02 2.120937e+02 1.886019e+02 2.329576e+02 1.947297e+02 2.085209e+02 2.071976e+02 2.249405e+02 2.175955e+02 1.916730e+02 1.897842e+02 2.385110e+02 2.099107e+02 2.155923e+02 2.055597e+02 1.850027e+02 2.202240e+02 2.080087e+02 1.637875e+02 1.705273e+02 
1.722073e+02 1.492567e+02 1.678206e+02 1.607810e+02 1.753276e+02 1.586284e+02 1.554957e+02 1.727530e+02 1.664016e+02 1.644147e+02 1.821422e+02 1.602135e+02 1.634990e+02 1.695688e+02 1.662874e+02 1.682611e+02 1.625561e+02 1.708626e+02 1.842702e+02 1.606190e+02 1.618074e+02 1.736596e+02 1.740578e+02 1.675786e+02 1.663895e+02 1.701558e+02 1.686042e+02 1.619071e+02 1.600736e+02 1.581400e+02 
1.113599e+02 3.369769e+01 8.491241e+01 7.317347e+01 1.177015e+02 4.168213e+01 5.244187e+01 1.495636e+02 5.461519e+01 6.839954e+01 1.534344e+02 7.569583e+01 7.392748e+01 8.206834e+01 8.237091e+01 8.331939e+01 4.245979e+01 1.336999e+02 1.490023e+02 7.905961e+01 6.038142e+01 1.356666e+02 1.121461e+02 1.027389e+02 8.405968e+01 1.024386e+02 9.314797e+01 7.609793e+01 5.608302e+01 3.082103e+01 
6.978737e+00 1.962669e+00 3.999686e+00 3.418249e+00 5.046416e+00 2.677677e+00 3.130748e+00 7.108121e+00 2.611616e+00 3.599611e+00 1.319502e+01 4.561440e+00 3.933812e+00 5.783054e+00 5.520356e+00 3.744266e+00 2.532249e+00 8.905709e+00 8.471885e+00 5.015441e+00 3.434705e+00 7.070377e+00 6.068333e+00 4.972245e+00 4.482777e+00 5.812683e+00 5.026679e+00 4.702423e+00 3.896105e+00 2.574922e+00 
9.571434e-02 1.763151e-02 3.823741e-02 4.589931e-02 6.852923e-02 1.839572e-02 4.015046e-02 7.443993e-02 4.161695e-02 3.355291e-02 1.528654e-01 6.022403e-02 2.893688e-02 8.832670e-02 8.308369e-02 4.090927e-02 2.517253e-02 8.121102e-02 4.751199e-02 4.811233e-02 2.443873e-02 9.433191e-02 5.508267e-02 6.024225e-02 3.995886e-02 5.993127e-02 6.974362e-02 5.770711e-02 3.174662e-02 2.127582e-02 
4.586374e-05 7.580855e-06 1.493891e-05 1.933492e-05 2.237055e-05 1.319401e-05 1.595142e-05 2.594118e-05 2.325115e-05 1.867798e-05 8.946418e-05 4.609541e-05 1.269783e-05 5.225718e-05 2.804760e-05 1.557991e-05 1.851387e-05 5.572658e-05 3.618491e-05 1.091463e-05 9.103754e-06 4.292551e-05 2.250849e-05 2.423542e-05 2.401437e-05 3.920163e-05 4.138005e-05 2.247871e-05 1.901014e-05 2.466518e-05 
1.000000e-08 1.000000e-08 1.000000e-08 1.000000e-08 1.000000e-08 1.000000e-08 1.000000e-08 1.000000e-08 1.000000e-08 1.000000e-08 1.000000e-08 1.000000e-08 1.000000e-08 1.000000e-08 1.000000e-08 1.000000e-08 1.000000e-08 1.000000e-08 1.000000e-08 1.000000e-08 1.000000e-08 1.000000e-08 1.000000e-08 1.000000e-08 1.000000e-08 1.000000e-08 1.000000e-08 1.000000e-08 1.000000e-08 1.000000e-08 
1.000000e-08 1.000000e-08 1.000000e-08 1.000000e-08 1.000000e-08 1.000000e-08 1.000000e-08 1.000000e-08 1.000000e-08 1.000000e-08 1.000000e-08 1.000000e-08 1.000000e-08 1.000000e-08 1.000000e-08 1.000000e-08 1.000000e-08 1.000000e-08 1.000000e-08 1.000000e-08 1.000000e-08 1.000000e-08 1.000000e-08 1.000000e-08 1.000000e-08 1.000000e-08 1.000000e-08 1.000000e-08 1.000000e-08 1.000000e-08 
1.000000e-08 1.000000e-08 1.000000e-08 1.000000e-08 1.000000e-08 1.000000e-08 1.000000e-08 1.000000e-08 1.000000e-08 1.000000e-08 1.000000e-08 1.000000e-08 1.000000e-08 1.000000e-08 1.000000e-08 1.000000e-08 1.000000e-08 1.000000e-08 1.000000e-08 1.000000e-08 1.000000e-08 1.000000e-08 1.000000e-08 1.000000e-08 1.000000e-08 1.000000e-08 1.000000e-08 1.000000e-08 1.000000e-08 1.000000e-08 
1.000000e-08 1.000000e-08 1.000000e-08 1.000000e-08 1.000000e-08 1.000000e-08 1.000000e-08 1.000000e-08 1.000000e-08 1.000000e-08 1.000000e-08 1.000000e-08 1.000000e-08 1.000000e-08 1.000000e-08 1.000000e-08 1.000000e-08 1.000000e-08 1.000000e-08 1.000000e-08 1.000000e-08 1.000000e-08 1.000000e-08 1.000000e-08 1.000000e-08 1.000000e-08 1.000000e-08 1.000000e-08 1.000000e-08 1.000000e-08 
4.391000e+04 4.144500e+04 4.248500e+04 4.296200e+04 4.375200e+04 4.192500e+04 4.256500e+04 4.359400e+04 4.248500e+04 4.216500e+04 4.501400e+04 4.430500e+04 4.224500e+04 4.312000e+04 4.304100e+04 4.280400e+04 4.216500e+04 4.422600e+04 4.359400e+04 4.264500e+04 4.088500e+04 4.296200e+04 4.256500e+04 4.272500e+04 4.240500e+04 4.367300e+04 4.335700e+04 4.264500e+04 4.272500e+04 4.256500e+04 
