4.934433e+03 4.694029e+03 5.314935e+03 5.796885e+03 5.445642e+03 5.533925e+03 5.240984e+03 5.321945e+03 5.473876e+03 4.246041e+03 5.679196e+03 5.330269e+03 5.600656e+03 5.995410e+03 5.483798e+03 4.656066e+03 4.750870e+03 5.719472e+03 5.586986e+03 5.822169e+03 5.546502e+03 5.287923e+03 4.561907e+03 5.092229e+03 5.458589e+03 5.392331e+03 5.210486e+03 5.193087e+03 3.489859e+03 5.372936e+03 
4.934433e+03 4.694029e+03 5.314935e+03 5.796885e+03 5.083113e+03 5.285626e+03 5.227592e+03 5.321945e+03 5.473876e+03 4.246041e+03 5.679196e+03 5.244483e+03 5.600656e+03 5.057210e+03 5.483798e+03 4.656066e+03 4.750870e+03 5.719472e+03 4.900306e+03 5.192478e+03 5.442471e+03 5.287923e+03 4.561907e+03 5.092229e+03 3.385919e+03 5.392331e+03 5.210486e+03 5.193087e+03 3.489859e+03 5.332710e+03 
4.905123e+03 4.694029e+03 5.314935e+03 1.037516e+03 4.292234e+03 2.519949e+03 5.227592e+03 5.321945e+03 5.352401e+03 2.742580e+03 4.977836e+03 5.244483e+03 4.908727e+03 5.057210e+03 5.483798e+03 4.656066e+03 4.750870e+03 5.504674e+03 4.900306e+03 5.192478e+03 5.222702e+03 3.830389e+03 4.561907e+03 1.668219e+03 3.385919e+03 4.718080e+03 4.759399e+03 5.193087e+03 1.758499e+03 4.760151e+03 
3.048345e+03 2.984103e+03 5.156146e+03 1.037516e+03 4.086781e+03 2.519949e+03 1.081961e+03 2.497290e+02 4.927411e+03 2.742580e+03 3.914538e+03 3.985603e+03 2.747030e+03 5.057210e+03 5.288805e+03 2.933272e+03 3.357048e+03 4.607939e+03 4.900306e+03 5.192478e+03 2.690244e+03 3.147866e+03 4.019794e+03 1.668219e+03 2.999843e+03 4.718080e+03 2.701726e+03 5.193087e+03 1.758499e+03 4.760151e+03 
2.146627e+02 2.107373e+03 4.770544e+03 2.693894e+02 2.244056e+02 2.519949e+03 5.542100e+02 2.497290e+02 1.469331e+03 1.504480e+03 5.826431e+02 3.864296e+03 5.262294e+02 4.430472e+03 4.225245e+03 5.458002e+02 1.619116e+03 4.467242e+03 1.107161e+03 1.950888e+03 4.010461e+02 3.147866e+03 3.292909e+03 1.191516e+03 5.605202e+02 4.549231e+03 2.122018e+03 2.023279e+03 1.662396e+03 4.553493e+03 
2.146627e+02 3.209414e+02 4.583141e+03 2.255427e+02 1.768977e+02 2.519949e+03 2.771851e+02 1.548507e+02 2.855103e+02 4.543738e+02 1.879685e+02 3.864296e+03 2.023942e+02 7.851474e+02 3.217909e+02 2.683291e+02 2.482954e+02 3.471280e+03 3.853493e+02 1.951662e+02 1.932391e+02 9.021101e+02 5.967114e+02 4.717238e+02 2.557947e+02 2.619511e+02 1.228872e+03 1.386452e+03 7.528380e+02 7.913442e+02 
1.500951e+02 1.575401e+02 2.596612e+02 1.411470e+02 1.322997e+02 9.697360e+02 1.381241e+02 1.246857e+02 1.863750e+02 1.698237e+02 1.281643e+02 2.582260e+03 1.337325e+02 1.764563e+02 1.994021e+02 1.515797e+02 1.493507e+02 2.169787e+02 2.118148e+02 1.645397e+02 1.239133e+02 2.143440e+02 1.538132e+02 1.772122e+02 1.533398e+02 1.396664e+02 2.201857e+02 3.062970e+02 1.237670e+02 1.731008e+02 
1.021314e+02 1.150739e+02 1.590654e+02 1.023269e+02 1.015510e+02 2.440183e+02 1.018359e+02 1.016449e+02 1.064520e+02 1.021883e+02 1.014250e+02 2.294968e+02 1.016153e+02 1.111511e+02 1.077292e+02 1.028067e+02 1.023507e+02 1.144374e+02 1.136843e+02 1.025182e+02 1.017113e+02 1.436656e+02 1.118742e+02 1.250426e+02 1.017591e+02 1.016172e+02 1.337899e+02 1.170856e+02 1.013497e+02 1.065623e+02 
1.007591e+02 1.006695e+02 1.378109e+02 1.007126e+02 1.007913e+02 1.403889e+02 1.009038e+02 1.009087e+02 1.006936e+02 1.008693e+02 1.010273e+02 1.403969e+02 1.006686e+02 1.006469e+02 1.007857e+02 1.008023e+02 1.007213e+02 1.008739e+02 1.006875e+02 1.007591e+02 1.007770e+02 1.008821e+02 1.008905e+02 1.009555e+02 1.006214e+02 1.009030e+02 1.009202e+02 1.010071e+02 1.007670e+02 1.008787e+02 
1.005429e+02 1.005659e+02 1.007480e+02 1.005060e+02 1.007484e+02 1.006712e+02 1.006556e+02 1.004199e+02 1.006466e+02 1.006922e+02 1.007835e+02 1.187707e+02 1.005911e+02 1.006469e+02 1.006162e+02 1.006365e+02 1.005106e+02 1.005497e+02 1.005206e+02 1.006353e+02 1.006420e+02 1.005788e+02 1.006061e+02 1.005549e+02 1.006214e+02 1.006745e+02 1.006723e+02 1.005244e+02 1.005245e+02 1.006099e+02 
1.005057e+02 1.004985e+02 1.005118e+02 1.004911e+02 1.006869e+02 1.005246e+02 1.006356e+02 1.003882e+02 1.005548e+02 1.006184e+02 1.007784e+02 1.012483e+02 1.005351e+02 1.005098e+02 1.006029e+02 1.005146e+02 1.004656e+02 1.004637e+02 1.004955e+02 1.005572e+02 1.006197e+02 1.005069e+02 1.005216e+02 1.004710e+02 1.006186e+02 1.006074e+02 1.005365e+02 1.005140e+02 1.004554e+02 1.006037e+02 
1.004915e+02 1.004845e+02 1.004769e+02 1.004786e+02 1.006869e+02 1.005191e+02 1.006356e+02 1.003866e+02 1.005548e+02 1.005857e+02 1.007703e+02 3.260043e+01 1.005351e+02 1.005058e+02 1.005931e+02 1.004743e+02 1.004656e+02 1.004615e+02 1.004914e+02 1.005499e+02 1.006197e+02 1.005069e+02 1.005079e+02 1.004695e+02 1.005987e+02 1.005491e+02 1.005117e+02 1.005075e+02 1.004416e+02 1.005644e+02 
1.004754e+02 1.004845e+02 1.004558e+02 1.004767e+02 1.006869e+02 1.005008e+02 1.006356e+02 1.003830e+02 1.003530e+02 1.005641e+02 1.007587e+02 2.438655e-04 1.004678e+02 1.004966e+02 1.005898e+02 1.004130e+02 1.004656e+02 1.004494e+02 1.004914e+02 1.005499e+02 1.005745e+02 1.004927e+02 1.004112e+02 1.004674e+02 1.005962e+02 1.005232e+02 1.005117e+02 1.004722e+02 1.004228e+02 1.005573e+02 
1.003676e+02 1.004845e+02 1.004538e+02 1.004767e+02 1.006865e+02 1.004934e+02 1.006311e+02 1.003796e+02 1.003458e+02 1.005641e+02 1.006860e+02 1.000000e-08 1.004622e+02 1.004742e+02 1.005458e+02 1.004031e+02 1.004656e+02 1.004423e+02 1.004901e+02 1.005437e+02 1.005692e+02 1.004081e+02 1.004099e+02 1.004612e+02 1.005080e+02 1.005232e+02 1.004741e+02 1.004722e+02 1.004227e+02 1.005573e+02 
1.003672e+02 1.004839e+02 1.004538e+02 1.004767e+02 1.004468e+02 1.003699e+02 1.004225e+02 1.003781e+02 1.003458e+02 1.005157e+02 1.004933e+02 1.000000e-08 1.004522e+02 1.004551e+02 1.005286e+02 1.004030e+02 1.004609e+02 1.004421e+02 1.004728e+02 1.005428e+02 1.005549e+02 1.004080e+02 1.004099e+02 1.004148e+02 1.004815e+02 1.005232e+02 1.004547e+02 1.004700e+02 1.004186e+02 1.004283e+02 
1.002518e+02 1.004536e+02 1.004011e+02 1.004637e+02 1.003754e+02 1.003699e+02 1.004225e+02 1.003781e+02 1.002835e+02 1.005157e+02 1.004373e+02 1.000000e-08 1.002598e+02 1.004551e+02 1.005286e+02 1.002708e+02 1.004609e+02 1.003860e+02 1.003726e+02 1.005310e+02 1.005244e+02 1.002460e+02 1.002790e+02 1.004148e+02 1.004815e+02 1.003503e+02 1.004315e+02 1.004700e+02 1.004186e+02 1.004283e+02 
1.000000e+06 1.000000e+06 1.000000e+06 1.000000e+06 1.000000e+06 1.000000e+06 1.000000e+06 1.000000e+06 1.000000e+06 1.000000e+06 1.000000e+06 2.006750e+05 1.000000e+06 1.000000e+06 1.000000e+06 1.000000e+06 1.000000e+06 1.000000e+06 1.000000e+06 1.000000e+06 1.000000e+06 1.000000e+06 1.000000e+06 1.000000e+06 1.000000e+06 1.000000e+06 1.000000e+06 1.000000e+06 1.000000e+06 1.000000e+06 
