9.202478e+01 8.032829e+01 4.563066e+01 8.487578e+01 9.563643e+01 6.551946e+01 7.714031e+01 9.762996e+01 9.368088e+01 8.160838e+01 8.186778e+01 8.867019e+01 8.293341e+01 6.843653e+01 5.328261e+01 7.123996e+01 1.071077e+02 6.855512e+01 1.024405e+02 8.598684e+01 8.599570e+01 9.298321e+01 9.325694e+01 7.604552e+01 9.324301e+01 7.141057e+01 8.064186e+01 8.652934e+01 8.079409e+01 4.948757e+01 
7.342856e+01 5.707985e+01 4.331539e+01 8.024347e+01 5.558300e+01 6.551946e+01 5.619218e+01 9.011380e+01 8.149648e+01 6.613186e+01 7.930481e+01 7.338007e+01 5.799918e+01 6.015847e+01 5.328261e+01 7.123996e+01 6.456709e+01 6.651612e+01 7.177136e+01 7.436275e+01 5.926429e+01 8.223710e+01 8.032214e+01 7.604552e+01 8.390108e+01 7.046791e+01 6.055138e+01 6.447401e+01 6.358972e+01 4.948757e+01 
6.774330e+01 5.707985e+01 4.331539e+01 7.414194e+01 5.145952e+01 6.551946e+01 5.619218e+01 6.754360e+01 6.510218e+01 5.813370e+01 7.606822e+01 5.564812e+01 5.799918e+01 6.015847e+01 5.328261e+01 7.123996e+01 5.754946e+01 6.575726e+01 4.696956e+01 5.637527e+01 5.360535e+01 6.621872e+01 7.212134e+01 6.236167e+01 5.944580e+01 6.115946e+01 6.055138e+01 6.447401e+01 6.358972e+01 4.948757e+01 
5.071255e+01 4.886604e+01 4.331539e+01 6.113570e+01 5.145952e+01 6.551946e+01 5.147300e+01 5.536685e+01 6.048918e+01 5.813370e+01 6.533737e+01 5.564812e+01 4.882781e+01 6.015847e+01 5.328261e+01 7.123996e+01 5.544684e+01 4.287410e+01 4.696956e+01 5.346669e+01 5.360535e+01 6.621872e+01 7.212134e+01 5.462103e+01 4.733901e+01 5.866307e+01 6.055138e+01 6.447401e+01 5.589839e+01 4.948757e+01 
5.071255e+01 4.886604e+01 3.937500e+01 3.711817e+01 3.610891e+01 3.917355e+01 4.496958e+01 4.626414e+01 4.400101e+01 5.813370e+01 1.548677e+01 5.483744e+01 4.112739e+01 5.499903e+01 4.588198e+01 5.229973e+01 4.286096e+01 4.287410e+01 4.148070e+01 5.346669e+01 4.469640e+01 4.409647e+01 4.457729e+01 5.145784e+01 4.733901e+01 5.152579e+01 5.228268e+01 3.964123e+01 4.773675e+01 4.130909e+01 
3.559399e+01 3.372058e+01 3.937500e+01 3.157093e+01 3.131999e+01 3.893623e+01 2.653964e+01 4.001436e+01 3.646078e+01 2.287618e+01 1.548677e+01 3.591216e+01 4.010366e+01 4.206740e+01 3.344253e+01 3.598211e+01 3.570292e+01 3.545754e+01 3.585547e+01 3.769570e+01 2.822387e+01 2.426741e+01 3.056549e+01 3.285159e+01 3.675196e+01 3.792199e+01 4.018486e+01 2.737852e+01 3.664261e+01 3.002823e+01 
2.477563e+01 2.626010e+01 3.235333e+01 1.960328e+01 2.142830e+01 2.271605e+01 1.975762e+01 1.669178e+01 2.717784e+01 2.287618e+01 1.548677e+01 2.722811e+01 3.921932e+01 3.649610e+01 2.807746e+01 2.595006e+01 2.572723e+01 2.798099e+01 2.979873e+01 1.786357e+01 2.524552e+01 2.426741e+01 2.545219e+01 3.093462e+01 2.565045e+01 2.467914e+01 3.712542e+01 2.671352e+01 2.264272e+01 2.214929e+01 
1.469006e+01 1.241655e+01 1.710740e+01 8.442772e+00 1.346076e+01 1.639009e+01 1.140173e+01 1.190095e+01 1.764400e+01 1.770648e+01 1.222889e+01 2.027932e+01 2.033038e+01 2.129661e+01 1.577510e+01 1.568303e+01 1.801870e+01 1.515715e+01 2.055174e+01 1.215460e+01 1.605149e+01 1.684984e+01 1.922948e+01 1.210624e+01 1.223146e+01 1.507730e+01 1.984607e+01 1.258065e+01 1.835941e+01 1.352505e+01 
6.081365e+00 5.411249e+00 4.993888e+00 3.933489e+00 6.684428e+00 1.152461e+01 5.580388e+00 6.761281e+00 9.222766e+00 7.042012e+00 5.194793e+00 6.316738e+00 9.496723e+00 8.725172e+00 8.410437e+00 7.311149e+00 5.765322e+00 9.447851e+00 5.490121e+00 5.977347e+00 8.538368e+00 8.141603e+00 7.369138e+00 6.556225e+00 1.073301e+01 5.163556e+00 7.293693e+00 8.634130e+00 9.086511e+00 6.953566e+00 
2.130847e+00 1.864161e+00 1.899453e+00 6.705365e-01 1.723411e+00 4.573113e+00 1.439263e+00 1.772460e+00 2.777083e+00 1.181505e+00 1.760543e+00 1.419971e+00 1.072640e+00 3.830702e+00 2.264124e+00 2.427314e+00 1.582978e+00 1.805614e+00 2.389639e+00 1.489855e+00 1.895230e+00 2.582834e+00 1.579176e+00 1.363751e+00 3.594650e+00 1.080914e+00 2.232602e+00 2.155576e+00 2.193907e+00 2.659231e+00 
2.578489e-01 1.688035e-01 1.748577e-01 9.720419e-02 1.749577e-01 8.605366e-01 1.043362e-01 2.247580e-01 2.792936e-01 1.518192e-01 1.994422e-01 2.312052e-01 2.653407e-01 3.103346e-01 1.648082e-01 1.748686e-01 2.602044e-01 2.264099e-01 2.580203e-01 1.280490e-01 1.687863e-01 1.882577e-01 1.745482e-01 1.626058e-01 3.920292e-01 9.703630e-02 2.503173e-01 2.746413e-01 1.980496e-01 6.155894e-01 
4.935240e-03 7.087399e-03 5.949182e-03 2.777613e-03 3.337592e-03 2.512490e-02 2.004377e-03 2.933682e-03 5.515406e-03 5.115875e-03 1.338132e-02 4.614467e-03 4.483104e-03 7.702776e-03 7.041705e-03 4.725122e-03 5.908415e-03 3.387046e-03 1.097124e-02 2.596919e-03 4.839754e-03 7.073232e-03 5.253458e-03 5.894671e-03 1.050212e-02 2.701673e-03 6.979523e-03 7.617736e-03 5.615824e-03 1.884952e-02 
2.512475e-05 1.978809e-05 3.439022e-05 2.103732e-05 1.713522e-05 7.709255e-05 8.637683e-06 2.956343e-05 2.987967e-05 1.910546e-05 3.843178e-05 3.946173e-05 1.912149e-05 2.616051e-05 1.363680e-05 1.312081e-05 2.493641e-05 2.148291e-05 3.074682e-05 1.201740e-05 2.171715e-05 2.773021e-05 1.804805e-05 1.196946e-05 4.565241e-05 1.068696e-05 1.356952e-05 2.569830e-05 2.043980e-05 1.622968e-04 
1.000000e-08 1.000000e-08 1.000000e-08 1.000000e-08 1.000000e-08 1.000000e-08 1.000000e-08 1.000000e-08 1.000000e-08 1.000000e-08 1.000000e-08 1.000000e-08 1.000000e-08 1.000000e-08 1.000000e-08 1.000000e-08 1.000000e-08 1.000000e-08 1.000000e-08 1.000000e-08 1.000000e-08 1.000000e-08 1.000000e-08 1.000000e-08 1.000000e-08 1.000000e-08 1.000000e-08 1.000000e-08 1.000000e-08 1.000000e-08 
1.000000e-08 1.000000e-08 1.000000e-08 1.000000e-08 1.000000e-08 1.000000e-08 1.000000e-08 1.000000e-08 1.000000e-08 1.000000e-08 1.000000e-08 1.000000e-08 1.000000e-08 1.000000e-08 1.000000e-08 1.000000e-08 1.000000e-08 1.000000e-08 1.000000e-08 1.000000e-08 1.000000e-08 1.000000e-08 1.000000e-08 1.000000e-08 1.000000e-08 1.000000e-08 1.000000e-08 1.000000e-08 1.000000e-08 1.000000e-08 
1.000000e-08 1.000000e-08 1.000000e-08 1.000000e-08 1.000000e-08 1.000000e-08 1.000000e-08 1.000000e-08 1.000000e-08 1.000000e-08 1.000000e-08 1.000000e-08 1.000000e-08 1.000000e-08 1.000000e-08 1.000000e-08 1.000000e-08 1.000000e-08 1.000000e-08 1.000000e-08 1.000000e-08 1.000000e-08 1.000000e-08 1.000000e-08 1.000000e-08 1.000000e-08 1.000000e-08 1.000000e-08 1.000000e-08 1.000000e-08 
6.860600e+04 7.040600e+04 7.296400e+04 7.126400e+04 6.698700e+04 7.296400e+04 6.705500e+04 7.106600e+04 7.119800e+04 6.974500e+04 7.406800e+04 7.354900e+04 7.020800e+04 7.218400e+04 6.853900e+04 6.610300e+04 7.198900e+04 6.820400e+04 7.166000e+04 6.617100e+04 7.067000e+04 7.007600e+04 6.759900e+04 6.555800e+04 7.270400e+04 6.623900e+04 6.847200e+04 7.172600e+04 7.198900e+04 7.794200e+04 
