1.155269e+04 9.204342e+03 1.285119e+04 9.336919e+03 1.179345e+04 1.081569e+04 1.170208e+04 1.194912e+04 1.148338e+04 1.192952e+04 9.013922e+03 9.752615e+03 1.048915e+04 1.069310e+04 9.552967e+03 1.096999e+04 1.225931e+04 1.241446e+04 1.026789e+04 1.050478e+04 1.005143e+04 6.525829e+03 1.315710e+04 9.435831e+03 1.169744e+04 1.290016e+04 7.908583e+03 7.873489e+03 9.135228e+03 9.119968e+03 
8.224490e+03 9.204342e+03 1.139783e+04 9.336919e+03 1.017256e+04 9.184796e+03 1.170208e+04 8.994605e+03 1.083469e+04 1.113537e+04 9.013922e+03 8.673926e+03 8.609459e+03 1.069310e+04 9.299559e+03 1.096999e+04 5.868996e+03 1.241446e+04 8.044140e+03 8.220709e+03 1.005143e+04 6.525829e+03 1.315710e+04 9.435831e+03 1.169744e+04 7.916544e+03 5.841845e+03 7.873489e+03 9.135228e+03 9.119968e+03 
7.638291e+03 9.204342e+03 9.006905e+03 7.507774e+03 9.570958e+03 9.184796e+03 8.979969e+03 8.974708e+03 1.083469e+04 7.784122e+03 9.013922e+03 7.459661e+03 8.609459e+03 9.630025e+03 8.361337e+03 9.996295e+03 5.868996e+03 1.125367e+04 8.044140e+03 8.220709e+03 7.005127e+03 6.525829e+03 1.039820e+04 9.435831e+03 6.594758e+03 7.916544e+03 5.841845e+03 7.873489e+03 6.332318e+03 9.119968e+03 
7.099280e+03 7.388860e+03 9.006905e+03 7.507774e+03 7.853370e+03 8.238464e+03 3.852158e+03 8.047175e+03 9.095430e+03 7.784122e+03 8.913961e+03 7.278836e+03 8.350194e+03 7.521263e+03 7.560693e+03 9.996295e+03 5.868996e+03 7.057510e+03 7.548948e+03 8.124907e+03 7.005127e+03 6.525829e+03 1.039820e+04 7.224848e+03 3.114933e+03 4.285608e+03 5.841845e+03 7.873489e+03 6.332318e+03 8.917678e+03 
4.856693e+03 5.836014e+03 5.716493e+03 5.511702e+03 6.597719e+03 6.580254e+03 3.852158e+03 7.407643e+03 5.880816e+03 6.521846e+03 4.145653e+03 2.827389e+03 8.350194e+03 5.988506e+03 4.676075e+03 7.694942e+03 5.804933e+03 6.869720e+03 6.442568e+03 6.962722e+03 4.557293e+03 5.564950e+03 6.379098e+03 6.529341e+03 2.799394e+03 4.285608e+03 5.726444e+03 7.692436e+03 6.332318e+03 6.073117e+03 
4.504616e+03 3.490857e+03 2.525781e+03 3.908469e+03 4.786787e+03 4.325092e+03 3.852158e+03 3.892822e+03 4.539612e+03 3.523804e+03 3.880057e+03 2.827389e+03 4.614842e+03 3.579630e+03 3.694367e+03 5.355691e+03 3.694273e+03 3.847236e+03 2.781513e+03 3.337917e+03 3.325128e+03 4.623061e+03 4.127456e+03 4.015283e+03 2.799394e+03 4.285608e+03 4.061405e+03 2.585689e+03 3.946199e+03 3.603476e+03 
1.789828e+03 2.207620e+03 1.275399e+03 2.059627e+03 2.499879e+03 1.485015e+03 2.166680e+03 2.498549e+03 1.140807e+03 1.737065e+03 2.849514e+03 1.172217e+03 1.774201e+03 2.613448e+03 1.924145e+03 2.081947e+03 1.495840e+03 1.257694e+03 1.397005e+03 1.541112e+03 2.408010e+03 1.835284e+03 1.709594e+03 1.111602e+03 1.083166e+03 1.585901e+03 2.779389e+03 1.838205e+03 1.803799e+03 1.955584e+03 
2.692421e+02 4.753707e+02 2.205719e+02 3.164385e+02 3.365607e+02 3.749485e+02 1.583113e+02 3.175976e+02 4.109893e+02 2.310482e+02 4.833757e+02 9.011722e+01 2.832417e+02 5.449364e+02 3.622269e+02 7.894326e+02 1.789146e+02 2.468217e+02 1.635386e+02 1.980531e+02 2.944895e+02 5.331633e+02 3.250595e+02 3.946227e+02 1.626224e+02 2.182549e+02 3.362362e+02 3.273010e+02 3.999712e+02 3.270442e+02 
2.560880e+00 5.193191e+00 4.741200e+00 5.802440e+00 6.216643e+00 5.999252e+00 6.647257e+00 3.273711e+00 3.897612e+00 3.733239e+00 8.611093e+00 3.288373e+00 4.569108e+00 9.117907e+00 6.807459e+00 1.346761e+01 3.512384e+00 2.703753e+00 4.391843e+00 2.369318e+00 2.580873e+00 6.140847e+00 6.490513e+00 8.462492e+00 1.448055e+00 2.503286e+00 3.612454e+00 5.551791e+00 5.231177e+00 5.440089e+00 
4.059636e-05 2.109571e-04 9.374070e-05 1.496597e-04 2.663915e-04 2.358368e-04 6.984258e-04 9.645190e-05 4.749985e-05 1.812813e-04 3.374038e-04 3.160932e-04 1.847334e-04 5.107419e-04 1.107919e-04 4.597676e-04 9.845243e-05 4.112891e-05 2.173438e-04 8.796161e-05 2.007356e-03 1.870473e-04 2.197055e-04 6.758490e-04 1.220839e-05 4.595539e-05 2.036690e-04 2.622130e-04 2.047911e-04 6.560271e-04 
1.000000e-08 1.000000e-08 1.000000e-08 1.000000e-08 1.000000e-08 1.000000e-08 1.000000e-08 1.000000e-08 1.000000e-08 1.000000e-08 1.000000e-08 1.000000e-08 1.000000e-08 1.000000e-08 1.000000e-08 1.000000e-08 1.000000e-08 1.000000e-08 1.000000e-08 1.000000e-08 1.000000e-08 1.000000e-08 1.000000e-08 1.000000e-08 1.000000e-08 1.000000e-08 1.000000e-08 1.000000e-08 1.000000e-08 1.000000e-08 
1.000000e-08 1.000000e-08 1.000000e-08 1.000000e-08 1.000000e-08 1.000000e-08 1.000000e-08 1.000000e-08 1.000000e-08 1.000000e-08 1.000000e-08 1.000000e-08 1.000000e-08 1.000000e-08 1.000000e-08 1.000000e-08 1.000000e-08 1.000000e-08 1.000000e-08 1.000000e-08 1.000000e-08 1.000000e-08 1.000000e-08 1.000000e-08 1.000000e-08 1.000000e-08 1.000000e-08 1.000000e-08 1.000000e-08 1.000000e-08 
1.000000e-08 1.000000e-08 1.000000e-08 1.000000e-08 1.000000e-08 1.000000e-08 1.000000e-08 1.000000e-08 1.000000e-08 1.000000e-08 1.000000e-08 1.000000e-08 1.000000e-08 1.000000e-08 1.000000e-08 1.000000e-08 1.000000e-08 1.000000e-08 1.000000e-08 1.000000e-08 1.000000e-08 1.000000e-08 1.000000e-08 1.000000e-08 1.000000e-08 1.000000e-08 1.000000e-08 1.000000e-08 1.000000e-08 1.000000e-08 
1.000000e-08 1.000000e-08 1.000000e-08 1.000000e-08 1.000000e-08 1.000000e-08 1.000000e-08 1.000000e-08 1.000000e-08 1.000000e-08 1.000000e-08 1.000000e-08 1.000000e-08 1.000000e-08 1.000000e-08 1.000000e-08 1.000000e-08 1.000000e-08 1.000000e-08 1.000000e-08 1.000000e-08 1.000000e-08 1.000000e-08 1.000000e-08 1.000000e-08 1.000000e-08 1.000000e-08 1.000000e-08 1.000000e-08 1.000000e-08 
1.000000e-08 1.000000e-08 1.000000e-08 1.000000e-08 1.000000e-08 1.000000e-08 1.000000e-08 1.000000e-08 1.000000e-08 1.000000e-08 1.000000e-08 1.000000e-08 1.000000e-08 1.000000e-08 1.000000e-08 1.000000e-08 1.000000e-08 1.000000e-08 1.000000e-08 1.000000e-08 1.000000e-08 1.000000e-08 1.000000e-08 1.000000e-08 1.000000e-08 1.000000e-08 1.000000e-08 1.000000e-08 1.000000e-08 1.000000e-08 
1.000000e-08 1.000000e-08 1.000000e-08 1.000000e-08 1.000000e-08 1.000000e-08 1.000000e-08 1.000000e-08 1.000000e-08 1.000000e-08 1.000000e-08 1.000000e-08 1.000000e-08 1.000000e-08 1.000000e-08 1.000000e-08 1.000000e-08 1.000000e-08 1.000000e-08 1.000000e-08 1.000000e-08 1.000000e-08 1.000000e-08 1.000000e-08 1.000000e-08 1.000000e-08 1.000000e-08 1.000000e-08 1.000000e-08 1.000000e-08 
3.597700e+04 3.703800e+04 3.655800e+04 3.665400e+04 3.799800e+04 3.828600e+04 3.819000e+04 3.626800e+04 3.568600e+04 3.761400e+04 3.828600e+04 3.732600e+04 3.655800e+04 3.799800e+04 3.617100e+04 3.771000e+04 3.646200e+04 3.617100e+04 3.713400e+04 3.655800e+04 3.895800e+04 3.751800e+04 3.732600e+04 3.847800e+04 3.413400e+04 3.617100e+04 3.742200e+04 3.790200e+04 3.723000e+04 3.838200e+04 
