2.695978e+02 4.566421e+02 2.884330e+02 2.945934e+02 3.632019e+02 1.706547e+02 1.157830e+02 2.982303e+02 2.823283e+02 3.921811e+02 2.227725e+02 1.627946e+02 1.646736e+02 2.559961e+02 1.105402e+02 1.993441e+02 3.852172e+02 4.166060e+02 1.714045e+02 2.430248e+02 2.587221e+02 1.030084e+02 2.955579e+02 3.266964e+02 2.019036e+02 1.968038e+02 2.292165e+02 2.371060e+02 1.303604e+02 9.468530e+01 
1.646371e+02 1.681342e+02 1.171100e+02 6.963981e+01 2.935077e+02 9.237828e+01 1.157830e+02 4.735440e+01 8.425392e+01 2.967774e+02 2.227725e+02 9.350701e+01 1.646736e+02 1.828835e+02 8.135688e+01 1.854537e+02 2.033143e+02 8.454163e+01 1.714045e+02 1.211189e+02 5.292943e+01 1.030084e+02 8.442024e+01 1.947885e+02 4.521542e+01 1.968038e+02 7.676488e+01 5.216698e+01 5.476148e+01 9.468530e+01 
1.496461e+02 6.015168e+01 6.205444e+01 6.963981e+01 1.511952e+02 7.162516e+01 6.506628e+01 4.735440e+01 7.031178e+01 6.773513e+01 4.885766e+01 6.338520e+01 5.511979e+01 5.236551e+01 8.135688e+01 6.877341e+01 1.492651e+02 8.454163e+01 9.131559e+01 6.087349e+01 4.980471e+01 4.932244e+01 6.297926e+01 6.116497e+01 4.521542e+01 1.408334e+02 6.476522e+01 5.216698e+01 5.476148e+01 9.468530e+01 
7.509844e+01 6.015168e+01 6.205444e+01 6.963981e+01 9.018788e+01 7.162516e+01 5.782023e+01 3.965213e+01 6.265073e+01 5.404519e+01 4.885766e+01 6.338520e+01 5.511979e+01 5.236551e+01 8.135688e+01 6.877341e+01 1.492651e+02 5.559933e+01 5.284703e+01 6.087349e+01 4.980471e+01 4.834973e+01 6.297926e+01 6.116497e+01 4.521542e+01 9.354466e+01 6.476522e+01 5.216698e+01 5.087163e+01 9.468530e+01 
5.273998e+01 4.979011e+01 6.205444e+01 5.226810e+01 5.944142e+01 6.500554e+01 4.974000e+01 3.965213e+01 6.265073e+01 5.404519e+01 4.559758e+01 5.032213e+01 5.201185e+01 5.236551e+01 5.480381e+01 5.388865e+01 6.513461e+01 5.559933e+01 5.176410e+01 5.250945e+01 3.503044e+01 4.834973e+01 6.297926e+01 5.706572e+01 4.521542e+01 6.513581e+01 5.242858e+01 5.216698e+01 4.615025e+01 5.558849e+01 
4.879451e+01 3.932660e+01 3.871313e+01 4.392578e+01 4.712614e+01 3.392736e+01 4.052982e+01 3.965213e+01 4.294323e+01 3.858070e+01 3.848909e+01 4.342062e+01 4.993103e+01 4.206605e+01 5.480381e+01 4.270049e+01 6.513461e+01 4.170142e+01 4.988972e+01 4.124533e+01 3.503044e+01 4.834973e+01 4.242462e+01 3.801399e+01 4.521542e+01 3.905793e+01 4.334214e+01 5.216698e+01 4.615025e+01 3.071303e+01 
4.046438e+01 3.932660e+01 3.871313e+01 4.145691e+01 3.694861e+01 3.392736e+01 4.052982e+01 3.965213e+01 3.448527e+01 3.858070e+01 3.687741e+01 3.837709e+01 3.483402e+01 4.206605e+01 4.004283e+01 4.215875e+01 3.641506e+01 3.691032e+01 3.704435e+01 3.559832e+01 3.503044e+01 3.986878e+01 3.963417e+01 3.782961e+01 3.533991e+01 3.704881e+01 3.948696e+01 3.947519e+01 3.300514e+01 3.071303e+01 
3.360338e+01 3.681102e+01 3.139419e+01 3.266168e+01 3.560735e+01 3.207376e+01 3.326087e+01 3.604807e+01 2.953302e+01 3.625982e+01 3.687741e+01 3.440549e+01 3.384503e+01 4.206605e+01 3.027159e+01 3.167961e+01 3.576170e+01 3.691032e+01 3.704435e+01 3.304101e+01 3.503044e+01 3.100167e+01 3.629088e+01 3.736002e+01 3.499952e+01 3.691270e+01 3.435924e+01 2.609885e+01 3.300514e+01 3.071303e+01 
3.277328e+01 3.020581e+01 2.956913e+01 3.088473e+01 3.439409e+01 3.110428e+01 2.651630e+01 2.629633e+01 2.859857e+01 3.134330e+01 2.505439e+01 2.469169e+01 3.134952e+01 3.043762e+01 2.849440e+01 2.941271e+01 3.130133e+01 3.256936e+01 3.193263e+01 2.959712e+01 3.317890e+01 2.884108e+01 3.054066e+01 3.224894e+01 3.095512e+01 3.207307e+01 2.884895e+01 2.609885e+01 2.811340e+01 2.995089e+01 
2.488734e+01 2.977407e+01 2.891629e+01 2.171843e+01 2.634717e+01 2.581089e+01 2.469432e+01 2.602878e+01 2.601688e+01 2.452348e+01 2.505439e+01 2.450153e+01 2.819077e+01 2.811822e+01 2.639724e+01 2.683420e+01 2.811779e+01 2.970222e+01 3.036150e+01 2.714135e+01 2.715210e+01 2.552711e+01 2.567954e+01 2.921477e+01 2.617143e+01 2.792296e+01 2.754172e+01 2.609885e+01 2.651629e+01 1.985668e+01 
2.104117e+01 2.554021e+01 1.707879e+01 1.213278e+01 2.389075e+01 2.448782e+01 2.394133e+01 2.250254e+01 2.296884e+01 1.094720e+01 2.505439e+01 2.247703e+01 2.528859e+01 2.547201e+01 2.362674e+01 2.444542e+01 2.465404e+01 2.621741e+01 2.508522e+01 2.410789e+01 2.265081e+01 2.337998e+01 1.745427e+01 2.346005e+01 2.263100e+01 2.477651e+01 1.824330e+01 2.152026e+01 1.533561e+01 1.567787e+01 
1.218678e+01 1.533101e+01 1.040210e+01 6.705012e+00 1.646800e+01 2.237993e+01 1.923827e+01 1.494183e+01 1.704763e+01 8.853410e+00 1.018341e+01 1.467595e+01 2.087318e+01 2.385279e+01 1.192040e+01 1.870207e+01 2.029107e+01 1.018396e+01 1.634040e+01 9.721825e+00 2.011132e+01 1.186220e+01 1.254579e+01 1.211630e+01 1.366249e+01 2.052364e+01 1.306889e+01 1.696949e+01 1.416829e+01 7.804454e+00 
6.712663e+00 9.754416e+00 6.288266e+00 5.854352e+00 1.279270e+01 2.148719e+01 1.340256e+01 7.932155e+00 1.649531e+01 8.744681e+00 8.101335e+00 7.173091e+00 1.912955e+01 2.007150e+01 7.580642e+00 1.794509e+01 1.484506e+01 9.311851e+00 1.377679e+01 4.972950e+00 1.114426e+01 9.009747e+00 6.485113e+00 8.391503e+00 1.087535e+01 1.962486e+01 9.488189e+00 4.155195e+00 6.606858e+00 6.033604e+00 
4.176872e+00 4.321337e+00 1.987968e+00 3.820391e+00 1.224841e+01 1.575693e+01 6.215255e+00 5.068700e-01 1.426587e+01 7.845954e+00 7.208110e+00 1.052639e+00 1.718903e+01 1.891539e+01 2.893952e+00 1.588704e+01 1.047973e+01 3.022171e+00 7.664801e+00 4.406522e+00 7.523956e+00 8.433878e+00 6.011045e+00 7.562760e+00 6.316520e+00 1.880699e+01 6.387150e+00 5.896876e-01 1.704686e+00 4.137326e+00 
1.880388e+00 2.823135e+00 1.672348e+00 1.332289e+00 7.299114e+00 1.303461e+01 3.572913e+00 1.499603e-01 1.400065e+01 6.415862e+00 7.009269e+00 8.575220e-01 1.649922e+01 1.891042e+01 2.328616e+00 1.424170e+01 9.599583e+00 1.715435e+00 4.169713e+00 4.347912e+00 4.285422e+00 7.357521e+00 3.767443e+00 5.108094e+00 4.383982e+00 1.857400e+01 4.993803e+00 1.795033e-01 1.433367e+00 3.630465e+00 
1.268244e+00 2.823135e+00 1.672348e+00 1.332289e+00 6.647035e+00 5.308206e+00 3.572913e+00 1.377927e-01 1.223073e+01 6.415862e+00 5.561244e+00 8.575220e-01 1.263824e+00 1.855036e+01 2.328616e+00 7.636403e+00 1.791868e+00 1.715435e+00 4.169713e+00 4.347912e+00 4.285422e+00 7.357521e+00 1.472593e+00 5.108094e+00 4.383982e+00 1.857400e+01 4.993803e+00 1.795033e-01 1.433367e+00 2.469774e+00 
2.000000e+05 2.000000e+05 2.000000e+05 2.000000e+05 2.000000e+05 2.000000e+05 2.000000e+05 2.000000e+05 2.000000e+05 2.000000e+05 2.000000e+05 2.000000e+05 2.000000e+05 2.000000e+05 2.000000e+05 2.000000e+05 2.000000e+05 2.000000e+05 2.000000e+05 2.000000e+05 2.000000e+05 2.000000e+05 2.000000e+05 2.000000e+05 2.000000e+05 2.000000e+05 2.000000e+05 2.000000e+05 2.000000e+05 2.000000e+05 
