1.313944e+03 1.437487e+03 3.607142e+02 1.912634e+03 1.278975e+03 2.715993e+03 3.188183e+03 1.257498e+03 1.828180e+03 2.822515e+03 1.583561e+03 1.108603e+03 8.364255e+02 5.302672e+02 3.358704e+03 2.888579e+03 5.532719e+02 1.226907e+03 1.092704e+03 1.782549e+03 2.235725e+03 2.216418e+03 3.392829e+02 1.064344e+03 1.734690e+03 1.843517e+03 2.383806e+03 1.399973e+03 1.096486e+03 1.441017e+03 
1.004466e+03 7.883437e+02 3.607142e+02 6.731680e+02 7.474836e+02 1.166413e+03 1.573399e+03 1.257498e+03 3.198589e+02 1.387599e+03 1.451553e+03 1.108603e+03 5.729751e+02 5.302672e+02 1.216219e+03 1.802766e+03 4.394389e+02 1.134583e+03 1.092704e+03 1.594582e+03 2.134944e+03 1.027383e+03 3.392829e+02 1.064344e+03 1.177537e+03 5.289276e+02 1.256741e+03 4.804260e+02 7.672557e+02 9.765103e+02 
2.267649e+02 4.207789e+02 3.607142e+02 6.731680e+02 7.474836e+02 8.387239e+02 1.071890e+03 3.964552e+02 3.198589e+02 6.500382e+02 4.364984e+02 4.835524e+02 4.579833e+02 3.651146e+02 7.007900e+02 2.704494e+02 4.394389e+02 7.083105e+02 3.547649e+02 4.175787e+02 1.363862e+03 5.635450e+02 3.392829e+02 6.671381e+02 5.669836e+02 5.289276e+02 2.895435e+02 4.804260e+02 5.294992e+02 8.294444e+02 
2.267649e+02 3.963580e+02 2.121212e+02 2.203875e+02 2.339574e+02 4.648854e+02 5.128449e+02 3.068331e+02 2.954502e+02 5.101661e+02 2.808569e+02 4.835524e+02 1.653609e+02 3.651146e+02 6.296752e+02 2.614526e+02 2.785061e+02 2.669299e+02 3.547649e+02 4.073755e+02 6.438069e+02 2.926595e+02 2.087825e+02 6.671381e+02 5.669836e+02 3.951844e+02 2.895435e+02 2.348634e+02 2.776075e+02 6.305802e+02 
1.929511e+02 1.658617e+02 1.296977e+02 1.898215e+02 1.996659e+02 2.719233e+02 2.471387e+02 2.335224e+02 2.533590e+02 1.110448e+02 2.307061e+02 2.580273e+02 1.653609e+02 1.774704e+02 1.836063e+02 1.606520e+02 2.058363e+02 1.909849e+02 1.653658e+02 2.040529e+02 2.824056e+02 1.861142e+02 1.824202e+02 9.780009e+01 3.644589e+02 2.275794e+02 1.890025e+02 2.348634e+02 1.595657e+02 2.596611e+02 
1.233705e+02 1.329394e+02 1.204532e+02 1.229878e+02 1.208885e+02 1.255317e+02 9.942113e+01 9.068522e+01 1.471225e+02 6.733446e+01 9.278311e+01 1.253431e+02 1.599749e+02 1.285668e+02 8.850131e+01 1.346865e+02 1.072979e+02 1.389039e+02 1.403339e+02 1.966433e+02 1.002682e+02 1.199293e+02 4.553054e+01 9.780009e+01 1.574895e+02 1.563276e+02 1.283138e+02 9.965648e+01 1.595657e+02 1.473423e+02 
5.157725e+01 3.779784e+01 7.227710e+01 6.823449e+01 5.699288e+01 5.819704e+01 7.868777e+01 4.809673e+01 7.830641e+01 3.577169e+01 4.096779e+01 5.972335e+01 5.791405e+01 9.737973e+01 5.322565e+01 3.996714e+01 6.386480e+01 4.089741e+01 7.923888e+01 6.127284e+01 7.125372e+01 4.068488e+01 4.553054e+01 4.989593e+01 8.536328e+01 7.663302e+01 7.036307e+01 6.549868e+01 3.381582e+01 7.353531e+01 
2.730488e+01 2.360504e+01 2.831936e+01 2.825683e+01 2.078873e+01 3.261343e+01 2.996175e+01 2.221241e+01 2.350201e+01 1.570746e+01 2.531253e+01 1.918270e+01 4.013028e+01 4.399656e+01 1.970689e+01 2.509310e+01 3.769927e+01 2.366571e+01 2.233971e+01 3.271395e+01 3.050737e+01 2.567846e+01 2.271804e+01 1.660291e+01 2.969542e+01 2.242839e+01 3.320440e+01 3.240129e+01 2.018703e+01 1.600765e+01 
9.716885e+00 8.084044e+00 1.242699e+01 8.949519e+00 9.542195e+00 1.311279e+01 1.008945e+01 9.701968e+00 9.715122e+00 6.738731e+00 7.992805e+00 8.133489e+00 1.252442e+01 8.726520e+00 7.402368e+00 1.053024e+01 9.804043e+00 8.661162e+00 7.608514e+00 9.658557e+00 1.107549e+01 1.031845e+01 9.311536e+00 8.184824e+00 8.524632e+00 8.789232e+00 1.196801e+01 8.371568e+00 6.976347e+00 8.184295e+00 
5.737996e+00 5.072379e+00 9.094408e+00 5.655485e+00 6.121295e+00 9.011810e+00 5.133190e+00 7.435640e+00 5.365890e+00 4.415578e+00 5.412875e+00 4.983930e+00 7.488429e+00 5.691348e+00 4.536013e+00 6.292447e+00 4.681689e+00 5.836976e+00 4.540647e+00 5.662216e+00 5.224539e+00 5.223807e+00 5.403049e+00 5.002619e+00 5.159400e+00 5.847577e+00 8.972281e+00 5.471122e+00 4.615197e+00 4.951678e+00 
4.003860e+00 3.988196e+00 8.916205e+00 3.997457e+00 3.998865e+00 8.916180e+00 3.990801e+00 4.328673e+00 3.988813e+00 3.986836e+00 3.988172e+00 3.988181e+00 4.248446e+00 3.996194e+00 3.987410e+00 4.054198e+00 3.988221e+00 4.002466e+00 3.987259e+00 3.994306e+00 3.990314e+00 3.988427e+00 3.989190e+00 3.988097e+00 3.987341e+00 3.994462e+00 8.916113e+00 3.992647e+00 3.986995e+00 3.987973e+00 
3.986579e+00 3.986579e+00 8.916102e+00 3.986579e+00 3.986579e+00 8.916102e+00 3.986579e+00 3.986580e+00 3.986579e+00 3.986579e+00 3.986579e+00 3.986579e+00 3.986581e+00 3.986579e+00 3.986579e+00 3.986580e+00 3.986579e+00 3.986579e+00 3.986579e+00 3.986579e+00 3.986579e+00 3.986579e+00 3.986579e+00 3.986579e+00 3.986579e+00 3.986579e+00 8.916102e+00 3.986579e+00 3.986579e+00 3.986579e+00 
3.986579e+00 3.986579e+00 8.916102e+00 3.986579e+00 3.986579e+00 8.916102e+00 3.986579e+00 3.986579e+00 3.986579e+00 3.986579e+00 3.986579e+00 3.986579e+00 3.986579e+00 3.986579e+00 3.986579e+00 3.986579e+00 3.986579e+00 3.986579e+00 3.986579e+00 3.986579e+00 3.986579e+00 3.986579e+00 3.986579e+00 3.986579e+00 3.986579e+00 3.986579e+00 8.916102e+00 3.986579e+00 3.986579e+00 3.986579e+00 
3.986579e+00 3.986579e+00 8.916102e+00 3.986579e+00 3.986579e+00 8.916102e+00 3.986579e+00 3.986579e+00 3.986579e+00 3.986579e+00 3.986579e+00 3.986579e+00 3.986579e+00 3.986579e+00 3.986579e+00 3.986579e+00 3.986579e+00 3.986579e+00 3.986579e+00 3.986579e+00 3.986579e+00 3.986579e+00 3.986579e+00 3.986579e+00 3.986579e+00 3.986579e+00 8.916102e+00 3.986579e+00 3.986579e+00 3.986579e+00 
3.986579e+00 3.986579e+00 8.916102e+00 3.986579e+00 3.986579e+00 8.916102e+00 3.986579e+00 3.986579e+00 3.986579e+00 3.986579e+00 3.986579e+00 3.986579e+00 3.986579e+00 3.986579e+00 3.986579e+00 3.986579e+00 3.986579e+00 3.986579e+00 3.986579e+00 3.986579e+00 3.986579e+00 3.986579e+00 3.986579e+00 3.986579e+00 3.986579e+00 3.986579e+00 8.916102e+00 3.986579e+00 3.986579e+00 3.986579e+00 
3.986579e+00 3.986579e+00 8.916102e+00 3.986579e+00 3.986579e+00 8.916102e+00 3.986579e+00 3.986579e+00 3.986579e+00 3.986579e+00 3.986579e+00 3.986579e+00 3.986579e+00 3.986579e+00 3.986579e+00 3.986579e+00 3.986579e+00 3.986579e+00 3.986579e+00 3.986579e+00 3.986579e+00 3.986579e+00 3.986579e+00 3.986579e+00 3.986579e+00 3.986579e+00 8.916102e+00 3.986579e+00 3.986579e+00 3.986579e+00 
2.000000e+05 2.000000e+05 2.000000e+05 2.000000e+05 2.000000e+05 2.000000e+05 2.000000e+05 2.000000e+05 2.000000e+05 2.000000e+05 2.000000e+05 2.000000e+05 2.000000e+05 2.000000e+05 2.000000e+05 2.000000e+05 2.000000e+05 2.000000e+05 2.000000e+05 2.000000e+05 2.000000e+05 2.000000e+05 2.000000e+05 2.000000e+05 2.000000e+05 2.000000e+05 2.000000e+05 2.000000e+05 2.000000e+05 2.000000e+05 
