1.211784e+02 1.129617e+02 1.056288e+02 8.527929e+01 1.035282e+02 1.065778e+02 1.098145e+02 1.167813e+02 1.088993e+02 1.052748e+02 9.084170e+01 1.151965e+02 1.048797e+02 1.054861e+02 8.590675e+01 1.191585e+02 1.005256e+02 1.090195e+02 1.087028e+02 9.783509e+01 9.002981e+01 8.603811e+01 7.211581e+01 1.078673e+02 9.841343e+01 1.033113e+02 9.565480e+01 1.044666e+02 8.444572e+01 1.087399e+02 
8.794570e+01 7.849004e+01 8.389307e+01 7.368052e+01 7.209785e+01 7.901901e+01 9.574750e+01 9.853081e+01 1.081783e+02 1.052748e+02 6.701428e+01 1.096375e+02 1.036921e+02 8.683280e+01 8.590675e+01 1.189270e+02 8.928694e+01 1.090195e+02 8.105098e+01 9.783509e+01 9.002981e+01 8.603811e+01 7.211581e+01 1.078673e+02 9.659689e+01 9.111220e+01 9.565480e+01 1.015868e+02 8.444572e+01 9.037459e+01 
8.794570e+01 7.849004e+01 7.671392e+01 7.368052e+01 7.209785e+01 7.901901e+01 8.334473e+01 8.337618e+01 8.465045e+01 9.736616e+01 6.701428e+01 8.128565e+01 1.036921e+02 7.338082e+01 8.590675e+01 8.811109e+01 7.741413e+01 9.612543e+01 8.105098e+01 9.783509e+01 9.002981e+01 8.603811e+01 7.211581e+01 1.043329e+02 8.165115e+01 9.111220e+01 8.031196e+01 9.588169e+01 8.444572e+01 9.037459e+01 
6.782037e+01 7.849004e+01 6.722357e+01 7.368052e+01 6.440252e+01 7.901901e+01 8.334473e+01 7.223767e+01 8.465045e+01 7.970889e+01 6.701428e+01 8.128565e+01 9.709163e+01 7.338082e+01 6.533331e+01 8.811109e+01 7.741413e+01 9.612543e+01 8.105098e+01 9.783509e+01 7.525547e+01 8.603811e+01 7.211581e+01 8.187430e+01 8.165115e+01 8.881953e+01 8.031196e+01 9.580512e+01 8.444572e+01 9.037459e+01 
6.782037e+01 6.186456e+01 6.722357e+01 5.690091e+01 6.440252e+01 7.517764e+01 7.281735e+01 7.223767e+01 8.465045e+01 7.274969e+01 6.701428e+01 6.045291e+01 7.469742e+01 7.338082e+01 6.533331e+01 8.791375e+01 7.628322e+01 6.896316e+01 7.671160e+01 7.850203e+01 7.286520e+01 7.600036e+01 7.211581e+01 7.795437e+01 8.165115e+01 7.633592e+01 7.950239e+01 8.124748e+01 7.775029e+01 7.781713e+01 
6.473885e+01 4.905182e+01 6.722357e+01 5.690091e+01 6.440252e+01 7.517764e+01 7.281735e+01 5.602788e+01 7.968963e+01 4.627067e+01 6.526147e+01 6.045291e+01 7.469742e+01 5.727037e+01 6.533331e+01 6.618708e+01 6.771429e+01 6.490010e+01 7.351423e+01 6.788726e+01 4.977793e+01 7.225345e+01 6.967725e+01 5.897572e+01 7.249493e+01 7.428599e+01 7.950239e+01 7.033868e+01 7.437726e+01 6.268281e+01 
6.156352e+01 4.905182e+01 6.448120e+01 5.690091e+01 5.010367e+01 5.103128e+01 7.186668e+01 5.602788e+01 5.968888e+01 4.627067e+01 6.526147e+01 6.045291e+01 5.468710e+01 5.727037e+01 5.097569e+01 4.954374e+01 6.771429e+01 5.065868e+01 7.128638e+01 6.614158e+01 4.977793e+01 6.939941e+01 4.426915e+01 5.627082e+01 5.549899e+01 6.750948e+01 6.148623e+01 5.949911e+01 6.254990e+01 5.673131e+01 
4.850099e+01 4.905182e+01 4.969660e+01 5.163461e+01 5.010367e+01 5.103128e+01 5.198390e+01 5.029531e+01 5.238111e+01 4.627067e+01 4.558309e+01 6.026238e+01 4.811121e+01 5.286636e+01 5.097569e+01 3.882096e+01 4.598265e+01 3.803411e+01 6.554919e+01 6.090768e+01 4.977793e+01 5.450881e+01 4.426915e+01 4.755314e+01 5.194504e+01 5.615827e+01 5.477090e+01 5.944731e+01 4.447214e+01 5.673131e+01 
3.955564e+01 3.297441e+01 4.618169e+01 3.143833e+01 3.827093e+01 4.816516e+01 3.857445e+01 3.762186e+01 3.705324e+01 4.627067e+01 2.812851e+01 3.719609e+01 2.915155e+01 3.716513e+01 3.575416e+01 3.882096e+01 4.403319e+01 3.398790e+01 4.745358e+01 4.880333e+01 4.403056e+01 3.109740e+01 3.680046e+01 3.625508e+01 3.789710e+01 3.440063e+01 4.130106e+01 3.928708e+01 3.593890e+01 4.884648e+01 
3.543535e+01 1.998547e+01 1.876640e+01 2.458091e+01 2.221551e+01 3.316046e+01 2.853148e+01 2.943487e+01 2.497762e+01 2.736298e+01 2.108731e+01 3.027465e+01 2.698714e+01 3.012885e+01 2.715189e+01 2.828292e+01 2.924611e+01 2.403448e+01 3.183142e+01 2.747638e+01 2.473460e+01 2.467103e+01 2.253718e+01 2.212709e+01 2.411883e+01 2.679680e+01 2.054620e+01 2.145040e+01 3.089439e+01 2.860946e+01 
1.877189e+01 1.164457e+01 1.317607e+01 1.527664e+01 1.544333e+01 1.723241e+01 1.612972e+01 1.666650e+01 1.714586e+01 2.015661e+01 1.488234e+01 1.809032e+01 1.842079e+01 1.316954e+01 1.647360e+01 1.911876e+01 1.466584e+01 1.777900e+01 1.585073e+01 1.388608e+01 1.934067e+01 1.545503e+01 1.455078e+01 1.589467e+01 1.741681e+01 1.298295e+01 1.171013e+01 1.790665e+01 1.531737e+01 1.316889e+01 
1.092751e+01 8.764654e+00 9.255910e+00 9.759601e+00 1.092901e+01 1.048131e+01 1.009612e+01 1.128701e+01 9.145513e+00 6.819907e+00 1.206898e+01 1.066824e+01 1.139165e+01 8.661449e+00 7.533109e+00 1.051551e+01 8.155423e+00 9.773344e+00 9.495574e+00 8.660254e+00 8.735708e+00 6.753598e+00 6.565025e+00 1.349580e+01 7.717555e+00 8.731644e+00 1.023629e+01 1.043379e+01 6.155475e+00 9.057641e+00 
8.236912e+00 6.546435e+00 7.172355e+00 7.668447e+00 8.299284e+00 6.311523e+00 9.031674e+00 5.113241e+00 4.349901e+00 5.172579e+00 6.451765e+00 9.266257e+00 7.619876e+00 7.051934e+00 4.726689e+00 6.073532e+00 5.418799e+00 8.483471e+00 7.026327e+00 5.323776e+00 5.111290e+00 3.925640e+00 5.177627e+00 4.977437e+00 6.234214e+00 7.930226e+00 7.317269e+00 6.957507e+00 2.033521e+00 7.903459e+00 
8.008508e+00 5.980085e+00 6.986471e+00 7.023568e+00 8.100588e+00 5.983666e+00 8.975361e+00 4.984602e+00 3.994488e+00 5.023859e+00 5.969754e+00 8.056335e+00 6.037701e+00 5.999352e+00 4.009702e+00 5.986549e+00 4.037297e+00 7.037639e+00 6.006641e+00 4.008387e+00 4.011780e+00 3.006250e+00 4.982945e+00 4.974795e+00 5.980675e+00 7.029412e+00 6.979196e+00 5.990380e+00 1.038030e+00 6.985768e+00 
5.110912e+00 5.972118e+00 4.381894e+00 6.967317e+00 6.552888e+00 5.973411e+00 8.467002e+00 4.979142e+00 3.985168e+00 3.991107e+00 5.298746e+00 7.416330e+00 5.981862e+00 5.977677e+00 3.983876e+00 5.972269e+00 3.111614e+00 7.002966e+00 5.971870e+00 3.986847e+00 4.003777e+00 2.991568e+00 4.977727e+00 4.974795e+00 5.971707e+00 6.994073e+00 6.624540e+00 5.976818e+00 1.004702e+00 5.819676e+00 
4.975116e+00 3.372375e+00 3.985232e+00 3.060314e+00 6.017013e+00 4.104829e+00 6.068071e+00 4.979142e+00 3.985168e+00 3.026001e+00 4.021148e+00 4.980594e+00 5.981862e+00 3.982177e+00 3.983876e+00 4.112458e+00 3.010847e+00 5.000056e+00 2.986831e+00 3.984604e+00 4.003777e+00 2.991568e+00 4.977727e+00 4.974790e+00 5.971707e+00 2.991235e+00 3.982395e+00 2.989802e+00 1.004702e+00 4.998982e+00 
2.000000e+05 2.000000e+05 2.000000e+05 2.000000e+05 2.000000e+05 2.000000e+05 2.000000e+05 2.000000e+05 2.000000e+05 2.000000e+05 2.000000e+05 2.000000e+05 2.000000e+05 2.000000e+05 2.000000e+05 2.000000e+05 2.000000e+05 2.000000e+05 2.000000e+05 2.000000e+05 2.000000e+05 2.000000e+05 2.000000e+05 2.000000e+05 2.000000e+05 2.000000e+05 2.000000e+05 2.000000e+05 2.000000e+05 2.000000e+05 
