1.995431e+02 1.560921e+02 1.665938e+02 1.322133e+02 1.483417e+02 1.916743e+02 1.345766e+02 1.817282e+02 1.603090e+02 1.600164e+02 2.522924e+02 2.128606e+02 1.022272e+02 2.053559e+02 1.327352e+02 1.306526e+02 2.206407e+02 2.050050e+02 1.756921e+02 2.167675e+02 2.021275e+02 1.332239e+02 2.149743e+02 2.135773e+02 2.419666e+02 1.978859e+02 2.248084e+02 1.690676e+02 2.244384e+02 2.079730e+02 
1.995431e+02 9.831933e+01 1.665938e+02 1.322133e+02 1.370478e+02 1.552408e+02 1.170306e+02 1.563351e+02 1.603090e+02 1.184509e+02 1.685915e+02 1.413581e+02 1.022272e+02 1.561689e+02 8.981523e+01 1.306526e+02 2.137242e+02 1.327847e+02 1.414281e+02 2.117023e+02 1.329029e+02 1.332239e+02 1.972142e+02 2.135773e+02 1.797872e+02 1.978859e+02 1.479176e+02 1.657145e+02 1.973694e+02 1.494974e+02 
1.945619e+02 9.831933e+01 1.423115e+02 1.214695e+02 1.370478e+02 1.216843e+02 9.230524e+01 1.563351e+02 1.603090e+02 1.184509e+02 1.685915e+02 1.413581e+02 1.022272e+02 1.316364e+02 8.981523e+01 1.159277e+02 1.703972e+02 1.327847e+02 1.067742e+02 1.614322e+02 1.329029e+02 1.332239e+02 1.941116e+02 1.982679e+02 1.797872e+02 1.802090e+02 1.479176e+02 1.309930e+02 1.786329e+02 1.296032e+02 
1.687920e+02 9.831933e+01 1.350478e+02 1.214695e+02 1.117463e+02 1.216843e+02 9.230524e+01 1.563351e+02 1.220622e+02 1.184509e+02 1.294734e+02 1.413581e+02 1.022272e+02 1.316364e+02 8.981523e+01 9.525450e+01 9.006232e+01 8.532179e+01 1.067742e+02 1.352330e+02 1.263229e+02 1.188510e+02 1.941116e+02 1.759742e+02 1.663719e+02 1.655588e+02 1.306270e+02 1.145559e+02 1.786329e+02 1.296032e+02 
1.077155e+02 9.831933e+01 1.256486e+02 8.630993e+01 1.117463e+02 9.455472e+01 9.230524e+01 1.164660e+02 1.220622e+02 1.184509e+02 7.473781e+01 1.186973e+02 8.836600e+01 1.030631e+02 8.981523e+01 9.525450e+01 9.006232e+01 8.532179e+01 1.067742e+02 1.219232e+02 1.213402e+02 1.182524e+02 1.158237e+02 1.396030e+02 1.170097e+02 1.261231e+02 1.244077e+02 8.125021e+01 1.446687e+02 1.123259e+02 
1.077155e+02 8.733573e+01 9.840369e+01 8.042151e+01 8.253154e+01 7.857752e+01 9.074120e+01 8.487752e+01 7.887191e+01 9.908545e+01 7.389202e+01 7.997964e+01 7.990931e+01 1.009381e+02 6.728595e+01 9.386558e+01 8.591327e+01 8.532179e+01 1.067742e+02 9.627086e+01 1.019882e+02 8.113489e+01 9.528102e+01 1.019605e+02 7.414367e+01 8.309017e+01 7.421556e+01 8.125021e+01 8.710036e+01 7.918287e+01 
5.768559e+01 6.481966e+01 8.674683e+01 8.042151e+01 8.253154e+01 6.400286e+01 6.210265e+01 6.825183e+01 6.131986e+01 8.133398e+01 7.389202e+01 7.434256e+01 6.747268e+01 6.583226e+01 5.192757e+01 5.772901e+01 6.750738e+01 6.478908e+01 5.892919e+01 6.184862e+01 8.019514e+01 5.337001e+01 8.924733e+01 6.490665e+01 5.786912e+01 5.570782e+01 7.421556e+01 6.198196e+01 8.424208e+01 7.163539e+01 
5.681434e+01 4.394387e+01 5.691687e+01 5.350662e+01 6.202420e+01 6.400286e+01 5.515514e+01 4.613522e+01 5.773627e+01 7.021152e+01 6.239045e+01 5.925775e+01 6.719957e+01 5.906136e+01 5.192757e+01 5.772901e+01 5.989642e+01 6.371022e+01 5.892919e+01 5.337520e+01 5.631107e+01 5.337001e+01 6.117323e+01 6.290750e+01 5.786912e+01 5.570782e+01 6.366959e+01 5.256394e+01 5.425113e+01 6.853138e+01 
3.688695e+01 3.691033e+01 4.816164e+01 4.492577e+01 4.559167e+01 4.152057e+01 4.091474e+01 3.847639e+01 3.872188e+01 4.102218e+01 4.878437e+01 3.632490e+01 4.723001e+01 3.469564e+01 3.243626e+01 4.282242e+01 3.707832e+01 3.342057e+01 4.793378e+01 3.512394e+01 4.825961e+01 3.400169e+01 3.906953e+01 4.728123e+01 4.655295e+01 4.383630e+01 4.018102e+01 4.275503e+01 4.014671e+01 4.766447e+01 
3.210609e+01 2.667185e+01 2.834759e+01 2.718017e+01 2.927609e+01 3.165570e+01 3.704741e+01 3.041344e+01 3.125357e+01 3.239837e+01 2.808562e+01 3.383158e+01 3.017911e+01 2.707062e+01 3.243626e+01 2.738919e+01 2.963505e+01 3.276335e+01 3.373018e+01 3.070885e+01 2.888113e+01 2.759471e+01 2.801492e+01 2.963594e+01 2.921071e+01 3.607673e+01 2.834294e+01 3.584677e+01 3.090308e+01 3.489159e+01 
2.588219e+01 2.493217e+01 1.659328e+01 2.030012e+01 2.391560e+01 2.400638e+01 2.620515e+01 2.256775e+01 2.389548e+01 1.892500e+01 2.317988e+01 2.558144e+01 2.654766e+01 2.119826e+01 1.530451e+01 1.871894e+01 1.122140e+01 2.386124e+01 1.803186e+01 2.255275e+01 2.503033e+01 2.222914e+01 1.637451e+01 2.398704e+01 1.724774e+01 2.332472e+01 2.362028e+01 2.419017e+01 2.512413e+01 1.360211e+01 
1.987906e+01 1.045478e+01 7.625316e+00 6.749031e+00 8.846323e+00 9.185662e+00 1.511115e+01 5.658739e+00 1.501272e+01 9.475033e+00 1.148086e+01 7.486450e+00 1.200830e+01 8.456421e+00 9.082225e+00 1.140019e+01 7.421435e+00 1.114511e+01 1.518170e+01 1.682671e+01 1.017055e+01 9.151125e+00 9.494927e+00 7.743595e+00 6.406981e+00 1.148817e+01 1.274599e+01 8.429577e+00 5.479298e+00 7.636471e+00 
3.513320e+00 5.705622e+00 4.444753e+00 3.210210e+00 2.652979e+00 5.539935e+00 5.134271e+00 4.854406e+00 4.425646e+00 2.967012e+00 5.122417e+00 6.098948e+00 3.424592e+00 3.506348e+00 4.904421e+00 5.656195e+00 2.964146e+00 5.799927e+00 5.652335e+00 4.613759e+00 1.684634e+00 3.656112e+00 3.601486e+00 6.317168e-01 5.761437e+00 2.369768e+00 3.155563e+00 2.541083e+00 3.011304e+00 4.494600e+00 
6.517800e-01 2.659235e+00 7.914386e-01 1.841330e+00 1.287422e+00 2.872711e+00 2.463993e+00 3.168246e+00 2.867211e+00 1.422793e+00 2.485257e+00 3.909858e+00 9.019527e-01 1.199696e-01 1.909843e+00 2.969362e+00 1.991411e-01 2.204918e+00 2.103673e+00 6.134996e-01 1.552228e+00 2.616502e+00 1.605978e+00 5.601450e-01 1.543871e+00 1.000558e+00 3.434200e-01 2.465903e+00 6.657125e-02 3.058225e+00 
2.590274e-01 3.770309e-01 4.085602e-01 5.169244e-01 5.324167e-01 6.851616e-01 3.132243e-02 6.646627e-01 2.408099e-01 4.459511e-01 4.539422e-01 1.632653e-01 5.351937e-01 1.000000e-08 5.220126e-01 4.851978e-02 1.238160e-05 9.521453e-01 3.920551e-01 1.000000e-08 2.718352e-01 9.161225e-01 2.850993e-01 2.627010e-01 1.104534e+00 1.000531e+00 8.951492e-05 7.226572e-08 2.689327e-05 1.338528e+00 
2.590274e-01 3.529434e-02 3.880677e-03 4.759280e-03 1.854377e-02 3.714288e-02 4.053699e-03 1.980575e-02 1.386782e-02 9.667193e-02 5.148357e-02 3.085964e-02 1.282146e-02 1.000000e-08 6.077734e-02 8.983775e-03 1.000000e-08 1.466185e-01 5.702827e-03 1.000000e-08 6.081930e-02 1.778437e-01 2.847101e-01 3.485045e-02 6.624219e-05 7.151975e-02 1.000000e-08 1.000000e-08 7.184982e-06 1.773173e-01 
2.000000e+05 2.000000e+05 2.000000e+05 2.000000e+05 2.000000e+05 2.000000e+05 2.000000e+05 2.000000e+05 2.000000e+05 2.000000e+05 2.000000e+05 2.000000e+05 2.000000e+05 1.129400e+05 2.000000e+05 2.000000e+05 1.359870e+05 2.000000e+05 2.000000e+05 1.227070e+05 2.000000e+05 2.000000e+05 2.000000e+05 2.000000e+05 2.000000e+05 2.000000e+05 1.472070e+05 1.276970e+05 2.000000e+05 2.000000e+05 
