6.873034e+04 4.142560e+04 3.142745e+04 7.779665e+04 2.455443e+04 3.086306e+04 3.140961e+04 4.242530e+04 3.496592e+04 2.594482e+04 3.244171e+04 3.059016e+04 2.247938e+04 1.845168e+04 1.973494e+04 2.253469e+04 3.294013e+04 1.995426e+04 4.489831e+04 3.487520e+04 3.048302e+04 7.055187e+04 4.147333e+04 5.517545e+04 4.419252e+04 5.025708e+04 6.238521e+04 2.593652e+04 3.835346e+04 3.877113e+04 
3.712981e+04 3.300586e+04 3.142745e+04 4.606861e+04 2.455443e+04 3.086306e+04 1.467860e+04 2.545145e+04 2.776313e+04 2.594482e+04 3.244171e+04 2.077071e+04 2.247938e+04 1.845168e+04 1.973494e+04 2.253469e+04 3.284183e+04 1.995426e+04 3.845929e+04 3.160406e+04 2.208848e+04 1.718647e+04 2.288782e+04 3.486722e+04 4.419252e+04 2.635108e+04 3.330706e+04 2.593652e+04 1.305143e+04 2.818693e+04 
3.617964e+04 1.715139e+04 3.142745e+04 4.606861e+04 2.455443e+04 2.347336e+04 1.467860e+04 2.545145e+04 2.776313e+04 2.594482e+04 2.135626e+04 2.077071e+04 2.171754e+04 1.845168e+04 1.973494e+04 2.253469e+04 3.284183e+04 1.995426e+04 3.432381e+04 2.190932e+04 2.198218e+04 1.003000e+04 2.288782e+04 2.662274e+04 2.841984e+04 2.635108e+04 1.096217e+04 2.593652e+04 1.305143e+04 2.061108e+04 
2.943530e+04 1.715139e+04 3.142745e+04 2.431472e+04 2.455443e+04 2.347336e+04 1.467860e+04 2.545145e+04 2.006572e+04 2.594482e+04 1.540449e+04 2.077071e+04 2.171754e+04 1.845168e+04 1.973494e+04 1.789153e+04 2.371739e+04 1.574825e+04 2.593741e+04 2.190932e+04 1.634540e+04 1.003000e+04 2.288782e+04 2.266819e+04 2.841984e+04 2.368391e+04 1.038897e+04 2.214112e+04 1.305143e+04 1.687864e+04 
2.178344e+04 1.715139e+04 1.196214e+04 2.056366e+04 2.455443e+04 1.929518e+04 1.467860e+04 1.962273e+04 1.649835e+04 2.594482e+04 1.540449e+04 1.569804e+04 2.171754e+04 1.258649e+04 1.973494e+04 1.310341e+04 2.371739e+04 1.574825e+04 1.621728e+04 2.190807e+04 1.045200e+04 1.003000e+04 8.739930e+03 2.266819e+04 1.712312e+04 2.368391e+04 1.038897e+04 2.177227e+04 1.281066e+04 1.444823e+04 
2.178344e+04 8.637153e+03 1.196214e+04 1.675086e+04 1.143381e+04 1.929518e+04 1.467860e+04 1.962273e+04 1.649835e+04 1.109264e+04 1.540449e+04 1.569804e+04 1.840577e+04 1.258649e+04 1.609110e+04 1.310341e+04 2.190275e+04 1.494587e+04 1.621728e+04 1.207730e+04 1.045200e+04 7.937501e+03 8.739930e+03 2.039168e+04 1.712312e+04 1.348052e+04 1.038897e+04 1.339231e+04 1.054520e+04 1.188977e+04 
1.485663e+04 8.637153e+03 1.087009e+04 7.256228e+03 3.695654e+03 1.256264e+04 8.444327e+03 8.780193e+03 9.274009e+03 1.016829e+04 1.077645e+04 4.541297e+03 1.003589e+04 1.014338e+04 1.609110e+04 6.918089e+03 1.820822e+04 9.531926e+03 1.091319e+04 1.207730e+04 1.045200e+04 5.503116e+03 5.216858e+03 5.298056e+03 1.169238e+04 8.461864e+03 7.234103e+03 6.323662e+03 1.054520e+04 1.056583e+04 
8.206933e+03 6.079517e+03 9.510998e+02 9.585647e+02 1.219010e+03 4.591055e+03 2.872267e+03 8.780193e+03 3.302871e+03 4.085113e+03 2.276654e+03 2.232972e+03 3.590081e+02 7.099922e+03 1.355416e+04 1.768605e+03 6.574062e+03 2.790083e+03 1.840713e+03 8.345514e+03 4.613971e+03 5.240428e+02 1.047534e+03 2.526654e+03 4.717681e+03 1.915949e+03 2.110953e+03 1.962655e+03 5.081352e+03 4.085929e+03 
9.849411e+02 1.125887e+02 7.962985e+01 5.178164e+01 1.205462e+02 1.078622e+03 2.804329e+02 8.308042e+02 2.685089e+02 3.759498e+02 2.785224e+02 1.768355e+02 1.318123e+02 4.052605e+02 1.092488e+03 1.304237e+02 7.645410e+02 2.354385e+02 5.266508e+01 3.054855e+02 4.811054e+02 1.198736e+02 3.187735e+01 1.479276e+02 2.902193e+02 2.552605e+02 1.543846e+02 6.384555e+01 3.424226e+02 3.823555e+02 
6.874431e+00 1.563436e+00 7.047476e-01 4.293881e-01 1.922875e+00 9.818509e+00 2.278418e+00 3.420230e+00 3.809814e+00 5.457517e+00 4.040086e+00 3.595454e+00 1.657363e+00 3.598689e+00 1.414620e+01 1.318892e+00 8.015476e+00 1.053939e+00 4.355664e+00 2.925133e+00 4.430159e+00 1.252007e+00 2.837427e-01 1.087601e+00 6.275106e+00 1.570393e+00 3.207047e+00 7.917101e-01 3.881026e+00 8.159563e-01 
3.043665e-03 4.120171e-04 3.892247e-04 3.672381e-05 4.602425e-04 7.816145e-03 6.561095e-04 2.456792e-03 9.330713e-04 1.440551e-03 6.940892e-04 3.530122e-04 7.312116e-04 1.568659e-03 7.099557e-03 1.894460e-04 1.619110e-03 6.057394e-04 9.583431e-04 9.351882e-04 2.424345e-03 4.857282e-04 5.543358e-05 5.909988e-04 1.890055e-03 5.169111e-04 1.425392e-03 2.539460e-04 2.269139e-03 6.896353e-04 
1.000000e-08 1.000000e-08 1.000000e-08 1.000000e-08 1.000000e-08 1.000000e-08 1.000000e-08 1.000000e-08 1.000000e-08 1.000000e-08 1.000000e-08 1.000000e-08 1.000000e-08 1.000000e-08 1.651301e-08 1.000000e-08 1.000000e-08 1.000000e-08 1.000000e-08 1.000000e-08 1.000000e-08 1.000000e-08 1.000000e-08 1.000000e-08 1.000000e-08 1.000000e-08 1.000000e-08 1.000000e-08 1.000000e-08 1.000000e-08 
1.000000e-08 1.000000e-08 1.000000e-08 1.000000e-08 1.000000e-08 1.000000e-08 1.000000e-08 1.000000e-08 1.000000e-08 1.000000e-08 1.000000e-08 1.000000e-08 1.000000e-08 1.000000e-08 1.000000e-08 1.000000e-08 1.000000e-08 1.000000e-08 1.000000e-08 1.000000e-08 1.000000e-08 1.000000e-08 1.000000e-08 1.000000e-08 1.000000e-08 1.000000e-08 1.000000e-08 1.000000e-08 1.000000e-08 1.000000e-08 
1.000000e-08 1.000000e-08 1.000000e-08 1.000000e-08 1.000000e-08 1.000000e-08 1.000000e-08 1.000000e-08 1.000000e-08 1.000000e-08 1.000000e-08 1.000000e-08 1.000000e-08 1.000000e-08 1.000000e-08 1.000000e-08 1.000000e-08 1.000000e-08 1.000000e-08 1.000000e-08 1.000000e-08 1.000000e-08 1.000000e-08 1.000000e-08 1.000000e-08 1.000000e-08 1.000000e-08 1.000000e-08 1.000000e-08 1.000000e-08 
1.000000e-08 1.000000e-08 1.000000e-08 1.000000e-08 1.000000e-08 1.000000e-08 1.000000e-08 1.000000e-08 1.000000e-08 1.000000e-08 1.000000e-08 1.000000e-08 1.000000e-08 1.000000e-08 1.000000e-08 1.000000e-08 1.000000e-08 1.000000e-08 1.000000e-08 1.000000e-08 1.000000e-08 1.000000e-08 1.000000e-08 1.000000e-08 1.000000e-08 1.000000e-08 1.000000e-08 1.000000e-08 1.000000e-08 1.000000e-08 
1.000000e-08 1.000000e-08 1.000000e-08 1.000000e-08 1.000000e-08 1.000000e-08 1.000000e-08 1.000000e-08 1.000000e-08 1.000000e-08 1.000000e-08 1.000000e-08 1.000000e-08 1.000000e-08 1.000000e-08 1.000000e-08 1.000000e-08 1.000000e-08 1.000000e-08 1.000000e-08 1.000000e-08 1.000000e-08 1.000000e-08 1.000000e-08 1.000000e-08 1.000000e-08 1.000000e-08 1.000000e-08 1.000000e-08 1.000000e-08 
3.112300e+04 2.967100e+04 2.872500e+04 2.803500e+04 2.941300e+04 3.069800e+04 2.975700e+04 3.129300e+04 2.975700e+04 2.967100e+04 3.027300e+04 3.035800e+04 3.001500e+04 3.044300e+04 3.222800e+04 2.915500e+04 2.984300e+04 2.898300e+04 2.992900e+04 3.035800e+04 3.103800e+04 2.838100e+04 2.794800e+04 3.018700e+04 3.103800e+04 2.967100e+04 3.027300e+04 2.846700e+04 3.035800e+04 2.992900e+04 
