8.722142e+03 1.187550e+04 1.000590e+04 9.211317e+03 7.719988e+03 8.456003e+03 7.132127e+03 9.509677e+03 9.394095e+03 7.696086e+03 8.515439e+03 8.995164e+03 5.607109e+03 1.054551e+04 7.806078e+03 7.551844e+03 1.115565e+04 1.143115e+04 1.050433e+04 1.268450e+04 1.210298e+04 9.966664e+03 9.861642e+03 8.707774e+03 1.086378e+04 9.031208e+03 9.104872e+03 9.794111e+03 5.398244e+03 8.449569e+03 
8.722142e+03 1.094840e+04 8.630084e+03 9.211317e+03 7.719988e+03 8.456003e+03 7.132127e+03 7.269896e+03 9.394095e+03 7.318672e+03 8.108359e+03 8.780341e+03 5.607109e+03 9.089852e+03 7.806078e+03 7.551844e+03 1.115565e+04 1.143115e+04 9.845356e+03 1.120388e+04 1.210298e+04 8.941788e+03 9.861642e+03 7.516787e+03 9.313740e+03 8.143170e+03 9.104872e+03 9.794111e+03 5.398244e+03 8.449569e+03 
6.601690e+03 9.032772e+03 6.919503e+03 8.609790e+03 5.842508e+03 7.393668e+03 5.143957e+03 7.150211e+03 8.758996e+03 7.082885e+03 6.189039e+03 8.379036e+03 3.322743e+03 8.783537e+03 7.806078e+03 7.551844e+03 8.920803e+03 7.852759e+03 7.776175e+03 5.917176e+03 7.119423e+03 7.703388e+03 7.803941e+03 6.440317e+03 6.397086e+03 8.143170e+03 8.451952e+03 9.431684e+03 5.398244e+03 6.701281e+03 
5.762798e+03 6.941591e+03 6.095574e+03 6.947235e+03 5.842508e+03 6.752684e+03 5.143957e+03 7.053628e+03 5.395587e+03 6.267110e+03 6.189039e+03 5.417781e+03 3.322743e+03 5.804825e+03 7.806078e+03 6.110558e+03 7.966660e+03 6.717565e+03 7.379932e+03 5.127786e+03 6.490095e+03 3.927593e+03 3.572849e+03 5.674027e+03 6.359942e+03 6.598018e+03 5.510373e+03 6.156465e+03 5.211214e+03 6.556211e+03 
4.742762e+03 3.885406e+03 4.835812e+03 3.399312e+03 4.303508e+03 4.954656e+03 4.900035e+03 5.347495e+03 5.395587e+03 5.710808e+03 4.062347e+03 4.458193e+03 2.440580e+03 3.861539e+03 4.535951e+03 3.837075e+03 5.119745e+03 4.868493e+03 4.515679e+03 3.755942e+03 4.195228e+03 3.927593e+03 3.572849e+03 4.539664e+03 4.280921e+03 4.604994e+03 4.755895e+03 4.421878e+03 3.930095e+03 3.953754e+03 
3.403580e+03 3.385557e+03 3.297145e+03 3.399312e+03 3.304233e+03 2.856519e+03 3.613639e+03 2.912897e+03 2.765776e+03 3.475842e+03 3.041801e+03 3.345990e+03 2.440580e+03 3.265451e+03 3.156372e+03 2.309086e+03 3.245563e+03 3.396730e+03 3.467169e+03 1.881766e+03 1.820109e+03 3.321847e+03 3.174230e+03 3.117598e+03 3.363286e+03 2.239004e+03 2.796931e+03 1.725006e+03 3.039191e+03 3.442060e+03 
1.438343e+03 1.790610e+03 1.935531e+03 1.960002e+03 2.024089e+03 1.853530e+03 1.986456e+03 1.284881e+03 1.770134e+03 1.800560e+03 1.435040e+03 1.733938e+03 1.665963e+03 1.401440e+03 1.777119e+03 1.117558e+03 1.580761e+03 1.732516e+03 1.658394e+03 1.092023e+03 1.045150e+03 1.914086e+03 1.943222e+03 1.896887e+03 1.077473e+03 1.137510e+03 1.495128e+03 9.619596e+02 1.669265e+03 2.427081e+03 
5.026237e+02 5.451940e+02 5.561435e+02 5.686397e+02 6.314012e+02 8.683031e+02 6.118789e+02 7.602168e+02 8.602060e+02 6.466356e+02 5.246799e+02 5.829435e+02 8.663267e+02 5.020981e+02 5.894452e+02 7.412009e+02 5.832826e+02 4.645974e+02 5.533393e+02 6.986670e+02 7.328371e+02 5.887581e+02 5.856367e+02 6.005985e+02 7.728746e+02 8.128778e+02 4.825211e+02 7.133363e+02 5.496197e+02 6.947042e+02 
3.070112e+02 3.064640e+02 3.097301e+02 3.080151e+02 3.137197e+02 5.382430e+02 3.168557e+02 5.159253e+02 4.712291e+02 3.178263e+02 3.088184e+02 3.117941e+02 4.231200e+02 3.070743e+02 3.099112e+02 5.279634e+02 3.132867e+02 3.078045e+02 3.109896e+02 4.096334e+02 6.714392e+02 3.108704e+02 3.156420e+02 3.090372e+02 4.348454e+02 4.326801e+02 3.077133e+02 4.305789e+02 3.094233e+02 3.236317e+02 
3.000111e+02 3.000113e+02 3.000082e+02 3.000113e+02 3.000162e+02 4.001433e+02 3.000160e+02 4.001663e+02 4.000569e+02 3.000149e+02 3.000137e+02 3.000133e+02 4.000282e+02 3.000101e+02 3.000094e+02 4.001912e+02 3.000205e+02 3.000097e+02 3.000100e+02 4.000086e+02 4.012026e+02 3.000152e+02 3.000202e+02 3.000098e+02 4.000314e+02 4.000499e+02 3.000091e+02 4.000304e+02 3.000146e+02 3.000224e+02 
3.000000e+02 3.000000e+02 3.000000e+02 3.000000e+02 3.000000e+02 4.000000e+02 3.000000e+02 4.000000e+02 4.000000e+02 3.000000e+02 3.000000e+02 3.000000e+02 4.000000e+02 3.000000e+02 3.000000e+02 4.000000e+02 3.000000e+02 3.000000e+02 3.000000e+02 4.000000e+02 4.000000e+02 3.000000e+02 3.000000e+02 3.000000e+02 4.000000e+02 4.000000e+02 3.000000e+02 4.000000e+02 3.000000e+02 3.000000e+02 
3.000000e+02 3.000000e+02 3.000000e+02 3.000000e+02 3.000000e+02 4.000000e+02 3.000000e+02 4.000000e+02 4.000000e+02 3.000000e+02 3.000000e+02 3.000000e+02 4.000000e+02 3.000000e+02 3.000000e+02 4.000000e+02 3.000000e+02 3.000000e+02 3.000000e+02 4.000000e+02 4.000000e+02 3.000000e+02 3.000000e+02 3.000000e+02 4.000000e+02 4.000000e+02 3.000000e+02 4.000000e+02 3.000000e+02 3.000000e+02 
3.000000e+02 3.000000e+02 3.000000e+02 3.000000e+02 3.000000e+02 4.000000e+02 3.000000e+02 4.000000e+02 4.000000e+02 3.000000e+02 3.000000e+02 3.000000e+02 4.000000e+02 3.000000e+02 3.000000e+02 4.000000e+02 3.000000e+02 3.000000e+02 3.000000e+02 4.000000e+02 4.000000e+02 3.000000e+02 3.000000e+02 3.000000e+02 4.000000e+02 4.000000e+02 3.000000e+02 4.000000e+02 3.000000e+02 3.000000e+02 
3.000000e+02 3.000000e+02 3.000000e+02 3.000000e+02 3.000000e+02 4.000000e+02 3.000000e+02 4.000000e+02 4.000000e+02 3.000000e+02 3.000000e+02 3.000000e+02 4.000000e+02 3.000000e+02 3.000000e+02 4.000000e+02 3.000000e+02 3.000000e+02 3.000000e+02 4.000000e+02 4.000000e+02 3.000000e+02 3.000000e+02 3.000000e+02 4.000000e+02 4.000000e+02 3.000000e+02 4.000000e+02 3.000000e+02 3.000000e+02 
3.000000e+02 3.000000e+02 3.000000e+02 3.000000e+02 3.000000e+02 4.000000e+02 3.000000e+02 4.000000e+02 4.000000e+02 3.000000e+02 3.000000e+02 3.000000e+02 4.000000e+02 3.000000e+02 3.000000e+02 4.000000e+02 3.000000e+02 3.000000e+02 3.000000e+02 4.000000e+02 4.000000e+02 3.000000e+02 3.000000e+02 3.000000e+02 4.000000e+02 4.000000e+02 3.000000e+02 4.000000e+02 3.000000e+02 3.000000e+02 
3.000000e+02 3.000000e+02 3.000000e+02 3.000000e+02 3.000000e+02 4.000000e+02 3.000000e+02 4.000000e+02 4.000000e+02 3.000000e+02 3.000000e+02 3.000000e+02 4.000000e+02 3.000000e+02 3.000000e+02 4.000000e+02 3.000000e+02 3.000000e+02 3.000000e+02 4.000000e+02 4.000000e+02 3.000000e+02 3.000000e+02 3.000000e+02 4.000000e+02 4.000000e+02 3.000000e+02 4.000000e+02 3.000000e+02 3.000000e+02 
1.000000e+06 1.000000e+06 1.000000e+06 1.000000e+06 1.000000e+06 1.000000e+06 1.000000e+06 1.000000e+06 1.000000e+06 1.000000e+06 1.000000e+06 1.000000e+06 1.000000e+06 1.000000e+06 1.000000e+06 1.000000e+06 1.000000e+06 1.000000e+06 1.000000e+06 1.000000e+06 1.000000e+06 1.000000e+06 1.000000e+06 1.000000e+06 1.000000e+06 1.000000e+06 1.000000e+06 1.000000e+06 1.000000e+06 1.000000e+06 
