3.250940e+02 2.664550e+02 2.937396e+02 2.847690e+02 2.627054e+02 2.948386e+02 2.963128e+02 2.972727e+02 2.948876e+02 2.993392e+02 3.164619e+02 3.079473e+02 2.967148e+02 2.921442e+02 2.751545e+02 2.920840e+02 3.100535e+02 2.855565e+02 3.065094e+02 2.438776e+02 2.763968e+02 2.552840e+02 2.713329e+02 2.876955e+02 2.817164e+02 3.046857e+02 3.157938e+02 2.122226e+02 2.988723e+02 3.179373e+02 
2.609319e+02 2.664550e+02 2.674017e+02 2.847690e+02 2.484480e+02 2.757696e+02 2.778076e+02 2.972727e+02 2.163039e+02 2.993392e+02 2.656514e+02 2.746923e+02 2.967148e+02 2.921442e+02 2.714413e+02 2.920840e+02 2.598460e+02 2.498284e+02 3.065094e+02 2.438776e+02 2.763968e+02 2.552840e+02 2.713329e+02 2.876955e+02 2.817164e+02 2.934707e+02 2.619849e+02 2.122226e+02 2.949715e+02 2.984443e+02 
2.573428e+02 2.629657e+02 2.674017e+02 2.363465e+02 2.136276e+02 2.709594e+02 2.548707e+02 2.697671e+02 2.163039e+02 2.635908e+02 2.143650e+02 2.513669e+02 2.663617e+02 2.677922e+02 2.350190e+02 2.704594e+02 2.398623e+02 2.498284e+02 2.623713e+02 2.438776e+02 2.208649e+02 2.552840e+02 2.609409e+02 2.745247e+02 2.527518e+02 2.659028e+02 2.303455e+02 2.122226e+02 2.823134e+02 2.688601e+02 
2.573428e+02 2.297445e+02 2.386307e+02 2.363465e+02 2.136276e+02 2.495377e+02 2.349517e+02 2.304496e+02 2.163039e+02 2.495592e+02 2.143650e+02 2.187930e+02 2.270949e+02 2.398755e+02 2.350190e+02 2.555691e+02 2.322470e+02 2.216504e+02 2.501211e+02 2.297185e+02 2.208649e+02 2.444674e+02 2.320700e+02 2.710949e+02 2.478601e+02 2.048879e+02 1.900745e+02 2.122226e+02 2.679239e+02 2.498024e+02 
1.870852e+02 2.091516e+02 2.107819e+02 2.137526e+02 1.946752e+02 1.933141e+02 2.219021e+02 1.909564e+02 2.088406e+02 2.180518e+02 2.121832e+02 1.973800e+02 2.238421e+02 2.299757e+02 2.137819e+02 2.193210e+02 2.286925e+02 2.216504e+02 2.256570e+02 2.169537e+02 2.034993e+02 2.107720e+02 2.137449e+02 1.966861e+02 1.782676e+02 2.046684e+02 1.747177e+02 2.025566e+02 1.894298e+02 2.135065e+02 
1.750741e+02 1.840769e+02 1.840774e+02 1.840497e+02 1.803761e+02 1.667113e+02 1.831537e+02 1.909564e+02 1.817204e+02 2.004200e+02 1.796237e+02 1.719073e+02 2.122655e+02 1.633325e+02 1.709112e+02 1.829762e+02 1.999524e+02 1.856940e+02 1.756601e+02 1.962547e+02 1.778737e+02 1.901551e+02 1.695247e+02 1.829309e+02 1.782676e+02 1.828066e+02 1.711047e+02 1.927006e+02 1.740398e+02 1.765150e+02 
1.541616e+02 1.559290e+02 1.514194e+02 1.553015e+02 1.607206e+02 1.562454e+02 1.501905e+02 1.620940e+02 1.739618e+02 1.567155e+02 1.562691e+02 1.568663e+02 1.712307e+02 1.464740e+02 1.479413e+02 1.606285e+02 1.714508e+02 1.767458e+02 1.663380e+02 1.691336e+02 1.529015e+02 1.498490e+02 1.637843e+02 1.707009e+02 1.489704e+02 1.384860e+02 1.502747e+02 1.542424e+02 1.606994e+02 1.699332e+02 
1.270062e+02 1.159693e+02 1.360320e+02 1.237098e+02 1.223575e+02 1.124557e+02 1.310249e+02 1.354641e+02 1.432940e+02 1.081306e+02 1.208277e+02 1.166890e+02 1.083102e+02 1.362646e+02 1.176174e+02 1.175629e+02 1.199252e+02 1.007922e+02 1.312174e+02 1.183589e+02 1.229335e+02 1.319761e+02 1.140834e+02 1.263716e+02 1.251832e+02 1.283605e+02 1.434145e+02 1.339833e+02 1.267106e+02 1.323145e+02 
8.997165e+01 7.863718e+01 7.887517e+01 1.061540e+02 8.032783e+01 9.793000e+01 1.069777e+02 9.642677e+01 9.280404e+01 9.832781e+01 1.010090e+02 7.423225e+01 8.018249e+01 8.843223e+01 8.202782e+01 8.845902e+01 9.569691e+01 8.902204e+01 9.400083e+01 8.973985e+01 9.864094e+01 8.938706e+01 8.628493e+01 7.156840e+01 6.424182e+01 6.968200e+01 8.713219e+01 9.429669e+01 9.134612e+01 1.013916e+02 
5.911037e+01 4.649408e+01 4.650255e+01 6.406818e+01 5.771634e+01 6.212156e+01 6.264510e+01 7.111778e+01 5.793866e+01 5.718642e+01 6.650210e+01 4.504588e+01 6.111781e+01 6.721384e+01 5.228191e+01 5.049439e+01 4.754136e+01 6.525572e+01 6.704559e+01 6.000921e+01 4.391029e+01 4.512886e+01 6.405478e+01 4.587015e+01 4.284626e+01 5.082658e+01 6.322978e+01 5.393514e+01 5.122441e+01 5.694224e+01 
2.752095e+01 2.126603e+01 2.760698e+01 3.877993e+01 3.091054e+01 3.524034e+01 3.679792e+01 5.063146e+01 3.647420e+01 3.899494e+01 3.909043e+01 2.903444e+01 3.484366e+01 2.681118e+01 3.024445e+01 2.775479e+01 2.269671e+01 3.507828e+01 2.678357e+01 2.974794e+01 2.614129e+01 2.715901e+01 3.679449e+01 2.822920e+01 3.199083e+01 2.252682e+01 2.972738e+01 2.694025e+01 2.747536e+01 3.984204e+01 
1.600289e+01 1.680968e+01 1.707272e+01 2.185351e+01 1.748803e+01 2.185318e+01 1.806745e+01 2.444214e+01 2.538150e+01 2.227396e+01 2.649110e+01 1.675444e+01 1.812882e+01 1.652076e+01 1.802238e+01 1.596405e+01 1.256857e+01 1.844920e+01 9.785663e+00 1.860523e+01 1.221638e+01 1.766661e+01 2.024889e+01 1.500789e+01 2.375458e+01 1.370899e+01 1.655165e+01 1.564160e+01 1.591338e+01 1.939788e+01 
1.507685e+01 1.328547e+01 1.598135e+01 2.000238e+01 1.512882e+01 2.105501e+01 1.421285e+01 2.003884e+01 1.800698e+01 1.716071e+01 1.811679e+01 1.493469e+01 1.696600e+01 1.513246e+01 1.696222e+01 1.301574e+01 1.097132e+01 1.697393e+01 9.059486e+00 1.699837e+01 1.103924e+01 1.407935e+01 1.515006e+01 1.104217e+01 2.203549e+01 1.299936e+01 1.504138e+01 1.396606e+01 1.402843e+01 1.713043e+01 
1.493191e+01 1.294153e+01 1.592835e+01 1.990695e+01 1.493695e+01 2.091556e+01 1.394110e+01 1.990801e+01 1.791782e+01 1.692761e+01 1.792178e+01 1.492666e+01 1.692101e+01 1.493947e+01 1.691884e+01 1.293960e+01 1.094964e+01 1.691841e+01 8.968689e+00 1.691795e+01 1.096074e+01 1.394922e+01 1.492772e+01 1.094996e+01 2.190026e+01 1.293873e+01 1.492895e+01 1.394354e+01 1.393478e+01 1.692120e+01 
1.492610e+01 1.293522e+01 1.591963e+01 1.989972e+01 1.492563e+01 2.089506e+01 1.392978e+01 1.990034e+01 1.791022e+01 1.691644e+01 1.791018e+01 1.492544e+01 1.691491e+01 1.492510e+01 1.691612e+01 1.293531e+01 1.094543e+01 1.691528e+01 8.955265e+00 1.691485e+01 1.094630e+01 1.392982e+01 1.492591e+01 1.094632e+01 2.189030e+01 1.293478e+01 1.492611e+01 1.393114e+01 1.393000e+01 1.691626e+01 
1.492610e+01 1.293522e+01 1.591963e+01 1.989972e+01 1.492563e+01 2.089506e+01 1.392978e+01 1.990034e+01 1.791022e+01 1.691644e+01 1.791018e+01 1.492544e+01 1.691491e+01 1.492510e+01 1.691612e+01 1.293531e+01 1.094543e+01 1.691528e+01 8.955265e+00 1.691485e+01 1.094630e+01 1.392982e+01 1.492591e+01 1.094632e+01 2.189030e+01 1.293478e+01 1.492611e+01 1.393114e+01 1.393000e+01 1.691626e+01 
1.000000e+06 1.000000e+06 1.000000e+06 1.000000e+06 1.000000e+06 1.000000e+06 1.000000e+06 1.000000e+06 1.000000e+06 1.000000e+06 1.000000e+06 1.000000e+06 1.000000e+06 1.000000e+06 1.000000e+06 1.000000e+06 1.000000e+06 1.000000e+06 1.000000e+06 1.000000e+06 1.000000e+06 1.000000e+06 1.000000e+06 1.000000e+06 1.000000e+06 1.000000e+06 1.000000e+06 1.000000e+06 1.000000e+06 1.000000e+06 
