6.810100e+02 7.991181e+02 7.605889e+02 5.221862e+02 4.418851e+02 4.101648e+02 5.239089e+02 5.390040e+02 5.597011e+02 5.739136e+02 3.657724e+02 4.677860e+02 5.900209e+02 6.429782e+02 6.657736e+02 5.370929e+02 5.773263e+02 4.591456e+02 6.771067e+02 6.436335e+02 6.805648e+02 4.178497e+02 6.041824e+02 5.223386e+02 5.587625e+02 5.725975e+02 5.326604e+02 5.159273e+02 6.495182e+02 5.357301e+02 
4.789180e+02 4.993870e+02 5.861727e+02 5.215979e+02 4.233468e+02 4.101648e+02 4.751989e+02 4.818673e+02 4.288676e+02 5.472914e+02 3.639055e+02 4.677860e+02 5.301624e+02 4.943890e+02 5.557655e+02 5.370929e+02 5.773263e+02 4.591456e+02 5.660111e+02 5.368554e+02 5.399455e+02 4.178497e+02 4.989757e+02 4.808997e+02 4.816448e+02 5.235334e+02 4.529376e+02 4.748816e+02 6.495182e+02 3.719364e+02 
4.789180e+02 4.271841e+02 4.857122e+02 4.369937e+02 4.233468e+02 4.101648e+02 4.751989e+02 4.121806e+02 4.288676e+02 4.993202e+02 3.639055e+02 4.516411e+02 4.579455e+02 4.943890e+02 5.421351e+02 4.522127e+02 4.824620e+02 4.591456e+02 5.275669e+02 4.410495e+02 4.054507e+02 4.178497e+02 4.989757e+02 4.808997e+02 4.816448e+02 4.161253e+02 4.529376e+02 4.748816e+02 5.571171e+02 3.719364e+02 
4.743211e+02 3.222974e+02 3.808063e+02 4.369937e+02 4.233468e+02 4.101648e+02 3.854109e+02 4.121806e+02 4.288676e+02 4.620662e+02 3.639055e+02 4.516411e+02 4.579455e+02 4.043873e+02 3.737809e+02 4.522127e+02 4.824620e+02 4.591456e+02 3.779245e+02 4.410495e+02 4.054507e+02 3.770080e+02 3.862547e+02 4.612242e+02 4.642523e+02 4.161253e+02 4.529376e+02 4.127521e+02 4.835498e+02 3.408416e+02 
4.043068e+02 3.222974e+02 3.808063e+02 4.041335e+02 4.194866e+02 3.537154e+02 3.854109e+02 3.773853e+02 4.288676e+02 4.205633e+02 3.639055e+02 3.425975e+02 4.004063e+02 3.237331e+02 3.275574e+02 4.522127e+02 3.818991e+02 3.994759e+02 3.590088e+02 4.111953e+02 3.217240e+02 3.397032e+02 3.761780e+02 3.776162e+02 3.464838e+02 3.582731e+02 3.739120e+02 4.127521e+02 3.616616e+02 3.408416e+02 
3.262543e+02 3.222974e+02 3.320468e+02 3.681458e+02 3.693151e+02 2.900557e+02 3.734085e+02 3.182955e+02 3.564274e+02 3.511906e+02 3.333385e+02 3.208640e+02 2.814228e+02 3.237331e+02 3.056204e+02 3.910351e+02 3.083766e+02 3.741607e+02 3.590088e+02 3.477311e+02 3.217240e+02 3.100739e+02 3.361194e+02 3.234367e+02 3.067139e+02 3.480108e+02 3.466940e+02 3.300899e+02 3.596844e+02 3.408416e+02 
2.775493e+02 2.893560e+02 2.901333e+02 2.949062e+02 2.779404e+02 2.670577e+02 2.603214e+02 2.766676e+02 2.682227e+02 2.768594e+02 3.008476e+02 2.676355e+02 2.814228e+02 2.666630e+02 2.640827e+02 3.318115e+02 2.694395e+02 2.816261e+02 2.986755e+02 2.848001e+02 2.683296e+02 3.100739e+02 2.598425e+02 2.723127e+02 2.997142e+02 2.788878e+02 2.788423e+02 2.862972e+02 2.873337e+02 2.900245e+02 
2.353506e+02 2.406207e+02 2.416454e+02 2.412517e+02 2.417496e+02 2.378130e+02 2.438749e+02 2.397254e+02 2.365886e+02 2.423839e+02 2.357927e+02 2.451606e+02 2.409947e+02 2.421547e+02 2.457493e+02 2.494799e+02 2.427822e+02 2.395823e+02 2.419188e+02 2.357774e+02 2.406733e+02 2.490695e+02 2.400241e+02 2.404618e+02 2.359149e+02 2.376201e+02 2.428948e+02 2.358860e+02 2.412830e+02 2.447472e+02 
2.297664e+02 2.311940e+02 2.303323e+02 2.305060e+02 2.322767e+02 2.300224e+02 2.306714e+02 2.299572e+02 2.304369e+02 2.300555e+02 2.301334e+02 2.297916e+02 2.305703e+02 2.298283e+02 2.310283e+02 2.316744e+02 2.312517e+02 2.302487e+02 2.305007e+02 2.303074e+02 2.307321e+02 2.310201e+02 2.310614e+02 2.301821e+02 2.301996e+02 2.296366e+02 2.300322e+02 2.308460e+02 2.302328e+02 2.318726e+02 
2.292893e+02 2.292911e+02 2.292871e+02 2.292978e+02 2.293245e+02 2.293011e+02 2.293173e+02 2.292922e+02 2.292901e+02 2.292906e+02 2.292891e+02 2.292884e+02 2.292952e+02 2.292922e+02 2.292977e+02 2.293027e+02 2.292944e+02 2.292916e+02 2.292943e+02 2.292909e+02 2.292982e+02 2.292954e+02 2.292993e+02 2.292953e+02 2.292894e+02 2.292885e+02 2.292929e+02 2.293031e+02 2.292893e+02 2.293122e+02 
2.292844e+02 2.292844e+02 2.292844e+02 2.292844e+02 2.292844e+02 2.292844e+02 2.292844e+02 2.292844e+02 2.292844e+02 2.292844e+02 2.292844e+02 2.292844e+02 2.292844e+02 2.292844e+02 2.292844e+02 2.292844e+02 2.292844e+02 2.292844e+02 2.292844e+02 2.292844e+02 2.292844e+02 2.292844e+02 2.292844e+02 2.292844e+02 2.292844e+02 2.292844e+02 2.292844e+02 2.292844e+02 2.292844e+02 2.292844e+02 
2.292844e+02 2.292844e+02 2.292844e+02 2.292844e+02 2.292844e+02 2.292844e+02 2.292844e+02 2.292844e+02 2.292844e+02 2.292844e+02 2.292844e+02 2.292844e+02 2.292844e+02 2.292844e+02 2.292844e+02 2.292844e+02 2.292844e+02 2.292844e+02 2.292844e+02 2.292844e+02 2.292844e+02 2.292844e+02 2.292844e+02 2.292844e+02 2.292844e+02 2.292844e+02 2.292844e+02 2.292844e+02 2.292844e+02 2.292844e+02 
2.292844e+02 2.292844e+02 2.292844e+02 2.292844e+02 2.292844e+02 2.292844e+02 2.292844e+02 2.292844e+02 2.292844e+02 2.292844e+02 2.292844e+02 2.292844e+02 2.292844e+02 2.292844e+02 2.292844e+02 2.292844e+02 2.292844e+02 2.292844e+02 2.292844e+02 2.292844e+02 2.292844e+02 2.292844e+02 2.292844e+02 2.292844e+02 2.292844e+02 2.292844e+02 2.292844e+02 2.292844e+02 2.292844e+02 2.292844e+02 
2.292844e+02 2.292844e+02 2.292844e+02 2.292844e+02 2.292844e+02 2.292844e+02 2.292844e+02 2.292844e+02 2.292844e+02 2.292844e+02 2.292844e+02 2.292844e+02 2.292844e+02 2.292844e+02 2.292844e+02 2.292844e+02 2.292844e+02 2.292844e+02 2.292844e+02 2.292844e+02 2.292844e+02 2.292844e+02 2.292844e+02 2.292844e+02 2.292844e+02 2.292844e+02 2.292844e+02 2.292844e+02 2.292844e+02 2.292844e+02 
2.292844e+02 2.292844e+02 2.292844e+02 2.292844e+02 2.292844e+02 2.292844e+02 2.292844e+02 2.292844e+02 2.292844e+02 2.292844e+02 2.292844e+02 2.292844e+02 2.292844e+02 2.292844e+02 2.292844e+02 2.292844e+02 2.292844e+02 2.292844e+02 2.292844e+02 2.292844e+02 2.292844e+02 2.292844e+02 2.292844e+02 2.292844e+02 2.292844e+02 2.292844e+02 2.292844e+02 2.292844e+02 2.292844e+02 2.292844e+02 
2.292844e+02 2.292844e+02 2.292844e+02 2.292844e+02 2.292844e+02 2.292844e+02 2.292844e+02 2.292844e+02 2.292844e+02 2.292844e+02 2.292844e+02 2.292844e+02 2.292844e+02 2.292844e+02 2.292844e+02 2.292844e+02 2.292844e+02 2.292844e+02 2.292844e+02 2.292844e+02 2.292844e+02 2.292844e+02 2.292844e+02 2.292844e+02 2.292844e+02 2.292844e+02 2.292844e+02 2.292844e+02 2.292844e+02 2.292844e+02 
2.000000e+05 2.000000e+05 2.000000e+05 2.000000e+05 2.000000e+05 2.000000e+05 2.000000e+05 2.000000e+05 2.000000e+05 2.000000e+05 2.000000e+05 2.000000e+05 2.000000e+05 2.000000e+05 2.000000e+05 2.000000e+05 2.000000e+05 2.000000e+05 2.000000e+05 2.000000e+05 2.000000e+05 2.000000e+05 2.000000e+05 2.000000e+05 2.000000e+05 2.000000e+05 2.000000e+05 2.000000e+05 2.000000e+05 2.000000e+05 
