3.978569e+02 5.220875e+02 2.591859e+02 3.777102e+02 5.531761e+02 3.237617e+02 3.032039e+02 3.023092e+02 2.416109e+02 5.065339e+02 3.044652e+02 4.742547e+02 3.656366e+02 5.196193e+02 3.366630e+02 4.625811e+02 3.001072e+02 4.322963e+02 3.842070e+02 4.221552e+02 3.380334e+02 3.683360e+02 3.426800e+02 3.115187e+02 5.249765e+02 4.049883e+02 3.002839e+02 6.038886e+02 3.369687e+02 3.556764e+02 
3.762708e+02 4.394177e+02 2.591859e+02 3.718035e+02 3.250013e+02 2.440428e+02 3.032039e+02 3.023092e+02 2.037468e+02 3.270564e+02 2.796753e+02 3.352615e+02 2.541916e+02 3.042547e+02 2.666132e+02 4.170348e+02 2.821129e+02 3.425533e+02 3.391025e+02 3.353670e+02 3.380334e+02 3.606609e+02 2.363313e+02 3.115187e+02 3.491114e+02 4.049883e+02 2.624505e+02 4.485764e+02 2.614587e+02 3.428428e+02 
2.851086e+02 2.980339e+02 2.591859e+02 3.303342e+02 3.250013e+02 2.440428e+02 3.032039e+02 2.884096e+02 2.037468e+02 3.124125e+02 2.110458e+02 2.889842e+02 2.219024e+02 3.017256e+02 2.367066e+02 3.230835e+02 2.639029e+02 3.355672e+02 2.805661e+02 3.002305e+02 2.911592e+02 2.912524e+02 2.321255e+02 2.520818e+02 2.773007e+02 3.100114e+02 2.345711e+02 2.975804e+02 2.614587e+02 2.907106e+02 
2.572159e+02 2.220395e+02 2.474474e+02 3.184983e+02 2.838814e+02 2.153746e+02 2.369657e+02 2.545636e+02 2.037468e+02 2.861515e+02 2.110255e+02 2.431407e+02 2.219024e+02 2.098817e+02 1.923338e+02 3.140510e+02 2.353597e+02 2.956270e+02 2.805661e+02 2.784427e+02 2.270522e+02 2.373528e+02 2.272853e+02 2.520818e+02 2.098739e+02 2.182767e+02 1.980273e+02 2.975804e+02 2.614587e+02 2.812167e+02 
1.928442e+02 1.831385e+02 1.909110e+02 2.003391e+02 1.913300e+02 1.964601e+02 1.928935e+02 1.909221e+02 1.925294e+02 2.165814e+02 1.931244e+02 1.987937e+02 1.905585e+02 1.843802e+02 1.921890e+02 2.133122e+02 1.953368e+02 2.019534e+02 2.127015e+02 1.849167e+02 2.013507e+02 2.060997e+02 2.012047e+02 1.935098e+02 1.917577e+02 2.023581e+02 1.980273e+02 2.530349e+02 2.118624e+02 1.912395e+02 
1.724551e+02 1.749562e+02 1.753362e+02 1.789688e+02 1.754563e+02 1.803653e+02 1.753406e+02 1.768765e+02 1.738196e+02 1.694191e+02 1.721278e+02 1.792957e+02 1.732113e+02 1.751040e+02 1.805256e+02 1.764531e+02 1.766833e+02 1.739158e+02 1.741015e+02 1.849167e+02 1.719362e+02 1.768944e+02 1.760916e+02 1.806730e+02 1.723655e+02 1.739550e+02 1.740336e+02 1.953905e+02 1.774451e+02 1.740406e+02 
1.702826e+02 1.680019e+02 1.691925e+02 1.696310e+02 1.692233e+02 1.702792e+02 1.687256e+02 1.674981e+02 1.695419e+02 1.694191e+02 1.695088e+02 1.704015e+02 1.679393e+02 1.685302e+02 1.694398e+02 1.702036e+02 1.706589e+02 1.682642e+02 1.689945e+02 1.706098e+02 1.686622e+02 1.672352e+02 1.683970e+02 1.673141e+02 1.690379e+02 1.673818e+02 1.683246e+02 1.703120e+02 1.698659e+02 1.673676e+02 
1.662811e+02 1.648032e+02 1.645008e+02 1.653432e+02 1.669221e+02 1.645681e+02 1.640148e+02 1.665844e+02 1.650077e+02 1.661653e+02 1.646156e+02 1.655956e+02 1.652172e+02 1.643711e+02 1.648860e+02 1.664435e+02 1.662364e+02 1.664037e+02 1.652240e+02 1.649987e+02 1.666429e+02 1.669117e+02 1.656336e+02 1.642440e+02 1.650865e+02 1.659249e+02 1.669375e+02 1.661760e+02 1.662147e+02 1.660748e+02 
1.626498e+02 1.633866e+02 1.625798e+02 1.646994e+02 1.644429e+02 1.633451e+02 1.622316e+02 1.646593e+02 1.648172e+02 1.650103e+02 1.635290e+02 1.638039e+02 1.629243e+02 1.631446e+02 1.622373e+02 1.636437e+02 1.642401e+02 1.653425e+02 1.636477e+02 1.638763e+02 1.637785e+02 1.640093e+02 1.623962e+02 1.628835e+02 1.640372e+02 1.643095e+02 1.642432e+02 1.638497e+02 1.644904e+02 1.636488e+02 
1.618295e+02 1.620420e+02 1.614145e+02 1.617957e+02 1.638787e+02 1.620644e+02 1.619050e+02 1.608452e+02 1.629754e+02 1.635746e+02 1.624053e+02 1.609961e+02 1.603712e+02 1.621074e+02 1.614986e+02 1.619910e+02 1.621944e+02 1.633548e+02 1.612713e+02 1.620776e+02 1.635128e+02 1.629643e+02 1.621040e+02 1.619923e+02 1.621797e+02 1.627068e+02 1.629167e+02 1.624610e+02 1.610176e+02 1.618297e+02 
1.614384e+02 1.614249e+02 1.595184e+02 1.601471e+02 1.627203e+02 1.599812e+02 1.614162e+02 1.598596e+02 1.616944e+02 1.611203e+02 1.597177e+02 1.602016e+02 1.600497e+02 1.614062e+02 1.614049e+02 1.602303e+02 1.614862e+02 1.627868e+02 1.598994e+02 1.614384e+02 1.627138e+02 1.615160e+02 1.614411e+02 1.614586e+02 1.614258e+02 1.614272e+02 1.606244e+02 1.614384e+02 1.600502e+02 1.614058e+02 
1.614353e+02 1.614049e+02 1.593687e+02 1.593688e+02 1.627001e+02 1.595438e+02 1.614049e+02 1.595438e+02 1.614518e+02 1.606802e+02 1.586769e+02 1.596929e+02 1.595438e+02 1.614049e+02 1.614049e+02 1.595438e+02 1.614049e+02 1.627001e+02 1.593687e+02 1.614353e+02 1.627001e+02 1.594851e+02 1.614353e+02 1.614353e+02 1.614049e+02 1.614049e+02 1.598542e+02 1.614049e+02 1.593690e+02 1.614049e+02 
1.614353e+02 1.614049e+02 1.593687e+02 1.593687e+02 1.627001e+02 1.595438e+02 1.614049e+02 1.595438e+02 1.614050e+02 1.606802e+02 1.586184e+02 1.586188e+02 1.595438e+02 1.614049e+02 1.614049e+02 1.595438e+02 1.614049e+02 1.627001e+02 1.593687e+02 1.614353e+02 1.627001e+02 1.593687e+02 1.614353e+02 1.614353e+02 1.614049e+02 1.614049e+02 1.589364e+02 1.614049e+02 1.593687e+02 1.614049e+02 
1.614353e+02 1.614049e+02 1.593687e+02 1.593687e+02 1.627001e+02 1.595438e+02 1.614049e+02 1.595438e+02 1.614049e+02 1.606802e+02 1.586184e+02 1.586184e+02 1.595438e+02 1.614049e+02 1.614049e+02 1.595438e+02 1.614049e+02 1.627001e+02 1.593687e+02 1.614353e+02 1.627001e+02 1.593687e+02 1.614353e+02 1.614353e+02 1.614049e+02 1.614049e+02 1.587216e+02 1.614049e+02 1.593687e+02 1.614049e+02 
1.614353e+02 1.614049e+02 1.593687e+02 1.593687e+02 1.627001e+02 1.595438e+02 1.614049e+02 1.595438e+02 1.614049e+02 1.589942e+02 1.586184e+02 1.586184e+02 1.595438e+02 1.604436e+02 1.614049e+02 1.593687e+02 1.593687e+02 1.627001e+02 1.586262e+02 1.614049e+02 1.615509e+02 1.593687e+02 1.614353e+02 1.614353e+02 1.614049e+02 1.593687e+02 1.587096e+02 1.614049e+02 1.593687e+02 1.594349e+02 
1.614353e+02 1.614049e+02 1.593687e+02 1.593687e+02 1.627001e+02 1.595438e+02 1.614049e+02 1.595438e+02 1.614049e+02 1.587173e+02 1.586184e+02 1.586184e+02 1.595438e+02 1.586441e+02 1.614049e+02 1.593687e+02 1.593687e+02 1.627001e+02 1.586184e+02 1.614049e+02 1.606802e+02 1.593687e+02 1.614353e+02 1.595457e+02 1.614049e+02 1.593687e+02 1.587096e+02 1.614049e+02 1.593687e+02 1.586424e+02 
2.000000e+05 2.000000e+05 2.000000e+05 2.000000e+05 2.000000e+05 2.000000e+05 2.000000e+05 2.000000e+05 2.000000e+05 2.000000e+05 2.000000e+05 2.000000e+05 2.000000e+05 2.000000e+05 2.000000e+05 2.000000e+05 2.000000e+05 2.000000e+05 2.000000e+05 2.000000e+05 2.000000e+05 2.000000e+05 2.000000e+05 2.000000e+05 2.000000e+05 2.000000e+05 2.000000e+05 2.000000e+05 2.000000e+05 2.000000e+05 
