6.417731e+02 6.409084e+02 4.138640e+02 3.523607e+02 2.237413e+02 2.883741e+02 1.149229e+02 1.848921e+02 5.919646e+02 6.573375e+02 4.151442e+02 2.172481e+02 6.331290e+02 1.952426e+02 1.517630e+02 1.171574e+03 2.752706e+02 1.584163e+03 2.415293e+02 3.019137e+02 2.875128e+02 1.573695e+02 1.330783e+03 6.356717e+02 5.316032e+02 1.386795e+02 4.457055e+02 1.938049e+03 1.279332e+03 7.675295e+02 
2.219167e+02 3.141069e+02 3.563700e+02 3.523607e+02 2.237413e+02 2.364457e+02 1.149229e+02 1.799886e+02 1.840455e+02 3.689102e+02 2.461478e+02 2.172481e+02 2.974783e+02 1.952426e+02 1.517630e+02 6.022787e+02 1.387564e+02 4.458697e+02 2.415293e+02 3.019137e+02 1.600445e+02 1.573695e+02 1.639448e+02 4.834621e+02 3.292912e+02 1.386795e+02 1.787121e+02 4.177183e+02 3.201495e+02 7.250530e+02 
1.528698e+02 3.141069e+02 1.297493e+02 1.561368e+02 1.668672e+02 1.595345e+02 1.149229e+02 1.799886e+02 1.840455e+02 2.363503e+02 1.935777e+02 2.172481e+02 2.029214e+02 1.577344e+02 1.517630e+02 6.022787e+02 1.378220e+02 3.177760e+02 2.415293e+02 3.019137e+02 1.472724e+02 1.573695e+02 1.461635e+02 3.381523e+02 3.086878e+02 1.319118e+02 1.787121e+02 2.804542e+02 3.201495e+02 4.789154e+02 
1.365666e+02 2.768076e+02 1.297493e+02 1.561368e+02 1.365133e+02 1.595345e+02 1.149229e+02 1.799886e+02 1.741410e+02 2.363503e+02 1.234114e+02 2.172481e+02 1.798393e+02 1.521665e+02 1.246916e+02 4.016672e+02 1.378220e+02 3.177760e+02 2.415293e+02 3.019137e+02 1.472724e+02 1.382157e+02 1.461635e+02 3.381523e+02 2.655660e+02 1.319118e+02 1.458171e+02 2.804542e+02 1.336194e+02 4.789154e+02 
1.225519e+02 1.809990e+02 1.254620e+02 1.261080e+02 1.308128e+02 1.426166e+02 1.111798e+02 1.618417e+02 1.307546e+02 2.056975e+02 1.234114e+02 1.387172e+02 1.240474e+02 1.381456e+02 1.246916e+02 2.237671e+02 1.363266e+02 1.208453e+02 1.364790e+02 1.155749e+02 1.382037e+02 1.309052e+02 1.344628e+02 1.280856e+02 1.528111e+02 1.090329e+02 1.335471e+02 1.437279e+02 1.336194e+02 1.596467e+02 
1.113375e+02 1.331162e+02 1.229974e+02 1.255804e+02 1.244886e+02 1.189104e+02 1.111798e+02 1.105824e+02 1.227677e+02 1.217508e+02 1.234114e+02 1.300486e+02 1.127545e+02 1.266067e+02 1.142089e+02 1.533771e+02 1.081209e+02 1.167600e+02 1.191679e+02 1.155749e+02 1.322413e+02 1.296892e+02 1.054423e+02 1.280856e+02 1.281066e+02 1.090329e+02 1.335471e+02 1.112783e+02 1.275794e+02 1.199488e+02 
1.033181e+02 1.154297e+02 1.121972e+02 1.112015e+02 1.068691e+02 1.117838e+02 1.078115e+02 1.105824e+02 1.095421e+02 1.097982e+02 1.151114e+02 1.124310e+02 1.092592e+02 1.140993e+02 1.100412e+02 1.436629e+02 1.079002e+02 1.032241e+02 1.048484e+02 1.085216e+02 1.069153e+02 1.111835e+02 1.054423e+02 1.117952e+02 1.160207e+02 1.075301e+02 1.112909e+02 1.112783e+02 1.121162e+02 1.156893e+02 
1.016718e+02 1.014748e+02 1.015569e+02 1.019879e+02 1.020859e+02 1.041102e+02 1.016937e+02 1.038790e+02 1.016860e+02 1.045721e+02 1.056294e+02 1.018585e+02 1.015970e+02 1.024227e+02 1.025911e+02 1.140612e+02 1.030603e+02 1.032241e+02 1.022836e+02 1.033935e+02 1.026893e+02 1.022991e+02 1.020175e+02 1.019989e+02 1.030391e+02 1.037226e+02 1.019449e+02 1.028257e+02 1.015866e+02 1.091191e+02 
1.008020e+02 1.006792e+02 1.007626e+02 1.005601e+02 1.009366e+02 1.009929e+02 1.006876e+02 1.007537e+02 1.006769e+02 1.007002e+02 1.008044e+02 1.008439e+02 1.007597e+02 1.008810e+02 1.007298e+02 1.015829e+02 1.006732e+02 1.010807e+02 1.007415e+02 1.009083e+02 1.007558e+02 1.005641e+02 1.009343e+02 1.008892e+02 1.009230e+02 1.008091e+02 1.004422e+02 1.009973e+02 1.008891e+02 1.007516e+02 
1.005301e+02 1.004524e+02 1.004361e+02 1.004176e+02 1.003622e+02 1.003944e+02 1.005586e+02 1.004652e+02 1.004009e+02 1.004633e+02 1.004074e+02 1.006467e+02 1.004362e+02 1.003736e+02 1.004741e+02 1.005389e+02 1.005499e+02 1.004865e+02 1.004347e+02 1.004002e+02 1.004132e+02 1.004391e+02 1.005049e+02 1.004653e+02 1.004412e+02 1.003612e+02 1.004406e+02 1.005479e+02 1.004677e+02 1.005526e+02 
1.003026e+02 1.003266e+02 1.003664e+02 1.003514e+02 1.003622e+02 1.003880e+02 1.003968e+02 1.003522e+02 1.003741e+02 1.004451e+02 1.002431e+02 1.002954e+02 1.003285e+02 1.003215e+02 1.003722e+02 1.004761e+02 1.004128e+02 1.003230e+02 1.003751e+02 1.003988e+02 1.003824e+02 1.003390e+02 1.004376e+02 1.003638e+02 1.003207e+02 1.003477e+02 1.003346e+02 1.003737e+02 1.004633e+02 1.003924e+02 
1.002766e+02 1.002802e+02 1.003664e+02 1.003466e+02 1.002827e+02 1.003041e+02 1.003537e+02 1.003522e+02 1.003468e+02 1.003938e+02 1.002431e+02 1.002954e+02 1.003084e+02 1.002611e+02 1.003722e+02 1.003596e+02 1.003583e+02 1.002971e+02 1.003375e+02 1.003314e+02 1.002782e+02 1.002826e+02 1.003674e+02 1.003638e+02 1.003033e+02 1.003405e+02 1.003124e+02 1.003039e+02 1.003731e+02 1.002679e+02 
1.002545e+02 1.002802e+02 1.002830e+02 1.003324e+02 1.002466e+02 1.003038e+02 1.003243e+02 1.003522e+02 1.003177e+02 1.002890e+02 1.002380e+02 1.002954e+02 1.003074e+02 1.002572e+02 1.003535e+02 1.003509e+02 1.003564e+02 1.002751e+02 1.003024e+02 1.002806e+02 1.002782e+02 1.002675e+02 1.003438e+02 1.003245e+02 1.002524e+02 1.003179e+02 1.002680e+02 1.002752e+02 1.003633e+02 1.002209e+02 
1.002353e+02 1.002802e+02 1.002739e+02 1.002156e+02 1.002450e+02 1.003032e+02 1.002944e+02 1.002841e+02 1.003114e+02 1.002890e+02 1.002380e+02 1.002804e+02 1.002616e+02 1.002376e+02 1.003430e+02 1.003214e+02 1.003360e+02 1.002751e+02 1.002789e+02 1.002645e+02 1.002438e+02 1.002675e+02 1.003438e+02 1.003033e+02 1.002119e+02 1.003055e+02 1.002595e+02 1.002566e+02 1.003521e+02 1.002209e+02 
1.002277e+02 1.002802e+02 1.002562e+02 1.002114e+02 1.002359e+02 1.002884e+02 1.002944e+02 1.002454e+02 1.003076e+02 1.002710e+02 1.002353e+02 1.002588e+02 1.002321e+02 1.002376e+02 1.003427e+02 1.002668e+02 1.003360e+02 1.002751e+02 1.002609e+02 1.002645e+02 1.002365e+02 1.002435e+02 1.003438e+02 1.002661e+02 1.002119e+02 1.003020e+02 1.002365e+02 1.002443e+02 1.003413e+02 1.002113e+02 
1.002277e+02 1.002802e+02 1.002562e+02 1.002108e+02 1.002359e+02 1.001710e+02 1.002944e+02 1.001570e+02 1.003076e+02 1.002264e+02 1.002353e+02 1.002588e+02 1.002321e+02 1.000793e+02 1.003092e+02 1.002508e+02 1.003360e+02 1.001169e+02 1.001966e+02 1.002645e+02 1.002365e+02 1.001692e+02 1.002918e+02 1.001110e+02 1.001986e+02 1.003020e+02 1.001957e+02 1.001730e+02 1.002965e+02 1.002113e+02 
2.000000e+05 2.000000e+05 2.000000e+05 2.000000e+05 2.000000e+05 2.000000e+05 2.000000e+05 2.000000e+05 2.000000e+05 2.000000e+05 2.000000e+05 2.000000e+05 2.000000e+05 2.000000e+05 2.000000e+05 2.000000e+05 2.000000e+05 2.000000e+05 2.000000e+05 2.000000e+05 2.000000e+05 2.000000e+05 2.000000e+05 2.000000e+05 2.000000e+05 2.000000e+05 2.000000e+05 2.000000e+05 2.000000e+05 2.000000e+05 
