2.807531e+03 2.118336e+03 2.174091e+03 2.689275e+03 3.002263e+03 2.133338e+03 2.453876e+03 1.289411e+03 3.837407e+03 3.036654e+03 3.857162e+03 1.510855e+03 1.264412e+03 2.201213e+03 2.778457e+03 2.257653e+03 3.480872e+03 2.101400e+03 1.794993e+03 2.812980e+03 3.587530e+03 1.694592e+03 1.675803e+03 1.484377e+03 4.005764e+03 3.260066e+03 2.133355e+03 2.290901e+03 2.636687e+03 2.836152e+03 
2.807531e+03 1.888730e+03 1.740019e+03 1.607224e+03 2.738159e+03 1.641865e+03 1.360419e+03 1.289411e+03 1.184511e+03 3.036654e+03 2.135167e+03 1.123870e+03 1.264412e+03 2.109584e+03 2.076973e+03 2.257653e+03 2.932628e+03 1.911383e+03 1.794993e+03 2.768201e+03 2.179492e+03 1.694592e+03 1.630418e+03 1.484377e+03 1.569464e+03 2.701215e+03 2.133355e+03 2.002867e+03 2.211098e+03 1.592470e+03 
2.377291e+03 8.031368e+02 1.369959e+03 1.607224e+03 2.130026e+03 1.641865e+03 1.054422e+03 1.289411e+03 1.184511e+03 2.339956e+03 1.435823e+03 1.123870e+03 1.264412e+03 2.109584e+03 2.076973e+03 9.365547e+02 1.584614e+03 1.911383e+03 1.080916e+03 2.294282e+03 1.538845e+03 1.694592e+03 1.630418e+03 1.484377e+03 1.395234e+03 1.028759e+03 1.756178e+03 2.002867e+03 2.211098e+03 1.551971e+03 
1.546303e+03 8.031368e+02 1.360797e+03 1.087838e+03 1.408691e+03 1.549685e+03 1.054422e+03 1.094630e+03 1.184511e+03 2.275120e+03 1.435823e+03 1.123870e+03 5.217919e+02 1.096765e+03 1.798193e+03 9.365547e+02 1.584614e+03 1.911383e+03 1.080916e+03 1.832506e+03 1.365848e+03 1.694592e+03 1.630418e+03 1.484377e+03 1.395234e+03 1.028759e+03 1.361496e+03 2.002867e+03 1.862299e+03 3.267058e+02 
1.403868e+03 8.031368e+02 1.140018e+03 1.087838e+03 6.529012e+02 1.549685e+03 9.388863e+02 7.024560e+02 1.006043e+03 1.665812e+03 1.435823e+03 1.094015e+03 5.217919e+02 1.012885e+03 1.643864e+03 9.365547e+02 1.042642e+03 1.338227e+03 5.363849e+02 1.009910e+03 1.281610e+03 1.237014e+03 1.630418e+03 8.473497e+02 1.127271e+03 1.028759e+03 1.348208e+03 1.639740e+03 1.545195e+03 3.267058e+02 
8.588791e+02 6.112806e+02 9.398290e+02 1.087838e+03 6.529012e+02 8.452143e+02 2.907761e+02 7.024560e+02 1.006043e+03 1.003186e+03 4.633083e+02 8.387862e+02 5.217919e+02 4.745129e+02 5.473914e+02 3.545481e+02 7.841097e+02 8.600190e+02 5.363849e+02 8.003171e+02 8.497088e+02 1.110617e+03 7.683173e+02 8.473497e+02 1.072073e+03 8.069769e+02 4.609930e+02 9.002421e+02 1.196716e+03 3.267058e+02 
5.289809e+02 4.587769e+02 5.811890e+02 4.294551e+02 6.529012e+02 7.897362e+02 2.907761e+02 7.024560e+02 6.831895e+02 3.302582e+02 4.633083e+02 5.980431e+02 5.217919e+02 4.107715e+02 5.473914e+02 3.545481e+02 7.841097e+02 7.221425e+02 2.977697e+02 6.760264e+02 4.935748e+02 4.340466e+02 5.431997e+02 7.121424e+02 4.008898e+02 6.450631e+02 4.609930e+02 6.195024e+02 5.512260e+02 3.267058e+02 
2.584931e+02 2.064616e+02 3.049147e+02 2.338502e+02 2.497698e+02 1.902118e+02 2.164769e+02 3.201182e+02 1.502666e+02 1.586182e+02 3.871525e+02 1.046250e+02 2.970350e+02 1.674537e+02 2.359527e+02 1.430549e+02 3.656480e+02 3.645416e+02 2.977697e+02 2.256932e+02 3.356727e+02 4.121618e+02 3.466374e+02 2.298886e+02 2.082198e+02 3.228522e+02 2.720032e+02 2.680842e+02 2.189205e+02 1.534521e+02 
6.689987e+01 3.543912e+01 3.309619e+01 4.197140e+01 7.349992e+01 3.024015e+01 1.830685e+01 3.190120e+01 2.489728e+01 2.373577e+01 2.629557e+01 1.641156e+01 5.565096e+01 2.748973e+01 5.440721e+01 2.772127e+01 3.294253e+01 3.428559e+01 5.642952e+01 4.043912e+01 7.869915e+01 3.515301e+01 1.215044e+01 2.819882e+01 3.278994e+01 3.488156e+01 3.512179e+01 3.527901e+01 5.422819e+01 4.648381e+01 
2.616712e+00 2.219777e+00 1.341584e+00 1.168553e+00 1.983804e+00 1.244826e+00 5.222348e-01 3.999412e-01 1.549095e+00 2.660705e+00 1.267722e+00 3.352508e+00 2.404665e+00 9.219129e-01 1.194178e+00 1.595886e+00 2.877685e+00 1.722078e+00 2.687360e+00 2.187457e+00 3.502600e+00 1.051337e+00 2.027763e+00 2.314638e+00 2.409114e+00 2.381622e+00 1.709681e+00 1.594216e+00 1.469241e+00 2.388367e+00 
2.811511e-03 5.576520e-03 3.532166e-03 2.434491e-03 9.082513e-03 1.728946e-03 5.650436e-04 9.420045e-04 1.793114e-03 1.766349e-02 6.967687e-03 1.036288e-02 6.241298e-03 4.559208e-04 2.068961e-03 1.326472e-03 2.132338e-03 3.711039e-03 1.215868e-02 4.192286e-03 2.362912e-02 2.743281e-03 4.391142e-03 3.275172e-03 8.655232e-03 5.161619e-03 1.968122e-03 1.669732e-03 2.196445e-03 3.897976e-03 
1.000000e-08 1.000000e-08 1.000000e-08 1.000000e-08 1.000000e-08 1.000000e-08 1.000000e-08 1.000000e-08 1.000000e-08 1.000000e-08 1.000000e-08 1.000000e-08 1.000000e-08 1.000000e-08 1.000000e-08 1.000000e-08 1.000000e-08 1.000000e-08 1.000000e-08 1.000000e-08 2.735976e-08 1.000000e-08 1.000001e-08 1.000000e-08 1.000000e-08 1.050296e-08 1.000000e-08 1.000000e-08 1.000000e-08 1.000000e-08 
1.000000e-08 1.000000e-08 1.000000e-08 1.000000e-08 1.000000e-08 1.000000e-08 1.000000e-08 1.000000e-08 1.000000e-08 1.000000e-08 1.000000e-08 1.000000e-08 1.000000e-08 1.000000e-08 1.000000e-08 1.000000e-08 1.000000e-08 1.000000e-08 1.000000e-08 1.000000e-08 1.000000e-08 1.000000e-08 1.000000e-08 1.000000e-08 1.000000e-08 1.000000e-08 1.000000e-08 1.000000e-08 1.000000e-08 1.000000e-08 
1.000000e-08 1.000000e-08 1.000000e-08 1.000000e-08 1.000000e-08 1.000000e-08 1.000000e-08 1.000000e-08 1.000000e-08 1.000000e-08 1.000000e-08 1.000000e-08 1.000000e-08 1.000000e-08 1.000000e-08 1.000000e-08 1.000000e-08 1.000000e-08 1.000000e-08 1.000000e-08 1.000000e-08 1.000000e-08 1.000000e-08 1.000000e-08 1.000000e-08 1.000000e-08 1.000000e-08 1.000000e-08 1.000000e-08 1.000000e-08 
1.000000e-08 1.000000e-08 1.000000e-08 1.000000e-08 1.000000e-08 1.000000e-08 1.000000e-08 1.000000e-08 1.000000e-08 1.000000e-08 1.000000e-08 1.000000e-08 1.000000e-08 1.000000e-08 1.000000e-08 1.000000e-08 1.000000e-08 1.000000e-08 1.000000e-08 1.000000e-08 1.000000e-08 1.000000e-08 1.000000e-08 1.000000e-08 1.000000e-08 1.000000e-08 1.000000e-08 1.000000e-08 1.000000e-08 1.000000e-08 
1.000000e-08 1.000000e-08 1.000000e-08 1.000000e-08 1.000000e-08 1.000000e-08 1.000000e-08 1.000000e-08 1.000000e-08 1.000000e-08 1.000000e-08 1.000000e-08 1.000000e-08 1.000000e-08 1.000000e-08 1.000000e-08 1.000000e-08 1.000000e-08 1.000000e-08 1.000000e-08 1.000000e-08 1.000000e-08 1.000000e-08 1.000000e-08 1.000000e-08 1.000000e-08 1.000000e-08 1.000000e-08 1.000000e-08 1.000000e-08 
3.001500e+04 3.061300e+04 3.078300e+04 2.967100e+04 3.163300e+04 2.992900e+04 2.855300e+04 2.881100e+04 3.044300e+04 3.120800e+04 3.120800e+04 3.052800e+04 3.035800e+04 2.898300e+04 2.984300e+04 2.924100e+04 3.078300e+04 3.061300e+04 3.112300e+04 2.967100e+04 3.214300e+04 2.975700e+04 3.171800e+04 3.146300e+04 3.146300e+04 3.188800e+04 3.018700e+04 2.949900e+04 3.001500e+04 3.018700e+04 
