9.110026e+04 3.277979e+05 1.040533e+05 8.364568e+04 1.261907e+05 9.016944e+04 6.897943e+05 1.169482e+05 2.041849e+06 7.440057e+04 7.654104e+04 8.822324e+04 2.206909e+05 6.901381e+04 1.164542e+05 5.805136e+04 6.908425e+05 8.935997e+04 1.396436e+07 1.367741e+07 1.242438e+05 2.855808e+05 1.964817e+06 8.732231e+04 8.988209e+04 3.431538e+06 6.351798e+04 4.104419e+07 1.113454e+05 2.075990e+06 
9.110026e+04 1.318760e+05 1.040533e+05 8.364568e+04 8.022382e+04 9.016944e+04 6.897943e+05 1.169482e+05 1.487352e+05 7.440057e+04 7.654104e+04 8.822324e+04 2.206909e+05 6.901381e+04 1.057089e+05 5.805136e+04 1.852946e+05 7.313564e+04 3.757264e+05 1.180372e+06 1.242438e+05 2.855808e+05 3.641789e+05 7.568626e+04 8.988209e+04 3.431538e+06 6.351798e+04 3.878978e+07 1.113454e+05 2.075990e+06 
9.110026e+04 1.211756e+05 6.829870e+04 8.364568e+04 4.895128e+04 9.016944e+04 6.694727e+04 9.362872e+04 1.031297e+05 7.440057e+04 7.654104e+04 7.798740e+04 7.665673e+04 6.901381e+04 5.137629e+04 5.805136e+04 1.852946e+05 7.313564e+04 1.004859e+05 9.008443e+04 7.347417e+04 2.031512e+05 1.049089e+05 7.568626e+04 5.524823e+04 1.314691e+05 6.351798e+04 1.342233e+05 1.113454e+05 9.661899e+04 
6.267122e+04 1.156997e+05 6.829870e+04 8.364568e+04 4.895128e+04 7.984707e+04 6.694727e+04 7.857534e+04 1.031297e+05 7.440057e+04 6.314247e+04 4.718304e+04 7.290020e+04 6.901381e+04 5.137629e+04 5.805136e+04 8.705310e+04 4.989195e+04 7.749944e+04 8.652927e+04 6.791124e+04 6.142310e+04 9.108125e+04 7.568626e+04 5.524823e+04 8.827161e+04 6.351798e+04 1.085387e+05 1.106062e+05 9.661899e+04 
5.213961e+04 5.769929e+04 6.195948e+04 7.532178e+04 4.895128e+04 7.704349e+04 6.694727e+04 6.202269e+04 7.817483e+04 7.440057e+04 6.314247e+04 4.718304e+04 5.159410e+04 6.476803e+04 5.137629e+04 4.453505e+04 7.525594e+04 4.989195e+04 6.933415e+04 2.963851e+04 6.791124e+04 6.142310e+04 7.424613e+04 6.046471e+04 5.524823e+04 7.390177e+04 5.123229e+04 8.248260e+04 6.250059e+04 7.906471e+04 
4.896995e+04 5.418083e+04 6.126259e+04 7.532178e+04 4.775221e+04 6.096857e+04 5.740796e+04 5.912777e+04 6.642985e+04 6.242816e+04 5.733592e+04 4.718304e+04 4.549926e+04 5.815737e+04 5.137629e+04 4.453505e+04 7.373869e+04 4.454088e+04 4.341980e+04 2.963851e+04 5.868702e+04 3.934027e+04 4.207989e+04 5.421588e+04 5.524823e+04 4.377571e+04 2.842102e+04 4.821024e+04 5.164277e+04 6.813710e+04 
1.926684e+04 3.186215e+04 5.010542e+04 3.163160e+04 3.086233e+04 4.017272e+04 3.716867e+04 2.952731e+04 3.696024e+04 5.832618e+04 3.290719e+04 4.718304e+04 1.482335e+04 2.605144e+04 3.394069e+04 4.078009e+04 2.589395e+04 2.535404e+04 3.935476e+04 2.940265e+04 2.861722e+04 3.780845e+04 1.801398e+04 1.593424e+04 3.395276e+04 4.377571e+04 1.483472e+04 3.216496e+04 5.062235e+04 4.436018e+04 
1.827788e+03 1.813779e+03 4.233797e+03 2.676833e+03 2.344471e+03 3.419917e+04 7.327678e+03 2.370521e+03 6.226269e+03 4.045927e+04 7.335084e+03 2.239197e+04 6.755425e+02 2.955199e+03 5.199452e+03 4.050365e+04 8.554346e+03 3.438428e+03 2.247304e+04 6.913872e+03 2.163962e+03 3.224089e+04 2.745926e+03 2.043054e+03 4.819669e+03 3.719099e+04 2.217159e+03 1.096579e+04 1.915447e+04 5.704051e+03 
1.885444e+01 3.121145e+01 3.761201e+01 1.819670e+01 2.574385e+01 3.613782e+02 3.043762e+01 3.663417e+01 3.556807e+01 4.106889e+02 4.958360e+01 2.465142e+02 3.625429e+00 2.883607e+01 1.105834e+02 3.406929e+04 4.328480e+01 1.627723e+01 2.129384e+02 8.058423e+01 9.522423e+00 1.348859e+03 2.881185e+01 2.223122e+01 4.204222e+01 9.095458e+02 1.944567e+01 5.874436e+01 5.190809e+02 6.975628e+01 
5.567179e-04 6.281611e-03 2.958701e-03 7.692464e-04 2.387335e-03 3.161424e-02 1.868917e-03 1.438895e-03 7.951746e-04 1.868548e-02 2.816064e-03 6.619789e-02 9.459107e-05 2.175724e-03 1.037759e-02 3.353674e+04 4.729424e-03 1.764457e-03 1.758903e-02 2.586869e-03 9.159691e-04 7.105708e-02 2.670340e-03 2.652245e-03 1.525167e-03 6.792648e-02 3.340527e-04 3.031305e-03 2.172392e-01 3.704616e-03 
1.000000e-08 1.000000e-08 1.000000e-08 1.000000e-08 1.000000e-08 1.000000e-08 1.000000e-08 1.000000e-08 1.000000e-08 1.000000e-08 1.000000e-08 1.000000e-08 1.000000e-08 1.000000e-08 1.000000e-08 3.296328e+04 1.000000e-08 1.000000e-08 1.000000e-08 1.000000e-08 1.000000e-08 1.000000e-08 1.000000e-08 1.000000e-08 1.000000e-08 1.000000e-08 1.000000e-08 1.000000e-08 1.000000e-08 1.000000e-08 
1.000000e-08 1.000000e-08 1.000000e-08 1.000000e-08 1.000000e-08 1.000000e-08 1.000000e-08 1.000000e-08 1.000000e-08 1.000000e-08 1.000000e-08 1.000000e-08 1.000000e-08 1.000000e-08 1.000000e-08 3.184186e+04 1.000000e-08 1.000000e-08 1.000000e-08 1.000000e-08 1.000000e-08 1.000000e-08 1.000000e-08 1.000000e-08 1.000000e-08 1.000000e-08 1.000000e-08 1.000000e-08 1.000000e-08 1.000000e-08 
1.000000e-08 1.000000e-08 1.000000e-08 1.000000e-08 1.000000e-08 1.000000e-08 1.000000e-08 1.000000e-08 1.000000e-08 1.000000e-08 1.000000e-08 1.000000e-08 1.000000e-08 1.000000e-08 1.000000e-08 2.885270e+04 1.000000e-08 1.000000e-08 1.000000e-08 1.000000e-08 1.000000e-08 1.000000e-08 1.000000e-08 1.000000e-08 1.000000e-08 1.000000e-08 1.000000e-08 1.000000e-08 1.000000e-08 1.000000e-08 
1.000000e-08 1.000000e-08 1.000000e-08 1.000000e-08 1.000000e-08 1.000000e-08 1.000000e-08 1.000000e-08 1.000000e-08 1.000000e-08 1.000000e-08 1.000000e-08 1.000000e-08 1.000000e-08 1.000000e-08 2.419893e+04 1.000000e-08 1.000000e-08 1.000000e-08 1.000000e-08 1.000000e-08 1.000000e-08 1.000000e-08 1.000000e-08 1.000000e-08 1.000000e-08 1.000000e-08 1.000000e-08 1.000000e-08 1.000000e-08 
1.000000e-08 1.000000e-08 1.000000e-08 1.000000e-08 1.000000e-08 1.000000e-08 1.000000e-08 1.000000e-08 1.000000e-08 1.000000e-08 1.000000e-08 1.000000e-08 1.000000e-08 1.000000e-08 1.000000e-08 1.854009e+04 1.000000e-08 1.000000e-08 1.000000e-08 1.000000e-08 1.000000e-08 1.000000e-08 1.000000e-08 1.000000e-08 1.000000e-08 1.000000e-08 1.000000e-08 1.000000e-08 1.000000e-08 1.000000e-08 
1.000000e-08 1.000000e-08 1.000000e-08 1.000000e-08 1.000000e-08 1.000000e-08 1.000000e-08 1.000000e-08 1.000000e-08 1.000000e-08 1.000000e-08 1.000000e-08 1.000000e-08 1.000000e-08 1.000000e-08 1.229745e+04 1.000000e-08 1.000000e-08 1.000000e-08 1.000000e-08 1.000000e-08 1.000000e-08 1.000000e-08 1.000000e-08 1.000000e-08 1.000000e-08 1.000000e-08 1.000000e-08 1.000000e-08 1.000000e-08 
4.203000e+04 4.366200e+04 4.270200e+04 4.116600e+04 4.433400e+04 4.539000e+04 4.231800e+04 4.174200e+04 4.020600e+04 4.519800e+04 4.222200e+04 4.759100e+04 3.799800e+04 4.183800e+04 4.539000e+04 1.000000e+06 4.241400e+04 4.155000e+04 4.404600e+04 4.327800e+04 4.049400e+04 4.673400e+04 4.174200e+04 4.356600e+04 4.366200e+04 4.491000e+04 4.087800e+04 4.183800e+04 4.835100e+04 4.356600e+04 
