1.134084e+02 1.214347e+02 1.250030e+02 1.226097e+02 1.111578e+02 1.297035e+02 9.276777e+01 1.202834e+02 1.075308e+02 1.149954e+02 1.100393e+02 8.508365e+01 1.096816e+02 1.123166e+02 1.081558e+02 1.370844e+02 9.819257e+01 1.022628e+02 1.301031e+02 1.341958e+02 1.220458e+02 1.136749e+02 1.043497e+02 1.220846e+02 1.243963e+02 1.131191e+02 1.205460e+02 1.146058e+02 1.031195e+02 1.073341e+02 
1.049786e+02 1.164972e+02 1.186186e+02 1.124430e+02 1.111578e+02 1.051315e+02 9.276777e+01 1.202834e+02 1.075308e+02 1.149954e+02 1.085705e+02 8.508365e+01 1.010354e+02 1.094716e+02 1.081558e+02 8.730389e+01 9.819257e+01 1.022628e+02 9.445271e+01 1.301174e+02 1.220458e+02 1.136749e+02 8.458768e+01 1.207029e+02 1.127998e+02 1.006304e+02 1.205460e+02 1.146058e+02 1.031195e+02 1.073341e+02 
1.014626e+02 1.011320e+02 1.042623e+02 1.010881e+02 1.006923e+02 1.051315e+02 9.276777e+01 9.592577e+01 1.049991e+02 9.008486e+01 1.062618e+02 8.367759e+01 1.010354e+02 1.094716e+02 1.017159e+02 8.730389e+01 9.819257e+01 8.895587e+01 9.423729e+01 1.123192e+02 1.091609e+02 1.080704e+02 8.458768e+01 1.139953e+02 9.884327e+01 8.502128e+01 9.042393e+01 1.067947e+02 9.701148e+01 7.902845e+01 
1.007320e+02 7.985034e+01 8.001717e+01 9.885741e+01 9.293440e+01 9.527146e+01 8.121851e+01 7.339411e+01 8.981163e+01 9.008486e+01 8.077702e+01 8.367759e+01 7.285055e+01 9.200907e+01 8.846849e+01 8.730389e+01 9.475898e+01 7.935694e+01 7.944018e+01 1.067276e+02 1.005613e+02 7.825539e+01 8.458768e+01 9.493913e+01 9.369105e+01 8.318058e+01 9.042393e+01 9.684926e+01 8.415750e+01 7.902845e+01 
8.385498e+01 7.985034e+01 6.924167e+01 8.584611e+01 6.458123e+01 8.065922e+01 6.969175e+01 7.185757e+01 8.032464e+01 6.916222e+01 7.614221e+01 8.010100e+01 7.285055e+01 7.664035e+01 7.447277e+01 7.560480e+01 7.410196e+01 7.452772e+01 7.790375e+01 8.256523e+01 7.463568e+01 7.247207e+01 7.994088e+01 7.918073e+01 7.246372e+01 6.941139e+01 7.476276e+01 8.488784e+01 7.810238e+01 7.902845e+01 
4.587887e+01 6.637384e+01 5.709514e+01 5.229099e+01 4.886860e+01 5.777158e+01 4.780249e+01 6.409308e+01 5.123264e+01 4.923183e+01 5.404555e+01 5.907123e+01 4.916668e+01 6.273559e+01 4.481695e+01 5.246563e+01 5.331996e+01 6.017252e+01 4.998799e+01 4.917702e+01 5.626259e+01 4.835852e+01 5.732215e+01 5.633906e+01 5.598469e+01 5.172599e+01 4.873991e+01 5.676321e+01 6.424723e+01 6.125695e+01 
3.806072e+01 3.645570e+01 2.639023e+01 4.247144e+01 3.029545e+01 3.687203e+01 3.639287e+01 3.319795e+01 3.431125e+01 2.719426e+01 3.729857e+01 3.557681e+01 3.032400e+01 3.650677e+01 2.999809e+01 3.045434e+01 3.502942e+01 3.511032e+01 3.063923e+01 2.967327e+01 3.348790e+01 3.647188e+01 3.156321e+01 3.820788e+01 4.117089e+01 3.309495e+01 3.496960e+01 3.775301e+01 3.666635e+01 3.441394e+01 
1.461561e+01 1.542275e+01 1.507507e+01 9.636135e+00 1.871610e+01 1.131861e+01 1.933021e+01 1.088039e+01 1.258334e+01 1.212940e+01 1.391501e+01 1.159265e+01 1.119829e+01 1.294165e+01 1.170027e+01 1.582594e+01 1.497981e+01 1.570251e+01 1.143495e+01 1.428969e+01 1.468775e+01 1.504015e+01 1.131615e+01 1.093914e+01 1.493959e+01 1.231427e+01 1.253345e+01 1.466582e+01 1.733506e+01 1.211099e+01 
2.959889e+00 2.309358e+00 2.021904e+00 2.096849e+00 3.021690e+00 1.920238e+00 2.703500e+00 2.155107e+00 2.324568e+00 2.169844e+00 2.460166e+00 1.901825e+00 1.321008e+00 1.997566e+00 2.239794e+00 2.334939e+00 1.474354e+00 2.042701e+00 1.566381e+00 1.687884e+00 1.708677e+00 2.874698e+00 1.422261e+00 1.528808e+00 2.393772e+00 1.815743e+00 1.780161e+00 2.176613e+00 3.070650e+00 2.475289e+00 
7.150738e-02 1.288022e-01 7.578023e-02 4.421978e-02 6.986848e-02 6.559595e-02 8.919398e-02 8.361200e-02 6.595795e-02 1.081187e-01 7.034348e-02 5.572466e-02 5.055271e-02 4.072876e-02 6.144381e-02 7.677799e-02 6.005134e-02 7.839751e-02 4.284585e-02 7.082838e-02 4.039340e-02 7.189274e-02 3.506439e-02 3.798387e-02 7.476057e-02 5.067648e-02 3.221770e-02 1.233371e-01 7.754388e-02 7.509685e-02 
1.599768e-04 3.141878e-04 1.993040e-04 1.640508e-04 1.625842e-04 3.098612e-04 1.871974e-04 1.919531e-04 2.049884e-04 1.991633e-04 2.379279e-04 1.771043e-04 2.283514e-04 1.242859e-04 1.703288e-04 2.181558e-04 1.396602e-04 2.336864e-04 1.548884e-04 2.217545e-04 1.332162e-04 3.462806e-04 1.169401e-04 1.930982e-04 1.697014e-04 1.870778e-04 1.638030e-04 2.153549e-04 2.236383e-04 1.454025e-04 
1.000000e-08 1.000000e-08 1.000000e-08 1.000000e-08 1.000000e-08 1.000000e-08 2.013769e-08 1.000000e-08 8.386894e-08 1.000000e-08 1.000000e-08 1.000000e-08 1.000000e-08 3.346465e-07 3.777008e-07 1.000000e-08 1.000000e-08 1.000000e-08 1.000000e-08 1.000000e-08 6.920527e-08 1.467811e-08 1.000000e-08 1.000000e-08 1.000000e-08 1.000000e-08 1.000000e-08 3.267951e-08 1.000000e-08 1.000000e-08 
1.000000e-08 1.000000e-08 1.000000e-08 1.000000e-08 1.000000e-08 1.000000e-08 1.000000e-08 1.000000e-08 1.000000e-08 1.000000e-08 1.000000e-08 1.000000e-08 1.000000e-08 3.188661e-07 3.188661e-07 1.000000e-08 1.000000e-08 1.000000e-08 1.000000e-08 1.000000e-08 1.000000e-08 1.000000e-08 1.000000e-08 1.000000e-08 1.000000e-08 1.000000e-08 1.000000e-08 1.000000e-08 1.000000e-08 1.000000e-08 
1.000000e-08 1.000000e-08 1.000000e-08 1.000000e-08 1.000000e-08 1.000000e-08 1.000000e-08 1.000000e-08 1.000000e-08 1.000000e-08 1.000000e-08 1.000000e-08 1.000000e-08 3.188661e-07 3.188661e-07 1.000000e-08 1.000000e-08 1.000000e-08 1.000000e-08 1.000000e-08 1.000000e-08 1.000000e-08 1.000000e-08 1.000000e-08 1.000000e-08 1.000000e-08 1.000000e-08 1.000000e-08 1.000000e-08 1.000000e-08 
1.000000e-08 1.000000e-08 1.000000e-08 1.000000e-08 1.000000e-08 1.000000e-08 1.000000e-08 1.000000e-08 1.000000e-08 1.000000e-08 1.000000e-08 1.000000e-08 1.000000e-08 3.188661e-07 3.188661e-07 1.000000e-08 1.000000e-08 1.000000e-08 1.000000e-08 1.000000e-08 1.000000e-08 1.000000e-08 1.000000e-08 1.000000e-08 1.000000e-08 1.000000e-08 1.000000e-08 1.000000e-08 1.000000e-08 1.000000e-08 
1.000000e-08 1.000000e-08 1.000000e-08 1.000000e-08 1.000000e-08 1.000000e-08 1.000000e-08 1.000000e-08 1.000000e-08 1.000000e-08 1.000000e-08 1.000000e-08 1.000000e-08 1.000000e-08 1.000000e-08 1.000000e-08 1.000000e-08 1.000000e-08 1.000000e-08 1.000000e-08 1.000000e-08 1.000000e-08 1.000000e-08 1.000000e-08 1.000000e-08 1.000000e-08 1.000000e-08 1.000000e-08 1.000000e-08 1.000000e-08 
8.576800e+04 8.880200e+04 8.825200e+04 8.503200e+04 8.512400e+04 8.705600e+04 9.226000e+04 8.797600e+04 9.508100e+04 8.825200e+04 8.678000e+04 8.448000e+04 8.742400e+04 7.194870e+05 6.412460e+05 9.007600e+04 8.457200e+04 8.420400e+04 8.980300e+04 8.971200e+04 9.435300e+04 9.162300e+04 8.751600e+04 8.613600e+04 8.402000e+04 8.291600e+04 8.678000e+04 9.271500e+04 8.328400e+04 8.089200e+04 
