1.681905e+04	1.106533e+04	1.216531e+04	1.260299e+04	9.211001e+03	9.956417e+03	1.103914e+04	1.171102e+04	5.590732e+03	1.208904e+04	1.113940e+04	7.964460e+03	1.354741e+04	9.976903e+03	1.027290e+04	9.981108e+03	9.315572e+03	1.355168e+04	1.396908e+04	1.188528e+04	1.228623e+04	1.395636e+04	1.119353e+04	1.162497e+04	1.363677e+04	9.542384e+03	1.227327e+04	9.089061e+03	1.072387e+04	1.002953e+04	
1.593362e+04	1.010313e+04	1.216531e+04	9.820411e+03	9.211001e+03	9.956417e+03	9.970941e+03	1.134010e+04	5.590732e+03	1.208904e+04	9.962905e+03	7.964460e+03	1.354741e+04	8.132240e+03	8.326993e+03	9.981108e+03	9.315572e+03	1.160241e+04	1.394038e+04	1.087190e+04	9.254305e+03	9.930558e+03	1.105290e+04	1.162497e+04	1.363677e+04	9.542384e+03	8.848039e+03	9.089061e+03	1.072387e+04	6.513765e+03	
7.481386e+03	9.855826e+03	1.216531e+04	9.820411e+03	9.211001e+03	7.232267e+03	9.818657e+03	1.134010e+04	5.590732e+03	1.030985e+04	9.962905e+03	7.964460e+03	1.075289e+04	8.132240e+03	8.326993e+03	9.981108e+03	9.315572e+03	1.160241e+04	1.151946e+04	9.639488e+03	9.254305e+03	8.152901e+03	9.751565e+03	8.860262e+03	7.632193e+03	9.542384e+03	8.848039e+03	8.691632e+03	8.186335e+03	6.513765e+03	
6.441329e+03	7.796114e+03	9.641731e+03	9.820411e+03	8.253417e+03	7.232267e+03	6.307254e+03	9.005741e+03	5.590732e+03	8.947761e+03	9.962905e+03	7.964460e+03	8.473913e+03	6.134009e+03	8.326993e+03	9.981108e+03	9.315572e+03	1.070818e+04	7.126546e+03	9.639488e+03	9.067399e+03	8.152901e+03	9.735178e+03	8.860262e+03	6.760366e+03	9.542384e+03	8.848039e+03	8.691632e+03	8.186335e+03	6.513765e+03	
6.441329e+03	7.796114e+03	7.968083e+03	6.382161e+03	8.253417e+03	7.232267e+03	6.307254e+03	9.005741e+03	5.508335e+03	8.947761e+03	9.962905e+03	7.964460e+03	8.473913e+03	6.134009e+03	6.680889e+03	9.834642e+03	7.537140e+03	9.891317e+03	7.126546e+03	9.639488e+03	8.315903e+03	8.152901e+03	8.390302e+03	8.860262e+03	6.760366e+03	9.385159e+03	8.848039e+03	8.310873e+03	5.594040e+03	6.394008e+03	
6.291678e+03	6.819426e+03	7.662442e+03	6.382161e+03	7.737262e+03	7.103394e+03	5.779288e+03	9.005741e+03	5.508335e+03	6.521723e+03	9.143448e+03	7.045802e+03	8.473913e+03	5.346821e+03	6.680889e+03	9.834642e+03	4.633739e+03	7.587055e+03	7.126546e+03	9.639488e+03	6.351228e+03	7.491686e+03	8.203666e+03	8.860262e+03	6.760366e+03	9.385159e+03	7.401492e+03	6.443887e+03	5.594040e+03	6.268761e+03	
5.921674e+03	6.819426e+03	7.028154e+03	6.382161e+03	7.601731e+03	6.336553e+03	5.135755e+03	7.156238e+03	5.508335e+03	6.521723e+03	7.286376e+03	7.031780e+03	7.935249e+03	5.346821e+03	5.880914e+03	8.150316e+03	4.633739e+03	7.393652e+03	7.126546e+03	6.895273e+03	6.351228e+03	6.662204e+03	5.690705e+03	6.400314e+03	6.760366e+03	7.202006e+03	6.412653e+03	6.443887e+03	5.594040e+03	6.268761e+03	
5.921674e+03	6.819426e+03	4.310953e+03	6.382161e+03	6.221982e+03	5.945611e+03	5.135755e+03	5.714419e+03	5.508335e+03	6.521723e+03	7.286376e+03	7.031780e+03	5.550660e+03	5.346821e+03	4.205417e+03	5.467019e+03	4.633739e+03	6.420405e+03	6.060402e+03	5.362476e+03	5.517259e+03	6.496414e+03	5.409444e+03	6.020899e+03	6.573983e+03	6.993335e+03	6.122104e+03	6.443887e+03	5.289285e+03	6.128155e+03	
5.910343e+03	4.242547e+03	3.927024e+03	6.382161e+03	5.339632e+03	5.473096e+03	5.135755e+03	5.607813e+03	4.536815e+03	5.317407e+03	5.765598e+03	5.893132e+03	5.246106e+03	5.346821e+03	2.511965e+03	5.467019e+03	4.633739e+03	4.439090e+03	6.060402e+03	4.750284e+03	5.238668e+03	5.674370e+03	5.409444e+03	5.768929e+03	4.715332e+03	6.339138e+03	4.556926e+03	3.894666e+03	5.097549e+03	6.108323e+03	
5.150522e+03	3.981533e+03	3.927024e+03	5.352146e+03	4.420182e+03	5.081166e+03	4.999780e+03	5.547934e+03	4.469920e+03	3.895672e+03	5.651623e+03	5.077354e+03	4.648555e+03	5.339561e+03	2.511965e+03	4.518599e+03	4.633739e+03	4.266235e+03	5.263944e+03	4.637515e+03	4.526717e+03	5.674370e+03	4.690986e+03	5.617125e+03	3.722759e+03	5.535513e+03	4.556926e+03	3.894666e+03	4.333850e+03	4.482305e+03	
4.190140e+03	3.951628e+03	3.385011e+03	4.381142e+03	3.036991e+03	4.093482e+03	4.817396e+03	4.891404e+03	3.836744e+03	3.688479e+03	4.911982e+03	4.517572e+03	4.616570e+03	4.232450e+03	1.972873e+03	3.538482e+03	4.236327e+03	3.454550e+03	4.499108e+03	3.160125e+03	3.779625e+03	5.673627e+03	3.930785e+03	3.620981e+03	3.709673e+03	3.969695e+03	4.556926e+03	3.838486e+03	3.213196e+03	3.726490e+03	
3.616625e+03	3.215986e+03	2.589487e+03	4.001599e+03	2.862276e+03	2.970270e+03	3.791302e+03	3.373745e+03	3.193837e+03	3.170056e+03	4.339385e+03	2.732074e+03	3.264059e+03	3.261455e+03	1.550663e+03	2.568956e+03	4.226559e+03	3.212061e+03	3.729380e+03	2.754174e+03	2.945497e+03	4.054164e+03	2.469434e+03	3.250079e+03	2.688916e+03	3.226046e+03	3.513016e+03	3.672397e+03	2.075152e+03	2.809379e+03	
2.995026e+03	3.215986e+03	2.478608e+03	3.607108e+03	2.845749e+03	2.630708e+03	3.203531e+03	3.148708e+03	2.456581e+03	2.721554e+03	3.300022e+03	2.424471e+03	2.772497e+03	3.259458e+03	1.430141e+03	2.368823e+03	3.561098e+03	3.024970e+03	1.985363e+03	1.791555e+03	2.767834e+03	2.728098e+03	2.330822e+03	3.006076e+03	2.312740e+03	2.484737e+03	3.227913e+03	3.266842e+03	1.870804e+03	2.657814e+03	
1.766104e+03	2.054319e+03	2.323943e+03	2.245677e+03	2.379587e+03	2.540916e+03	2.745000e+03	2.644054e+03	1.946006e+03	2.307101e+03	2.623910e+03	2.074849e+03	2.650623e+03	2.672931e+03	1.295715e+03	1.905854e+03	2.480645e+03	2.432720e+03	1.592808e+03	1.670213e+03	1.545309e+03	2.131033e+03	1.930171e+03	2.792154e+03	1.958915e+03	2.260406e+03	2.811566e+03	2.586873e+03	1.825735e+03	2.522331e+03	
1.536047e+03	1.571106e+03	1.446760e+03	1.729527e+03	1.863796e+03	2.187240e+03	2.338010e+03	2.347156e+03	1.791995e+03	2.057566e+03	2.116917e+03	1.428688e+03	2.269037e+03	1.975667e+03	1.190104e+03	1.557008e+03	1.725304e+03	1.326572e+03	1.403733e+03	1.490513e+03	1.428528e+03	1.808505e+03	7.702507e+02	2.290152e+03	1.456099e+03	1.387354e+03	1.104035e+03	1.368859e+03	1.646258e+03	1.174341e+03	
5.438523e-01	0.000000e+00	0.000000e+00	0.000000e+00	0.000000e+00	3.272236e+00	0.000000e+00	0.000000e+00	0.000000e+00	0.000000e+00	4.543240e-01	0.000000e+00	8.952825e-02	0.000000e+00	0.000000e+00	0.000000e+00	0.000000e+00	0.000000e+00	0.000000e+00	0.000000e+00	0.000000e+00	0.000000e+00	0.000000e+00	0.000000e+00	0.000000e+00	0.000000e+00	0.000000e+00	0.000000e+00	0.000000e+00	0.000000e+00	
0	0	0	0	0	0	0	0	0	0	0	0	0	0	0	0	0	0	0	0	0	0	0	0	0	0	0	0	0	0	
