6.774668e+02	9.330093e+02	8.076687e+02	6.743773e+02	2.173051e+03	5.872133e+02	1.864014e+03	4.832279e+03	1.207317e+03	2.442924e+04	2.010556e+03	1.057243e+03	3.300532e+03	1.336173e+03	2.645510e+03	9.275636e+02	1.271518e+03	1.397288e+03	1.191813e+03	4.615945e+03	1.108257e+03	5.190121e+03	5.192166e+02	5.864510e+03	1.152093e+03	1.106074e+04	1.679212e+03	8.921369e+02	1.204719e+03	2.013468e+03	
6.774668e+02	9.330093e+02	8.076687e+02	6.743773e+02	4.351816e+02	5.872133e+02	1.864014e+03	5.675769e+02	1.207317e+03	1.879393e+03	9.031538e+02	4.659179e+02	9.997638e+02	9.590695e+02	2.645510e+03	9.275636e+02	5.752398e+02	6.427730e+02	1.191813e+03	1.022380e+03	1.108257e+03	3.137608e+03	5.192166e+02	2.395202e+03	5.943140e+02	7.230835e+02	1.679212e+03	8.666844e+02	1.204719e+03	2.013468e+03	
6.774668e+02	8.307305e+02	8.076687e+02	6.743773e+02	4.351816e+02	5.872133e+02	1.864014e+03	5.675769e+02	9.327839e+02	1.434555e+03	9.031538e+02	4.659179e+02	9.876367e+02	9.590695e+02	4.236560e+02	9.129676e+02	5.752398e+02	6.427730e+02	8.504120e+02	1.022380e+03	1.108257e+03	1.487158e+03	5.192166e+02	6.714390e+02	5.943140e+02	7.230835e+02	1.679212e+03	8.666844e+02	9.162299e+02	6.717725e+02	
6.527568e+02	6.276137e+02	7.568140e+02	6.743773e+02	4.351816e+02	5.872133e+02	9.633375e+02	5.675769e+02	9.327839e+02	1.434555e+03	8.641276e+02	4.659179e+02	9.876367e+02	4.853943e+02	4.236560e+02	6.236450e+02	5.064805e+02	6.427730e+02	4.726296e+02	1.022380e+03	8.150995e+02	1.139153e+03	5.192166e+02	6.714390e+02	5.943140e+02	7.230835e+02	1.036938e+03	8.666844e+02	9.162299e+02	6.154692e+02	
6.527568e+02	6.276137e+02	7.519187e+02	6.743773e+02	4.351816e+02	5.582173e+02	9.633375e+02	5.675769e+02	9.245273e+02	1.215804e+03	8.624255e+02	4.629104e+02	9.826584e+02	4.853943e+02	4.236560e+02	6.236450e+02	5.064805e+02	6.427730e+02	4.594222e+02	8.459532e+02	8.150995e+02	1.138467e+03	4.336127e+02	6.693483e+02	5.943140e+02	7.225879e+02	1.036938e+03	8.664841e+02	9.162299e+02	6.154692e+02	
6.512112e+02	6.276137e+02	7.519187e+02	6.374474e+02	4.350532e+02	5.582173e+02	9.633375e+02	5.675769e+02	8.123095e+02	9.063789e+02	6.391838e+02	4.629104e+02	9.808826e+02	4.380250e+02	4.236121e+02	6.151439e+02	4.848680e+02	6.420421e+02	4.594222e+02	6.691775e+02	6.050137e+02	7.487027e+02	4.336127e+02	6.693483e+02	5.918454e+02	7.225879e+02	8.450473e+02	8.664841e+02	9.162299e+02	4.151988e+02	
6.512112e+02	5.141929e+02	1.491064e+02	3.572428e+02	4.318068e+02	5.574158e+02	9.086342e+02	5.675769e+02	4.737396e+02	3.351158e+02	5.345101e+02	4.589452e+02	7.025703e+02	4.254949e+02	4.235859e+02	4.449543e+02	3.330700e+02	5.273833e+02	3.013283e+02	5.248158e+02	2.407673e+02	6.880201e+02	4.238734e+02	4.948182e+02	5.846202e+02	6.764618e+02	8.407597e+02	5.298031e+02	8.965227e+02	4.151988e+02	
5.763056e+02	4.160909e+02	1.320784e+02	2.856343e+02	4.296111e+02	4.327159e+02	7.869838e+02	5.016216e+02	2.606386e+02	3.170478e+02	5.324851e+02	4.490599e+02	6.032148e+02	3.917251e+02	3.018119e+02	2.797566e+02	3.313313e+02	3.021078e+02	3.009601e+02	4.777701e+02	2.405918e+02	4.368705e+02	1.817224e+02	3.702550e+02	3.240450e+02	4.338512e+02	5.431647e+02	5.258094e+02	6.349866e+02	2.403301e+02	
2.942619e+02	1.220408e+02	1.287736e+02	2.251488e+02	3.426973e+02	3.553376e+02	3.472109e+02	4.094359e+02	7.012756e+01	1.954356e+02	2.398421e+02	2.795008e+02	3.162414e+02	1.091871e+02	1.863824e+02	1.816195e+02	1.632220e+02	2.736636e+02	1.127635e+02	1.047742e+02	1.052782e+02	3.225044e+02	1.195403e+02	1.795987e+02	2.029059e+02	3.395126e+02	5.875829e+01	3.921621e+02	2.620051e+02	2.401485e+02	
4.404530e+01	4.775477e+01	6.134626e+01	9.256496e+01	7.228595e+01	7.991940e+01	8.509648e+01	1.394463e+02	6.352309e+01	7.667174e+01	1.466826e+02	1.801146e+02	1.688179e+02	4.998219e+01	9.748821e+01	1.701667e+02	6.244385e+01	1.830391e+02	8.816566e+01	9.247657e+01	4.167247e+01	8.242341e+01	1.178674e+02	1.185922e+02	7.629092e+01	6.654761e+01	5.631287e+01	9.937282e+01	7.706539e+01	1.589576e+02	
4.210478e+01	4.230497e+01	3.178912e+01	4.969237e+01	3.548140e+01	3.993561e+01	3.679242e+01	4.614702e+01	4.376164e+01	3.330273e+01	4.766059e+01	3.890582e+01	4.096340e+01	3.617770e+01	3.886021e+01	5.385704e+01	4.042350e+01	5.356168e+01	3.168723e+01	4.394579e+01	3.977126e+01	4.451376e+01	3.233495e+01	3.981714e+01	5.081704e+01	3.844880e+01	4.419442e+01	3.454006e+01	3.225533e+01	5.513542e+01	
2.946573e+01	3.014707e+01	2.741929e+01	2.659075e+01	3.273311e+01	2.754747e+01	2.997748e+01	2.848692e+01	2.818004e+01	2.767502e+01	2.897113e+01	3.252579e+01	2.841453e+01	2.967653e+01	2.934828e+01	3.212595e+01	3.003542e+01	3.505960e+01	2.771959e+01	3.006698e+01	2.764610e+01	3.096852e+01	2.836645e+01	2.860418e+01	3.203409e+01	2.800701e+01	2.961905e+01	2.990836e+01	3.200696e+01	3.046578e+01	
2.590559e+01	2.535741e+01	2.519146e+01	2.473572e+01	2.612971e+01	2.607841e+01	2.503786e+01	2.543954e+01	2.527431e+01	2.511259e+01	2.556961e+01	2.565165e+01	2.555805e+01	2.498985e+01	2.367833e+01	2.548195e+01	2.596213e+01	2.515156e+01	2.566729e+01	2.499426e+01	2.438150e+01	2.506311e+01	2.435671e+01	2.566099e+01	2.593199e+01	2.578746e+01	2.483264e+01	2.530392e+01	2.692030e+01	2.583766e+01	
2.240963e+01	2.394704e+01	2.362788e+01	2.344247e+01	2.379246e+01	2.391595e+01	2.278956e+01	2.328037e+01	2.323912e+01	2.330621e+01	2.315822e+01	2.317457e+01	2.387231e+01	2.369921e+01	2.259515e+01	2.358548e+01	2.345643e+01	2.289539e+01	2.374988e+01	2.342309e+01	2.324958e+01	2.355687e+01	2.264294e+01	2.429059e+01	2.349627e+01	2.332931e+01	2.302254e+01	2.373868e+01	2.405035e+01	2.360357e+01	
2.204257e+01	2.251376e+01	2.157732e+01	2.221372e+01	2.243890e+01	2.270913e+01	2.241882e+01	2.227485e+01	2.212845e+01	2.193157e+01	2.260032e+01	2.181135e+01	2.224674e+01	2.214601e+01	2.041695e+01	2.250358e+01	2.221288e+01	2.185704e+01	2.236362e+01	2.247433e+01	2.237702e+01	2.237278e+01	2.203028e+01	2.270258e+01	2.240275e+01	2.245714e+01	2.227652e+01	2.235933e+01	2.295049e+01	2.254741e+01	
2.093290e+01	1.852253e+01	2.016348e+01	2.034995e+01	2.016576e+01	1.777277e+01	2.079965e+01	2.018069e+01	2.047583e+01	2.061905e+01	2.007010e+01	1.935782e+01	2.081828e+01	2.034595e+01	1.168386e+01	2.042109e+01	1.866499e+01	1.987325e+01	2.025320e+01	1.863378e+01	1.891241e+01	2.064028e+01	2.024078e+01	2.082762e+01	1.998911e+01	2.031983e+01	2.069226e+01	2.073637e+01	2.085612e+01	1.829963e+01	
0	0	0	0	0	0	0	0	0	0	0	0	0	0	0	0	0	0	0	0	0	0	0	0	0	0	0	0	0	0	
