1.089257e+02	1.187377e+02	1.258067e+02	1.137991e+02	9.993756e+01	7.850580e+01	1.115066e+02	9.657138e+01	1.176459e+02	1.163710e+02	1.108021e+02	8.217788e+01	8.946995e+01	8.721700e+01	9.496636e+01	1.081773e+02	1.014225e+02	9.926322e+01	8.958260e+01	1.042799e+02	1.181220e+02	1.117309e+02	9.323427e+01	1.131720e+02	1.292746e+02	1.224844e+02	1.117052e+02	8.235588e+01	9.590008e+01	9.757866e+01	
1.089257e+02	1.187377e+02	1.258067e+02	8.841600e+01	9.993756e+01	7.850580e+01	1.074039e+02	9.657138e+01	1.157838e+02	1.163710e+02	1.032967e+02	8.217788e+01	8.946995e+01	8.721700e+01	9.496636e+01	1.035020e+02	1.014225e+02	9.309141e+01	8.958260e+01	1.042799e+02	1.179969e+02	1.117309e+02	9.323427e+01	1.005392e+02	1.151547e+02	1.140054e+02	1.117052e+02	8.235588e+01	9.590008e+01	8.218235e+01	
1.044347e+02	1.187377e+02	1.050797e+02	8.841600e+01	9.547614e+01	7.850580e+01	1.028764e+02	9.657138e+01	1.069086e+02	8.995775e+01	1.007767e+02	8.217788e+01	8.946995e+01	8.102295e+01	8.967847e+01	9.924094e+01	1.014225e+02	9.309141e+01	8.866657e+01	1.042799e+02	1.159290e+02	1.117309e+02	9.205015e+01	1.005392e+02	1.096905e+02	1.107909e+02	9.380481e+01	8.235588e+01	9.590008e+01	8.218235e+01	
1.044347e+02	1.176742e+02	8.379217e+01	8.841600e+01	8.451636e+01	7.850580e+01	1.028764e+02	9.293614e+01	8.108972e+01	8.812395e+01	1.007767e+02	8.217788e+01	8.946995e+01	8.102295e+01	8.967847e+01	9.158117e+01	7.540630e+01	7.708911e+01	8.866657e+01	1.040911e+02	8.603785e+01	1.117309e+02	9.205015e+01	7.878425e+01	9.686220e+01	1.107909e+02	9.380481e+01	8.084384e+01	9.590008e+01	7.184616e+01	
8.695503e+01	1.090323e+02	8.379217e+01	8.841600e+01	8.451636e+01	7.850580e+01	8.843431e+01	9.293614e+01	8.108972e+01	8.812395e+01	9.217988e+01	7.589306e+01	8.446404e+01	8.102295e+01	8.357801e+01	7.094803e+01	7.540630e+01	6.318897e+01	8.866657e+01	1.040911e+02	8.349694e+01	9.920262e+01	9.155491e+01	7.391745e+01	9.686220e+01	1.042964e+02	9.055697e+01	8.084384e+01	9.590008e+01	7.184616e+01	
8.695503e+01	9.955284e+01	8.379217e+01	8.841600e+01	8.451636e+01	7.824062e+01	6.659256e+01	9.038869e+01	7.826299e+01	8.812395e+01	9.028657e+01	7.589306e+01	8.446404e+01	8.102295e+01	7.807578e+01	7.094803e+01	7.540630e+01	6.318897e+01	6.155666e+01	8.490462e+01	8.349694e+01	9.226539e+01	8.344548e+01	7.391745e+01	8.662589e+01	1.025483e+02	8.984315e+01	7.692435e+01	7.732630e+01	5.607161e+01	
8.321180e+01	8.489484e+01	8.353377e+01	7.107754e+01	7.435802e+01	6.889578e+01	6.659256e+01	5.982499e+01	7.826299e+01	7.020683e+01	8.866528e+01	7.589306e+01	7.622149e+01	7.585746e+01	7.807578e+01	7.094803e+01	7.540630e+01	6.252688e+01	6.055075e+01	8.490462e+01	7.082249e+01	8.023706e+01	7.106980e+01	6.676341e+01	8.649110e+01	9.249892e+01	8.222556e+01	7.692435e+01	6.799016e+01	5.607161e+01	
7.415815e+01	5.291609e+01	6.846747e+01	6.780836e+01	7.195617e+01	5.807601e+01	6.659256e+01	5.982499e+01	6.902134e+01	6.856393e+01	7.319725e+01	7.589306e+01	6.686251e+01	7.326658e+01	7.188575e+01	7.055737e+01	7.540630e+01	5.404628e+01	5.476031e+01	6.205385e+01	6.727527e+01	7.330234e+01	6.211195e+01	6.676341e+01	7.630015e+01	7.781080e+01	8.104285e+01	6.415326e+01	6.799016e+01	5.599262e+01	
6.467845e+01	5.022784e+01	6.218898e+01	5.868664e+01	5.899616e+01	5.741641e+01	5.641502e+01	5.982499e+01	4.079137e+01	6.508677e+01	7.319725e+01	6.685603e+01	6.673023e+01	6.871405e+01	6.578090e+01	5.124111e+01	6.222599e+01	5.404628e+01	5.476031e+01	5.430682e+01	6.364923e+01	6.450424e+01	6.211195e+01	6.363591e+01	6.358349e+01	6.694627e+01	5.863095e+01	6.415326e+01	5.297987e+01	5.012862e+01	
4.921134e+01	4.915418e+01	5.580367e+01	4.684482e+01	5.498625e+01	5.610737e+01	5.397669e+01	5.487610e+01	4.079137e+01	6.424247e+01	5.721402e+01	4.468779e+01	5.568089e+01	4.668649e+01	6.012031e+01	4.650521e+01	4.893739e+01	5.229032e+01	4.904340e+01	4.617323e+01	5.829608e+01	4.777581e+01	3.966506e+01	3.887595e+01	5.631227e+01	4.538400e+01	5.437183e+01	5.757360e+01	5.097151e+01	4.086742e+01	
4.416529e+01	4.553805e+01	3.418091e+01	4.487021e+01	5.245325e+01	4.705994e+01	5.046242e+01	4.493759e+01	3.191290e+01	4.392740e+01	4.518644e+01	4.355843e+01	3.828290e+01	3.714089e+01	3.759872e+01	2.918587e+01	4.113227e+01	3.800381e+01	4.111991e+01	3.808327e+01	4.512887e+01	4.487972e+01	2.287911e+01	3.289993e+01	4.619368e+01	3.859946e+01	3.377588e+01	4.062795e+01	4.368694e+01	2.378717e+01	
3.598705e+01	3.871484e+01	3.256115e+01	1.989987e+01	3.739902e+01	2.992792e+01	4.224217e+01	2.981980e+01	2.261319e+01	2.826650e+01	2.224618e+01	3.318652e+01	3.446749e+01	2.574777e+01	3.220588e+01	2.231471e+01	3.006513e+01	3.690292e+01	3.479702e+01	3.751969e+01	2.522095e+01	3.562785e+01	2.223658e+01	2.150748e+01	3.337887e+01	3.640147e+01	2.798086e+01	2.898115e+01	3.194158e+01	2.296486e+01	
2.975023e+01	3.057943e+01	2.626357e+01	1.587214e+01	1.633375e+01	1.577160e+01	2.418210e+01	1.634730e+01	1.853461e+01	1.991074e+01	1.987220e+01	2.809059e+01	2.010033e+01	1.664401e+01	1.997243e+01	1.894948e+01	2.654254e+01	2.965952e+01	2.729510e+01	1.999584e+01	2.089283e+01	2.712413e+01	2.157746e+01	1.605511e+01	2.606695e+01	2.239172e+01	2.265797e+01	2.833375e+01	1.794941e+01	1.857943e+01	
2.164476e+01	2.423003e+01	2.003123e+01	1.425516e+01	1.156705e+01	1.055666e+01	2.233165e+01	1.066145e+01	1.581849e+01	1.791905e+01	1.250252e+01	1.410949e+01	1.915620e+01	1.652965e+01	9.653684e+00	1.651212e+01	1.920093e+01	2.006156e+01	2.135048e+01	1.680232e+01	1.837747e+01	2.572431e+01	1.830959e+01	1.471265e+01	1.865142e+01	1.743855e+01	1.649590e+01	2.465878e+01	1.722106e+01	1.441649e+01	
1.759089e+01	2.237563e+01	1.428650e+01	8.010158e+00	6.930774e+00	1.008090e+01	1.887714e+01	8.388892e+00	1.486280e+01	1.536464e+01	1.232651e+01	1.318196e+01	1.685877e+01	1.460028e+01	9.426449e+00	1.323003e+01	1.819610e+01	1.652819e+01	1.849433e+01	1.427225e+01	1.329137e+01	2.184686e+01	1.524356e+01	1.437511e+01	1.296707e+01	1.625096e+01	8.374035e+00	1.545336e+01	1.572560e+01	1.364860e+01	
1.691427e+01	2.089408e+01	1.392942e+01	5.969754e+00	5.969754e+00	9.949586e+00	1.198044e+01	7.959672e+00	1.094628e+01	1.293614e+01	1.193948e+01	1.293446e+01	1.591933e+01	1.392942e+01	8.955150e+00	1.293446e+01	1.293446e+01	1.593819e+01	1.790925e+01	1.293526e+01	1.193950e+01	1.790923e+01	1.094454e+01	1.395157e+01	1.094454e+01	1.591933e+01	6.964708e+00	1.393437e+01	1.293700e+01	1.116373e+01	
0	0	0	0	0	0	0	0	0	0	0	0	0	0	0	0	0	0	0	0	0	0	0	0	0	0	0	0	0	0	
