1.123984e+02	1.357394e+02	1.074582e+02	1.272088e+02	1.074698e+02	1.124021e+02	1.177478e+02	1.294214e+02	1.141058e+02	1.278712e+02	1.173895e+02	1.070075e+02	1.055081e+02	1.362702e+02	1.413321e+02	1.364332e+02	1.246843e+02	1.144793e+02	1.179370e+02	1.130451e+02	1.208248e+02	1.228207e+02	1.054041e+02	9.767089e+01	1.311598e+02	1.168447e+02	1.258877e+02	1.203868e+02	1.122385e+02	1.358688e+02	
1.123984e+02	1.135459e+02	1.074582e+02	1.259190e+02	1.074698e+02	1.124021e+02	1.117766e+02	1.236933e+02	1.125680e+02	1.278712e+02	9.296301e+01	1.070075e+02	1.055081e+02	9.950671e+01	1.336226e+02	1.061127e+02	1.138528e+02	1.111658e+02	1.147248e+02	1.130451e+02	1.171119e+02	1.228207e+02	1.054041e+02	9.767089e+01	1.272499e+02	1.168447e+02	1.258877e+02	9.986554e+01	1.066817e+02	1.052733e+02	
1.123984e+02	1.135459e+02	1.072808e+02	1.042621e+02	8.989851e+01	1.124021e+02	1.117766e+02	9.570655e+01	1.084058e+02	1.204896e+02	9.296301e+01	1.070075e+02	1.055081e+02	9.950671e+01	1.294467e+02	9.874929e+01	1.039442e+02	1.111658e+02	1.093556e+02	1.100315e+02	1.039357e+02	1.228207e+02	1.054041e+02	9.767089e+01	1.090411e+02	1.121071e+02	1.068745e+02	9.986554e+01	1.066817e+02	1.052733e+02	
1.123984e+02	1.135459e+02	9.297116e+01	1.042621e+02	8.989851e+01	9.696019e+01	1.117766e+02	9.570655e+01	1.084058e+02	1.158610e+02	9.296301e+01	1.070075e+02	1.055081e+02	9.950671e+01	1.088511e+02	9.725951e+01	1.039442e+02	1.111658e+02	1.073556e+02	1.061170e+02	1.039357e+02	1.010201e+02	9.548931e+01	9.767089e+01	1.083033e+02	1.121071e+02	8.464653e+01	9.986554e+01	1.066817e+02	1.052733e+02	
1.080133e+02	1.135459e+02	9.297116e+01	1.042621e+02	8.989851e+01	9.696019e+01	1.117766e+02	9.570655e+01	1.071483e+02	1.137132e+02	8.233917e+01	1.070075e+02	1.037995e+02	9.226876e+01	1.088511e+02	9.112114e+01	9.646883e+01	1.062788e+02	1.073556e+02	1.061170e+02	1.005571e+02	9.855639e+01	9.548931e+01	9.767089e+01	1.013048e+02	1.057211e+02	8.224233e+01	9.986554e+01	1.040208e+02	1.052733e+02	
1.027525e+02	9.860463e+01	9.297116e+01	1.042621e+02	8.989851e+01	9.395848e+01	1.052678e+02	9.570655e+01	9.570460e+01	1.039709e+02	7.610674e+01	1.056808e+02	9.786813e+01	9.155105e+01	1.039316e+02	9.112114e+01	9.470849e+01	1.050149e+02	9.203811e+01	9.576838e+01	9.770451e+01	9.855639e+01	8.770408e+01	8.979632e+01	9.160338e+01	9.411469e+01	8.224233e+01	8.420194e+01	1.040208e+02	1.052733e+02	
9.987109e+01	8.821487e+01	9.150923e+01	9.620470e+01	8.983757e+01	9.282263e+01	9.686471e+01	9.021445e+01	9.018684e+01	8.862637e+01	7.337525e+01	1.026919e+02	9.220679e+01	8.359524e+01	1.039316e+02	8.353014e+01	7.843839e+01	9.357069e+01	7.827982e+01	9.072489e+01	8.623820e+01	8.907097e+01	8.722011e+01	8.979632e+01	8.345596e+01	9.153897e+01	7.418943e+01	8.420194e+01	9.928912e+01	9.389171e+01	
9.233283e+01	7.741989e+01	7.177432e+01	8.223358e+01	7.353871e+01	7.890953e+01	8.920469e+01	7.334407e+01	8.269756e+01	8.407823e+01	7.011727e+01	8.462142e+01	7.299037e+01	7.532781e+01	7.639695e+01	7.207497e+01	7.602083e+01	8.254108e+01	7.031504e+01	8.316777e+01	6.728114e+01	8.424348e+01	8.112374e+01	8.145985e+01	7.771365e+01	8.141688e+01	6.912462e+01	7.032963e+01	7.597227e+01	8.770089e+01	
7.680206e+01	7.097167e+01	6.552840e+01	7.220247e+01	6.787967e+01	7.001190e+01	6.426927e+01	6.436309e+01	6.644472e+01	8.071060e+01	6.537398e+01	6.920815e+01	6.227029e+01	5.889050e+01	6.490311e+01	6.232656e+01	6.756685e+01	5.738687e+01	6.881649e+01	6.956079e+01	6.704928e+01	7.386992e+01	6.146003e+01	7.192042e+01	6.542026e+01	6.605705e+01	6.296144e+01	5.298590e+01	6.592536e+01	6.994834e+01	
5.468048e+01	5.296136e+01	5.753583e+01	5.181187e+01	4.427353e+01	5.163032e+01	5.319514e+01	5.665748e+01	3.206127e+01	5.326266e+01	5.020284e+01	4.570259e+01	4.227397e+01	4.812031e+01	5.332705e+01	2.825141e+01	5.256425e+01	5.338067e+01	5.356510e+01	4.988170e+01	5.392362e+01	5.454842e+01	4.167411e+01	5.533960e+01	4.182569e+01	5.725833e+01	5.148131e+01	4.145424e+01	4.485416e+01	4.954140e+01	
3.716833e+01	3.268098e+01	2.956523e+01	3.091308e+01	3.630541e+01	3.081363e+01	4.087843e+01	3.316396e+01	2.915818e+01	3.228423e+01	3.249159e+01	2.908089e+01	2.679397e+01	3.627394e+01	3.760552e+01	1.807472e+01	3.722920e+01	3.658401e+01	3.461993e+01	2.334070e+01	4.059097e+01	3.508777e+01	2.792139e+01	3.138533e+01	2.667076e+01	3.729867e+01	3.486715e+01	2.878966e+01	3.129286e+01	3.209150e+01	
1.812652e+01	1.717344e+01	1.690903e+01	1.378090e+01	1.709481e+01	1.415096e+01	2.063294e+01	1.800869e+01	1.909561e+01	2.010651e+01	1.499212e+01	1.770999e+01	1.780724e+01	2.037154e+01	1.940503e+01	1.480081e+01	1.671189e+01	1.646296e+01	1.704124e+01	1.371201e+01	1.952170e+01	2.009300e+01	2.068937e+01	1.667926e+01	1.672164e+01	1.604378e+01	1.665464e+01	1.400636e+01	1.617513e+01	1.993939e+01	
5.771036e+00	4.880283e+00	4.610534e+00	4.520048e+00	5.345442e+00	5.008386e+00	6.297361e+00	5.509829e+00	5.712636e+00	6.105139e+00	3.909272e+00	6.293559e+00	5.328345e+00	4.108604e+00	3.871347e+00	5.562570e+00	4.750584e+00	6.362879e+00	5.742316e+00	2.756702e+00	5.195759e+00	4.569395e+00	6.330334e+00	6.123974e+00	5.151083e+00	5.213942e+00	4.865293e+00	4.883457e+00	5.367960e+00	6.162611e+00	
1.915585e-01	2.810192e-01	2.387357e-01	2.700326e-01	3.577410e-01	2.056020e-01	4.053522e-01	2.967672e-01	3.670659e-01	3.036677e-01	3.545658e-01	4.039081e-01	2.887688e-01	3.321978e-01	2.704911e-01	3.468615e-01	2.592141e-01	2.721388e-01	2.807850e-01	2.864209e-01	3.862812e-01	3.751325e-01	2.704585e-01	3.637056e-01	3.657327e-01	3.271667e-01	3.066122e-01	3.478399e-01	2.504233e-01	4.504855e-01	
2.496764e-06	2.603228e-06	7.250447e-07	9.025724e-07	2.092168e-06	9.313744e-07	1.259533e-06	2.259780e-06	2.134596e-06	1.676976e-06	9.202552e-07	3.540301e-06	1.631145e-06	1.597168e-06	1.405040e-06	1.353615e-06	1.608133e-06	1.626788e-06	7.530872e-07	1.208656e-06	1.775853e-06	1.611632e-06	1.711560e-06	1.866674e-06	4.164562e-06	1.222819e-06	4.586007e-06	2.200712e-06	1.912035e-06	2.206065e-06	
0.000000e+00	0.000000e+00	0.000000e+00	0.000000e+00	0.000000e+00	0.000000e+00	0.000000e+00	0.000000e+00	0.000000e+00	0.000000e+00	0.000000e+00	0.000000e+00	0.000000e+00	0.000000e+00	0.000000e+00	0.000000e+00	0.000000e+00	0.000000e+00	0.000000e+00	0.000000e+00	0.000000e+00	0.000000e+00	0.000000e+00	0.000000e+00	0.000000e+00	0.000000e+00	0.000000e+00	0.000000e+00	0.000000e+00	0.000000e+00	
0	0	0	0	0	0	0	0	0	0	0	0	0	0	0	0	0	0	0	0	0	0	0	0	0	0	0	0	0	0	
