4.841547e+01	3.373427e+02	2.462241e+02	1.116447e+02	7.535265e+01	3.142298e+02	2.321910e+02	6.445074e+01	1.402809e+02	3.133673e+02	2.995628e+02	1.098094e+02	7.394891e+01	1.050273e+02	4.142898e+01	1.015053e+02	1.790902e+02	1.312684e+02	7.492633e+01	7.396242e+01	1.713228e+02	3.335718e+02	6.908239e+01	7.905427e+01	3.131360e+02	1.073795e+02	2.114611e+02	2.663684e+02	8.301125e+01	1.828277e+02	
4.841547e+01	6.062632e+01	1.070434e+02	1.116447e+02	7.535265e+01	2.612623e+02	2.163659e+02	6.445074e+01	1.402809e+02	3.133673e+02	7.934012e+01	1.098094e+02	7.394891e+01	1.050273e+02	4.142898e+01	1.015053e+02	1.790902e+02	1.312684e+02	7.492633e+01	7.396242e+01	1.537263e+02	6.464558e+01	6.597813e+01	7.905427e+01	3.131360e+02	1.073795e+02	2.114611e+02	2.366138e+02	8.301125e+01	1.828277e+02	
4.720245e+01	6.062632e+01	1.070434e+02	1.116447e+02	7.535265e+01	2.612623e+02	2.163659e+02	6.445074e+01	1.401379e+02	3.009027e+02	7.934012e+01	1.098094e+02	7.031184e+01	1.044258e+02	4.120954e+01	8.411917e+01	1.790902e+02	1.312684e+02	7.492633e+01	7.396242e+01	1.537263e+02	6.464558e+01	6.597813e+01	7.905427e+01	2.626721e+02	1.073633e+02	2.114611e+02	2.366138e+02	7.672217e+01	1.828277e+02	
4.720245e+01	6.062632e+01	1.070434e+02	1.116447e+02	7.535265e+01	1.283836e+02	2.163659e+02	4.809446e+01	9.584070e+01	1.720586e+02	7.934012e+01	1.097519e+02	7.031184e+01	8.796528e+01	4.120954e+01	8.402050e+01	1.790902e+02	1.019409e+02	7.492633e+01	7.054582e+01	9.522299e+01	5.680660e+01	5.120015e+01	7.789513e+01	2.626721e+02	1.072466e+02	1.059948e+02	1.147562e+02	7.672217e+01	1.828277e+02	
4.720245e+01	5.844231e+01	7.802259e+01	1.116447e+02	7.535265e+01	1.283836e+02	2.034230e+02	4.809446e+01	9.584070e+01	1.152236e+02	7.793226e+01	8.225185e+01	6.982731e+01	8.717148e+01	4.120954e+01	7.318245e+01	1.790902e+02	1.019409e+02	7.191905e+01	7.054582e+01	4.168944e+01	5.680660e+01	5.120015e+01	6.954486e+01	2.599956e+02	6.026955e+01	1.016712e+02	1.080819e+02	7.672217e+01	6.230062e+01	
4.567773e+01	5.229669e+01	7.645638e+01	6.984856e+01	7.050364e+01	1.283836e+02	1.678308e+02	4.173389e+01	7.690680e+01	9.907033e+01	7.483191e+01	6.581227e+01	5.619463e+01	7.495606e+01	3.933758e+01	5.577920e+01	1.681271e+02	9.728427e+01	5.710165e+01	6.828903e+01	4.168944e+01	5.680660e+01	4.754872e+01	5.837498e+01	1.816130e+02	5.911191e+01	7.683851e+01	3.457618e+01	6.149714e+01	6.184244e+01	
4.364088e+01	5.203560e+01	6.092279e+01	6.671543e+01	4.739670e+01	7.470004e+01	5.539970e+01	3.884273e+01	5.439826e+01	9.135330e+01	5.463695e+01	6.237014e+01	4.343525e+01	4.709379e+01	3.933758e+01	5.577920e+01	1.016934e+02	9.131172e+01	5.710165e+01	5.767471e+01	4.168944e+01	4.698559e+01	3.898628e+01	5.837498e+01	5.531817e+01	4.867977e+01	4.896901e+01	3.342452e+01	4.674558e+01	5.846802e+01	
3.738864e+01	3.199838e+01	3.191430e+01	3.847790e+01	3.956690e+01	5.609523e+01	4.851682e+01	3.655931e+01	3.598641e+01	3.446162e+01	3.245321e+01	3.534295e+01	3.971380e+01	4.552699e+01	3.743318e+01	5.207340e+01	7.477670e+01	4.875019e+01	3.252460e+01	3.711017e+01	4.168142e+01	4.413243e+01	3.042487e+01	4.112847e+01	5.166013e+01	4.342346e+01	4.350383e+01	3.342452e+01	4.132299e+01	4.375552e+01	
3.294238e+01	3.137701e+01	3.046452e+01	3.341217e+01	3.309486e+01	3.633655e+01	2.904075e+01	2.756819e+01	3.236271e+01	3.374759e+01	1.941057e+01	2.966649e+01	3.246138e+01	3.196276e+01	3.460854e+01	3.355205e+01	3.635193e+01	3.515420e+01	3.097921e+01	3.278275e+01	3.722764e+01	4.335474e+01	2.786639e+01	3.285294e+01	4.590033e+01	3.270699e+01	3.638481e+01	3.174793e+01	3.411153e+01	3.386888e+01	
2.400788e+01	2.834749e+01	2.829036e+01	2.408431e+01	2.824767e+01	2.650613e+01	2.904075e+01	2.751407e+01	2.773156e+01	2.653468e+01	1.720863e+01	2.880735e+01	2.693739e+01	2.916993e+01	2.714566e+01	2.499876e+01	2.813001e+01	3.070518e+01	2.843288e+01	2.787685e+01	3.014922e+01	2.392802e+01	2.748213e+01	2.602842e+01	2.983646e+01	2.780790e+01	2.550563e+01	2.665646e+01	2.887421e+01	3.023339e+01	
2.387196e+01	2.625078e+01	2.506098e+01	2.406944e+01	2.541791e+01	2.577485e+01	2.416161e+01	2.553761e+01	2.574825e+01	1.510959e+01	1.457468e+01	2.443594e+01	2.514664e+01	2.464163e+01	2.074607e+01	2.371670e+01	2.471157e+01	2.517647e+01	2.528166e+01	2.490688e+01	2.169281e+01	2.163373e+01	2.439539e+01	2.153266e+01	2.612909e+01	2.577188e+01	1.670303e+01	2.412358e+01	2.578280e+01	2.572482e+01	
2.328768e+01	2.260122e+01	1.773346e+01	1.964757e+01	2.400620e+01	2.378336e+01	2.241993e+01	2.274632e+01	2.275463e+01	1.141585e+01	1.423215e+01	1.975659e+01	2.363407e+01	9.741843e+00	1.446742e+01	2.265787e+01	1.804693e+01	2.170121e+01	1.838125e+01	2.369920e+01	2.043260e+01	1.951346e+01	2.181669e+01	1.663858e+01	2.323457e+01	1.509851e+01	1.538127e+01	2.287569e+01	2.418289e+01	2.219014e+01	
2.204137e+01	1.396348e+01	9.225410e+00	1.365039e+01	2.212599e+01	2.042399e+01	1.916875e+01	1.079326e+01	1.978303e+01	9.720718e+00	1.265468e+01	1.514668e+01	2.140791e+01	8.368681e+00	1.088233e+01	2.166568e+01	1.497949e+01	1.932459e+01	1.796379e+01	2.208637e+01	1.932313e+01	1.172975e+01	2.162865e+01	1.177686e+01	2.061585e+01	1.100409e+01	1.029559e+01	1.586164e+01	2.067368e+01	1.706755e+01	
1.331356e+01	7.139660e+00	8.526175e+00	9.710253e+00	9.800606e+00	1.856587e+01	1.640457e+01	7.308821e+00	1.231834e+01	7.654162e+00	8.964125e+00	8.977958e+00	8.404202e+00	6.068023e+00	8.259945e+00	2.053123e+01	8.786043e+00	9.789213e+00	8.626550e+00	1.461600e+01	1.816471e+01	8.396223e+00	1.745320e+01	7.840099e+00	8.005434e+00	8.018080e+00	8.985136e+00	9.534677e+00	1.486294e+01	9.986653e+00	
1.058908e+01	5.318831e+00	2.989432e+00	7.693223e+00	6.193871e+00	8.591559e+00	4.844929e+00	2.952327e+00	5.084988e+00	5.349725e+00	5.265324e+00	6.476300e+00	4.731081e+00	5.245971e+00	2.892233e+00	8.076441e+00	2.576174e+00	7.042503e+00	5.346274e+00	3.480401e+00	7.075003e+00	3.294062e+00	6.422744e+00	3.074184e+00	6.045096e+00	4.222063e+00	5.981816e+00	8.638180e+00	6.371277e+00	6.599376e+00	
1.138781e-03	3.169781e-02	6.314305e-01	7.012971e-01	1.118308e-01	2.100179e-02	1.052214e-01	5.466104e-02	2.497693e-02	3.264260e-02	4.280621e-02	7.326561e-02	2.363240e-01	3.805981e-02	3.603883e-02	6.742130e-02	5.909520e-02	1.347880e-01	6.022211e-03	2.685413e-02	3.170667e-02	1.233536e-02	4.589757e-02	2.213692e-02	1.513084e-01	2.140826e-03	5.531921e-02	2.306562e-01	6.908197e-03	2.618058e-02	
0	0	0	0	0	0	0	0	0	0	0	0	0	0	0	0	0	0	0	0	0	0	0	0	0	0	0	0	0	0	
