1.374272e+09	8.688495e+08	9.217002e+08	1.792216e+08	1.255599e+09	2.840645e+08	1.641266e+08	8.170615e+07	2.136849e+07	4.841823e+08	7.766679e+08	2.311224e+08	9.074844e+08	5.614121e+08	4.287538e+08	5.044082e+08	3.103906e+08	6.570772e+07	8.590014e+08	2.379518e+08	6.138860e+08	7.643437e+08	8.960339e+07	4.473869e+08	1.430245e+09	2.604944e+08	7.796109e+07	8.358179e+08	2.965221e+08	3.901307e+08	
5.481021e+08	1.259782e+08	9.217002e+08	1.792216e+08	6.675846e+07	1.561139e+08	1.641266e+08	8.170615e+07	2.136849e+07	4.841823e+08	7.766679e+08	1.755298e+08	3.129761e+08	5.614121e+08	9.782552e+07	5.044082e+08	3.103906e+08	6.570772e+07	3.894241e+08	2.379518e+08	6.138860e+08	3.561873e+08	8.960339e+07	4.473869e+08	3.762912e+08	2.338121e+07	7.796109e+07	8.358179e+08	2.965221e+08	3.901307e+08	
5.481021e+08	1.259782e+08	4.037427e+08	1.792216e+08	6.675846e+07	1.561139e+08	1.641266e+08	8.170615e+07	2.136849e+07	4.841823e+08	7.766679e+08	1.755298e+08	3.129761e+08	5.608727e+08	9.782552e+07	5.044082e+08	3.103906e+08	6.570772e+07	3.894241e+08	2.379518e+08	4.152472e+08	3.561873e+08	8.960338e+07	4.473869e+08	3.741389e+08	2.338121e+07	7.796107e+07	8.358179e+08	2.965221e+08	3.680665e+08	
3.410092e+08	1.117077e+08	4.037427e+08	6.900900e+07	6.675845e+07	1.243767e+08	1.641266e+08	8.170615e+07	2.136849e+07	4.841823e+08	7.342309e+08	1.755298e+08	1.823042e+08	5.608727e+08	8.239483e+07	5.044082e+08	3.103906e+08	6.570772e+07	3.888024e+08	1.339707e+08	2.416446e+08	3.561873e+08	8.960338e+07	4.473869e+08	1.090555e+08	2.338121e+07	5.379377e+07	7.440541e+08	2.965221e+08	3.501633e+08	
1.369391e+08	1.117077e+08	4.037427e+08	6.900899e+07	6.675845e+07	9.664550e+07	1.641266e+08	6.379657e+07	2.136849e+07	4.841823e+08	6.619183e+08	1.651771e+08	8.170560e+07	4.147498e+08	8.239483e+07	5.034573e+08	3.103906e+08	6.570772e+07	3.888023e+08	1.339707e+08	2.416446e+08	3.561872e+08	8.960338e+07	1.424289e+08	1.090555e+08	2.338121e+07	5.379377e+07	6.893603e+08	2.965221e+08	6.515256e+06	
8.665587e+07	1.117077e+08	7.469109e+07	6.900899e+07	6.675843e+07	9.664550e+07	4.643926e+07	6.379655e+07	2.136847e+07	3.751344e+08	1.431344e+08	2.932229e+07	8.170560e+07	1.650405e+08	7.766775e+07	4.694787e+08	9.104811e+07	6.570771e+07	3.587596e+08	4.532729e+07	2.162113e+08	3.508489e+08	8.960337e+07	1.424289e+08	1.090555e+08	2.330634e+07	5.379377e+07	3.012503e+08	1.093314e+08	6.515256e+06	
8.665583e+07	4.990012e+07	5.686502e+07	6.200550e+07	6.675842e+07	9.664550e+07	4.643924e+07	5.490453e+07	1.967092e+07	5.023956e+07	7.293330e+07	2.932227e+07	4.043434e+07	7.714787e+07	5.214189e+07	1.762595e+08	9.104810e+07	6.570771e+07	8.811403e+07	4.532729e+07	1.516365e+07	9.479511e+07	8.960337e+07	8.350977e+07	1.014147e+08	2.330634e+07	4.611854e+07	3.012503e+08	3.795442e+07	6.515256e+06	
1.895874e+07	1.086594e+07	1.607893e+06	4.323144e+07	1.447746e+07	1.678419e+07	2.688976e+07	1.903527e+06	1.265531e+07	4.727752e+06	2.815968e+06	9.713601e+06	8.782790e+06	7.714787e+07	2.165026e+06	1.290041e+08	4.391170e+07	4.775701e+07	1.523937e+07	1.091864e+07	1.515383e+07	8.191004e+07	2.871168e+07	6.385657e+06	4.048336e+07	1.073699e+07	1.404772e+07	6.597472e+07	1.785077e+07	5.374900e+06	
1.252074e+07	4.686311e+06	6.232024e+05	1.461291e+06	4.608830e+06	9.257496e+06	1.402457e+06	1.903518e+06	3.968899e+06	4.727752e+06	2.609042e+06	8.282233e+06	4.267264e+06	2.770894e+07	2.164997e+06	3.568271e+07	3.241182e+06	1.684594e+06	8.427857e+06	5.943293e+06	1.515161e+07	5.968097e+06	4.552033e+06	2.789134e+06	1.922486e+06	6.728969e+06	1.286598e+07	6.208805e+06	1.060840e+07	2.856859e+06	
9.838411e+05	4.203892e+05	6.232024e+05	1.461252e+06	6.228644e+05	2.068096e+06	1.269548e+06	1.903518e+06	2.279809e+06	1.580614e+05	3.526119e+05	2.851561e+05	1.086211e+06	3.962980e+06	2.941127e+05	1.550253e+06	2.811963e+06	1.244482e+05	1.372389e+06	7.870782e+04	5.333557e+05	3.164118e+06	8.207561e+05	1.085993e+06	1.210900e+05	8.208210e+05	1.435304e+05	2.927642e+06	1.807842e+06	6.184080e+04	
1.133296e+05	4.203848e+05	2.534187e+05	3.462403e+05	1.978610e+05	7.009453e+04	6.080748e+03	3.209630e+04	5.736417e+04	1.021534e+05	1.727685e+04	1.359729e+04	1.173637e+05	1.873399e+05	9.780991e+04	2.136898e+04	2.767521e+04	3.726140e+04	1.993986e+05	4.852952e+04	1.184904e+05	1.117807e+04	1.914478e+05	6.106364e+03	7.281753e+04	5.626671e+04	3.501850e+04	6.878582e+04	1.307529e+05	1.388748e+04	
1.300065e+04	1.479367e+03	2.292336e+04	2.769849e+03	8.229402e+03	2.403935e+03	4.389027e+03	5.983539e+03	1.874513e+03	4.955908e+03	8.792178e+03	1.359729e+04	1.079567e+04	8.524903e+02	1.203737e+04	3.791928e+03	1.770293e+03	2.420130e+03	4.650607e+03	8.398735e+03	6.459717e+03	5.448662e+03	7.917051e+03	6.027400e+03	8.355166e+01	8.746478e+03	8.714104e+03	6.208222e+03	2.826928e+03	1.372325e+04	
1.460205e+03	1.476390e+03	1.165501e+03	8.985617e+02	1.681219e+03	3.561589e+02	1.705012e+03	1.553307e+03	1.858565e+03	1.112483e+03	2.481864e+03	1.565254e+03	2.741702e+02	3.905986e+02	4.270646e+03	1.056303e+03	5.309076e+02	4.771298e+02	1.629672e+02	3.981396e+02	1.394646e+03	1.531429e+03	1.263854e+03	2.025567e+02	7.273251e+01	1.730873e+03	8.431032e+02	1.693517e+03	3.828371e+02	2.857349e+02	
1.749252e+02	6.958423e+01	1.716140e+02	9.064760e+01	1.725965e+02	1.125568e+02	5.432004e+01	6.366029e+01	9.776688e+01	6.175284e+01	2.783355e+02	6.224971e+01	6.259666e+01	8.956185e+01	1.130549e+02	6.906669e+01	1.684879e+02	4.962714e+01	6.032663e+01	1.545573e+02	1.416339e+02	1.397383e+02	5.727515e+01	6.963573e+01	6.961165e+01	8.994268e+01	1.205854e+02	2.123987e+02	7.848133e+01	1.876538e+02	
2.299065e+00	1.939056e+00	3.332694e+00	9.572154e-01	1.714302e+00	3.012783e+00	1.578899e+00	2.857173e+00	9.313126e-01	2.322898e+00	2.731868e+00	1.526849e+00	2.538722e+00	2.256275e+00	1.864865e+00	2.921578e+00	2.084357e+00	1.184314e+00	3.174610e+00	3.797687e+00	2.701073e+00	1.495314e+00	1.310899e+00	2.153469e+00	4.255188e+00	2.210097e+00	1.925027e+00	1.707564e+00	2.520876e+00	2.536420e+00	
3.874470e-01	3.491297e-01	3.818586e-01	7.964674e-02	1.523743e-01	1.563781e-01	9.073236e-02	9.427090e-02	5.618880e-02	2.975085e-01	2.670310e-01	2.815560e-02	2.546125e-01	3.391773e-02	2.521635e-02	8.912160e-02	2.356298e-01	2.653091e-02	4.920236e-01	2.788261e-01	4.640511e-01	1.372548e-01	7.164809e-02	1.809164e-01	2.465203e-01	2.089435e-01	1.204663e-01	1.595215e-01	1.173741e-01	4.802284e-01	
0	0	0	0	0	0	0	0	0	0	0	0	0	0	0	0	0	0	0	0	0	0	0	0	0	0	0	0	0	0	
