6.562299e+03	8.903237e+03	8.350775e+03	1.226084e+04	1.064537e+04	8.048185e+03	1.004577e+04	1.062484e+04	8.848866e+03	1.213812e+04	7.984456e+03	1.010833e+04	1.176995e+04	9.655489e+03	1.226836e+04	1.134258e+04	1.185859e+04	1.285601e+04	8.273461e+03	9.116847e+03	1.052949e+04	1.147181e+04	1.007054e+04	1.097953e+04	1.049152e+04	1.078206e+04	1.237167e+04	1.069360e+04	1.320960e+04	9.488488e+03	
6.562299e+03	8.655614e+03	8.350775e+03	1.197939e+04	1.064537e+04	8.048185e+03	1.004577e+04	1.001851e+04	8.848866e+03	1.213812e+04	7.712776e+03	1.010833e+04	1.176995e+04	9.655489e+03	1.075742e+04	1.134258e+04	1.088594e+04	9.461724e+03	8.273461e+03	9.094655e+03	1.052949e+04	6.988865e+03	1.007054e+04	9.799055e+03	1.049152e+04	1.078206e+04	1.169202e+04	1.069360e+04	1.274090e+04	9.488488e+03	
6.562299e+03	7.464240e+03	8.350775e+03	8.532130e+03	9.279860e+03	8.048185e+03	8.088720e+03	1.001851e+04	6.780992e+03	8.085207e+03	7.712776e+03	8.965481e+03	1.090182e+04	9.271473e+03	1.075742e+04	1.134258e+04	8.179612e+03	8.713999e+03	6.956957e+03	9.094655e+03	1.052949e+04	6.988865e+03	6.416051e+03	9.393215e+03	7.189422e+03	6.602596e+03	1.065951e+04	7.348869e+03	1.140327e+04	9.488488e+03	
6.562299e+03	7.464240e+03	8.272315e+03	8.532130e+03	8.786907e+03	8.023343e+03	8.088720e+03	1.001851e+04	6.780992e+03	8.085207e+03	7.712776e+03	8.965481e+03	7.761679e+03	9.271473e+03	9.551864e+03	1.134258e+04	8.179612e+03	8.713999e+03	6.956957e+03	7.576592e+03	1.052446e+04	6.988865e+03	6.416051e+03	9.393215e+03	7.189422e+03	6.602596e+03	8.270257e+03	7.348869e+03	8.566815e+03	5.309277e+03	
6.548839e+03	7.187280e+03	8.184225e+03	8.515313e+03	8.786907e+03	7.200346e+03	8.088720e+03	8.793499e+03	6.780992e+03	7.668340e+03	5.335467e+03	7.495709e+03	7.761679e+03	9.271473e+03	9.551864e+03	1.099859e+04	8.179612e+03	8.713999e+03	6.956957e+03	7.464469e+03	1.020887e+04	6.988865e+03	6.416051e+03	9.306805e+03	7.107405e+03	6.388564e+03	8.270257e+03	7.059082e+03	8.566815e+03	5.309277e+03	
6.347767e+03	7.187280e+03	8.184225e+03	8.482555e+03	8.215768e+03	7.200346e+03	8.088720e+03	8.793499e+03	5.926711e+03	7.603384e+03	3.259489e+03	7.477288e+03	7.099077e+03	9.063680e+03	7.805816e+03	1.099859e+04	8.041199e+03	8.713999e+03	6.956957e+03	7.464469e+03	8.699052e+03	6.509362e+03	6.170527e+03	9.303359e+03	6.765298e+03	6.293884e+03	8.270257e+03	7.059082e+03	8.566815e+03	5.153555e+03	
6.191826e+03	7.078184e+03	7.828878e+03	8.353081e+03	6.725007e+03	7.173805e+03	5.936631e+03	6.535145e+03	5.602155e+03	7.311848e+03	3.222191e+03	7.445193e+03	6.957133e+03	7.703869e+03	7.805816e+03	1.046484e+04	6.925878e+03	6.919950e+03	6.910409e+03	7.122925e+03	8.642798e+03	6.012837e+03	5.611402e+03	9.145702e+03	5.909204e+03	6.216074e+03	8.158201e+03	7.059082e+03	8.513155e+03	5.030266e+03	
5.459273e+03	6.630347e+03	6.499884e+03	6.434389e+03	5.673734e+03	5.495080e+03	5.592523e+03	6.460201e+03	4.924920e+03	7.156620e+03	2.794856e+03	5.897031e+03	6.312761e+03	5.580501e+03	6.507581e+03	6.925660e+03	5.869908e+03	6.561167e+03	6.822659e+03	5.958895e+03	7.594360e+03	4.456893e+03	5.112567e+03	6.420084e+03	4.489004e+03	5.306587e+03	6.891486e+03	5.094779e+03	6.332374e+03	5.018033e+03	
3.491794e+03	4.942174e+03	6.049735e+03	4.894679e+03	5.236989e+03	3.467975e+03	4.311907e+03	5.013349e+03	4.865185e+03	6.077799e+03	2.710705e+03	5.286596e+03	4.266244e+03	4.623109e+03	5.309111e+03	4.472265e+03	4.021276e+03	4.007461e+03	5.555199e+03	4.449440e+03	5.689687e+03	3.511431e+03	4.046251e+03	5.588654e+03	4.113808e+03	4.413423e+03	6.225225e+03	4.472695e+03	5.508073e+03	4.151116e+03	
2.567976e+03	3.464822e+03	3.654826e+03	3.362714e+03	3.757910e+03	2.998671e+03	3.464400e+03	3.256485e+03	2.736015e+03	2.926849e+03	1.876689e+03	3.631804e+03	2.983276e+03	3.574054e+03	3.713285e+03	3.621837e+03	2.168677e+03	2.070662e+03	3.524582e+03	3.148472e+03	3.373353e+03	2.063530e+03	2.467595e+03	4.459396e+03	2.733415e+03	3.632078e+03	3.494891e+03	2.626309e+03	2.996822e+03	2.297734e+03	
2.032829e+03	2.274728e+03	1.976459e+03	1.935146e+03	2.319711e+03	2.145559e+03	1.678468e+03	1.950247e+03	1.830768e+03	2.006950e+03	1.474001e+03	2.339310e+03	2.267858e+03	2.131420e+03	1.761565e+03	2.184318e+03	1.268834e+03	1.710810e+03	2.017115e+03	2.073426e+03	1.918602e+03	1.427407e+03	1.545055e+03	2.088872e+03	1.799392e+03	2.127950e+03	2.391758e+03	2.103805e+03	1.686272e+03	1.564563e+03	
1.218679e+03	1.158389e+03	1.057620e+03	1.042553e+03	9.316066e+02	1.202767e+03	9.729011e+02	1.070310e+03	7.848031e+02	1.188524e+03	9.571443e+02	1.173740e+03	1.157183e+03	1.053212e+03	1.168825e+03	1.077134e+03	1.074745e+03	1.067279e+03	1.150405e+03	1.099400e+03	1.015468e+03	1.074863e+03	1.137583e+03	1.069553e+03	1.131192e+03	1.219317e+03	1.150813e+03	1.203545e+03	9.984599e+02	1.174167e+03	
5.709439e+02	6.205574e+02	5.291614e+02	4.931153e+02	5.510751e+02	4.861938e+02	5.600892e+02	5.304310e+02	5.420329e+02	5.374988e+02	5.401018e+02	5.765156e+02	4.998661e+02	5.127643e+02	5.800880e+02	5.712132e+02	4.810102e+02	5.140128e+02	5.508271e+02	5.515456e+02	4.522315e+02	4.862883e+02	5.200487e+02	5.307697e+02	4.809496e+02	5.304644e+02	4.861938e+02	5.581543e+02	5.206022e+02	5.245008e+02	
3.052035e+02	3.037916e+02	3.036283e+02	3.040700e+02	3.016662e+02	3.020871e+02	3.029543e+02	3.019201e+02	3.023001e+02	3.022501e+02	3.018042e+02	3.031074e+02	3.020302e+02	3.018153e+02	3.024158e+02	3.026360e+02	3.022800e+02	3.021774e+02	3.020049e+02	3.023326e+02	3.018381e+02	3.021814e+02	3.022954e+02	3.028116e+02	3.018135e+02	3.031281e+02	3.019743e+02	3.038566e+02	3.026149e+02	3.024845e+02	
3.000000e+02	3.000000e+02	3.000000e+02	3.000000e+02	3.000000e+02	3.000000e+02	3.000000e+02	3.000000e+02	3.000000e+02	3.000000e+02	3.000000e+02	3.000000e+02	3.000000e+02	3.000000e+02	3.000000e+02	3.000000e+02	3.000000e+02	3.000000e+02	3.000000e+02	3.000000e+02	3.000000e+02	3.000000e+02	3.000000e+02	3.000000e+02	3.000000e+02	3.000000e+02	3.000000e+02	3.000000e+02	3.000000e+02	3.000000e+02	
3.000000e+02	3.000000e+02	3.000000e+02	3.000000e+02	3.000000e+02	3.000000e+02	3.000000e+02	3.000000e+02	3.000000e+02	3.000000e+02	3.000000e+02	3.000000e+02	3.000000e+02	3.000000e+02	3.000000e+02	3.000000e+02	3.000000e+02	3.000000e+02	3.000000e+02	3.000000e+02	3.000000e+02	3.000000e+02	3.000000e+02	3.000000e+02	3.000000e+02	3.000000e+02	3.000000e+02	3.000000e+02	3.000000e+02	3.000000e+02	
0	0	0	0	0	0	0	0	0	0	0	0	0	0	0	0	0	0	0	0	0	0	0	0	0	0	0	0	0	0	
