   5.1000148e+03   5.6471514e+03   5.3529851e+03   5.8211131e+03   5.0221141e+03   5.5609060e+03   4.6950729e+03   5.5973709e+03   5.3745939e+03   5.4951825e+03   4.8165221e+03   5.8889786e+03   5.4720523e+03   5.0059392e+03   5.6639626e+03   5.7632721e+03   5.4011938e+03   5.1588543e+03   5.0669440e+03   5.7505955e+03   5.6439728e+03   4.6451762e+03   5.6417590e+03   5.7644714e+03   5.1728193e+03   5.0814858e+03   5.4528669e+03   4.8668616e+03   5.3894826e+03   5.7744992e+03
   5.1000148e+03   5.6471514e+03   5.3529851e+03   5.8211131e+03   5.0221141e+03   5.5609060e+03   4.6950729e+03   5.5973709e+03   5.3745939e+03   5.4951825e+03   4.8165221e+03   5.8889786e+03   5.4720523e+03   5.0059392e+03   5.6639626e+03   5.7632721e+03   5.4011938e+03   5.1588543e+03   5.0669440e+03   5.7505955e+03   5.6439728e+03   4.6451762e+03   5.6417590e+03   5.7644714e+03   5.1728193e+03   5.0814858e+03   5.4528669e+03   4.8668616e+03   5.3894826e+03   5.7744992e+03
   5.1000148e+03   5.6471514e+03   5.3529851e+03   5.8211131e+03   5.0221141e+03   5.5609060e+03   4.6950729e+03   5.5973709e+03   5.3745939e+03   5.4951825e+03   4.8165221e+03   5.8889786e+03   5.4720523e+03   5.0059392e+03   5.6639626e+03   5.7632721e+03   5.4011938e+03   5.1588543e+03   5.0669440e+03   5.7505955e+03   5.6439728e+03   4.6451762e+03   5.6417590e+03   5.7644714e+03   5.1728193e+03   5.0814858e+03   5.4528669e+03   4.8668616e+03   5.3894826e+03   5.7744992e+03
   5.1000148e+03   5.6471514e+03   5.3529851e+03   5.8211131e+03   5.0221141e+03   5.5609060e+03   4.6950729e+03   5.5973709e+03   5.3745939e+03   5.4951825e+03   4.8165221e+03   5.8889786e+03   5.4047839e+03   5.0059392e+03   5.6639626e+03   5.7632721e+03   5.4011938e+03   5.1588543e+03   5.0669440e+03   5.7505955e+03   5.6439728e+03   4.6451762e+03   5.6417590e+03   5.7644714e+03   5.1728193e+03   5.0814858e+03   5.4528669e+03   4.8668616e+03   5.3894826e+03   5.7744992e+03
   5.1000148e+03   5.6471514e+03   5.3529851e+03   5.8211131e+03   5.0221141e+03   5.5609060e+03   4.6950729e+03   5.5973709e+03   5.3745939e+03   5.4951825e+03   4.8165221e+03   5.8889786e+03   5.4047839e+03   5.0059392e+03   5.6639626e+03   5.7632721e+03   5.4011938e+03   5.1588543e+03   5.0669440e+03   5.7505955e+03   5.6439728e+03   4.6451762e+03   5.6417590e+03   5.7644714e+03   5.1728193e+03   5.0814858e+03   5.4528669e+03   4.8668616e+03   5.3894826e+03   5.7744992e+03
   5.1000148e+03   5.6471514e+03   5.3529851e+03   5.8211131e+03   5.0221141e+03   5.5609060e+03   4.6950729e+03   5.5973709e+03   5.3745939e+03   5.4951825e+03   4.8165221e+03   5.8889786e+03   5.4047839e+03   5.0059392e+03   5.6639626e+03   5.7632721e+03   5.4011938e+03   5.1588543e+03   5.0669440e+03   5.7505955e+03   5.6439728e+03   4.6451762e+03   5.6417590e+03   5.7644714e+03   5.1728193e+03   5.0814858e+03   5.4528669e+03   4.8668616e+03   5.3894826e+03   5.7744992e+03
   5.1000148e+03   5.6471514e+03   5.3529851e+03   5.8211131e+03   5.0221141e+03   5.5609060e+03   4.6950729e+03   5.5973709e+03   5.3745939e+03   5.4951825e+03   4.8165221e+03   5.8889786e+03   5.4047839e+03   5.0059392e+03   5.6639626e+03   5.7632721e+03   5.4011938e+03   5.1588543e+03   5.0669440e+03   5.7505955e+03   5.6439728e+03   4.6451762e+03   5.6417590e+03   5.5697268e+03   5.1728193e+03   5.0814858e+03   5.4528669e+03   4.8668616e+03   5.2950005e+03   5.7744992e+03
   5.1000148e+03   5.5823739e+03   5.3529851e+03   5.8211131e+03   5.0221141e+03   5.5609060e+03   4.6950729e+03   5.5973709e+03   5.3745939e+03   5.4951825e+03   4.8165221e+03   5.8889786e+03   5.4047839e+03   5.0059392e+03   5.6639626e+03   5.7632721e+03   5.4011938e+03   5.1588543e+03   5.0669440e+03   5.7505955e+03   5.6439728e+03   4.6451762e+03   5.6417590e+03   5.5697268e+03   5.1728193e+03   5.0814858e+03   5.4528669e+03   4.8668616e+03   5.2950005e+03   5.7744992e+03
   5.1000148e+03   4.7752403e+03   5.3529851e+03   5.0541231e+03   5.0221141e+03   5.5609060e+03   4.6950729e+03   5.0720264e+03   5.3745939e+03   5.4951825e+03   4.8165221e+03   5.8889786e+03   5.4047839e+03   5.0059392e+03   5.6639626e+03   5.7632721e+03   5.4011938e+03   5.1588543e+03   5.0669440e+03   5.7505955e+03   5.6439728e+03   4.6451762e+03   5.5180382e+03   5.4598448e+03   5.1728193e+03   5.0814858e+03   5.4528669e+03   4.8668616e+03   5.2950005e+03   5.3190139e+03
   4.9225459e+03   4.7752403e+03   5.3529851e+03   5.0541231e+03   4.7119470e+03   4.2683801e+03   4.6950729e+03   4.4318471e+03   4.9706234e+03   4.9613738e+03   4.3625416e+03   4.5658297e+03   5.4047839e+03   5.0059392e+03   5.3419673e+03   5.1567709e+03   5.0955572e+03   5.1588543e+03   5.0669440e+03   4.5712431e+03   5.6439728e+03   4.6451762e+03   4.9639089e+03   5.4598448e+03   5.0117366e+03   4.5507018e+03   5.4528669e+03   4.8668616e+03   5.2950005e+03   5.3190139e+03
   4.9225459e+03   3.9489955e+03   4.7515539e+03   4.3793769e+03   3.8749631e+03   3.5498067e+03   4.0774746e+03   3.6009235e+03   4.1138195e+03   3.6285855e+03   4.3625416e+03   4.2553032e+03   4.1881448e+03   4.1996719e+03   4.3641605e+03   3.8592489e+03   2.5980454e+03   3.8033270e+03   3.9482224e+03   4.2532728e+03   4.2447375e+03   4.0902847e+03   3.4919068e+03   3.8033523e+03   3.3222730e+03   4.5507018e+03   4.1031479e+03   4.0759190e+03   4.1958536e+03   4.5307778e+03
   2.2060516e+03   2.0151733e+03   2.6562407e+03   2.7739920e+03   2.5519390e+03   2.2345319e+03   2.0903580e+03   2.7016089e+03   1.6145728e+03   2.6586604e+03   1.2285769e+03   2.2240253e+03   2.2713402e+03   2.6496814e+03   2.4564352e+03   1.9027851e+03   2.5980454e+03   2.5270956e+03   2.3061286e+03   1.4602961e+03   1.5821718e+03   2.4981683e+03   2.2555679e+03   2.6018321e+03   2.0537061e+03   2.4116248e+03   2.5659460e+03   2.6657540e+03   2.0257692e+03   1.6817808e+03
   2.0048168e+02   6.4597138e+01   2.7207848e+02   3.1943740e+02   2.5638548e+02   1.8565059e+02   8.1852153e+01   9.6726085e+01   1.8878352e+02   1.8747387e+02   1.7229562e+02   1.9869346e+02   2.0320195e+02   2.7605147e+02   1.7041933e+02   8.1507958e+01   1.3947564e+02   1.2483593e+02   3.1198561e+02   1.5109987e+02   5.2856333e+01   1.3079870e+02   2.1599491e+02   2.7742924e+02   6.1002257e+01   3.0280391e+02   2.3624459e+02   6.7479693e+01   3.8801507e+02   2.2400900e+02
   0.0000000e+00   0.0000000e+00   0.0000000e+00   0.0000000e+00   0.0000000e+00   0.0000000e+00   0.0000000e+00   0.0000000e+00   0.0000000e+00   0.0000000e+00   0.0000000e+00   1.5364559e-08   0.0000000e+00   0.0000000e+00   1.4370223e-08   0.0000000e+00   0.0000000e+00   0.0000000e+00   0.0000000e+00   0.0000000e+00   0.0000000e+00   0.0000000e+00   0.0000000e+00   0.0000000e+00   0.0000000e+00   0.0000000e+00   0.0000000e+00   0.0000000e+00   0.0000000e+00   0.0000000e+00
   0.0000000e+00   0.0000000e+00   0.0000000e+00   0.0000000e+00   0.0000000e+00   0.0000000e+00   0.0000000e+00   0.0000000e+00   0.0000000e+00   0.0000000e+00   0.0000000e+00   0.0000000e+00   0.0000000e+00   0.0000000e+00   0.0000000e+00   0.0000000e+00   0.0000000e+00   0.0000000e+00   0.0000000e+00   0.0000000e+00   0.0000000e+00   0.0000000e+00   0.0000000e+00   0.0000000e+00   0.0000000e+00   0.0000000e+00   0.0000000e+00   0.0000000e+00   0.0000000e+00   0.0000000e+00
   0.0000000e+00   0.0000000e+00   0.0000000e+00   0.0000000e+00   0.0000000e+00   0.0000000e+00   0.0000000e+00   0.0000000e+00   0.0000000e+00   0.0000000e+00   0.0000000e+00   0.0000000e+00   0.0000000e+00   0.0000000e+00   0.0000000e+00   0.0000000e+00   0.0000000e+00   0.0000000e+00   0.0000000e+00   0.0000000e+00   0.0000000e+00   0.0000000e+00   0.0000000e+00   0.0000000e+00   0.0000000e+00   0.0000000e+00   0.0000000e+00   0.0000000e+00   0.0000000e+00   0.0000000e+00
