   5.0937788e+03   5.5717659e+03   5.3665870e+03   5.0414538e+03   5.3351827e+03   5.7817914e+03   5.5951660e+03   5.9004206e+03   5.5222157e+03   5.0738659e+03   5.1322810e+03   5.5429532e+03   5.8649658e+03   5.4204918e+03   5.1301819e+03   5.3503253e+03   5.9808927e+03   5.6386644e+03   5.7113930e+03   5.4922847e+03   5.6261278e+03   5.6153824e+03   5.1170838e+03   5.3482729e+03   5.7536392e+03   6.3585934e+03   6.1006819e+03   5.4938127e+03   5.4567798e+03   5.3118618e+03
   5.0937788e+03   5.5717659e+03   5.3665870e+03   5.0414538e+03   5.3351827e+03   5.7817914e+03   5.5951660e+03   5.9004206e+03   5.5222157e+03   5.0738659e+03   5.1322810e+03   5.5429532e+03   5.8649658e+03   5.4204918e+03   5.1301819e+03   5.3503253e+03   5.9808927e+03   5.6386644e+03   5.7113930e+03   5.4922847e+03   5.6261278e+03   5.6153824e+03   5.1170838e+03   5.3482729e+03   5.7536392e+03   6.3585934e+03   6.1006819e+03   5.4938127e+03   5.4567798e+03   5.3118618e+03
   5.0937788e+03   5.5717659e+03   5.3665870e+03   5.0414538e+03   5.3351827e+03   5.7817914e+03   5.5951660e+03   5.9004206e+03   5.5222157e+03   5.0738659e+03   5.1322810e+03   5.5429532e+03   5.8649658e+03   5.4204918e+03   5.1301819e+03   5.3503253e+03   5.9808927e+03   5.6386644e+03   5.7113930e+03   5.4922847e+03   5.6261278e+03   5.6153824e+03   5.1170838e+03   5.3482729e+03   5.7536392e+03   6.3585934e+03   6.1006819e+03   5.4938127e+03   5.4567798e+03   5.3118618e+03
   5.0937788e+03   5.5717659e+03   5.3665870e+03   5.0414538e+03   5.3351827e+03   5.7817914e+03   5.5951660e+03   5.9004206e+03   5.5222157e+03   5.0738659e+03   5.1322810e+03   5.5429532e+03   5.8649658e+03   5.4204918e+03   5.1301819e+03   5.3503253e+03   5.9808927e+03   5.4801582e+03   5.7113930e+03   5.4922847e+03   5.6261278e+03   5.6153824e+03   5.1170838e+03   5.3482729e+03   5.7536392e+03   6.3585934e+03   6.1006819e+03   5.4938127e+03   5.4567798e+03   5.3118618e+03
   5.0937788e+03   5.5717659e+03   5.3665870e+03   5.0414538e+03   5.3351827e+03   5.7817914e+03   5.5951660e+03   5.9004206e+03   5.5222157e+03   5.0738659e+03   5.1322810e+03   5.5429532e+03   5.8649658e+03   5.4204918e+03   5.1301819e+03   5.3503253e+03   5.9808927e+03   5.4801582e+03   5.7113930e+03   5.4922847e+03   5.6261278e+03   5.6153824e+03   5.1170838e+03   5.3482729e+03   5.7536392e+03   6.3585934e+03   6.1006819e+03   5.4938127e+03   5.4567798e+03   5.3118618e+03
   5.0937788e+03   5.5717659e+03   5.3665870e+03   5.0414538e+03   5.3351827e+03   5.7817914e+03   5.5951660e+03   5.9004206e+03   5.5222157e+03   5.0738659e+03   5.1322810e+03   5.5429532e+03   5.8649658e+03   5.4204918e+03   5.1301819e+03   5.3503253e+03   5.9808927e+03   5.4801582e+03   5.7113930e+03   5.4922847e+03   5.6261278e+03   5.6153824e+03   5.1170838e+03   5.3482729e+03   5.7536392e+03   6.3585934e+03   6.1006819e+03   5.4938127e+03   5.4567798e+03   5.3118618e+03
   5.0937788e+03   5.5717659e+03   5.3665870e+03   5.0414538e+03   5.3351827e+03   5.7817914e+03   5.5951660e+03   5.9004206e+03   5.5222157e+03   5.0738659e+03   5.1322810e+03   5.5429532e+03   5.8649658e+03   5.4204918e+03   5.1301819e+03   5.3503253e+03   5.9808927e+03   5.4801582e+03   5.7113930e+03   5.4922847e+03   5.6261278e+03   5.6153824e+03   5.1170838e+03   5.3482729e+03   5.7536392e+03   6.3585934e+03   6.1006819e+03   5.4938127e+03   5.4567798e+03   5.3118618e+03
   5.0937788e+03   5.5717659e+03   5.3665870e+03   5.0414538e+03   5.3351827e+03   5.7817914e+03   5.5951660e+03   5.9004206e+03   5.5222157e+03   5.0738659e+03   5.1322810e+03   5.5429532e+03   5.8649658e+03   5.4204918e+03   5.1301819e+03   5.3503253e+03   5.9808927e+03   5.4801582e+03   5.7113930e+03   5.4922847e+03   5.6261278e+03   5.6153824e+03   5.1170838e+03   5.3482729e+03   5.7536392e+03   6.3585934e+03   6.1006819e+03   5.4938127e+03   5.4567798e+03   5.3118618e+03
   5.0937788e+03   5.5717659e+03   4.6601255e+03   5.0414538e+03   5.3351827e+03   5.7817914e+03   5.5951660e+03   5.8157874e+03   5.5222157e+03   5.0738659e+03   5.1322810e+03   5.5429532e+03   5.8649658e+03   5.4204918e+03   5.1301819e+03   5.3503253e+03   5.9503468e+03   5.4583676e+03   5.7113930e+03   5.4922847e+03   5.6261278e+03   5.6153824e+03   5.1170838e+03   5.3482729e+03   5.6609814e+03   6.3585934e+03   6.1006819e+03   5.4938127e+03   5.4567798e+03   5.3118618e+03
   5.0937788e+03   5.5717659e+03   4.6601255e+03   5.0414538e+03   5.3351827e+03   4.8602009e+03   5.5951660e+03   5.2335278e+03   5.5222157e+03   5.0738659e+03   5.1322810e+03   5.5429532e+03   5.8536325e+03   5.3872754e+03   5.1301819e+03   5.0508681e+03   5.9503468e+03   5.4583676e+03   5.7113930e+03   5.4922847e+03   5.6261278e+03   5.6153824e+03   5.1170838e+03   5.2993470e+03   5.6609814e+03   6.2858405e+03   5.5877790e+03   5.4938127e+03   5.4567798e+03   4.1352822e+03
   5.0937788e+03   5.2513689e+03   4.6583836e+03   2.6711374e+03   4.7583138e+03   4.8602009e+03   5.0127633e+03   4.9130446e+03   4.8599103e+03   3.2911670e+03   4.6009507e+03   4.1827173e+03   4.8526320e+03   5.3688542e+03   5.0877562e+03   4.8558140e+03   5.4979992e+03   4.1851652e+03   5.1729740e+03   4.9446904e+03   4.9513257e+03   4.4774212e+03   5.0132396e+03   4.9592302e+03   5.4190402e+03   5.7863124e+03   4.4055392e+03   5.1739537e+03   4.5705967e+03   4.1352822e+03
   4.3877044e+03   4.2681948e+03   4.2593312e+03   2.6711374e+03   3.0992875e+03   3.9589431e+03   4.2041604e+03   3.9151706e+03   3.3811865e+03   3.2911670e+03   4.2818592e+03   4.1827173e+03   2.2438757e+03   3.2102708e+03   3.4250533e+03   4.3743457e+03   3.8732736e+03   3.5594631e+03   2.2998165e+03   3.7661928e+03   3.4893168e+03   3.7143761e+03   3.7706610e+03   2.8237260e+03   3.9796171e+03   4.2152135e+03   3.1409076e+03   4.3296414e+03   3.8285722e+03   4.1352822e+03
   2.2586295e+03   2.4439627e+03   2.3833798e+03   2.3658983e+03   2.0009082e+03   2.2312053e+03   2.0935440e+03   7.2392166e+02   2.4358132e+03   2.0520810e+03   2.4447105e+03   1.6712271e+03   1.9106565e+03   8.0068351e+02   1.2903255e+03   2.2621173e+03   2.3742072e+03   1.9898909e+03   2.1745590e+03   2.3527351e+03   2.0639570e+03   2.0168735e+03   2.4190632e+03   2.0086550e+03   2.2794118e+03   2.1490685e+03   1.3237358e+03   2.1164207e+03   1.7624288e+03   2.3465842e+03
   2.9735580e+02   2.3832770e+02   3.7212145e+02   3.4275834e+02   1.7763486e+02   1.3542294e+02   2.9255681e+02   1.8172826e+02   2.6896849e+02   3.0416572e+02   3.0047646e+02   8.2561293e+01   2.3821525e+02   3.2182100e+01   7.9498922e+01   2.8905568e+02   2.7687133e+02   1.8451319e+02   3.0240657e+02   1.7399716e+02   2.9898721e+02   1.8901913e+02   3.0333631e+02   3.1020755e+02   2.3214600e+02   2.3685361e+02   2.3103240e+02   9.7258084e+01   3.1200900e+02   1.6796042e+02
   0.0000000e+00   0.0000000e+00   0.0000000e+00   0.0000000e+00   0.0000000e+00   0.0000000e+00   0.0000000e+00   0.0000000e+00   0.0000000e+00   0.0000000e+00   0.0000000e+00   0.0000000e+00   0.0000000e+00   0.0000000e+00   0.0000000e+00   0.0000000e+00   0.0000000e+00   0.0000000e+00   0.0000000e+00   0.0000000e+00   0.0000000e+00   0.0000000e+00   0.0000000e+00   0.0000000e+00   0.0000000e+00   0.0000000e+00   0.0000000e+00   0.0000000e+00   0.0000000e+00   0.0000000e+00
   0.0000000e+00   0.0000000e+00   0.0000000e+00   0.0000000e+00   0.0000000e+00   0.0000000e+00   0.0000000e+00   0.0000000e+00   0.0000000e+00   0.0000000e+00   0.0000000e+00   0.0000000e+00   0.0000000e+00   0.0000000e+00   0.0000000e+00   0.0000000e+00   0.0000000e+00   0.0000000e+00   0.0000000e+00   0.0000000e+00   0.0000000e+00   0.0000000e+00   0.0000000e+00   0.0000000e+00   0.0000000e+00   0.0000000e+00   0.0000000e+00   0.0000000e+00   0.0000000e+00   0.0000000e+00
