   3.9055889e+03   3.4819650e+03   2.9261320e+03   1.4257340e+03   2.5117965e+03   3.2988978e+03   3.7738862e+03   2.0383999e+03   2.6743859e+03   3.5064725e+03   2.3468719e+03   3.2157092e+03   2.2849316e+03   3.6143470e+03   2.0161507e+03   3.6136999e+03   3.0219921e+03   2.8273460e+03   3.4062359e+03   2.9123711e+03   3.5188214e+03   2.5928140e+03   3.0596299e+03   1.7229892e+03   2.6083083e+03   1.8272656e+03   2.5953507e+03   3.0272934e+03   2.4757751e+03   2.7391571e+03
   3.9055889e+03   3.4819650e+03   2.9261320e+03   1.4257340e+03   2.5117965e+03   3.2988978e+03   3.7738862e+03   2.0383999e+03   2.6743859e+03   3.5064725e+03   2.3468719e+03   3.2157092e+03   2.2849316e+03   3.6143470e+03   2.0161507e+03   3.6136999e+03   3.0219921e+03   2.8273460e+03   3.4062359e+03   2.9123711e+03   3.5188214e+03   2.5928140e+03   3.0596299e+03   1.7229892e+03   2.6083083e+03   1.8272656e+03   2.5953507e+03   3.0272934e+03   2.4757751e+03   2.7391571e+03
   3.9055889e+03   3.4819650e+03   2.9261320e+03   1.4257340e+03   2.5117965e+03   3.2988978e+03   3.7738862e+03   2.0383999e+03   2.6743859e+03   3.5064725e+03   2.3468719e+03   3.2157092e+03   2.2849316e+03   3.6143470e+03   2.0161507e+03   3.6136999e+03   3.0219921e+03   2.8273460e+03   3.4062359e+03   2.9123711e+03   3.5188214e+03   2.5928140e+03   3.0596299e+03   1.7229892e+03   2.6083083e+03   1.8272656e+03   2.5953507e+03   3.0272934e+03   2.4757751e+03   2.7391571e+03
   3.9055889e+03   3.4819650e+03   2.9261320e+03   1.4257340e+03   2.5117965e+03   3.2988978e+03   3.7738862e+03   2.0383999e+03   2.6743859e+03   3.5064725e+03   2.3468719e+03   3.2157092e+03   2.2849316e+03   3.6143470e+03   2.0161507e+03   3.6136999e+03   3.0219921e+03   2.8273460e+03   3.4062359e+03   2.9123711e+03   3.5188214e+03   2.5928140e+03   3.0596299e+03   1.7229892e+03   2.6083083e+03   1.8272656e+03   2.5953507e+03   3.0272934e+03   2.4757751e+03   2.7391571e+03
   3.9055889e+03   3.4819650e+03   2.9261320e+03   1.4257340e+03   2.5117965e+03   3.2988978e+03   3.7738862e+03   2.0383999e+03   2.6743859e+03   3.5064725e+03   2.3468719e+03   3.2157092e+03   2.2849316e+03   3.6143470e+03   2.0161507e+03   3.6136999e+03   3.0219921e+03   2.8273460e+03   3.4062359e+03   2.9123711e+03   3.5188214e+03   2.5928140e+03   3.0596299e+03   1.7229892e+03   2.6083083e+03   1.8272656e+03   2.5953507e+03   3.0272934e+03   2.4757751e+03   2.7391571e+03
   3.9055889e+03   3.4819650e+03   2.9261320e+03   1.4257340e+03   2.5117965e+03   3.2988978e+03   3.7738862e+03   2.0383999e+03   2.6743859e+03   3.5064725e+03   2.3468719e+03   3.2157092e+03   2.2849316e+03   3.6143470e+03   2.0161507e+03   3.6136999e+03   3.0219921e+03   2.8273460e+03   3.4062359e+03   2.9123711e+03   3.5188214e+03   2.5928140e+03   3.0596299e+03   1.7229892e+03   2.6083083e+03   1.8272656e+03   2.5953507e+03   3.0272934e+03   2.4757751e+03   2.7391571e+03
   3.9055889e+03   3.4819650e+03   2.9261320e+03   1.4257340e+03   2.5117965e+03   3.2988978e+03   3.7738862e+03   2.0383999e+03   2.6743859e+03   3.0093366e+03   2.3468719e+03   3.2157092e+03   2.2849316e+03   3.6143470e+03   2.0161507e+03   3.6136999e+03   3.0219921e+03   2.8273460e+03   3.4062359e+03   2.9123711e+03   3.5188214e+03   2.5928140e+03   3.0596299e+03   1.7229892e+03   2.6083083e+03   1.8272656e+03   2.5953507e+03   2.3443719e+03   2.4757751e+03   2.7391571e+03
   3.9055889e+03   3.4819650e+03   2.9261320e+03   1.4257340e+03   2.5117965e+03   3.2988978e+03   3.7738862e+03   2.0383999e+03   2.6743859e+03   3.0093366e+03   2.3468719e+03   3.2157092e+03   2.2849316e+03   3.6143470e+03   2.0161507e+03   3.6136999e+03   1.4737917e+03   2.8273460e+03   3.4062359e+03   2.9123711e+03   9.1880752e+02   2.5928140e+03   3.0596299e+03   1.7229892e+03   2.6083083e+03   1.8272656e+03   2.5953507e+03   2.3443719e+03   2.4757751e+03   2.7391571e+03
   3.9055889e+03   3.4819650e+03   2.9261320e+03   9.8316858e+02   2.5117965e+03   3.2988978e+03   3.7738862e+03   2.0383999e+03   2.6743859e+03   3.0093366e+03   2.3468719e+03   3.2157092e+03   2.2849316e+03   3.3069109e+03   2.0161507e+03   3.6136999e+03   1.4737917e+03   2.8273460e+03   3.4062359e+03   2.9123711e+03   9.1880752e+02   2.5928140e+03   3.0596299e+03   1.7229892e+03   2.6083083e+03   1.8272656e+03   2.5953507e+03   2.3443719e+03   2.4757751e+03   2.7391571e+03
   1.6777958e+03   1.5011538e+03   1.2850436e+03   9.8316858e+02   7.4539583e+02   7.6558998e+02   2.2817509e+03   1.6380225e+03   1.1558881e+03   1.1355191e+03   1.8627926e+03   6.2475160e+02   7.8576526e+02   1.6789259e+03   2.0161507e+03   3.3272381e+02   1.4737917e+03   2.2533350e+03   1.3644509e+03   9.3378822e+02   9.1880752e+02   2.0664523e+03   2.2650550e+03   7.7605275e+02   1.3715591e+03   1.7257011e+03   1.7391725e+03   1.9362183e+03   6.1666421e+02   1.4015065e+03
   1.8505868e+02   2.8600423e+02   5.0911248e+02   5.9416151e+02   5.6220907e+02   2.5624807e+02   3.1083560e+02   5.6989089e+02   1.5343919e+02   3.7511173e+02   3.8103721e+02   4.2508883e+02   2.9363644e+02   6.1161057e+02   2.6891789e+02   3.3272381e+02   5.0549765e+02   1.8320053e+02   4.4472049e+02   5.0062307e+02   3.9193931e+02   2.7973094e+02   4.7415587e+02   4.2624037e+02   4.1856695e+02   4.4838796e+02   2.2409373e+02   5.0867048e+02   4.2380315e+02   4.4636445e+02
   1.6267830e+02   9.9907162e+01   1.8061012e+02   1.6420836e+02   1.9876408e+02   1.6103464e+02   1.6888956e+02   1.3879987e+02   9.3823479e+01   1.4832626e+02   1.6561325e+02   1.8666160e+02   1.5847231e+02   1.1182360e+02   1.4324930e+02   1.0536794e+02   1.6484851e+02   1.0047044e+02   9.9025067e+01   1.8816821e+02   1.0566854e+02   1.8677084e+02   1.6072467e+02   1.6688828e+02   9.0959748e+01   1.5545179e+02   1.4991729e+02   1.6624121e+02   1.7060468e+02   1.2055492e+02
   1.0517206e+02   7.9118154e+01   9.5048762e+01   6.6787185e+01   9.2310534e+01   8.8401642e+01   9.7935905e+01   7.1184591e+01   9.3823479e+01   8.6847219e+01   9.7425099e+01   6.9919328e+01   9.1148381e+01   6.7140177e+01   6.8000044e+01   8.1311306e+01   8.8983569e+01   6.7050733e+01   7.3802494e+01   7.6364370e+01   6.8061970e+01   7.1693301e+01   8.0248313e+01   8.0986170e+01   6.7876551e+01   8.4652623e+01   7.0927758e+01   8.5004676e+01   6.7421064e+01   6.8787637e+01
   6.5477871e+01   6.5235859e+01   6.5329109e+01   6.5419752e+01   6.5343400e+01   6.5464258e+01   6.5404391e+01   6.5506083e+01   6.5474636e+01   6.5424852e+01   6.5588132e+01   6.5399099e+01   6.5495849e+01   6.5653551e+01   6.5441694e+01   6.4957569e+01   6.5146228e+01   6.3828085e+01   6.5285599e+01   6.5631364e+01   6.5402044e+01   6.5548799e+01   6.5107042e+01   6.5332217e+01   6.5057216e+01   6.5431561e+01   6.5847493e+01   6.4876401e+01   6.4896181e+01   6.5465538e+01
   6.3766082e+01   6.3853633e+01   6.3626460e+01   6.3218365e+01   6.3670132e+01   6.4035527e+01   6.3758785e+01   6.3869811e+01   6.3894848e+01   6.3841266e+01   6.3812898e+01   6.3836102e+01   6.3934480e+01   6.3861638e+01   6.3748580e+01   6.3702508e+01   6.3412435e+01   6.3681859e+01   6.3890937e+01   6.3692134e+01   6.3759311e+01   6.3816147e+01   6.3522015e+01   6.3976219e+01   6.3834502e+01   6.3791879e+01   6.3915908e+01   6.3879230e+01   6.3825237e+01   6.3807187e+01
   6.2466182e+01   6.2645459e+01   6.2572568e+01   6.2616335e+01   6.2522371e+01   6.2604930e+01   6.2612718e+01   6.2753314e+01   6.2673406e+01   6.2595359e+01   6.2583374e+01   6.2589375e+01   6.2665202e+01   6.2598085e+01   6.2503253e+01   6.2493235e+01   6.2601229e+01   6.2508523e+01   6.2599801e+01   6.2662989e+01   6.2583723e+01   6.2598195e+01   6.2607803e+01   6.2733919e+01   6.2588635e+01   6.2614016e+01   6.2610082e+01   6.2712419e+01   6.2702202e+01   6.2564548e+01
