   5.4919325e+03   5.2608164e+03   4.9475306e+03   5.1705183e+03   5.2418077e+03   5.6199305e+03   5.1595016e+03   5.7722325e+03   5.8495959e+03   5.6866853e+03   5.6790710e+03   5.1849410e+03   5.0528703e+03   5.1178082e+03   5.1554703e+03   5.5274429e+03   5.3744303e+03   5.7648989e+03   5.1906400e+03   5.3294139e+03   4.9534212e+03   5.1239840e+03   5.4648006e+03   5.4117938e+03   5.7291755e+03   5.2689087e+03   5.6381639e+03   5.4202630e+03   5.5987343e+03   5.1630694e+03
   5.4919325e+03   5.2608164e+03   4.9475306e+03   5.1705183e+03   5.2418077e+03   5.6199305e+03   5.1595016e+03   5.7722325e+03   5.8495959e+03   5.6866853e+03   5.6790710e+03   5.1849410e+03   5.0528703e+03   5.1178082e+03   5.1554703e+03   5.5274429e+03   5.3744303e+03   5.7648989e+03   5.1906400e+03   5.3294139e+03   4.9534212e+03   5.1239840e+03   5.4648006e+03   5.4117938e+03   5.7291755e+03   5.2689087e+03   5.6381639e+03   5.4202630e+03   5.5987343e+03   5.1630694e+03
   5.4919325e+03   5.2608164e+03   4.9475306e+03   5.1705183e+03   5.2418077e+03   5.6199305e+03   5.1595016e+03   5.7722325e+03   5.8495959e+03   5.6866853e+03   5.6790710e+03   5.1849410e+03   5.0528703e+03   5.1178082e+03   5.1554703e+03   5.5274429e+03   5.3744303e+03   5.7648989e+03   5.1906400e+03   5.3294139e+03   4.9534212e+03   5.1239840e+03   5.4648006e+03   5.4117938e+03   5.7291755e+03   5.2689087e+03   5.6381639e+03   5.4202630e+03   5.5959957e+03   5.1630694e+03
   5.4919325e+03   5.2608164e+03   4.9475306e+03   5.1705183e+03   5.2418077e+03   5.6199305e+03   5.1595016e+03   5.7722325e+03   5.8495959e+03   5.6866853e+03   5.6790710e+03   5.1849410e+03   5.0528703e+03   5.1178082e+03   5.1554703e+03   5.5274429e+03   5.3744303e+03   5.7648989e+03   5.1906400e+03   5.3294139e+03   4.9534212e+03   5.1239840e+03   5.4648006e+03   5.4117938e+03   5.7291755e+03   5.2689087e+03   5.6381639e+03   5.4202630e+03   5.5959957e+03   5.1630694e+03
   5.4919325e+03   5.2608164e+03   4.9475306e+03   5.1705183e+03   5.2418077e+03   5.6199305e+03   5.1595016e+03   5.7722325e+03   5.8495959e+03   5.6866853e+03   5.6790710e+03   5.1849410e+03   5.0528703e+03   5.1178082e+03   5.1554703e+03   5.5274429e+03   5.3744303e+03   5.7648989e+03   5.1906400e+03   5.3294139e+03   4.9534212e+03   5.1239840e+03   5.4648006e+03   5.4117938e+03   5.7291755e+03   5.2689087e+03   5.6381639e+03   5.4202630e+03   5.5959957e+03   5.1630694e+03
   5.4919325e+03   5.2608164e+03   4.9475306e+03   5.1705183e+03   5.2418077e+03   5.6199305e+03   5.1595016e+03   5.7722325e+03   5.8495959e+03   5.6866853e+03   5.6790710e+03   5.1849410e+03   5.0528703e+03   5.1178082e+03   5.1554703e+03   5.5274429e+03   5.3744303e+03   5.7648989e+03   5.1906400e+03   5.3294139e+03   4.9534212e+03   5.1239840e+03   5.4648006e+03   5.4117938e+03   5.7291755e+03   5.2689087e+03   5.6381639e+03   5.4202630e+03   5.5959957e+03   5.1630694e+03
   5.4919325e+03   5.2608164e+03   4.9475306e+03   5.1705183e+03   5.2418077e+03   5.6199305e+03   5.1595016e+03   5.7722325e+03   5.8495959e+03   5.6866853e+03   5.4272760e+03   5.1849410e+03   5.0528703e+03   5.1178082e+03   5.1554703e+03   5.5274429e+03   5.3744303e+03   5.7648989e+03   5.1906400e+03   5.3294139e+03   4.9534212e+03   5.1239840e+03   5.4648006e+03   5.4117938e+03   5.7291755e+03   5.2689087e+03   5.6381639e+03   5.4202630e+03   5.5959957e+03   5.1630694e+03
   5.4919325e+03   5.2608164e+03   4.9475306e+03   5.1705183e+03   5.2418077e+03   5.6199305e+03   5.1595016e+03   5.7722325e+03   5.8495959e+03   5.6866853e+03   5.4272760e+03   5.1849410e+03   5.0528703e+03   5.1178082e+03   5.1554703e+03   5.5274429e+03   5.3744303e+03   5.7648989e+03   5.1906400e+03   5.3294139e+03   4.9534212e+03   5.1239840e+03   5.4648006e+03   5.4117938e+03   5.7291755e+03   5.2689087e+03   5.6381639e+03   5.4202630e+03   5.5959957e+03   5.1630694e+03
   5.4919325e+03   5.2608164e+03   4.9475306e+03   5.1705183e+03   5.2418077e+03   5.6199305e+03   5.1595016e+03   5.5043704e+03   5.8495959e+03   5.6866853e+03   5.4272760e+03   5.1849410e+03   5.0528703e+03   5.1178082e+03   5.1554703e+03   5.5274429e+03   5.3744303e+03   5.7648989e+03   5.1906400e+03   5.3294139e+03   4.8805694e+03   5.1239840e+03   5.4648006e+03   5.4117938e+03   5.2605812e+03   5.2689087e+03   5.6381639e+03   5.4202630e+03   5.5959957e+03   5.1630694e+03
   5.4919325e+03   4.7699090e+03   4.9475306e+03   5.1705183e+03   5.2418077e+03   5.6199305e+03   5.1595016e+03   5.5043704e+03   5.8495959e+03   5.6866853e+03   5.4272760e+03   5.1531668e+03   5.0528703e+03   5.1178082e+03   5.1554703e+03   5.5274429e+03   5.3744303e+03   5.0433878e+03   5.0542680e+03   5.1205308e+03   4.8805694e+03   5.1239840e+03   3.9083750e+03   5.2683371e+03   5.2605812e+03   5.2689087e+03   5.3217606e+03   5.3461936e+03   5.3451985e+03   5.1630694e+03
   5.0976966e+03   4.7699090e+03   4.9475306e+03   5.1415514e+03   5.0331363e+03   4.7947819e+03   4.7516358e+03   4.9161596e+03   5.4041382e+03   4.6126107e+03   4.5906695e+03   4.3119757e+03   5.0528703e+03   5.1178082e+03   5.1554703e+03   5.1252836e+03   4.5997330e+03   3.1828989e+03   4.8055751e+03   4.9985231e+03   4.8805694e+03   4.9091436e+03   3.9083750e+03   5.2683371e+03   5.2378204e+03   5.0029216e+03   4.6835970e+03   5.3189306e+03   5.0337832e+03   5.0445657e+03
   4.2703671e+03   2.7112130e+03   3.8235808e+03   3.8805758e+03   3.7483815e+03   3.2281199e+03   4.0175349e+03   3.4328525e+03   4.2793857e+03   4.1792577e+03   4.3311557e+03   3.7312047e+03   4.1632374e+03   4.1558610e+03   4.0028488e+03   4.2674256e+03   3.9138487e+03   3.1828989e+03   4.0758913e+03   2.8407377e+03   4.2194773e+03   3.5013550e+03   3.9083750e+03   3.8484498e+03   3.9622966e+03   4.2466491e+03   4.2008187e+03   4.2363218e+03   3.2773393e+03   4.3476985e+03
   2.3305138e+03   2.3446150e+03   2.5101562e+03   2.3228126e+03   2.2694147e+03   2.5323974e+03   2.0041836e+03   2.3889609e+03   2.2804663e+03   2.4798062e+03   2.1714888e+03   2.1148154e+03   2.3032606e+03   2.3668009e+03   2.3264765e+03   2.3682432e+03   2.1498440e+03   1.2525120e+03   2.3448316e+03   1.9988728e+03   2.1541054e+03   1.9634165e+03   2.2936476e+03   2.2433341e+03   1.5128580e+03   1.5576840e+03   2.4934783e+03   2.2512174e+03   1.5584456e+03   2.3271089e+03
   2.4619407e+02   1.9378420e+02   2.7242630e+02   1.3093453e+02   3.0822341e+02   1.8041322e+02   1.2528518e+02   3.5098983e+02   2.1197571e+02   3.8019523e+02   1.9930441e+02   2.7650992e+02   3.2225894e+02   2.4695404e+02   2.0915580e+02   3.2985066e+02   3.1339844e+02   3.3643038e+02   3.3424740e+02   3.1704348e+02   2.6664576e+02   2.9887378e+02   4.3626303e+02   2.2785721e+02   2.9812441e+02   2.7378995e+02   3.6524828e+02   2.8574269e+02   3.7923462e+02   3.2384197e+02
   0.0000000e+00   0.0000000e+00   0.0000000e+00   0.0000000e+00   0.0000000e+00   0.0000000e+00   0.0000000e+00   0.0000000e+00   0.0000000e+00   0.0000000e+00   0.0000000e+00   0.0000000e+00   0.0000000e+00   0.0000000e+00   0.0000000e+00   0.0000000e+00   0.0000000e+00   0.0000000e+00   0.0000000e+00   0.0000000e+00   0.0000000e+00   0.0000000e+00   0.0000000e+00   0.0000000e+00   0.0000000e+00   0.0000000e+00   0.0000000e+00   0.0000000e+00   0.0000000e+00   0.0000000e+00
   0.0000000e+00   0.0000000e+00   0.0000000e+00   0.0000000e+00   0.0000000e+00   0.0000000e+00   0.0000000e+00   0.0000000e+00   0.0000000e+00   0.0000000e+00   0.0000000e+00   0.0000000e+00   0.0000000e+00   0.0000000e+00   0.0000000e+00   0.0000000e+00   0.0000000e+00   0.0000000e+00   0.0000000e+00   0.0000000e+00   0.0000000e+00   0.0000000e+00   0.0000000e+00   0.0000000e+00   0.0000000e+00   0.0000000e+00   0.0000000e+00   0.0000000e+00   0.0000000e+00   0.0000000e+00
