   1.3409631e+03   1.2126495e+03   1.5554696e+03   1.5213822e+03   1.5548565e+03   1.6987134e+03   1.3964353e+03   1.5283337e+03   1.3552739e+03   1.4593166e+03   1.2360533e+03   1.3893243e+03   1.4600373e+03   1.1800574e+03   1.2253029e+03   1.4902254e+03   1.2531575e+03   1.1723757e+03   1.1484737e+03   1.4421783e+03   1.3485597e+03   1.5702263e+03   1.5665700e+03   1.4787683e+03   1.4550646e+03   1.2376227e+03   1.4458091e+03   1.2241579e+03   1.4205088e+03   1.4090905e+03
   1.3409631e+03   1.2126495e+03   1.5554696e+03   1.5213822e+03   1.5548565e+03   1.6987134e+03   1.3964353e+03   1.5283337e+03   1.3552739e+03   1.4593166e+03   1.2360533e+03   1.3893243e+03   1.4600373e+03   1.1800574e+03   1.2253029e+03   1.4902254e+03   1.2531575e+03   1.1723757e+03   1.1484737e+03   1.4421783e+03   1.3485597e+03   1.5702263e+03   1.5665700e+03   1.4787683e+03   1.4550646e+03   1.2376227e+03   1.4458091e+03   1.2241579e+03   1.4205088e+03   1.4090905e+03
   1.3409631e+03   1.2126495e+03   1.5554696e+03   1.5213822e+03   1.5548565e+03   1.6987134e+03   1.3964353e+03   1.5283337e+03   1.3552739e+03   1.4593166e+03   1.2360533e+03   1.3893243e+03   1.4600373e+03   1.1800574e+03   1.2253029e+03   1.4902254e+03   1.2531575e+03   1.1723757e+03   1.1484737e+03   1.4421783e+03   1.3485597e+03   1.5702263e+03   1.5665700e+03   1.4787683e+03   1.4550646e+03   1.2376227e+03   1.4458091e+03   1.2241579e+03   1.4205088e+03   1.4090905e+03
   1.3409631e+03   1.2126495e+03   1.5554696e+03   1.5213822e+03   1.5548565e+03   1.6987134e+03   1.3964353e+03   1.5283337e+03   1.3552739e+03   1.4593166e+03   1.2360533e+03   1.3893243e+03   1.4600373e+03   1.1800574e+03   1.2253029e+03   1.4902254e+03   1.2531575e+03   1.1723757e+03   1.1484737e+03   1.4421783e+03   1.3485597e+03   1.5702263e+03   1.5665700e+03   1.4787683e+03   1.4550646e+03   1.2376227e+03   1.4458091e+03   1.2241579e+03   1.4205088e+03   1.4090905e+03
   1.3409631e+03   1.2126495e+03   1.5554696e+03   1.5213822e+03   1.5548565e+03   1.6987134e+03   1.3964353e+03   1.5283337e+03   1.3552739e+03   1.4593166e+03   1.2360533e+03   1.3893243e+03   1.4600373e+03   1.1800574e+03   1.2253029e+03   1.4902254e+03   1.2531575e+03   1.1723757e+03   1.1484737e+03   1.4421783e+03   1.3485597e+03   1.5702263e+03   1.5665700e+03   1.4787683e+03   1.4550646e+03   1.2376227e+03   1.4458091e+03   1.2241579e+03   1.4205088e+03   1.4090905e+03
   1.3409631e+03   1.2126495e+03   1.5554696e+03   1.5213822e+03   1.5548565e+03   1.6987134e+03   1.3964353e+03   1.5283337e+03   1.3552739e+03   1.4593166e+03   1.2360533e+03   1.3893243e+03   1.4600373e+03   1.1800574e+03   1.2253029e+03   1.4902254e+03   1.2531575e+03   1.1723757e+03   1.1484737e+03   1.4421783e+03   1.3485597e+03   1.5702263e+03   1.5665700e+03   1.4787683e+03   1.4550646e+03   1.2376227e+03   1.4458091e+03   1.2241579e+03   1.4205088e+03   1.4090905e+03
   1.3409631e+03   1.2126495e+03   1.2671063e+03   1.5213822e+03   1.5548565e+03   1.6987134e+03   1.3964353e+03   1.5283337e+03   1.3552739e+03   1.4593166e+03   1.2360533e+03   1.3439723e+03   1.4600373e+03   1.1800574e+03   1.2253029e+03   1.4902254e+03   1.2531575e+03   1.1723757e+03   1.1484737e+03   1.4421783e+03   1.3485597e+03   1.5702263e+03   1.5665700e+03   1.4787683e+03   1.4550646e+03   1.2376227e+03   1.4458091e+03   1.2241579e+03   1.4205088e+03   1.4090905e+03
   1.3409631e+03   1.2126495e+03   1.2671063e+03   1.5213822e+03   1.5548565e+03   1.6987134e+03   1.3964353e+03   1.5283337e+03   1.3552739e+03   1.4593166e+03   1.2360533e+03   1.3439723e+03   1.4600373e+03   1.1800574e+03   1.2253029e+03   1.4902254e+03   1.2531575e+03   1.1723757e+03   1.1484737e+03   1.4421783e+03   1.3485597e+03   1.5702263e+03   1.5665700e+03   1.4787683e+03   8.0997318e+02   1.2376227e+03   1.4458091e+03   1.2241579e+03   1.4205088e+03   1.4090905e+03
   1.3409631e+03   1.2126495e+03   1.1088601e+03   1.5213822e+03   1.5548565e+03   1.2047959e+03   1.3964353e+03   1.4447814e+03   1.3551877e+03   1.2035211e+03   1.2360533e+03   1.3439723e+03   1.4600373e+03   1.1800574e+03   6.3808306e+02   1.4902254e+03   1.0200952e+03   1.1723757e+03   1.1484737e+03   1.4421783e+03   1.3485597e+03   1.5702263e+03   1.3839541e+03   1.2285534e+03   8.0997318e+02   1.2376227e+03   9.0655997e+02   1.1830646e+03   8.7100284e+02   1.2850651e+03
   1.2323355e+03   6.4960312e+02   9.4846087e+02   3.6876083e+02   9.5374298e+02   6.0183006e+02   1.0834762e+03   8.3313549e+02   4.3033666e+02   8.0625792e+02   6.4275388e+02   1.1997217e+03   5.7406783e+02   1.1800574e+03   6.3808306e+02   9.7098111e+02   6.3296724e+02   8.2059096e+02   9.4898581e+02   9.3953216e+02   6.0818021e+02   5.1863306e+02   1.0623588e+03   5.6412143e+02   8.0997318e+02   4.9032653e+02   6.8205240e+02   1.0210987e+03   6.7879399e+02   1.1383759e+03
   2.0890687e+02   2.9611156e+02   2.2233065e+02   2.7908626e+02   1.9376386e+02   1.3984005e+02   1.2889338e+02   1.6949761e+02   1.3592834e+02   1.1251738e+02   2.7996061e+02   1.3375059e+02   1.0251337e+02   1.5480943e+02   3.9500502e+02   3.4011868e+02   2.6881455e+02   1.6605303e+02   1.0614903e+02   1.2882328e+02   1.4268022e+02   2.5203422e+02   2.5795691e+02   2.3380026e+02   1.3035872e+02   3.0826625e+02   1.6359123e+02   3.2254355e+02   3.5377407e+02   3.1237599e+02
   1.4646479e+01   1.4869938e+01   2.9558343e+01   4.8340976e+01   4.9090112e+01   1.5532213e+01   2.9933973e+01   1.5478981e+01   3.4485695e+01   1.8773112e+01   3.7586399e+01   4.9692708e+01   4.0728666e+01   1.6136716e+01   4.7639472e+01   1.9826732e+01   1.8235575e+01   4.9737297e+01   1.5015798e+01   4.8718318e+01   4.9327307e+01   1.7425432e+01   2.7664332e+01   3.2063371e+01   4.2964650e+01   2.9389696e+01   3.9357004e+01   1.7009546e+01   1.3370839e+01   2.3731169e+01
   1.1472999e-01   4.9261506e-02   7.2582961e-02   7.0574085e-02   3.4819669e-02   1.0369560e-01   3.4463510e-02   5.3056328e-02   1.1263182e-01   1.2170590e-01   7.8978931e-02   1.2279823e-01   3.4316078e-02   7.5289784e-02   5.9194757e-02   1.7110997e-01   4.2637143e-02   6.1375979e-02   3.7772034e-02   1.1167672e-01   1.1434246e-01   6.1012859e-02   1.3364653e-01   7.0684008e-02   1.7608795e-01   8.5008878e-02   1.2775021e-01   1.0290826e-01   1.4895971e-01   1.3600994e-01
   1.2886721e-07   1.9932986e-07   9.3323706e-08   1.0356098e-07   1.1935845e-07   3.3589367e-07   1.6179592e-07   1.2844839e-07   1.6847753e-07   1.4708803e-07   1.0467966e-07   1.8958144e-07   1.5394198e-07   7.8724952e-08   9.6088115e-08   1.5259002e-07   1.2231931e-07   7.8941412e-08   3.1029140e-07   9.8624241e-08   9.8353212e-08   1.1375869e-07   2.1391497e-07   1.7080265e-07   1.6852755e-07   1.5092655e-07   2.0655534e-07   2.0502239e-07   1.0349095e-07   2.5264626e-07
   0.0000000e+00   0.0000000e+00   0.0000000e+00   0.0000000e+00   0.0000000e+00   0.0000000e+00   0.0000000e+00   0.0000000e+00   0.0000000e+00   0.0000000e+00   0.0000000e+00   0.0000000e+00   0.0000000e+00   0.0000000e+00   0.0000000e+00   0.0000000e+00   0.0000000e+00   0.0000000e+00   0.0000000e+00   0.0000000e+00   0.0000000e+00   0.0000000e+00   0.0000000e+00   0.0000000e+00   0.0000000e+00   0.0000000e+00   0.0000000e+00   0.0000000e+00   0.0000000e+00   0.0000000e+00
   0.0000000e+00   0.0000000e+00   0.0000000e+00   0.0000000e+00   0.0000000e+00   0.0000000e+00   0.0000000e+00   0.0000000e+00   0.0000000e+00   0.0000000e+00   0.0000000e+00   0.0000000e+00   0.0000000e+00   0.0000000e+00   0.0000000e+00   0.0000000e+00   0.0000000e+00   0.0000000e+00   0.0000000e+00   0.0000000e+00   0.0000000e+00   0.0000000e+00   0.0000000e+00   0.0000000e+00   0.0000000e+00   0.0000000e+00   0.0000000e+00   0.0000000e+00   0.0000000e+00   0.0000000e+00
