   4.4519345e+07   1.2392724e+07   4.2788271e+07   3.2599880e+07   5.5469698e+07   2.9615493e+07   4.1304515e+07   3.8232402e+07   1.5416003e+07   3.7679407e+07   3.1768412e+07   2.3069442e+07   3.3744292e+07   7.5855852e+07   2.6680585e+07   4.4319772e+07   1.9124857e+07   2.0329536e+07   2.4120165e+07   5.5812371e+07   9.2683229e+06   4.2770020e+07   5.2082787e+07   6.4775435e+07   5.5812371e+07   4.2007510e+07   3.9235101e+07   2.7213629e+07   5.7894831e+07   5.0056021e+07
   4.4519345e+07   1.2392724e+07   4.2788271e+07   3.2599880e+07   5.5469698e+07   2.9615493e+07   4.1304515e+07   3.8232402e+07   1.5416003e+07   3.7679407e+07   3.1768412e+07   2.3069442e+07   3.3744292e+07   7.5855852e+07   2.6680585e+07   4.4319772e+07   1.9124857e+07   2.0329536e+07   2.4120165e+07   5.5812371e+07   9.2683229e+06   4.2770020e+07   5.2082787e+07   6.4775435e+07   5.5812371e+07   4.2007510e+07   3.9235101e+07   2.7213629e+07   5.7894831e+07   5.0056021e+07
   4.4519345e+07   1.2392724e+07   4.2788271e+07   3.2599880e+07   5.5469698e+07   2.9615493e+07   4.1304515e+07   3.8232402e+07   1.5416003e+07   3.7679407e+07   3.1768412e+07   2.3069442e+07   3.3744292e+07   7.5855852e+07   2.6680585e+07   4.4319772e+07   1.9124857e+07   2.0329536e+07   2.4120165e+07   5.5812371e+07   9.2683229e+06   4.2770020e+07   5.2082787e+07   6.4775435e+07   5.5812371e+07   4.2007510e+07   3.9235101e+07   2.7213629e+07   5.7894831e+07   5.0056021e+07
   4.4519345e+07   1.2392724e+07   4.2788271e+07   3.2599880e+07   5.5469698e+07   2.9615493e+07   4.1304515e+07   3.8232402e+07   1.5416003e+07   3.7679407e+07   3.1768412e+07   2.3069442e+07   3.3744292e+07   7.5855852e+07   2.6680585e+07   4.4319772e+07   1.9124857e+07   2.0329536e+07   2.4120165e+07   5.5812371e+07   9.2683229e+06   4.2770020e+07   5.2082787e+07   6.4775435e+07   5.5812371e+07   1.2957866e+07   3.9235101e+07   2.7213629e+07   5.7894831e+07   5.0056021e+07
   4.4519345e+07   1.2392724e+07   4.2788271e+07   3.2599880e+07   5.5469698e+07   2.9615493e+07   4.1304515e+07   3.8232402e+07   1.5416003e+07   3.7679407e+07   3.1768412e+07   2.3069442e+07   3.3744292e+07   7.5855852e+07   2.6680585e+07   4.4319772e+07   1.9124857e+07   2.0329536e+07   2.4120165e+07   5.5812371e+07   9.2683229e+06   4.2770020e+07   5.2082787e+07   6.4775435e+07   5.5812371e+07   1.2957866e+07   3.9235101e+07   2.7213629e+07   5.7894831e+07   5.0056021e+07
   4.4519345e+07   1.2392724e+07   4.2788271e+07   3.2599880e+07   5.5469698e+07   2.9615493e+07   4.1304515e+07   3.8232402e+07   1.5416003e+07   3.7679407e+07   3.1768412e+07   2.3069442e+07   3.3744292e+07   7.5855852e+07   2.6680585e+07   4.4319772e+07   1.9124857e+07   2.0329536e+07   2.4120165e+07   5.5812371e+07   9.2683229e+06   4.2770020e+07   5.2082787e+07   6.4775435e+07   5.5812371e+07   1.2957866e+07   3.9235101e+07   2.7213629e+07   5.7894831e+07   5.0056021e+07
   4.4519345e+07   1.2392724e+07   4.2788271e+07   3.2599880e+07   1.7477649e+07   2.9615493e+07   9.3057220e+06   3.8232402e+07   1.5416003e+07   3.7679407e+07   3.1768412e+07   2.3069442e+07   3.3744292e+07   7.5855852e+07   2.6680585e+07   4.4319772e+07   1.9124857e+07   2.0329536e+07   2.4120165e+07   5.5812371e+07   9.2683229e+06   4.2770020e+07   3.9151333e+07   6.4775435e+07   5.5812371e+07   1.2957866e+07   3.9235101e+07   2.7213629e+07   5.7894831e+07   5.0056021e+07
   4.4519345e+07   1.2392724e+07   4.2788271e+07   3.2599880e+07   1.7477649e+07   2.9615493e+07   9.3057220e+06   3.8232402e+07   1.5416003e+07   3.7679407e+07   3.1768412e+07   2.3069442e+07   3.3744292e+07   7.5855852e+07   2.6680585e+07   4.4319772e+07   6.7153395e+06   2.0329536e+07   2.4120165e+07   5.5812371e+07   9.2683229e+06   4.2770020e+07   3.9151333e+07   6.4775435e+07   5.5812371e+07   1.2957866e+07   3.9235101e+07   2.7213629e+07   5.7894831e+07   5.0056021e+07
   4.4519345e+07   1.2392724e+07   4.2788271e+07   3.2599880e+07   1.7477649e+07   2.9615493e+07   9.3057220e+06   3.8232402e+07   1.5416003e+07   3.7679407e+07   3.1768412e+07   2.3069442e+07   3.3744292e+07   7.5855852e+07   2.6680585e+07   3.2714795e+07   6.7153395e+06   2.0329536e+07   2.4120165e+07   5.5812371e+07   9.2683229e+06   4.2770020e+07   3.9151333e+07   6.4775435e+07   5.5812371e+07   1.2957866e+07   3.9235101e+07   2.7213629e+07   5.7894831e+07   5.0056021e+07
   4.4519345e+07   6.5044825e+06   4.2788271e+07   3.2599880e+07   1.7477649e+07   2.9615493e+07   9.3057220e+06   2.1028939e+07   1.5416003e+07   3.7679407e+07   3.1768412e+07   2.3069442e+07   5.8827467e+06   7.5855852e+07   2.6680585e+07   3.2714795e+07   6.7153395e+06   2.0329536e+07   2.4120165e+07   5.5812371e+07   9.2683229e+06   4.2770020e+07   3.9151333e+07   6.4775435e+07   5.5812371e+07   1.2957866e+07   3.9235101e+07   2.7213629e+07   5.7894831e+07   4.2505651e+07
   2.2501829e+07   6.5044825e+06   4.2788271e+07   3.2599880e+07   6.1643124e+05   1.9783073e+07   9.3057220e+06   2.1028939e+07   7.1659241e+06   2.3361120e+07   3.1768412e+07   2.3069442e+07   5.8827467e+06   3.9662553e+06   2.6680585e+07   8.6942222e+06   6.7153395e+06   2.0329536e+07   6.3539389e+06   2.7142582e+07   9.2683229e+06   4.2770020e+07   3.4186551e+07   4.0971340e+06   2.7142582e+07   1.2957866e+07   1.8804698e+06   2.7213629e+07   5.4584594e+07   2.2848032e+06
   1.7128793e+07   4.2730194e+06   2.1372620e+06   9.5699916e+06   6.1643124e+05   6.4435558e+06   6.5286211e+06   1.4843921e+07   7.1659241e+06   1.2416042e+07   1.5538582e+07   1.8244179e+07   5.8827467e+06   3.9662553e+06   1.2690649e+07   8.6942222e+06   5.2620206e+06   1.5992506e+07   6.7222126e+05   1.4589271e+06   5.6557503e+05   1.4325150e+07   9.5608183e+05   4.0971340e+06   1.4589271e+06   5.6006960e+06   1.8804698e+06   1.0155030e+06   9.3228390e+05   2.2848032e+06
   3.3917846e+05   1.9347690e+04   2.1372620e+06   1.1668703e+04   7.5470515e+03   4.1243426e+04   4.0049430e+04   1.9162002e+06   5.5851296e+05   8.4243679e+04   2.9853500e+04   1.2526096e+05   5.8697060e+03   4.4362055e+05   6.7341192e+04   2.2870372e+04   2.8623312e+06   1.7869262e+06   6.7222126e+05   1.4318596e+05   5.6557503e+05   3.1238213e+05   1.7997243e+04   8.2887598e+05   1.4318596e+05   1.9346624e+05   1.4703283e+06   3.6816529e+04   5.0870731e+04   2.2848032e+06
   1.8032782e+03   3.0972885e+03   2.5749172e+03   1.8457292e+03   2.1962066e+03   3.1285568e+03   3.5813684e+03   2.4903680e+03   2.1179766e+03   1.3669281e+03   2.5742952e+03   2.5776972e+03   2.0423916e+03   1.7808831e+03   4.1747553e+03   2.2730887e+03   2.4536064e+03   2.3044323e+03   2.0512409e+03   3.3924258e+03   2.0726652e+03   5.4927398e+03   1.8906974e+03   2.8517145e+03   3.3924258e+03   1.0643595e+03   2.1120055e+03   2.1619790e+03   1.7322993e+03   2.0549923e+03
   7.6732851e+02   1.7870756e+02   5.2768579e+02   1.4473562e+01   1.0884842e+02   1.3766328e+02   2.7053748e+02   6.8877114e+02   7.2707256e+01   9.0188328e+02   3.5849697e+02   8.3946802e+02   4.0356097e+02   1.6556239e+02   2.7407350e+01   8.9590179e+01   4.7426650e+01   2.6471549e+01   1.2054974e+02   3.1933447e+02   2.9858058e+02   1.4512781e+02   3.9144840e+01   1.5647300e+02   3.1933447e+02   2.1306582e+01   8.4531077e+00   1.1479639e+02   8.6975892e+02   1.5849064e+01
   1.2601547e+02   1.2842173e+02   6.0738345e+00   1.4263393e+01   3.4012181e+00   1.3765477e+02   2.7053066e+02   1.3767652e+02   1.6357396e+01   1.4031629e+02   6.2820050e+00   1.2969511e+02   1.3294733e+02   1.2760094e+01   2.7405996e+01   7.2769641e+00   7.9934743e+00   2.6471372e+01   1.2053234e+02   1.3645166e+02   1.5953137e+01   1.4512780e+02   3.9127360e+01   1.2821356e+02   1.3645166e+02   1.2760094e+01   7.3810493e+00   2.2709654e+01   5.3911362e+00   1.5849051e+01
