   4.5473000e+10   2.7382801e+10   3.6971404e+10   2.8787320e+10   3.2444239e+10   3.2053283e+10   2.7107069e+10   3.1663114e+10   3.7855330e+10   2.7145164e+10   3.4535094e+10   3.6420053e+10   2.9640163e+10   3.4833411e+10   3.1810354e+10   3.1980512e+10   2.7680436e+10   3.3256136e+10   3.2464758e+10   3.2784548e+10   2.9531984e+10   3.4850874e+10   3.4222475e+10   3.1730664e+10   3.1211339e+10   3.1194148e+10   3.4335453e+10   3.8869227e+10   3.5637813e+10   2.6183759e+10
   4.5473000e+10   2.7382801e+10   3.6971404e+10   2.8787320e+10   3.2444239e+10   3.2053283e+10   2.7107069e+10   3.1663114e+10   3.7855330e+10   2.7145164e+10   3.4535094e+10   3.6420053e+10   2.9640163e+10   3.4833411e+10   3.1810354e+10   3.1980512e+10   2.7680436e+10   3.3256136e+10   3.2464758e+10   3.2784548e+10   2.9531984e+10   3.4850874e+10   3.4222475e+10   3.1730664e+10   3.1211339e+10   3.1194148e+10   3.4335453e+10   3.8869227e+10   3.5637813e+10   2.6183759e+10
   4.5473000e+10   2.7382801e+10   3.6971404e+10   2.8787320e+10   3.2444239e+10   3.2053283e+10   2.7107069e+10   3.1663114e+10   3.7855330e+10   2.7145164e+10   3.4535094e+10   3.6420053e+10   2.9640163e+10   3.4833411e+10   3.1810354e+10   3.1980512e+10   2.7680436e+10   3.3256136e+10   3.2464758e+10   3.2784548e+10   2.9531984e+10   3.4850874e+10   3.4222475e+10   3.1730664e+10   3.1211339e+10   3.1194148e+10   3.4335453e+10   3.8869227e+10   3.5637813e+10   2.6183759e+10
   4.5473000e+10   2.7382801e+10   3.6971404e+10   2.8787320e+10   3.2444239e+10   3.2053283e+10   2.7107069e+10   3.1663114e+10   3.7855330e+10   2.7145164e+10   3.4535094e+10   3.6420053e+10   2.9640163e+10   3.4833411e+10   3.1810354e+10   3.1980512e+10   2.7680436e+10   3.3256136e+10   3.2464758e+10   3.2784548e+10   2.9531984e+10   3.4850874e+10   3.4222475e+10   3.1730664e+10   3.1211339e+10   3.1194148e+10   3.4335453e+10   3.8869227e+10   3.5637813e+10   2.6183759e+10
   4.5473000e+10   2.7382801e+10   3.6971404e+10   2.8787320e+10   3.2444239e+10   3.2053283e+10   2.7107069e+10   3.1663114e+10   3.7855330e+10   2.7145164e+10   3.4535094e+10   3.5244655e+10   2.9640163e+10   3.4833411e+10   3.1810354e+10   3.1980512e+10   2.7680436e+10   3.3256136e+10   3.2464758e+10   3.2784548e+10   2.9531984e+10   3.4850874e+10   3.4222475e+10   3.1730664e+10   3.1211339e+10   3.1194148e+10   3.4335453e+10   3.8869227e+10   3.5637813e+10   2.6183759e+10
   4.5473000e+10   2.7382801e+10   3.6971404e+10   2.8787320e+10   3.2444239e+10   3.2053283e+10   2.7107069e+10   3.1663114e+10   3.7855330e+10   2.7145164e+10   3.4535094e+10   3.5244655e+10   2.9640163e+10   3.4833411e+10   3.1810354e+10   3.1980512e+10   2.7680436e+10   3.3256136e+10   3.2464758e+10   3.2784548e+10   2.9531984e+10   3.4850874e+10   3.4222475e+10   3.1730664e+10   3.1211339e+10   3.1194148e+10   3.4335453e+10   3.8869227e+10   3.5637813e+10   2.6183759e+10
   2.6526143e+10   2.7382801e+10   3.6971404e+10   2.8787320e+10   3.2444239e+10   3.2053283e+10   2.7107069e+10   3.1663114e+10   3.7855330e+10   2.7145164e+10   3.4535094e+10   3.5244655e+10   2.9640163e+10   3.4833411e+10   2.1911432e+10   3.1980512e+10   2.7680436e+10   3.3256136e+10   3.2464758e+10   2.6309915e+10   2.9531984e+10   3.4850874e+10   3.4222475e+10   3.1730664e+10   3.1211339e+10   3.1194148e+10   3.4335453e+10   3.8869227e+10   3.5637813e+10   2.6183759e+10
   2.6526143e+10   2.7382801e+10   3.6971404e+10   2.8787320e+10   3.2444239e+10   3.2053283e+10   2.7107069e+10   3.1663114e+10   3.3410967e+10   2.7145164e+10   3.4535094e+10   3.5244655e+10   2.9640163e+10   3.4833411e+10   2.1911432e+10   3.1980512e+10   2.3811489e+10   3.3256136e+10   3.2464758e+10   2.6309915e+10   2.9531984e+10   3.4850874e+10   3.4222475e+10   3.1730664e+10   3.1211339e+10   3.1194148e+10   3.4335453e+10   3.8869227e+10   3.5637813e+10   2.6183759e+10
   2.6526143e+10   2.7382801e+10   3.6971404e+10   2.6993463e+10   3.0437027e+10   3.2053283e+10   2.7107069e+10   3.1663114e+10   3.3410967e+10   2.7145164e+10   3.0492010e+10   3.4657400e+10   2.0328686e+10   3.0013562e+10   2.1911432e+10   3.1980512e+10   2.3811489e+10   2.1360478e+10   3.2464758e+10   2.6309915e+10   2.9531984e+10   3.1192961e+10   2.3948924e+10   3.1730664e+10   3.1211339e+10   3.1194148e+10   3.4335453e+10   3.5346658e+10   3.5637813e+10   2.6183759e+10
   1.7598221e+10   1.9628201e+10   2.3743280e+10   1.8103313e+10   7.4181378e+09   1.3881136e+10   2.2196199e+10   2.2721877e+10   1.5029822e+10   5.6668318e+09   1.0858287e+10   2.1656272e+10   1.8361715e+10   2.1670027e+10   1.4400312e+10   1.5214023e+10   2.1041397e+10   2.1360478e+10   1.4132850e+10   2.6309915e+10   2.3264564e+10   1.4690414e+10   2.0274879e+10   6.5287224e+09   2.0107342e+10   2.6577030e+10   1.1943354e+10   9.1471267e+09   8.0682166e+09   1.2274347e+10
   2.1038033e+09   3.3484425e+09   5.7535720e+08   1.7883500e+09   4.0146545e+09   4.7284076e+08   8.5340006e+08   4.9221335e+09   8.6032716e+08   8.0155115e+08   5.7606598e+09   1.2362747e+09   7.9935030e+08   2.6215818e+09   2.9628855e+09   5.1556376e+09   2.2709718e+09   3.2933380e+09   2.0060489e+09   5.3443932e+09   9.4307213e+08   3.6363458e+09   6.0575057e+08   3.4894504e+09   2.2019563e+09   4.2411688e+09   1.5677946e+09   3.6324595e+09   2.3728488e+09   1.4996031e+09
   4.6078994e+07   5.5573409e+07   4.1562474e+07   2.4357291e+07   1.9551806e+07   4.4018179e+07   5.4010477e+07   8.2262220e+07   2.4364995e+07   2.4636711e+07   6.4165716e+07   1.2371138e+07   7.0257599e+07   4.6626523e+07   1.4999028e+07   1.4971480e+07   1.0964756e+07   1.0814440e+07   5.9793104e+07   3.5102619e+07   5.0644275e+07   6.4121512e+07   8.0254854e+07   2.9669416e+07   6.0899832e+06   3.6635592e+07   3.4196162e+07   1.6508578e+07   9.9125533e+06   2.0087204e+07
   1.4934776e+04   1.2039110e+04   5.7276888e+03   1.2107451e+04   3.6405521e+03   2.0301053e+04   2.8913373e+04   2.8003620e+04   2.8521341e+04   5.1738595e+03   1.9171417e+04   1.5627330e+04   1.5744692e+04   1.9080565e+03   1.5638490e+04   1.2751084e+04   1.3001204e+04   2.4573235e+03   2.1460794e+04   1.8990090e+04   3.6115368e+03   1.1244272e+04   1.0831826e+04   5.7578543e+03   2.4666636e+04   9.8543716e+03   1.5551210e+04   5.8098232e+03   7.1867846e+03   6.3135800e+03
   2.6565841e-02   2.1249723e-03   4.2126061e-03   3.0113672e-04   1.2045583e-03   2.6369546e-02   6.9563108e-04   1.4798679e-02   1.3750442e-02   8.0573890e-04   4.1597203e-02   3.7653361e-03   6.1219041e-03   1.0459625e-02   1.8139823e-02   2.1542661e-03   1.5941691e-03   3.6976333e-03   7.5591147e-02   1.3457244e-03   1.8441716e-03   6.7420572e-03   7.9969251e-03   1.8078858e-03   5.0061008e-04   5.6496653e-03   1.4750472e-03   2.6934594e-02   1.8868430e-03   1.1301304e-03
   0.0000000e+00   0.0000000e+00   0.0000000e+00   0.0000000e+00   0.0000000e+00   0.0000000e+00   0.0000000e+00   0.0000000e+00   0.0000000e+00   0.0000000e+00   0.0000000e+00   0.0000000e+00   0.0000000e+00   0.0000000e+00   0.0000000e+00   0.0000000e+00   0.0000000e+00   0.0000000e+00   0.0000000e+00   0.0000000e+00   0.0000000e+00   0.0000000e+00   0.0000000e+00   0.0000000e+00   0.0000000e+00   0.0000000e+00   0.0000000e+00   0.0000000e+00   0.0000000e+00   0.0000000e+00
   0.0000000e+00   0.0000000e+00   0.0000000e+00   0.0000000e+00   0.0000000e+00   0.0000000e+00   0.0000000e+00   0.0000000e+00   0.0000000e+00   0.0000000e+00   0.0000000e+00   0.0000000e+00   0.0000000e+00   0.0000000e+00   0.0000000e+00   0.0000000e+00   0.0000000e+00   0.0000000e+00   0.0000000e+00   0.0000000e+00   0.0000000e+00   0.0000000e+00   0.0000000e+00   0.0000000e+00   0.0000000e+00   0.0000000e+00   0.0000000e+00   0.0000000e+00   0.0000000e+00   0.0000000e+00
