   9.9666761e+04   5.0101985e+04   1.3409769e+05   2.7428456e+04   1.1918570e+04   6.5724168e+03   3.3832232e+04   2.5510120e+03   2.5279473e+04   1.9007836e+04   7.9957737e+04   7.5978488e+04   2.1796082e+02   1.1136955e+03   3.4732736e+04   6.5090739e+03   4.4440829e+04   8.9355399e+04   4.5518045e+04   7.5344591e+03   1.4678603e+03   1.5240209e+04   1.3150971e+04   1.9397502e+05   3.4889137e+04   5.8649666e+04   8.1374828e+04   6.4302271e+04   6.5002378e+04   8.9753352e+04
   9.9666761e+04   5.0101985e+04   1.3409769e+05   2.7428456e+04   1.1918570e+04   6.5724168e+03   3.3832232e+04   2.5510120e+03   2.5279473e+04   1.9007836e+04   7.9957737e+04   7.5978488e+04   2.1796082e+02   1.1136955e+03   3.4732736e+04   6.5090739e+03   4.4440829e+04   8.9355399e+04   4.5518045e+04   7.5344591e+03   1.4678603e+03   1.5240209e+04   1.3150971e+04   1.9397502e+05   3.4889137e+04   5.8649666e+04   8.1374828e+04   6.4302271e+04   6.5002378e+04   8.9753352e+04
   9.9666761e+04   5.0101985e+04   1.3409769e+05   2.7428456e+04   1.1918570e+04   6.5724168e+03   3.3832232e+04   2.5510120e+03   2.5279473e+04   1.9007836e+04   7.9957737e+04   7.5978488e+04   2.1796082e+02   1.1136955e+03   3.4732736e+04   6.5090739e+03   4.4440829e+04   8.9355399e+04   4.5518045e+04   7.5344591e+03   1.4678603e+03   1.5240209e+04   1.3150971e+04   1.9397502e+05   3.4889137e+04   5.8649666e+04   8.1374828e+04   6.4302271e+04   6.5002378e+04   8.9753352e+04
   9.9666761e+04   5.0101985e+04   1.3409769e+05   2.7428456e+04   1.1918570e+04   6.5724168e+03   3.3832232e+04   2.5510120e+03   2.5279473e+04   1.9007836e+04   7.9957737e+04   7.5978488e+04   2.1796082e+02   1.1136955e+03   3.4732736e+04   6.5090739e+03   4.4440829e+04   8.9355399e+04   4.5518045e+04   7.5344591e+03   1.4678603e+03   1.5240209e+04   1.3150971e+04   1.9397502e+05   3.4889137e+04   5.8649666e+04   8.1374828e+04   6.4302271e+04   6.5002378e+04   8.9753352e+04
   9.9666761e+04   5.0101985e+04   1.3409769e+05   2.7428456e+04   1.1918570e+04   6.5724168e+03   3.3832232e+04   2.5510120e+03   2.5279473e+04   1.9007836e+04   7.9957737e+04   7.5978488e+04   2.1796082e+02   1.1136955e+03   3.4732736e+04   6.5090739e+03   4.4440829e+04   8.9355399e+04   4.5518045e+04   7.5344591e+03   1.4678603e+03   1.5240209e+04   1.3150971e+04   1.9397502e+05   3.4889137e+04   5.8649666e+04   8.1374828e+04   6.4302271e+04   6.5002378e+04   8.9753352e+04
   9.9666761e+04   5.0101985e+04   1.3409769e+05   2.7428456e+04   1.1918570e+04   6.5724168e+03   3.3832232e+04   2.5510120e+03   2.5279473e+04   1.9007836e+04   3.3365376e+04   7.5978488e+04   2.1796082e+02   1.1136955e+03   3.4732736e+04   6.5090739e+03   4.4440829e+04   8.9355399e+04   4.5518045e+04   7.5344591e+03   7.7441384e+02   1.5240209e+04   1.3150971e+04   5.0185948e+04   3.4889137e+04   5.8649666e+04   8.1374828e+04   6.4302271e+04   6.5002378e+04   8.9753352e+04
   9.9666761e+04   5.0101985e+04   1.3409769e+05   2.7428456e+04   1.1918570e+04   6.5724168e+03   3.3832232e+04   2.5510120e+03   2.5279473e+04   1.9007836e+04   3.3365376e+04   7.5978488e+04   2.1796082e+02   1.1136955e+03   3.4732736e+04   6.5090739e+03   4.4440829e+04   8.9355399e+04   4.5518045e+04   7.5344591e+03   7.7441384e+02   1.5240209e+04   1.3150971e+04   5.0185948e+04   3.4889137e+04   5.8649666e+04   8.1374828e+04   6.4302271e+04   6.5002378e+04   8.9753352e+04
   9.9666761e+04   5.0101985e+04   6.2697172e+04   9.8232043e+02   1.1918570e+04   6.5724168e+03   3.3832232e+04   2.5510120e+03   2.5279473e+04   1.9007836e+04   3.3365376e+04   3.6468098e+03   2.1796082e+02   1.1136955e+03   1.3477107e+04   6.5090739e+03   4.4440829e+04   8.9355399e+04   4.5518045e+04   7.5344591e+03   7.7441384e+02   1.5240209e+04   1.3150971e+04   5.0185948e+04   3.4889137e+04   5.8649666e+04   8.1374828e+04   6.4302271e+04   6.5002378e+04   8.9753352e+04
   9.9666761e+04   5.0101985e+04   5.5508685e+04   9.8232043e+02   1.1918570e+04   5.7822676e+02   3.3832232e+04   2.5510120e+03   2.5279473e+04   1.9007836e+04   3.3365376e+04   1.7296094e+03   2.1796082e+02   1.1136955e+03   1.3477107e+04   6.5090739e+03   4.4440829e+04   8.9355399e+04   4.2678626e+01   7.5344591e+03   7.7441384e+02   2.1765041e+03   1.3150971e+04   3.1707091e+03   1.9919828e+03   5.8649666e+04   8.1374828e+04   6.4302271e+04   6.5002378e+04   8.9753352e+04
   8.9053995e+02   9.5989942e+02   3.8600469e+01   4.3891397e+02   4.0174820e+01   5.7822676e+02   4.3082469e+03   2.5510120e+03   1.5977385e+04   4.4353887e+03   8.5498063e+02   1.7296094e+03   2.1796082e+02   1.1136955e+03   2.3029266e+02   6.5090739e+03   1.2446158e+04   2.7213759e+02   4.2678626e+01   7.5344591e+03   7.7441384e+02   2.1765041e+03   2.8551101e+03   1.5522702e+03   9.2206958e+00   3.5922307e+03   1.3730184e+02   2.4010206e+03   1.6596734e+03   1.1842473e+03
   9.9495581e+00   1.7790053e+01   1.5732406e+01   9.2105629e+00   1.3776640e+01   1.1281422e+01   1.3813215e+01   1.6672695e+01   2.6013223e+01   1.7784064e+01   8.1803973e+00   1.2291908e+01   1.5761797e+01   2.8684633e+01   1.7424749e+01   1.0095092e+01   1.5804299e+01   9.3786160e+00   1.6519172e+01   8.6233208e+00   1.1579131e+01   6.1062108e+00   1.2020390e+01   1.0307885e+01   9.2206958e+00   2.1103286e+01   1.5016024e+01   1.4939186e+01   2.5939876e+01   1.6244107e+01
   6.9060418e+00   6.4845941e+00   7.1524513e+00   7.2314879e+00   6.3439201e+00   6.0568048e+00   4.4472313e+00   7.3463089e+00   6.9900990e+00   7.1202528e+00   7.0175108e+00   5.9840829e+00   4.8127163e+00   4.8987977e+00   6.7673051e+00   3.0817542e+00   5.9546901e+00   6.4238261e+00   7.1669061e+00   6.6675462e+00   6.0417079e+00   6.1062108e+00   5.7275892e+00   5.5026468e+00   7.0861539e+00   6.7372621e+00   6.8768950e+00   5.8367812e+00   6.2024423e+00   7.5298876e+00
   5.0418077e+00   4.7174380e+00   4.9246763e+00   5.0341402e+00   3.5156774e+00   4.2763036e+00   4.4472313e+00   4.1070209e+00   4.6817581e+00   4.2336332e+00   4.7792140e+00   3.9169431e+00   1.8485525e+00   3.9437847e+00   4.7746724e+00   3.0817542e+00   4.3545743e+00   4.8481068e+00   4.2325236e+00   4.6224663e+00   4.7175200e+00   4.3616499e+00   4.6312352e+00   3.3977579e+00   2.6567738e+00   4.3584621e+00   4.4491213e+00   4.2110753e+00   3.6423558e+00   3.1255656e+00
   2.0925247e+00   2.4111873e+00   2.2575404e+00   2.1090571e+00   2.3539912e+00   2.2478498e+00   2.4685662e+00   1.4216698e+00   2.2397189e+00   2.6601352e+00   1.6705748e+00   2.6977827e+00   1.8485525e+00   2.2879097e+00   2.2668065e+00   2.2820661e+00   2.0919246e+00   2.3559354e+00   1.5078933e+00   2.2736814e+00   2.4134312e+00   2.6479223e+00   2.3754380e+00   9.0564390e-01   1.5709970e+00   2.1192378e+00   2.2611603e+00   2.6440647e+00   2.2418289e+00   2.4452477e+00
   1.0190025e+00   1.0104525e+00   8.7242054e-01   9.2740494e-01   9.2579762e-01   9.0007312e-01   1.0501595e+00   9.4326972e-01   9.5581527e-01   1.0931655e+00   9.5772220e-01   9.5548457e-01   6.0512778e-01   8.8140128e-01   9.4760270e-01   9.8858217e-01   8.1858832e-01   1.0830067e+00   8.0687555e-01   1.0182859e+00   9.7049732e-01   9.7008430e-01   9.9930686e-01   6.7632735e-01   8.5561976e-01   9.9300727e-01   1.0916279e+00   9.6479871e-01   6.6662753e-01   9.2423020e-01
   3.0572917e-02   1.0385428e-01   3.0636773e-01   1.9181181e-01   9.1045952e-02   1.5783475e-01   2.4483173e-01   5.9547567e-02   2.7249965e-01   2.8190177e-01   2.9676549e-02   2.8366494e-01   1.9819162e-02   2.8016448e-01   1.1030646e-01   1.1944862e-01   2.3393659e-01   2.2797308e-01   2.1934125e-01   1.5529167e-01   8.0006906e-02   7.9832659e-02   1.7314893e-01   2.9710774e-02   1.4487195e-01   6.2781061e-02   1.7342051e-01   3.0505428e-01   1.3039864e-01   7.9782083e-02
