   9.9864190e+02   6.5608307e+02   4.4849976e+02   1.1143740e+03   8.8438219e+02   1.2623968e+03   1.0274640e+03   8.4746896e+02   1.1115755e+03   9.1576828e+02   5.6348876e+02   6.5786563e+02   9.1739516e+02   1.0835485e+03   9.4550053e+02   1.0730495e+03   7.9211187e+02   1.0912595e+03   1.2251327e+03   9.2031226e+02   1.1224524e+03   1.2160519e+03   7.4266021e+02   9.2363299e+02   1.1333051e+03   1.0449253e+03   1.1002428e+03   1.0262647e+03   1.1955553e+03   8.2393624e+02
   9.9864190e+02   6.5608307e+02   4.4849976e+02   1.1143740e+03   8.8438219e+02   1.2623968e+03   1.0274640e+03   8.4746896e+02   1.1115755e+03   9.1576828e+02   5.6348876e+02   6.5786563e+02   9.1739516e+02   1.0835485e+03   9.4550053e+02   1.0730495e+03   7.9211187e+02   1.0912595e+03   1.2251327e+03   9.2031226e+02   1.1224524e+03   1.2160519e+03   7.4266021e+02   9.2363299e+02   1.1333051e+03   1.0449253e+03   1.1002428e+03   1.0262647e+03   1.1955553e+03   8.2393624e+02
   9.9864190e+02   6.5608307e+02   4.4849976e+02   1.1143740e+03   8.8438219e+02   1.2623968e+03   1.0274640e+03   8.4746896e+02   1.1115755e+03   9.1576828e+02   5.6348876e+02   6.5786563e+02   9.1739516e+02   1.0835485e+03   9.4550053e+02   1.0730495e+03   7.9211187e+02   1.0912595e+03   1.2251327e+03   9.2031226e+02   1.1224524e+03   1.2160519e+03   7.4266021e+02   9.2363299e+02   1.1333051e+03   1.0449253e+03   1.1002428e+03   8.4394272e+02   1.1955553e+03   8.2393624e+02
   9.9864190e+02   6.5608307e+02   4.4849976e+02   1.1143740e+03   8.8438219e+02   1.2623968e+03   1.0274640e+03   8.4746896e+02   1.1115755e+03   9.1576828e+02   5.6348876e+02   6.5786563e+02   9.1739516e+02   1.0835485e+03   9.4550053e+02   1.0730495e+03   7.9211187e+02   1.0912595e+03   1.2251327e+03   9.2031226e+02   1.1224524e+03   1.2160519e+03   7.4266021e+02   9.2363299e+02   1.1333051e+03   1.0449253e+03   1.1002428e+03   8.4394272e+02   1.1955553e+03   8.2393624e+02
   9.9864190e+02   6.5608307e+02   4.4849976e+02   1.1143740e+03   8.8438219e+02   1.2623968e+03   1.0274640e+03   8.4746896e+02   1.1115755e+03   9.1576828e+02   5.6348876e+02   6.5786563e+02   9.1739516e+02   1.0835485e+03   9.4550053e+02   1.0730495e+03   7.9211187e+02   1.0912595e+03   1.2251327e+03   9.2031226e+02   1.1224524e+03   1.2160519e+03   7.4266021e+02   9.2363299e+02   1.1333051e+03   1.0449253e+03   1.1002428e+03   8.4394272e+02   1.1955553e+03   8.2393624e+02
   9.9864190e+02   6.5608307e+02   4.4849976e+02   1.1143740e+03   8.8438219e+02   1.2623968e+03   1.0274640e+03   8.4746896e+02   1.1115755e+03   9.1576828e+02   5.6348876e+02   6.5786563e+02   9.1739516e+02   1.0835485e+03   9.4550053e+02   1.0730495e+03   7.9211187e+02   1.0912595e+03   1.2251327e+03   9.2031226e+02   1.1224524e+03   1.2160519e+03   7.4266021e+02   9.2363299e+02   1.1333051e+03   1.0449253e+03   1.1002428e+03   8.4394272e+02   1.1955553e+03   8.2393624e+02
   9.9864190e+02   6.5608307e+02   4.4849976e+02   1.1143740e+03   8.8438219e+02   1.2623968e+03   1.0274640e+03   8.4746896e+02   1.1115755e+03   9.1576828e+02   5.6348876e+02   6.5786563e+02   9.1739516e+02   1.0835485e+03   9.4550053e+02   1.0730495e+03   7.9211187e+02   1.0912595e+03   1.2251327e+03   9.2031226e+02   1.1224524e+03   1.2160519e+03   7.4266021e+02   9.2363299e+02   1.1333051e+03   1.0449253e+03   1.1002428e+03   8.4394272e+02   1.1955553e+03   8.2393624e+02
   9.9864190e+02   6.5608307e+02   4.4849976e+02   1.1143740e+03   8.8438219e+02   1.1787937e+03   1.0274640e+03   8.4746896e+02   1.1115755e+03   9.1576828e+02   5.6348876e+02   6.5786563e+02   9.1739516e+02   1.0835485e+03   9.4550053e+02   1.0730495e+03   7.9211187e+02   1.0912595e+03   1.2251327e+03   9.2031226e+02   1.1224524e+03   1.2160519e+03   7.4266021e+02   9.2363299e+02   1.1333051e+03   1.0449253e+03   1.1002428e+03   8.4394272e+02   1.1955553e+03   8.2393624e+02
   9.9864190e+02   6.5608307e+02   4.4849976e+02   8.9927654e+02   8.8438219e+02   1.0908265e+03   1.0274640e+03   5.1920172e+02   1.1115755e+03   9.1576828e+02   5.6348876e+02   6.5786563e+02   9.1739516e+02   6.1501435e+02   8.2518322e+02   1.0730495e+03   7.9211187e+02   1.0912595e+03   6.3982326e+02   9.2031226e+02   6.7072887e+02   6.8107847e+02   7.4266021e+02   9.2363299e+02   1.1333051e+03   1.0449253e+03   1.1002428e+03   8.4394272e+02   1.1727169e+03   8.1178300e+02
   6.1087992e+02   6.5608307e+02   4.4849976e+02   5.5527719e+02   7.5716146e+02   6.8047205e+02   9.9665870e+02   5.1920172e+02   7.9263370e+02   7.5713596e+02   5.6348876e+02   6.5786563e+02   5.3791452e+02   6.1501435e+02   6.0625506e+02   1.0404075e+03   7.0248684e+02   8.6850697e+02   6.3982326e+02   9.2031226e+02   6.6900657e+02   6.8107847e+02   6.8546826e+02   8.4883571e+02   5.1430507e+02   8.9534185e+02   8.3955550e+02   8.4394272e+02   9.7534176e+02   7.9351426e+02
   6.1087992e+02   6.5608307e+02   4.4849976e+02   5.5527719e+02   4.7555136e+02   6.1563713e+02   5.1055840e+02   5.1920172e+02   6.6901459e+02   6.8847202e+02   5.6348876e+02   2.6391441e+02   5.3791452e+02   6.1501435e+02   6.0625506e+02   5.4382937e+02   7.0125111e+02   6.8311555e+02   6.3982326e+02   3.2951735e+02   4.9209412e+02   6.8107847e+02   6.6741159e+02   7.5284878e+02   4.5651958e+02   7.6528284e+02   7.1011106e+02   6.6654974e+02   5.8704866e+02   6.8532183e+02
   5.0761783e+02   5.8231433e+02   3.1260197e+02   3.0149296e+02   4.7555136e+02   5.6244799e+02   5.1055840e+02   5.1920172e+02   3.8711676e+02   2.0646911e+02   1.4930567e+02   4.9034980e+01   5.2136029e+02   5.2210270e+02   4.0971794e+02   3.9923868e+02   5.0777784e+02   5.5795214e+02   5.6089550e+02   3.2951735e+02   4.9209412e+02   4.7171913e+02   1.3469327e+02   4.3901420e+02   4.5651958e+02   5.8136781e+02   3.2238531e+02   5.0564399e+02   4.0548852e+02   4.6880234e+02
   2.1659620e+02   1.4440683e+02   2.8224877e+02   3.0149288e+02   1.5797560e+02   4.0152031e+02   3.8260066e+02   4.1793104e+02   3.7932555e+02   7.3844897e+01   1.4930567e+02   4.9034980e+01   3.2416911e+02   2.3370145e+02   1.6800810e+02   3.7056686e+02   3.6412863e+02   2.5168891e+02   3.7581901e+02   2.9787694e+02   3.4951486e+02   1.3538285e+02   1.3469327e+02   2.8936316e+02   4.3403240e+02   3.9838628e+02   3.2238531e+02   3.9319958e+02   3.2630927e+02   3.6645837e+02
   5.1035937e+01   1.2772502e+01   7.1541174e+01   1.5658563e+02   1.5526426e+02   2.1704264e+02   2.3577569e+02   6.3339219e+00   2.2039089e+02   7.3844897e+01   5.5421957e+01   2.1860204e+01   4.8973902e+01   1.4648135e+02   1.6800810e+02   1.5805720e+02   1.9730510e+01   1.7304433e+02   1.7508362e+02   2.1377175e+02   2.6072963e+02   1.3538285e+02   1.3469327e+02   1.2741756e+02   2.6407135e+02   2.6457386e+02   1.9116151e+02   2.4028277e+02   1.3764845e+02   2.3085241e+02
   2.9682156e+00   2.2824879e+00   2.9215817e+00   3.2608927e+00   1.5988882e+00   2.0537970e+00   2.4327679e+00   2.5557111e+00   2.7541692e+00   1.9195040e+00   2.8160216e+00   2.9601373e+00   2.1185190e+00   2.1034962e+00   3.0777941e+00   2.3825479e+00   2.8596626e+00   2.3595379e+00   7.6101198e+00   3.1587226e+00   4.6304730e+00   2.2867428e+00   2.1504732e+00   2.2224076e+00   1.2156290e+00   1.3244999e+01   2.0986382e+00   1.9211179e+00   2.0887899e+00   2.5276706e+00
   9.4711426e-02   6.7859690e-02   3.0775031e-01   8.9321360e-02   1.4562190e-01   2.3301123e-01   2.5774970e-01   1.0114320e-01   1.1990440e-01   2.9716072e-01   2.6257998e-01   3.2019115e-01   6.7140594e-02   8.0192553e-02   3.2685676e-02   2.7528032e-02   2.4473654e-01   4.0639465e-01   3.8958659e-01   2.4000001e-01   4.9570843e-02   7.6259540e-02   4.2471566e-02   1.2091074e-01   2.4067348e-01   2.4745770e-01   8.8775539e-02   1.4635367e-01   3.4823601e-01   1.3227358e-01
