   4.2314967e+03   4.3745663e+03   4.1538541e+03   4.7174171e+03   3.8779834e+03   4.9492055e+03   3.3467350e+03   5.5214731e+03   4.2391461e+03   4.8659548e+03   4.5663708e+03   4.9313652e+03   4.7730028e+03   4.5031714e+03   4.3371503e+03   4.1984579e+03   4.2065299e+03   4.8091500e+03   3.6935961e+03   5.3830794e+03   5.5227342e+03   3.5047230e+03   3.3737712e+03   4.9498974e+03   3.8869332e+03   4.8274276e+03   5.5623655e+03   4.1950121e+03   4.7806198e+03   4.2212803e+03
   4.2314967e+03   4.3745663e+03   4.1538541e+03   4.7174171e+03   3.8779834e+03   4.9492055e+03   3.3467350e+03   5.5214731e+03   4.2391461e+03   4.8659548e+03   4.5663708e+03   4.9313652e+03   4.7730028e+03   4.5031714e+03   4.3371503e+03   4.1984579e+03   4.2065299e+03   4.8091500e+03   3.6935961e+03   5.3830794e+03   5.5227342e+03   3.5047230e+03   3.3737712e+03   4.9498974e+03   3.8869332e+03   4.8274276e+03   5.5623655e+03   4.1950121e+03   4.7806198e+03   4.2212803e+03
   4.2314967e+03   4.3745663e+03   4.1538541e+03   4.7174171e+03   3.8779834e+03   4.9492055e+03   3.3467350e+03   5.5214731e+03   4.2391461e+03   4.8659548e+03   4.5663708e+03   4.9313652e+03   4.7730028e+03   4.5031714e+03   4.3371503e+03   4.1984579e+03   4.2065299e+03   4.8091500e+03   3.6935961e+03   5.3830794e+03   5.5227342e+03   3.5047230e+03   3.3737712e+03   4.9498974e+03   3.8869332e+03   4.8274276e+03   5.5623655e+03   4.1950121e+03   4.7806198e+03   4.2212803e+03
   4.2314967e+03   4.3745663e+03   4.1538541e+03   4.7174171e+03   3.8779834e+03   4.9492055e+03   3.3467350e+03   5.5214731e+03   4.2391461e+03   4.8659548e+03   4.5663708e+03   4.9313652e+03   4.7730028e+03   4.5031714e+03   4.3371503e+03   4.1984579e+03   4.2065299e+03   4.8091500e+03   3.6935961e+03   5.3830794e+03   3.7364735e+03   3.5047230e+03   3.3737712e+03   4.9498974e+03   3.8869332e+03   4.8274276e+03   5.5623655e+03   4.1950121e+03   4.7806198e+03   4.2212803e+03
   4.2314967e+03   4.3745663e+03   4.1538541e+03   4.7174171e+03   3.8779834e+03   4.9492055e+03   3.3467350e+03   5.5214731e+03   4.2391461e+03   4.8659548e+03   4.5663708e+03   4.9313652e+03   4.7730028e+03   4.5031714e+03   4.3371503e+03   4.1984579e+03   4.2065299e+03   4.8091500e+03   3.6935961e+03   5.3830794e+03   3.7364735e+03   3.5047230e+03   3.3737712e+03   4.9498974e+03   3.8869332e+03   4.8274276e+03   5.5623655e+03   4.1950121e+03   4.7806198e+03   4.2212803e+03
   4.2314967e+03   4.3745663e+03   4.1538541e+03   4.7174171e+03   3.8779834e+03   4.9492055e+03   3.3467350e+03   4.9688133e+03   4.2391461e+03   4.8659548e+03   4.5663708e+03   4.9313652e+03   4.7730028e+03   4.5031714e+03   4.3371503e+03   4.1984579e+03   4.2065299e+03   4.8091500e+03   3.6935961e+03   5.3830794e+03   3.7364735e+03   3.5047230e+03   3.3737712e+03   4.9498974e+03   3.8869332e+03   4.8274276e+03   5.5623655e+03   4.1950121e+03   4.7806198e+03   4.2212803e+03
   4.2314967e+03   4.0313477e+03   4.1538541e+03   4.7174171e+03   3.8779834e+03   4.9492055e+03   3.3467350e+03   2.5272965e+03   4.2391461e+03   4.8659548e+03   4.5663708e+03   4.9313652e+03   4.7730028e+03   4.5031714e+03   4.3371503e+03   4.1984579e+03   4.2065299e+03   4.8091500e+03   3.6935961e+03   5.3830794e+03   3.7364735e+03   3.5047230e+03   3.3737712e+03   3.1172097e+03   3.8869332e+03   4.8274276e+03   3.9636859e+03   4.1950121e+03   4.7806198e+03   4.2212803e+03
   4.2314967e+03   4.0313477e+03   4.1538541e+03   4.7174171e+03   3.8779834e+03   4.9492055e+03   3.3467350e+03   2.5272965e+03   4.2391461e+03   4.8659548e+03   4.5663708e+03   4.9313652e+03   4.7730028e+03   3.7562036e+03   4.3371503e+03   4.1984579e+03   4.2065299e+03   4.8091500e+03   3.6935961e+03   5.3830794e+03   3.7364735e+03   3.5047230e+03   3.3737712e+03   3.1172097e+03   3.8869332e+03   4.8274276e+03   3.9636859e+03   4.1950121e+03   3.1382106e+03   4.2212803e+03
   4.2314967e+03   2.7118985e+03   4.1538541e+03   4.6439878e+03   3.8779834e+03   1.8057482e+03   2.8300846e+03   2.5272965e+03   4.2391461e+03   2.4321412e+03   4.5663708e+03   1.8781130e+03   4.7730028e+03   3.7562036e+03   2.9631485e+03   4.1984579e+03   4.2065299e+03   4.8091500e+03   3.6935961e+03   5.1135046e+03   3.7364735e+03   3.5047230e+03   3.0674700e+03   3.1172097e+03   3.8869332e+03   4.8274276e+03   1.8526768e+03   2.2931205e+03   3.1382106e+03   3.4404352e+03
   1.4533944e+03   2.7118985e+03   3.8002448e+03   4.6439878e+03   3.4229552e+03   1.8057482e+03   2.8300846e+03   2.5272965e+03   4.2391461e+03   4.2216014e+02   4.5663708e+03   1.8781130e+03   2.0184029e+03   9.4728975e+02   1.9036576e+03   4.1984579e+03   4.2065299e+03   4.8091500e+03   3.6935961e+03   2.0644290e+03   3.7364735e+03   1.2979703e+03   7.8569619e+02   3.1172097e+03   1.8144326e+03   4.8274276e+03   1.8526768e+03   2.2931205e+03   3.1382106e+03   2.7779790e+03
   5.8872309e+02   2.7118985e+03   3.8002448e+03   1.9762366e+02   3.4229552e+03   1.8057482e+03   2.7665266e+02   4.4942643e+02   3.8467199e+03   4.2216014e+02   4.1508502e+03   1.8781130e+03   2.0184029e+03   9.4728975e+02   1.9036576e+03   4.1984579e+03   2.9441278e+02   4.0610282e+03   3.6935961e+03   1.5853133e+02   3.7364735e+03   1.2979703e+03   7.8569619e+02   3.1172097e+03   6.2984970e+02   5.6471620e+02   1.8526768e+03   2.2931205e+03   3.1382106e+03   2.0213043e+03
   1.0692529e+02   2.3208394e+03   1.1386859e+02   1.9762366e+02   1.1783896e+02   1.8057482e+03   2.7665266e+02   4.4942643e+02   2.3595094e+03   1.0900106e+02   2.3285231e+03   1.1764369e+02   1.1087056e+02   1.1264473e+02   1.0664048e+02   1.1358101e+02   2.9441278e+02   5.8477250e+02   6.9938245e+02   1.1235936e+02   2.2696918e+02   1.2979703e+03   1.0850806e+02   2.0765139e+03   1.8683648e+02   1.1365893e+02   1.1104468e+02   2.1842429e+03   2.4129138e+03   1.6624372e+02
   1.0002083e+02   1.0000651e+02   1.0001486e+02   1.0000587e+02   1.0000947e+02   1.0000325e+02   1.0000485e+02   1.0000527e+02   1.0001129e+02   1.0000230e+02   1.0000389e+02   1.0000823e+02   1.0000817e+02   1.0001117e+02   1.0000823e+02   1.0000949e+02   1.0000597e+02   1.0001083e+02   1.0001486e+02   1.0000710e+02   1.0000921e+02   1.0000365e+02   1.0001375e+02   1.0001328e+02   1.0001328e+02   1.0001217e+02   1.0001481e+02   1.0001275e+02   1.0000596e+02   1.0000493e+02
   1.0000000e+02   1.0000000e+02   1.0000000e+02   1.0000000e+02   1.0000000e+02   1.0000000e+02   1.0000000e+02   1.0000000e+02   1.0000000e+02   1.0000000e+02   1.0000000e+02   1.0000000e+02   1.0000000e+02   1.0000000e+02   1.0000000e+02   1.0000000e+02   1.0000000e+02   1.0000000e+02   1.0000000e+02   1.0000000e+02   1.0000000e+02   1.0000000e+02   1.0000000e+02   1.0000000e+02   1.0000000e+02   1.0000000e+02   1.0000000e+02   1.0000000e+02   1.0000000e+02   1.0000000e+02
   1.0000000e+02   1.0000000e+02   1.0000000e+02   1.0000000e+02   1.0000000e+02   1.0000000e+02   1.0000000e+02   1.0000000e+02   1.0000000e+02   1.0000000e+02   1.0000000e+02   1.0000000e+02   1.0000000e+02   1.0000000e+02   1.0000000e+02   1.0000000e+02   1.0000000e+02   1.0000000e+02   1.0000000e+02   1.0000000e+02   1.0000000e+02   1.0000000e+02   1.0000000e+02   1.0000000e+02   1.0000000e+02   1.0000000e+02   1.0000000e+02   1.0000000e+02   1.0000000e+02   1.0000000e+02
   1.0000000e+02   1.0000000e+02   1.0000000e+02   1.0000000e+02   1.0000000e+02   1.0000000e+02   1.0000000e+02   1.0000000e+02   1.0000000e+02   1.0000000e+02   1.0000000e+02   1.0000000e+02   1.0000000e+02   1.0000000e+02   1.0000000e+02   1.0000000e+02   1.0000000e+02   1.0000000e+02   1.0000000e+02   1.0000000e+02   1.0000000e+02   1.0000000e+02   1.0000000e+02   1.0000000e+02   1.0000000e+02   1.0000000e+02   1.0000000e+02   1.0000000e+02   1.0000000e+02   1.0000000e+02
