   1.9365530e+07   3.1214061e+06   1.1314750e+07   1.4435236e+07   1.1865721e+07   1.3673449e+07   1.4297540e+07   1.3626735e+07   9.5185643e+06   9.5690129e+06   1.1423872e+07   2.6410088e+07   9.1745550e+06   6.0249163e+06   1.0534525e+07   8.0747090e+06   1.0788672e+07   1.1839755e+07   3.4499675e+06   9.4296105e+06   3.5357558e+06   4.8551293e+06   9.9432331e+06   1.0879815e+07   2.0953538e+07   2.7613855e+07   1.6692113e+07   1.9097916e+06   3.9910856e+06   4.8863009e+06
   1.9365530e+07   3.1214061e+06   1.1314750e+07   1.4435236e+07   1.1865721e+07   1.3673449e+07   1.4297540e+07   1.3626735e+07   9.5185643e+06   9.5690129e+06   1.1423872e+07   2.6410088e+07   9.1745550e+06   6.0249163e+06   1.0534525e+07   8.0747090e+06   1.0788672e+07   1.1839755e+07   3.4499675e+06   9.4296105e+06   3.5357558e+06   4.8551293e+06   9.9432331e+06   1.0879815e+07   2.0953538e+07   2.7613855e+07   1.6692113e+07   1.9097916e+06   3.9910856e+06   4.8863009e+06
   1.9365530e+07   3.1214061e+06   1.1314750e+07   1.4435236e+07   1.1865721e+07   1.3673449e+07   1.4297540e+07   1.3626735e+07   9.5185643e+06   9.5690129e+06   1.1423872e+07   2.6410088e+07   9.1745550e+06   6.0249163e+06   1.0534525e+07   8.0747090e+06   1.0788672e+07   1.1839755e+07   3.4499675e+06   9.4296105e+06   3.5357558e+06   4.8551293e+06   9.9432331e+06   1.0879815e+07   2.0953538e+07   2.7613855e+07   1.6692113e+07   1.9097916e+06   3.9910856e+06   4.8863009e+06
   1.9365530e+07   3.1214061e+06   1.1314750e+07   1.4435236e+07   1.1865721e+07   1.3673449e+07   1.4297540e+07   1.3626735e+07   9.5185643e+06   9.5690129e+06   1.1423872e+07   2.6410088e+07   9.1745550e+06   6.0249163e+06   1.0534525e+07   8.0747090e+06   1.0788672e+07   1.1839755e+07   3.4499675e+06   9.4296105e+06   3.5357558e+06   4.8551293e+06   9.9432331e+06   1.0879815e+07   2.0953538e+07   2.7613855e+07   1.6692113e+07   1.9097916e+06   3.9910856e+06   4.8863009e+06
   1.9365530e+07   3.1214061e+06   1.1314750e+07   1.4435236e+07   1.1865721e+07   1.3673449e+07   1.4297540e+07   1.3626735e+07   9.5185643e+06   9.5690129e+06   1.1423872e+07   2.6410088e+07   9.1745550e+06   6.0249163e+06   1.0534525e+07   8.0747090e+06   1.0788672e+07   1.1839755e+07   3.4499675e+06   9.4296105e+06   3.5357558e+06   4.8551293e+06   9.9432331e+06   1.0879815e+07   2.0953538e+07   2.7613855e+07   1.6692113e+07   1.9097916e+06   3.9910856e+06   4.8863009e+06
   1.9365530e+07   3.1214061e+06   1.1314750e+07   1.4435236e+07   1.1865721e+07   1.3673449e+07   1.4297540e+07   1.3626735e+07   9.5185643e+06   9.5690129e+06   1.1423872e+07   2.6410088e+07   9.1745550e+06   6.0249163e+06   1.0534525e+07   8.0747090e+06   1.0788672e+07   1.1839755e+07   3.4499675e+06   9.4296105e+06   3.5357558e+06   4.8551293e+06   9.9432331e+06   1.0879815e+07   2.0953538e+07   2.7613855e+07   1.6692113e+07   1.9097916e+06   3.9910856e+06   4.8863009e+06
   1.9365530e+07   3.1214061e+06   1.1314750e+07   1.4435236e+07   1.1865721e+07   1.3673449e+07   1.4297540e+07   1.3626735e+07   9.5185643e+06   9.5690129e+06   1.1423872e+07   2.6410088e+07   9.1745550e+06   6.0249163e+06   1.0534525e+07   8.0747090e+06   1.0788672e+07   1.1839755e+07   3.4499675e+06   9.4296105e+06   3.5357558e+06   4.8551293e+06   9.9432331e+06   1.0879815e+07   2.0953538e+07   2.7613855e+07   1.6692113e+07   1.9097916e+06   3.9910856e+06   4.8863009e+06
   1.9365530e+07   3.1214061e+06   1.1314750e+07   9.7470857e+06   1.1865721e+07   1.3673449e+07   1.4297540e+07   1.3626735e+07   9.5185643e+06   9.5690129e+06   1.1423872e+07   2.6410088e+07   9.1745550e+06   6.0249163e+06   1.0534525e+07   8.0747090e+06   1.0788672e+07   1.1839755e+07   3.4499675e+06   9.4296105e+06   3.5357558e+06   4.8551293e+06   9.9432331e+06   1.0879815e+07   2.0953538e+07   2.7613855e+07   1.6692113e+07   1.9097916e+06   3.9910856e+06   4.8863009e+06
   1.9365530e+07   3.1214061e+06   1.1314750e+07   9.7470857e+06   1.1865721e+07   1.3673449e+07   1.4297540e+07   1.3626735e+07   9.5185643e+06   9.5690129e+06   1.1423872e+07   2.6410088e+07   9.1745550e+06   6.0249163e+06   1.0534525e+07   8.0747090e+06   1.0788672e+07   1.1839755e+07   3.4499675e+06   9.4296105e+06   3.5357558e+06   4.8551293e+06   9.9432331e+06   4.3207747e+06   2.0953538e+07   2.7613855e+07   1.6692113e+07   1.9097916e+06   3.9910856e+06   4.8863009e+06
   1.9365530e+07   3.1214061e+06   2.1115115e+06   9.7470857e+06   1.1865721e+07   9.8938276e+06   1.4297540e+07   3.2365739e+06   6.6445277e+06   9.5690129e+06   1.1423872e+07   1.8870261e+07   5.3629338e+06   5.1048763e+05   3.3527023e+06   8.0747090e+06   1.0788672e+07   2.6494655e+06   3.4499675e+06   9.4296105e+06   3.5357558e+06   4.8551293e+06   2.8127930e+06   4.3207747e+06   2.0953538e+07   5.7170961e+06   1.6692113e+07   1.9097916e+06   3.9910856e+06   4.8863009e+06
   3.8746050e+06   3.1214061e+06   2.1115115e+06   8.1465667e+05   9.5069610e+05   1.6092206e+06   4.4273843e+06   3.2365739e+06   6.6445277e+06   9.5690129e+06   1.1423872e+07   1.8870261e+07   5.3629338e+06   5.1048763e+05   3.3527023e+06   8.0747090e+06   3.5971008e+06   2.6494655e+06   1.4395479e+06   9.4296105e+06   3.5357558e+06   4.8551293e+06   1.8560174e+05   4.3207747e+06   3.5971313e+06   5.5376367e+06   2.0814079e+06   1.9097916e+06   3.9910856e+06   4.8863009e+06
   3.8746050e+06   7.3674871e+05   4.6706487e+05   7.6249642e+04   1.9429736e+05   1.3211137e+06   2.7826051e+06   3.2365739e+06   2.4011021e+06   3.8381389e+06   4.3375838e+06   3.8223364e+06   1.1430009e+05   7.4303359e+04   6.5277696e+05   5.6336807e+06   6.1032115e+05   2.6494655e+06   6.1253556e+05   5.8695772e+05   1.0780722e+06   1.3110844e+05   1.8560174e+05   1.6133411e+05   3.5971313e+06   4.6290777e+06   2.0814079e+06   1.3665379e+06   2.3527568e+05   5.4655866e+05
   3.1855047e+05   4.4001766e+03   3.4335903e+05   7.6249642e+04   5.2117877e+03   1.5346416e+05   1.1536480e+03   3.0620009e+03   3.1780882e+03   1.9521667e+04   2.7823637e+03   2.0290514e+05   2.6599782e+04   8.3848681e+03   3.7694180e+03   4.2630435e+03   1.8267614e+04   4.3189049e+03   7.4011943e+04   4.7129144e+03   7.9336911e+03   1.3110844e+05   6.5881344e+04   2.8270930e+03   1.0260169e+05   2.9140372e+04   4.6644218e+03   5.2671760e+03   1.1447822e+05   3.6749279e+03
   1.2062127e+03   1.1438323e+03   1.6187975e+03   1.4354186e+03   1.5256606e+03   1.4896604e+03   1.1536480e+03   1.4323760e+03   3.4275365e+02   1.5752907e+03   1.4808613e+03   1.5835972e+03   1.3798895e+03   1.7692493e+03   9.2819671e+02   1.3975830e+03   1.5282775e+03   7.1816511e+02   1.5761098e+03   1.4491042e+03   1.3728658e+03   1.2791879e+03   1.5082533e+03   1.3058566e+03   1.3976905e+03   1.4033488e+03   1.6125644e+03   1.4869173e+03   1.5742561e+03   1.1482962e+03
   8.2364374e+01   4.8048598e+02   5.3712562e+02   4.4097371e+02   5.9255512e+02   6.4243968e+02   4.8117957e+02   5.9656670e+01   3.4275365e+02   6.1699344e+02   5.9914229e+02   1.7817250e+02   4.4622081e+02   6.3192481e+01   5.5970277e+02   6.3940830e+02   5.8035297e+02   2.4118454e+02   4.3683130e+02   5.8112976e+02   5.2603854e+02   5.5722915e+02   4.2748148e+02   1.1206718e+02   5.5800453e+02   5.2982040e+02   6.9612222e+02   3.0630183e+02   5.7133006e+02   3.4810245e+02
   3.8231374e+01   9.2547851e-01   9.0969056e+00   7.6948672e-01   3.9792639e+00   8.0653797e-01   6.5901042e-01   9.2370836e+00   5.2086043e-01   8.9213684e+00   7.7420805e-01   4.7807019e-01   1.7273091e+01   6.0621032e-01   1.1648638e+00   1.2558260e+01   6.1670371e-01   9.0485382e+00   9.2041541e+00   8.7227201e+00   7.7264770e-01   5.2461152e-01   3.6653375e-01   9.8367831e-01   1.6831683e+01   8.9835537e+00   8.9657103e+00   5.8853296e-01   1.2788893e+01   9.7540402e-01
