   2.3294514e+03   2.0208157e+03   2.8393739e+03   2.5106194e+03   2.0130176e+03   2.8675405e+03   1.7778106e+03   2.1424215e+03   2.4399798e+03   2.2414058e+03   2.5586208e+03   2.8284840e+03   2.7944433e+03   2.2262776e+03   2.4397398e+03   2.1796799e+03   2.7874261e+03   2.4655588e+03   2.8844124e+03   2.8486242e+03   2.1880858e+03   2.2551986e+03   2.4378672e+03   2.1764340e+03   2.2835131e+03   2.2262776e+03   2.8025233e+03   2.4137394e+03   2.4808222e+03   1.8460036e+03
   2.3294514e+03   2.0208157e+03   2.8393739e+03   2.5106194e+03   2.0130176e+03   2.8675405e+03   1.7778106e+03   2.1424215e+03   2.4399798e+03   2.2414058e+03   2.5586208e+03   2.8284840e+03   2.7944433e+03   2.2262776e+03   2.4397398e+03   2.1796799e+03   2.7874261e+03   2.4655588e+03   2.8844124e+03   2.8486242e+03   2.1880858e+03   2.2551986e+03   2.4378672e+03   2.1764340e+03   2.2835131e+03   2.2262776e+03   2.8025233e+03   2.4137394e+03   2.4808222e+03   1.8460036e+03
   2.3294514e+03   2.0208157e+03   2.8393739e+03   2.5106194e+03   2.0130176e+03   2.8675405e+03   1.7778106e+03   2.1424215e+03   2.4399798e+03   2.2414058e+03   2.5586208e+03   2.8284840e+03   2.7944433e+03   2.2262776e+03   2.4397398e+03   2.1796799e+03   2.7874261e+03   2.4655588e+03   2.8844124e+03   2.8486242e+03   2.1880858e+03   2.2551986e+03   2.4378672e+03   2.1764340e+03   2.2835131e+03   2.2262776e+03   2.8025233e+03   2.4137394e+03   2.4808222e+03   1.8460036e+03
   2.3294514e+03   2.0208157e+03   2.8393739e+03   2.5106194e+03   2.0130176e+03   2.8675405e+03   1.7778106e+03   2.1424215e+03   2.4399798e+03   2.2414058e+03   2.5586208e+03   2.8284840e+03   2.7944433e+03   2.2262776e+03   2.4397398e+03   2.1796799e+03   2.7874261e+03   2.4655588e+03   2.8844124e+03   2.8486242e+03   2.1880858e+03   2.2551986e+03   2.4378672e+03   2.1764340e+03   2.2835131e+03   2.2262776e+03   2.8025233e+03   2.4137394e+03   2.4808222e+03   1.8460036e+03
   2.3294514e+03   2.0208157e+03   2.8393739e+03   2.5106194e+03   2.0130176e+03   2.8675405e+03   1.7778106e+03   2.1424215e+03   2.4399798e+03   2.2414058e+03   2.5586208e+03   2.8284840e+03   2.7944433e+03   2.2262776e+03   2.4397398e+03   2.1796799e+03   2.7874261e+03   2.4655588e+03   2.8844124e+03   2.8486242e+03   2.1880858e+03   2.2551986e+03   2.4378672e+03   2.1764340e+03   2.2835131e+03   2.2262776e+03   2.8025233e+03   2.4137394e+03   2.4808222e+03   1.8460036e+03
   2.3294514e+03   2.0208157e+03   2.8393739e+03   2.5106194e+03   2.0130176e+03   2.8675405e+03   1.7778106e+03   2.1424215e+03   2.4399798e+03   2.2414058e+03   2.5586208e+03   2.8284840e+03   2.7944433e+03   2.2262776e+03   2.4397398e+03   2.1796799e+03   2.7874261e+03   2.4655588e+03   2.8844124e+03   2.8486242e+03   2.1880858e+03   2.2551986e+03   2.4378672e+03   2.1764340e+03   2.2835131e+03   2.2262776e+03   2.8025233e+03   2.4137394e+03   2.4808222e+03   1.8460036e+03
   2.3294514e+03   2.0208157e+03   2.8393739e+03   2.5106194e+03   2.0130176e+03   2.8675405e+03   1.7778106e+03   2.1424215e+03   2.4399798e+03   2.2414058e+03   2.5586208e+03   2.8284840e+03   2.7944433e+03   2.2262776e+03   2.4397398e+03   2.1796799e+03   2.7874261e+03   2.4655588e+03   2.8844124e+03   2.8486242e+03   2.1880858e+03   2.2551986e+03   2.4378672e+03   2.1764340e+03   2.2835131e+03   2.2262776e+03   2.8025233e+03   2.0562763e+03   2.4808222e+03   1.8460036e+03
   2.3294514e+03   2.0208157e+03   2.8393739e+03   2.5106194e+03   2.0130176e+03   2.8675405e+03   1.7778106e+03   2.1424215e+03   2.4399798e+03   2.2414058e+03   2.5586208e+03   2.8284840e+03   2.7944433e+03   2.2262776e+03   2.4397398e+03   2.1796799e+03   2.7874261e+03   2.4655588e+03   2.8844124e+03   2.8486242e+03   2.1880858e+03   2.2551986e+03   2.4378672e+03   2.1764340e+03   2.2835131e+03   2.2262776e+03   2.3027375e+03   2.0562763e+03   2.4808222e+03   1.8460036e+03
   2.3294514e+03   2.0208157e+03   2.8393739e+03   2.5106194e+03   2.0130176e+03   2.8675405e+03   1.7778106e+03   2.1424215e+03   2.4399798e+03   2.2414058e+03   2.5586208e+03   2.8284840e+03   2.7944433e+03   2.2262776e+03   2.4397398e+03   2.1796799e+03   2.7874261e+03   2.4655588e+03   2.0961493e+03   2.8486242e+03   2.1880858e+03   2.2551986e+03   2.4378672e+03   1.6291314e+03   2.2835131e+03   2.2262776e+03   2.2292796e+03   2.0562763e+03   2.4808222e+03   1.8460036e+03
   2.1982391e+03   1.3566380e+03   2.1743179e+03   2.4264977e+03   1.8472379e+03   2.4556144e+03   1.7778106e+03   2.0074779e+03   1.9451544e+03   2.2414058e+03   1.4514222e+03   1.4357133e+03   2.3606932e+03   2.0636648e+03   2.2256349e+03   2.1796799e+03   2.7737348e+03   1.6413140e+03   2.0961493e+03   2.4609353e+03   2.1880858e+03   1.1320144e+03   2.0085640e+03   1.6236282e+03   1.7025090e+03   2.0636648e+03   2.0877701e+03   1.8774178e+03   1.6646530e+03   1.5828920e+03
   1.6501677e+03   1.3566380e+03   1.2910127e+03   1.7599052e+03   1.4880698e+03   1.6496544e+03   1.5392665e+03   1.4449054e+03   1.3120983e+03   1.0824497e+03   1.3855800e+03   8.8615451e+02   1.6830304e+03   9.6195696e+02   1.6770748e+03   1.6465972e+03   1.2557724e+03   1.4172011e+03   1.4234710e+03   1.3318933e+03   1.2202009e+03   1.1320144e+03   1.3490345e+03   1.5642278e+03   1.4039604e+03   9.6195696e+02   1.6584299e+03   1.7552420e+03   1.4456450e+03   9.9297380e+02
   7.9084383e+02   9.4846521e+02   1.0140541e+03   9.3877274e+02   8.0932792e+02   9.2315424e+02   1.0240884e+03   9.2761332e+02   1.0299189e+03   1.0824497e+03   5.4629219e+02   8.8615451e+02   7.8414560e+02   9.6195696e+02   9.7509452e+02   9.3673517e+02   6.3776136e+02   7.4616814e+02   9.7895411e+02   7.3528217e+02   7.9584156e+02   9.6147844e+02   6.8397543e+02   4.6114855e+02   8.3952745e+02   9.6195696e+02   8.5844625e+02   9.2669122e+02   8.6764739e+02   9.0691506e+02
   2.2398659e+02   1.3594155e+02   2.1073142e+02   1.9828120e+02   1.6991758e+02   1.1739203e+02   1.0219822e+02   7.0002703e+01   2.5589003e+02   3.1711420e+02   2.6702654e+02   2.8006956e+02   1.5611789e+02   2.4191193e+02   2.0850699e+02   8.5261769e+01   1.3389362e+02   2.9692261e+02   2.2373670e+02   1.4675048e+02   2.7275327e+02   2.0357122e+02   1.2762424e+02   2.2295790e+02   1.9129111e+02   2.4191193e+02   1.4269585e+02   1.9004857e+02   1.1168745e+02   2.3411192e+02
   1.9069993e+01   2.3447976e+01   1.7738472e+01   2.0831697e+01   8.2559180e+00   1.8910632e+01   1.1379145e+01   2.3917366e+01   2.6428817e+01   2.2198868e+01   1.3732209e+01   2.1657314e+01   2.6776161e+01   2.3509413e+01   1.5054416e+01   9.6433095e+00   2.0850040e+01   2.2091561e+01   3.0167748e+01   1.8479027e+01   1.4420491e+01   1.9111419e+01   2.1297712e+01   1.3914263e+01   7.5487301e+00   2.3509413e+01   2.1765547e+01   1.8315852e+01   1.3149095e+01   2.4603133e+01
   2.1110336e+00   2.3448440e+00   2.1127698e+00   2.1558455e+00   1.8979928e+00   2.1724099e+00   2.2906070e+00   2.4141862e+00   2.4246789e+00   2.2579342e+00   2.0707933e+00   2.1396822e+00   2.3338620e+00   2.2845469e+00   2.2237267e+00   2.4030573e+00   2.0821377e+00   2.4037940e+00   2.0643313e+00   2.3090633e+00   2.2747080e+00   2.0308197e+00   2.4292411e+00   2.2166431e+00   2.1858074e+00   2.2845469e+00   2.4797290e+00   2.4877975e+00   2.3641428e+00   2.1413251e+00
   3.4114670e-01   2.0615251e-01   8.7367746e-02   1.6011344e-01   1.4495010e-01   2.2781933e-01   3.0896277e-01   9.1281429e-02   3.0933383e-01   1.6434962e-01   1.1907072e-01   9.7480961e-02   1.1422513e-01   1.8790183e-01   2.4903008e-01   7.0084788e-02   7.5709460e-02   3.1686991e-01   2.4657463e-01   1.1020661e+00   4.8115985e-01   2.4212708e-01   2.9385576e-01   1.6036034e-01   3.5714483e-01   1.8790183e-01   2.9584183e-01   2.8873136e-01   2.0721150e-01   2.6528916e-01
