   8.5145183e+05   2.2636320e+06   6.3881681e+05   8.1040418e+05   3.4458101e+05   1.0092017e+06   8.9074847e+03   5.1890177e+05   3.9139869e+06   3.5153396e+05   6.3629629e+06   5.3398493e+06   1.1561495e+06   5.8487870e+06   2.2789386e+06   2.4469550e+06   9.7064222e+05   6.8543972e+05   6.5813381e+05   7.8366514e+05   2.5390503e+06   8.4446711e+05   2.1166307e+05   2.3240274e+06   8.9585301e+05   1.0371558e+07   3.7149408e+05   1.4798531e+06   4.7793253e+06   5.9096812e+05
   8.5145183e+05   2.2636320e+06   6.3881681e+05   8.1040418e+05   3.4458101e+05   1.0092017e+06   8.9074847e+03   5.1890177e+05   3.9139869e+06   3.5153396e+05   6.3629629e+06   5.3398493e+06   1.1561495e+06   5.8487870e+06   2.2789386e+06   2.4469550e+06   9.7064222e+05   6.8543972e+05   6.5813381e+05   7.8366514e+05   2.5390503e+06   8.4446711e+05   2.1166307e+05   2.3240274e+06   8.9585301e+05   1.0371558e+07   3.7149408e+05   1.4798531e+06   4.7793253e+06   5.9096812e+05
   8.5145183e+05   2.2636320e+06   6.3881681e+05   8.1040418e+05   3.4458101e+05   1.0092017e+06   8.9074847e+03   5.1890177e+05   3.9139869e+06   3.5153396e+05   6.3629629e+06   2.8837253e+06   1.1561495e+06   5.8487870e+06   2.2789386e+06   2.4469550e+06   9.7064222e+05   6.8543972e+05   6.5813381e+05   7.8366514e+05   2.5390503e+06   8.4446711e+05   2.1166307e+05   2.3240274e+06   8.9585301e+05   1.0371558e+07   3.7149408e+05   1.4798531e+06   4.7793253e+06   5.9096812e+05
   8.5145183e+05   2.2636320e+06   6.3881681e+05   8.1040418e+05   3.4458101e+05   1.0092017e+06   8.9074847e+03   5.1890177e+05   3.9139869e+06   3.5153396e+05   6.3629629e+06   2.8837253e+06   1.1561495e+06   5.8487870e+06   2.2789386e+06   2.4469550e+06   9.7064222e+05   6.8543972e+05   6.5813381e+05   7.8366514e+05   2.5390503e+06   8.4446711e+05   2.1166307e+05   2.3240274e+06   8.9585301e+05   1.0371558e+07   3.7149408e+05   1.4798531e+06   4.7793253e+06   5.9096812e+05
   8.5145183e+05   2.2636320e+06   6.3881681e+05   8.1040418e+05   3.4458101e+05   1.0092017e+06   8.9074847e+03   5.1890177e+05   3.9139869e+06   3.5153396e+05   6.3629629e+06   2.8837253e+06   1.1561495e+06   5.8487870e+06   2.2789386e+06   2.4469550e+06   9.7064222e+05   6.8543972e+05   6.5813381e+05   7.8366514e+05   2.5390503e+06   8.4446711e+05   2.1166307e+05   2.3240274e+06   8.9585301e+05   1.0371558e+07   3.7149408e+05   1.4798531e+06   4.7793253e+06   5.9096812e+05
   8.5145183e+05   2.2636320e+06   6.3881681e+05   8.1040418e+05   3.4458101e+05   1.0092017e+06   8.9074847e+03   5.1890177e+05   3.9139869e+06   3.5153396e+05   6.3629629e+06   2.8837253e+06   1.1561495e+06   5.8487870e+06   2.2789386e+06   2.4469550e+06   9.7064222e+05   6.8543972e+05   6.5813381e+05   7.8366514e+05   2.5390503e+06   8.4446711e+05   2.1166307e+05   2.3240274e+06   8.9585301e+05   1.0371558e+07   3.7149408e+05   1.4798531e+06   4.7793253e+06   5.9096812e+05
   8.5145183e+05   2.2636320e+06   6.3881681e+05   8.1040418e+05   3.4458101e+05   1.0092017e+06   8.9074847e+03   5.1890177e+05   3.9139869e+06   3.5153396e+05   6.3629629e+06   2.8837253e+06   1.1561495e+06   5.8487870e+06   2.2789386e+06   2.4469550e+06   9.7064222e+05   6.8543972e+05   6.5813381e+05   7.8366514e+05   2.5390503e+06   2.5168838e+05   2.1166307e+05   2.3240274e+06   8.9585301e+05   1.0371558e+07   3.7149408e+05   1.4798531e+06   4.7793253e+06   5.9096812e+05
   8.5145183e+05   2.2636320e+06   6.3881681e+05   8.1040418e+05   3.4458101e+05   1.0092017e+06   8.9074847e+03   5.1890177e+05   3.9139869e+06   3.5153396e+05   6.3629629e+06   2.8837253e+06   1.1561495e+06   5.8487870e+06   2.2789386e+06   2.4469550e+06   9.7064222e+05   6.8543972e+05   6.5813381e+05   7.8366514e+05   2.5390503e+06   2.5168838e+05   3.1455538e+04   2.3240274e+06   8.9585301e+05   7.0355343e+06   3.7149408e+05   1.4798531e+06   4.7793253e+06   5.9096812e+05
   1.5936004e+05   2.2636320e+06   6.3881681e+05   8.1040418e+05   1.3557823e+04   4.4259721e+04   8.9074847e+03   5.1890177e+05   5.8196373e+05   2.2338147e+04   2.0460297e+04   2.8837253e+06   1.1561495e+06   3.9637704e+06   2.4153973e+04   4.8587368e+04   2.4701464e+05   6.8543972e+05   6.5813381e+05   7.8366514e+05   2.6871579e+05   2.5168838e+05   3.1455538e+04   2.3240274e+06   9.0267222e+03   1.2468145e+05   3.7149408e+05   1.6308591e+04   2.0109110e+06   5.9096812e+05
   1.4384045e+05   2.3568680e+03   2.9144095e+03   2.6927499e+03   1.0945094e+04   4.4259720e+04   5.8411056e+03   5.1890177e+05   3.8861301e+03   1.0584344e+03   4.2322740e+03   1.5961118e+05   1.0565142e+05   1.0943925e+04   3.1148987e+03   4.8587368e+04   2.4701464e+05   6.8543972e+05   6.5813381e+05   1.9814226e+03   2.6871579e+05   5.7148681e+03   3.1455538e+04   2.3240274e+06   3.5445971e+03   1.2468145e+05   6.5312105e+03   1.6308591e+04   1.0526210e+05   5.9096812e+05
   2.5062132e+02   9.7004930e+02   7.3087041e+02   5.2917055e+02   5.7109969e+02   6.0933694e+02   7.3274147e+02   1.7695102e+02   3.6342774e+02   2.8708028e+02   6.2467787e+02   9.5046594e+02   1.2157542e+03   7.7104355e+02   4.2382305e+02   9.5564933e+02   1.0065015e+03   3.1846509e+03   4.0631336e+02   1.9176242e+03   2.2271392e+02   2.9702985e+02   9.3062073e+02   1.2172590e+02   8.4561611e+02   1.5600469e+02   6.9577771e+02   5.2388433e+02   1.4876539e+02   2.9721444e+02
   9.4290203e+01   7.9303963e+00   6.9140644e+01   3.3294794e+01   5.4914404e+01   5.6356422e+01   1.7486507e+02   6.9098292e+01   5.2016972e+01   4.2294611e+01   2.0176954e+01   4.0169547e+01   2.5817457e+01   8.1161901e+01   1.4374511e+01   8.9820849e+01   6.5861319e+01   1.4247658e+02   3.0143103e+01   7.9804297e+01   1.2623235e+02   9.6483315e+00   1.2547657e+02   2.7009281e+01   3.0377902e+01   4.3892818e+01   1.2623689e+01   7.2690850e+00   5.2284900e+01   5.9037796e+01
   1.6962041e+00   1.5995014e+00   3.2235306e+00   1.3303029e+00   2.2647589e+00   2.4972153e+00   1.8073252e+00   1.3586729e+00   4.0689372e+00   3.9897148e+00   1.1701120e+00   1.4075106e+00   2.7605586e+00   2.2212205e+00   1.3915489e+00   2.2635551e+00   5.1321309e+00   2.4003647e+00   1.1783671e+00   2.8536158e+00   1.9082194e+00   2.8921208e+00   1.2713566e+00   4.7415138e+00   4.7545612e+00   6.1184397e-01   1.3427105e+00   2.5963921e+00   5.5981431e+00   9.9944645e-01
   1.7137312e-01   3.6299696e-01   4.5055079e-01   4.3540956e-01   4.6996481e-01   4.0943075e-01   2.0277565e-01   2.4717870e-01   5.6021860e-01   4.4949522e-01   5.9661877e-01   1.7732671e-01   3.2998094e-01   5.8885347e-01   4.8065100e-01   4.5390790e-01   5.1139742e-01   3.2623520e-01   4.6413598e-01   3.7608630e-01   5.5168151e-01   5.8377803e-01   4.4468898e-01   2.4215058e-01   1.6976124e-01   2.8374314e-01   5.3045886e-01   3.8575095e-01   3.6181240e-01   2.6833701e-01
   2.1776628e-02   1.0576402e-02   1.2932216e-03   2.2571111e-02   2.5981472e-02   2.0544990e-02   1.1516293e-02   1.3951442e-02   9.7880799e-03   1.3103934e-02   1.6329233e-02   7.8432726e-03   1.4726216e-02   1.1926462e-03   2.1121983e-02   1.4265262e-02   8.3535813e-04   7.7668551e-03   1.0311773e-03   1.7288261e-02   2.7231039e-02   4.6965718e-03   4.6444861e-03   8.8158177e-03   4.1149936e-03   2.8063565e-02   8.5418592e-03   1.0214902e-02   6.3201961e-04   5.6104486e-03
   4.6620015e-05   1.2488680e-03   4.0524485e-04   1.9446080e-03   1.0160711e-03   2.0885324e-04   6.1253199e-05   8.9042136e-05   1.4198376e-05   1.3532020e-03   5.3409794e-06   1.2560346e-03   2.5161530e-06   6.2808949e-05   3.2402066e-04   2.0320008e-05   3.4827888e-04   6.4672360e-07   7.0856005e-04   1.7083941e-07   4.2356122e-04   1.7934398e-03   2.7753943e-04   8.4018356e-05   0.0000000e+00   4.4273047e-03   4.3775889e-04   2.4316277e-04   4.5747199e-05   2.0129155e-04
