   3.3130722e+06   4.0911260e+06   8.2065014e+05   3.4914042e+05   3.5527095e+05   1.1953199e+06   2.4706586e+05   6.0479016e+06   2.2814070e+06   8.4293771e+05   7.7792614e+05   3.4853744e+06   1.0863558e+07   4.1447614e+05   2.9334784e+06   1.4153991e+06   1.8348871e+06   4.0495748e+06   1.8502263e+05   8.4092125e+06   1.1487319e+06   5.1214340e+06   4.7710765e+06   2.4602482e+06   1.2544035e+06   1.0946172e+06   4.6644034e+06   1.5201740e+05   2.1581727e+06   2.9172598e+06
   3.3130722e+06   4.0911260e+06   8.2065014e+05   3.4914042e+05   3.5527095e+05   1.1953199e+06   2.4706586e+05   6.0479016e+06   2.2814070e+06   8.4293771e+05   7.7792614e+05   3.4853744e+06   1.0863558e+07   4.1447614e+05   2.9334784e+06   1.4153991e+06   1.8348871e+06   4.0495748e+06   1.8502263e+05   8.4092125e+06   1.1487319e+06   5.1214340e+06   4.7710765e+06   2.4602482e+06   1.2544035e+06   1.0946172e+06   4.6644034e+06   1.5201740e+05   2.1581727e+06   2.9172598e+06
   3.3130722e+06   4.0911260e+06   8.2065014e+05   3.4914042e+05   3.5527095e+05   1.1953199e+06   2.4706586e+05   6.0479016e+06   2.2814070e+06   8.4293771e+05   7.7792614e+05   3.4853744e+06   1.0863558e+07   4.1447614e+05   2.9334784e+06   1.4153991e+06   1.8348871e+06   4.0495748e+06   1.8502263e+05   8.4092125e+06   1.1487319e+06   5.1214340e+06   4.7710765e+06   2.4602482e+06   1.2544035e+06   1.0946172e+06   4.6644034e+06   1.5201740e+05   2.1581727e+06   2.9172598e+06
   3.3130722e+06   4.0911260e+06   8.2065014e+05   3.4914042e+05   3.5527095e+05   1.1953199e+06   2.4706586e+05   6.0479016e+06   2.2814070e+06   8.4293771e+05   7.7792614e+05   3.4853744e+06   1.0863558e+07   4.1447614e+05   2.9334784e+06   1.4153991e+06   1.8348871e+06   4.0495748e+06   1.8502263e+05   8.4092125e+06   1.1487319e+06   5.1214340e+06   4.7710765e+06   2.4602482e+06   1.2544035e+06   1.0946172e+06   4.6644034e+06   1.5201740e+05   2.1581727e+06   2.9172598e+06
   3.3130722e+06   4.0911260e+06   8.2065014e+05   3.4914042e+05   3.5527095e+05   1.1953199e+06   2.4706586e+05   6.0479016e+06   2.2814070e+06   8.4293771e+05   7.7792614e+05   3.4853744e+06   1.0863558e+07   4.1447614e+05   2.9334784e+06   1.4153991e+06   1.8348871e+06   4.0495748e+06   1.8502263e+05   8.4092125e+06   1.1487319e+06   5.1214340e+06   4.7710765e+06   2.4602482e+06   1.2544035e+06   1.0946172e+06   4.6644034e+06   1.5201740e+05   2.1581727e+06   2.9172598e+06
   3.3130722e+06   4.0911260e+06   8.2065014e+05   3.4914042e+05   3.5527095e+05   1.1953199e+06   2.4706586e+05   6.0479016e+06   2.2814070e+06   8.4293771e+05   7.7792614e+05   3.4853744e+06   1.0863558e+07   4.1447614e+05   2.9334784e+06   1.4153991e+06   1.8348871e+06   4.0495748e+06   1.8502263e+05   8.4092125e+06   1.1487319e+06   5.1214340e+06   4.7710765e+06   2.4602482e+06   1.2544035e+06   1.0946172e+06   4.6644034e+06   1.5201740e+05   2.1581727e+06   2.9172598e+06
   3.3130722e+06   4.0911260e+06   8.2065014e+05   3.4914042e+05   3.5527095e+05   1.1953199e+06   2.4706586e+05   6.0479016e+06   2.2814070e+06   8.4293771e+05   7.7792614e+05   3.4853744e+06   1.0863558e+07   4.1447614e+05   2.9334784e+06   1.4153991e+06   1.8348871e+06   4.0495748e+06   1.8502263e+05   8.4092125e+06   1.1487319e+06   5.1214340e+06   4.7710765e+06   2.4602482e+06   1.2308667e+06   1.0946172e+06   4.6644034e+06   1.5201740e+05   2.1581727e+06   2.9172598e+06
   1.3657803e+06   4.0911260e+06   8.2065014e+05   3.4914042e+05   3.5527095e+05   1.1953199e+06   2.4706586e+05   6.0479016e+06   2.2814070e+06   8.4293771e+05   7.7792614e+05   3.4853744e+06   1.0863558e+07   4.1447614e+05   2.9334784e+06   1.4153991e+06   1.8348871e+06   4.0495748e+06   1.8502263e+05   8.4092125e+06   1.1487319e+06   5.1214340e+06   4.7710765e+06   2.4602482e+06   1.2308667e+06   1.0946172e+06   4.6644034e+06   1.5201740e+05   4.9033005e+05   2.9172598e+06
   1.3657803e+06   4.0911260e+06   8.2065014e+05   3.4914042e+05   3.5527095e+05   1.1953199e+06   2.4706586e+05   6.0479016e+06   2.2814070e+06   8.4293771e+05   7.7792614e+05   9.5787320e+04   1.0863558e+07   4.1447614e+05   2.0121504e+06   1.4153991e+06   5.5201597e+04   4.0495748e+06   1.8502263e+05   6.6635431e+06   1.1487319e+06   1.6413191e+06   4.7710765e+06   2.4602482e+06   1.2308667e+06   6.4847416e+05   4.6644034e+06   1.5201740e+05   4.9033005e+05   2.9172598e+06
   1.3657803e+06   4.0911260e+06   8.2065014e+05   3.4914042e+05   3.5527095e+05   1.1953199e+06   2.4706586e+05   4.2889052e+05   2.2814070e+06   8.4293771e+05   7.7792614e+05   9.5787320e+04   2.8638235e+05   4.1447614e+05   2.0121504e+06   1.4153991e+06   5.5201597e+04   4.0495748e+06   1.8502263e+05   1.8361309e+04   1.1487319e+06   1.6413191e+06   4.7710765e+06   2.4602482e+06   1.2308667e+06   6.4847416e+05   4.6644034e+06   1.5201740e+05   4.0170823e+05   8.0921371e+05
   1.0622780e+04   5.6395166e+03   1.1231340e+04   7.3706785e+03   3.5527095e+05   1.1953199e+06   2.4706586e+05   4.2889052e+05   2.6518481e+04   5.7237704e+04   7.7792614e+05   9.5787320e+04   2.8638235e+05   2.2759241e+04   2.0121504e+06   1.4153991e+06   5.5201597e+04   4.0495748e+06   1.8502263e+05   1.8361309e+04   3.3943299e+04   1.8947463e+05   3.0875033e+06   1.9663592e+06   1.2211460e+04   6.4847416e+05   2.9553198e+05   1.5201740e+05   4.0170823e+05   8.0921371e+05
   1.0622780e+04   5.6395166e+03   5.1569637e+03   7.3706785e+03   2.7123742e+03   1.6611311e+05   2.4706586e+05   4.2889052e+05   5.3759162e+03   5.7237704e+04   1.1123002e+04   4.4978155e+04   3.1861615e+03   2.2759241e+04   2.2315653e+03   1.4728782e+05   1.7636308e+04   1.1413131e+04   9.5220984e+03   9.3590901e+02   2.5556225e+03   1.3266821e+05   2.1904913e+03   1.1729506e+04   1.2211460e+04   2.2529058e+03   6.9251668e+04   1.7217590e+03   7.0986435e+04   4.5529480e+03
   9.3754305e+02   5.2343293e+02   7.6600909e+02   1.5397752e+03   2.2639194e+02   6.3863393e+02   1.1891767e+03   3.0280555e+02   9.4162095e+02   9.5291316e+02   8.2398623e+02   1.2940040e+03   8.2896206e+02   5.3550035e+02   9.7704121e+02   4.9887175e+02   1.0683605e+03   6.9165652e+02   4.7884203e+02   9.3294608e+02   7.2146445e+02   1.3558437e+03   6.1163769e+02   7.2765606e+02   8.0847478e+02   1.7885069e+03   9.4088173e+02   5.6117256e+02   6.3198502e+02   6.9260204e+02
   1.3854545e+02   2.1514323e+01   9.4579045e+01   1.1721093e+02   6.8292460e+01   2.0023912e+02   4.7434839e+01   2.6654429e+02   3.1689896e+01   6.4508268e+01   3.0299872e+02   2.5039294e+02   1.4777702e+02   1.0574394e+02   1.7449436e+02   3.0550934e+02   1.1250399e+02   2.7736342e+02   2.4745375e+02   1.6585032e+01   2.0838681e+02   9.4720848e+01   6.1676709e+01   2.0718158e+02   8.8928344e+01   2.6389336e+02   2.7974544e+02   1.9984625e+02   1.1120363e+02   1.0092603e+02
   8.4588673e-01   2.0551913e+00   5.2688316e+00   1.6485360e-01   8.7963036e-01   7.9225943e+00   1.8838860e+00   1.1067137e+00   7.0866779e-01   5.8411980e-01   1.2818854e+00   6.3812712e-01   5.1326060e+00   1.4193185e+00   2.0675454e+00   2.6779063e+00   8.6153369e+00   1.8071403e+00   2.5570016e+00   1.8970065e-01   5.7387964e-01   7.1137768e-01   5.9609059e+00   1.8981386e+00   1.0335692e+00   8.2409363e-01   1.3160807e+00   4.3808266e-01   1.7409902e+00   3.9750332e+00
   3.1469780e-01   3.2000808e-01   4.9174906e-01   2.7687644e-03   5.1201991e-03   3.1414434e-01   2.1331303e-03   3.1260443e-01   6.3738042e-01   5.0789703e-01   6.5975668e-05   2.8626674e-03   3.1228000e-01   1.8086898e-02   9.6987053e-03   3.1246136e-01   1.4094945e-02   1.0744269e-01   4.1651397e-01   9.4291384e-03   8.9868108e-02   1.6753216e-03   1.7677251e-01   1.7778717e-06   6.3574912e-01   4.7903316e-04   4.6405228e-04   3.1291148e-01   3.1535251e-01   4.8801677e-03
