   1.0492189e+03   1.3295461e+03   1.2020020e+03   1.1924275e+03   1.3807846e+03   1.3569151e+03   1.2165456e+03   1.3938955e+03   9.4596270e+02   1.2092466e+03   1.4592900e+03   1.3516929e+03   1.1173931e+03   1.1109024e+03   1.3188529e+03   1.0553723e+03   1.0314149e+03   1.0049629e+03   9.2554439e+02   1.3905729e+03   1.2424183e+03   1.3628773e+03   1.1924361e+03   1.0629453e+03   1.3597036e+03   7.3735276e+02   1.1816867e+03   1.2841150e+03   1.1973636e+03   1.4345922e+03
   1.0492189e+03   1.3295461e+03   1.2020020e+03   1.1924275e+03   1.3807846e+03   1.3569151e+03   1.2165456e+03   1.3938955e+03   9.4596270e+02   1.2092466e+03   1.4592900e+03   1.3516929e+03   1.1173931e+03   1.1109024e+03   1.3188529e+03   1.0553723e+03   1.0314149e+03   1.0049629e+03   9.2554439e+02   1.3905729e+03   1.2424183e+03   1.3628773e+03   1.1924361e+03   1.0629453e+03   1.3597036e+03   7.3735276e+02   1.1816867e+03   1.2841150e+03   1.1973636e+03   1.4345922e+03
   1.0492189e+03   1.1527971e+03   1.2020020e+03   1.1924275e+03   1.3807846e+03   1.3569151e+03   1.2165456e+03   1.2333341e+03   9.4596270e+02   1.2092466e+03   1.4592900e+03   1.3516929e+03   1.1173931e+03   1.1109024e+03   1.3188529e+03   1.0553723e+03   1.0314149e+03   1.0049629e+03   9.2554439e+02   1.3905729e+03   1.2424183e+03   1.3628773e+03   1.1924361e+03   1.0629453e+03   1.3597036e+03   7.3735276e+02   1.1816867e+03   1.2841150e+03   1.1973636e+03   1.4345922e+03
   1.0492189e+03   9.5933272e+02   1.2020020e+03   1.1924275e+03   1.3807846e+03   1.3569151e+03   1.2165456e+03   1.2333341e+03   9.4596270e+02   1.2092466e+03   1.4592900e+03   1.3516929e+03   1.1173931e+03   1.1109024e+03   1.3188529e+03   1.0553723e+03   1.0314149e+03   1.0049629e+03   9.2554439e+02   1.3905729e+03   1.2424183e+03   1.3628773e+03   1.1924361e+03   1.0629453e+03   1.3597036e+03   7.3735276e+02   1.1816867e+03   1.2841150e+03   1.1973636e+03   1.4345922e+03
   1.0492189e+03   9.5933272e+02   1.2020020e+03   1.1924275e+03   1.3807846e+03   1.3569151e+03   1.2165456e+03   1.2333341e+03   9.4596270e+02   1.2092466e+03   1.4592900e+03   1.3516929e+03   1.1173931e+03   1.1109024e+03   1.3188529e+03   1.0553723e+03   1.0314149e+03   1.0049629e+03   9.2554439e+02   1.3905729e+03   1.2424183e+03   1.3628773e+03   1.1924361e+03   1.0629453e+03   1.3597036e+03   7.3735276e+02   1.1816867e+03   1.2841150e+03   1.1973636e+03   1.4345922e+03
   1.0492189e+03   9.5933272e+02   1.2020020e+03   1.1924275e+03   1.3807846e+03   1.3569151e+03   1.2165456e+03   1.2333341e+03   9.4596270e+02   1.2092466e+03   1.4592900e+03   1.3516929e+03   1.1173931e+03   1.1109024e+03   1.3188529e+03   1.0553723e+03   1.0314149e+03   1.0049629e+03   9.2554439e+02   1.3905729e+03   1.2424183e+03   1.3628773e+03   1.1924361e+03   1.0629453e+03   1.3597036e+03   7.3735276e+02   1.1816867e+03   1.2841150e+03   1.1973636e+03   1.4345922e+03
   1.0492189e+03   9.5933272e+02   1.2020020e+03   1.1924275e+03   1.3807846e+03   1.3569151e+03   1.2165456e+03   1.2333341e+03   9.4596270e+02   1.2092466e+03   1.4592900e+03   1.3516929e+03   1.1173931e+03   1.1109024e+03   1.3188529e+03   1.0553723e+03   1.0314149e+03   1.0049629e+03   9.2554439e+02   1.3905729e+03   1.2424183e+03   1.3628773e+03   1.1924361e+03   1.0629453e+03   1.3597036e+03   7.3735276e+02   1.1816867e+03   1.2841150e+03   1.1973636e+03   1.4345922e+03
   1.0492189e+03   9.5933272e+02   1.2020020e+03   1.1924275e+03   1.3807846e+03   7.8859818e+02   1.2165456e+03   1.2333341e+03   9.4596270e+02   1.2092466e+03   1.4592900e+03   1.3516929e+03   1.1173931e+03   1.1109024e+03   1.3188529e+03   1.0553723e+03   1.0314149e+03   1.0049629e+03   9.2554439e+02   1.3453933e+03   1.2424183e+03   1.3628773e+03   1.1924361e+03   1.0629453e+03   1.3362487e+03   7.3735276e+02   1.1816867e+03   1.2841150e+03   1.1973636e+03   1.4345922e+03
   8.7249284e+02   9.5933272e+02   1.2020020e+03   1.1924275e+03   1.3807846e+03   7.8859818e+02   1.0200999e+03   1.2333341e+03   9.4596270e+02   1.2092466e+03   1.4592900e+03   1.3516929e+03   1.1173931e+03   1.1109024e+03   1.3188529e+03   1.0553723e+03   1.0314149e+03   9.0579901e+02   9.2554439e+02   1.2269409e+03   1.2424183e+03   1.3443362e+03   1.1864253e+03   6.6140023e+02   1.3362487e+03   7.3735276e+02   7.9285928e+02   1.1822490e+03   1.1973636e+03   1.3590553e+03
   5.5861996e+02   5.0471751e+02   7.5948257e+02   6.3223463e+02   8.9717178e+02   7.8859818e+02   9.7823112e+02   4.7096220e+02   3.7180723e+02   7.2390484e+02   6.4051818e+02   8.4361445e+02   5.5980421e+02   8.4339140e+02   6.9425389e+02   9.3120211e+02   8.1793358e+02   7.8998756e+02   6.7801569e+02   7.9698431e+02   1.0137595e+03   4.4789724e+02   6.8811123e+02   6.6140023e+02   4.3376602e+02   7.3735276e+02   7.9285928e+02   6.8457373e+02   4.7747154e+02   9.5191066e+02
   4.2696557e+02   2.8579560e+02   3.0711145e+02   3.3098563e+02   4.7447980e+02   4.1068243e+02   3.5152385e+02   3.5062523e+02   3.4943334e+02   3.6123731e+02   2.8401769e+02   3.8226548e+02   3.7392793e+02   3.1784879e+02   4.4378138e+02   3.7973755e+02   2.5776787e+02   2.5623677e+02   3.5026033e+02   3.0432476e+02   3.4744467e+02   2.4806521e+02   4.4711702e+02   3.7998228e+02   4.3376602e+02   3.0481710e+02   3.8153859e+02   4.5118972e+02   3.9720867e+02   3.0163390e+02
   1.9695448e+02   1.9621743e+02   1.9175116e+02   2.2003647e+02   2.1384720e+02   2.2003396e+02   2.0098896e+02   1.9540172e+02   2.1140025e+02   2.0297959e+02   1.6917898e+02   2.0268065e+02   2.2506997e+02   1.8298471e+02   2.2260679e+02   2.0928468e+02   2.2764137e+02   2.1337752e+02   2.2240255e+02   1.6099116e+02   2.1102913e+02   1.9816435e+02   2.1989273e+02   2.2238739e+02   2.1140049e+02   2.1462676e+02   2.2228806e+02   1.7806482e+02   2.3281390e+02   1.9848709e+02
   1.4255246e+02   1.4738086e+02   1.3425217e+02   1.3303247e+02   9.5894350e+01   1.4202506e+02   1.4240050e+02   1.4464614e+02   1.5402419e+02   1.4230619e+02   1.3837697e+02   1.3738398e+02   1.4217082e+02   1.2121254e+02   1.2843533e+02   1.4353466e+02   1.4536438e+02   1.4048184e+02   1.4748571e+02   1.3287350e+02   7.8607826e+01   1.4675797e+02   1.4932727e+02   1.2484948e+02   1.3477947e+02   1.5616528e+02   1.4541040e+02   1.4249258e+02   1.1711680e+02   1.4214584e+02
   6.9223348e+01   7.2021957e+01   7.2184304e+01   7.3789858e+01   6.5014400e+01   7.3203367e+01   7.5031922e+01   6.7242229e+01   7.0368494e+01   7.3515252e+01   6.8561095e+01   7.1084982e+01   6.0136439e+01   7.1428850e+01   7.9906120e+01   6.9007601e+01   6.4397113e+01   8.0698144e+01   7.0971271e+01   4.5855538e+01   5.6071326e+01   8.7260778e+01   7.3366522e+01   7.1574435e+01   6.9773027e+01   6.6412211e+01   7.4537090e+01   7.2414184e+01   7.9181225e+01   6.9859772e+01
   3.9661661e+01   3.9462055e+01   3.4797868e+01   3.6840846e+01   3.9916334e+01   3.7104404e+01   3.9709668e+01   2.9715094e+01   3.5415023e+01   3.8615490e+01   3.9931252e+01   3.6967471e+01   3.9967127e+01   3.9015945e+01   4.4130805e+01   3.7991690e+01   3.9860353e+01   4.6408244e+01   4.0299981e+01   3.5325115e+01   3.9785974e+01   4.6351506e+01   4.1183897e+01   3.9688369e+01   3.8641046e+01   4.2672565e+01   3.8999599e+01   4.0450806e+01   3.9360498e+01   4.1008808e+01
   2.1800928e+01   2.1638067e+01   2.1071032e+01   2.1358806e+01   5.7716736e+00   2.0570132e+01   2.1554064e+01   2.1792281e+01   2.1380219e+01   2.2015899e+01   2.1748949e+01   8.6312251e+00   2.1775040e+01   2.1841746e+01   4.1762651e+00   2.1247805e+01   2.2162057e+01   1.9899181e+00   2.1204293e+01   2.1209545e+01   2.1410058e+01   7.0746352e+00   2.2052581e+01   2.1965485e+01   2.1268034e+01   2.1843278e+01   2.1864990e+01   2.1295066e+01   2.1898586e+01   2.1892984e+01
