   3.6354850e+10   3.8181816e+10   3.8816175e+10   2.2097204e+10   3.7089858e+10   2.8954742e+10   2.9720370e+10   4.4787602e+10   4.1830133e+10   3.4060544e+10   2.3788917e+10   4.3189321e+10   3.9063663e+10   4.0391241e+10   4.0397712e+10   3.1990175e+10   4.0888483e+10   4.3545917e+10   2.4637731e+10   3.4507772e+10   4.0219579e+10   3.6534368e+10   4.3587998e+10   3.7938493e+10   3.3575717e+10   2.8724266e+10   2.4119718e+10   4.1767080e+10   3.7405947e+10   4.0996138e+10
   3.6354850e+10   3.8181816e+10   3.8816175e+10   2.2097204e+10   3.7089858e+10   2.8954742e+10   2.9720370e+10   4.4787602e+10   4.1830133e+10   3.4060544e+10   2.3788917e+10   4.3189321e+10   3.9063663e+10   4.0391241e+10   4.0397712e+10   3.1990175e+10   4.0888483e+10   4.3545917e+10   2.4637731e+10   3.4507772e+10   4.0219579e+10   3.6534368e+10   4.3587998e+10   3.7938493e+10   3.3575717e+10   2.8724266e+10   2.4119718e+10   4.1767080e+10   3.7405947e+10   4.0996138e+10
   3.6354850e+10   3.8181816e+10   3.8816175e+10   2.2097204e+10   3.7089858e+10   2.8954742e+10   2.9720370e+10   4.4787602e+10   4.1830133e+10   3.4060544e+10   2.3788917e+10   4.3189321e+10   3.9063663e+10   4.0391241e+10   4.0397712e+10   3.1990175e+10   4.0888483e+10   4.3545917e+10   2.4637731e+10   3.4507772e+10   4.0219579e+10   3.6534368e+10   4.3587998e+10   3.7938493e+10   3.3575717e+10   2.8724266e+10   2.4119718e+10   4.1767080e+10   3.7405947e+10   4.0996138e+10
   3.6354850e+10   3.8181816e+10   3.8816175e+10   2.2097204e+10   3.7089858e+10   2.8954742e+10   2.9720370e+10   4.4787602e+10   4.1830133e+10   3.4060544e+10   2.3788917e+10   4.3189321e+10   3.9063663e+10   4.0391241e+10   4.0397712e+10   3.1401545e+10   4.0888483e+10   4.3545917e+10   2.4637731e+10   3.4507772e+10   4.0219579e+10   3.6534368e+10   4.3587998e+10   3.7938493e+10   3.3575717e+10   2.8724266e+10   2.4119718e+10   4.1767080e+10   3.7405947e+10   4.0996138e+10
   3.6354850e+10   3.8181816e+10   3.8816175e+10   2.2097204e+10   3.7089858e+10   2.8954742e+10   2.9720370e+10   4.4787602e+10   4.1830133e+10   3.4060544e+10   2.3788917e+10   4.3189321e+10   3.9063663e+10   4.0391241e+10   4.0397712e+10   3.1401545e+10   4.0888483e+10   4.3545917e+10   2.4637731e+10   3.4507772e+10   4.0219579e+10   3.6534368e+10   4.3587998e+10   3.7938493e+10   3.3575717e+10   2.8724266e+10   2.4119718e+10   4.1767080e+10   3.7405947e+10   4.0996138e+10
   3.6354850e+10   3.8181816e+10   3.8816175e+10   2.2097204e+10   3.7089858e+10   2.8954742e+10   2.9720370e+10   4.4787602e+10   4.1830133e+10   3.4060544e+10   2.3788917e+10   4.3189321e+10   3.9063663e+10   4.0391241e+10   4.0397712e+10   3.1401545e+10   4.0888483e+10   4.3545917e+10   2.4637731e+10   3.4507772e+10   4.0219579e+10   3.6534368e+10   4.3587998e+10   3.7938493e+10   3.3575717e+10   2.8724266e+10   2.4119718e+10   4.1767080e+10   3.7405947e+10   4.0996138e+10
   3.6354850e+10   3.8181816e+10   3.8816175e+10   2.2097204e+10   3.7089858e+10   2.8954742e+10   2.9720370e+10   4.4787602e+10   4.1830133e+10   3.4060544e+10   2.3788917e+10   4.3189321e+10   3.9063663e+10   4.0391241e+10   4.0397712e+10   3.1401545e+10   4.0888483e+10   4.3545917e+10   2.4637731e+10   3.4507772e+10   4.0219579e+10   3.6534368e+10   4.0318613e+10   3.7938493e+10   3.3575717e+10   2.8724266e+10   2.4119718e+10   4.1767080e+10   3.7405947e+10   4.0996138e+10
   3.6354850e+10   3.8181816e+10   3.8816175e+10   2.2097204e+10   3.7089858e+10   2.8954742e+10   2.9720370e+10   4.4787602e+10   4.1830133e+10   3.4060544e+10   2.3788917e+10   4.3189321e+10   3.9063663e+10   4.0391241e+10   4.0397712e+10   3.1401545e+10   4.0888483e+10   4.3545917e+10   2.4637731e+10   3.4507772e+10   4.0219579e+10   3.6534368e+10   4.0318613e+10   3.7938493e+10   3.3575717e+10   2.8724266e+10   2.4119718e+10   4.1767080e+10   3.7405947e+10   4.0996138e+10
   3.6354850e+10   3.8181816e+10   3.8816175e+10   2.2097204e+10   3.7089858e+10   2.8954742e+10   2.9720370e+10   2.8968895e+10   4.1830133e+10   3.4060544e+10   2.3788917e+10   4.3189321e+10   3.9063663e+10   4.0391241e+10   2.1878897e+10   3.1401545e+10   4.0888483e+10   3.5719380e+10   2.4637731e+10   3.4507772e+10   4.0219579e+10   3.6534368e+10   4.0318613e+10   1.7896101e+10   3.3575717e+10   2.8724266e+10   2.4119718e+10   4.1767080e+10   2.0032298e+10   2.6966636e+10
   1.9800612e+10   2.3234654e+10   8.5046730e+09   2.2097204e+10   2.2809575e+10   2.3465460e+10   1.9359379e+10   1.8652984e+09   3.4674128e+10   7.9843546e+09   1.0513009e+10   9.6171241e+09   2.4509297e+10   2.8891664e+10   8.5596961e+09   2.9902037e+10   1.7828880e+10   2.3357800e+10   1.4020777e+10   2.8197314e+10   5.2833725e+09   2.0710494e+10   2.8309058e+10   1.7896101e+10   7.2248939e+09   4.5060268e+09   2.4119718e+10   2.2402721e+10   2.0032298e+10   2.1806711e+10
   5.5927932e+08   8.7445073e+08   2.0866396e+08   1.7474999e+09   1.5870892e+08   1.2018688e+09   3.1374345e+09   1.0345345e+09   1.9951524e+09   1.9827057e+09   2.6669250e+08   1.2129691e+09   2.6810447e+09   1.0780136e+09   5.2580258e+08   4.7026542e+09   7.0189971e+08   1.1472399e+09   6.0443269e+08   3.8329418e+08   2.7757975e+09   2.6030729e+09   2.9107663e+09   2.3094876e+09   7.2511238e+08   2.1701639e+09   3.4090270e+08   9.7413643e+08   6.1465572e+08   7.4551699e+08
   1.6127163e+06   9.7617054e+05   3.1383637e+06   1.7691955e+06   2.4452726e+06   1.7750045e+06   5.0906988e+06   6.1010865e+05   9.0914325e+06   7.7572784e+06   3.3026407e+06   4.8565277e+06   8.5845306e+06   1.5900504e+06   3.5279866e+06   4.3656040e+06   1.5095086e+06   8.6300090e+06   2.5340112e+06   1.4733815e+06   3.3083365e+06   1.7749170e+06   8.1650769e+05   2.0184142e+06   8.7188557e+06   2.7807064e+06   4.5864206e+06   1.2774946e+06   2.9566945e+06   1.3988846e+06
   5.1953923e+01   1.7637773e+01   7.5381987e+01   2.8987442e+01   1.4236131e+01   6.9583551e+01   3.7113758e+01   3.1583907e+01   2.7699691e+02   2.6448859e+01   1.4934399e+01   1.8233858e+01   5.5458286e+01   3.0434051e+01   2.3201334e+02   3.1243744e+01   2.6126048e+01   1.7795595e+01   1.2733414e+02   6.9592973e+01   3.8535311e+01   4.5491318e+01   1.5600667e+02   1.0471889e+01   5.7686623e+01   2.5532537e+01   1.6424634e+02   1.0839860e+02   2.5041078e+01   5.3617080e+01
   0.0000000e+00   0.0000000e+00   0.0000000e+00   0.0000000e+00   0.0000000e+00   0.0000000e+00   0.0000000e+00   0.0000000e+00   0.0000000e+00   0.0000000e+00   0.0000000e+00   0.0000000e+00   0.0000000e+00   0.0000000e+00   0.0000000e+00   0.0000000e+00   0.0000000e+00   0.0000000e+00   0.0000000e+00   0.0000000e+00   0.0000000e+00   0.0000000e+00   0.0000000e+00   0.0000000e+00   0.0000000e+00   0.0000000e+00   0.0000000e+00   0.0000000e+00   0.0000000e+00   0.0000000e+00
   0.0000000e+00   0.0000000e+00   0.0000000e+00   0.0000000e+00   0.0000000e+00   0.0000000e+00   0.0000000e+00   0.0000000e+00   0.0000000e+00   0.0000000e+00   0.0000000e+00   0.0000000e+00   0.0000000e+00   0.0000000e+00   0.0000000e+00   0.0000000e+00   0.0000000e+00   0.0000000e+00   0.0000000e+00   0.0000000e+00   0.0000000e+00   0.0000000e+00   0.0000000e+00   0.0000000e+00   0.0000000e+00   0.0000000e+00   0.0000000e+00   0.0000000e+00   0.0000000e+00   0.0000000e+00
   0.0000000e+00   0.0000000e+00   0.0000000e+00   0.0000000e+00   0.0000000e+00   0.0000000e+00   0.0000000e+00   0.0000000e+00   0.0000000e+00   0.0000000e+00   0.0000000e+00   0.0000000e+00   0.0000000e+00   0.0000000e+00   0.0000000e+00   0.0000000e+00   0.0000000e+00   0.0000000e+00   0.0000000e+00   0.0000000e+00   0.0000000e+00   0.0000000e+00   0.0000000e+00   0.0000000e+00   0.0000000e+00   0.0000000e+00   0.0000000e+00   0.0000000e+00   0.0000000e+00   0.0000000e+00
