   1.1373518e+07   3.1880141e+06   1.4760188e+07   2.6063982e+07   1.7605987e+07   1.3251370e+07   1.3318555e+07   4.1190404e+07   2.4040025e+07   2.1641570e+07   1.3182863e+07   3.1065774e+07   3.8154412e+07   2.5464059e+07   4.5612109e+07   8.6482758e+06   8.5840349e+06   5.0127748e+06   3.6552221e+07   6.1560459e+06   3.4252334e+06   2.5256148e+07   9.3934422e+06   2.1617919e+07   4.6461429e+06   2.4737682e+07   1.8208232e+07   4.2265762e+07   2.7029072e+07   8.9258022e+06
   1.1373518e+07   3.1880141e+06   1.4760188e+07   2.6063982e+07   1.7605987e+07   1.3251370e+07   1.3318555e+07   4.1190404e+07   2.4040025e+07   2.1641570e+07   1.3182863e+07   3.1065774e+07   3.8154412e+07   2.5464059e+07   4.5612109e+07   8.6482758e+06   8.5840349e+06   5.0127748e+06   3.6552221e+07   6.1560459e+06   3.4252334e+06   2.5256148e+07   9.3934422e+06   2.1617919e+07   4.6461429e+06   2.4737682e+07   1.8208232e+07   4.2265762e+07   2.7029072e+07   8.9258022e+06
   1.1373518e+07   3.1880141e+06   1.4760188e+07   2.6063982e+07   1.7605987e+07   1.3251370e+07   1.3318555e+07   4.1190404e+07   2.4040025e+07   2.1641570e+07   1.3182863e+07   3.1065774e+07   3.8154412e+07   2.5464059e+07   4.5612109e+07   8.6482758e+06   8.5840349e+06   5.0127748e+06   3.6552221e+07   6.1560459e+06   3.4252334e+06   2.5256148e+07   9.3934422e+06   2.1617919e+07   4.6461429e+06   2.4737682e+07   1.8208232e+07   4.2265762e+07   2.7029072e+07   8.9258022e+06
   1.1373518e+07   3.1880141e+06   1.4760188e+07   2.6063982e+07   1.7605987e+07   1.3251370e+07   1.3318555e+07   4.1190404e+07   2.4040025e+07   2.1641570e+07   1.3182863e+07   3.1065774e+07   3.8154412e+07   2.5464059e+07   4.5612109e+07   8.6482758e+06   8.5840349e+06   5.0127748e+06   3.6552221e+07   6.1560459e+06   3.4252334e+06   2.5256148e+07   9.3934422e+06   2.1617919e+07   4.6461429e+06   2.4737682e+07   1.8208232e+07   4.2265762e+07   2.7029072e+07   8.9258022e+06
   1.1373518e+07   3.1880141e+06   1.4760188e+07   2.6063982e+07   1.7605987e+07   1.3251370e+07   1.3318555e+07   4.1190404e+07   2.4040025e+07   2.1641570e+07   1.3182863e+07   3.1065774e+07   3.8154412e+07   2.5464059e+07   4.5612109e+07   8.6482758e+06   8.5840349e+06   5.0127748e+06   3.6552221e+07   6.1560459e+06   3.4252334e+06   2.5256148e+07   9.3934422e+06   2.1617919e+07   4.6461429e+06   2.4737682e+07   1.8208232e+07   4.2265762e+07   2.7029072e+07   8.9258022e+06
   1.1373518e+07   3.1880141e+06   1.4760188e+07   2.6063982e+07   1.7605987e+07   1.3251370e+07   1.3318555e+07   4.1190404e+07   2.4040025e+07   2.1641570e+07   1.3182863e+07   3.1065774e+07   3.8154412e+07   2.5464059e+07   4.5612109e+07   8.6482758e+06   8.5840349e+06   5.0127748e+06   3.6552221e+07   6.1560459e+06   3.4252334e+06   2.5256148e+07   9.3934422e+06   2.1617919e+07   4.6461429e+06   2.4737682e+07   1.8208232e+07   4.2265762e+07   2.7029072e+07   8.9258022e+06
   1.1373518e+07   3.1880141e+06   1.4760188e+07   2.6063982e+07   1.7605987e+07   1.3251370e+07   1.3318555e+07   4.1190404e+07   2.4040025e+07   2.1641570e+07   1.3182863e+07   3.1065774e+07   3.8154412e+07   2.5464059e+07   4.5612109e+07   8.6482758e+06   8.5840349e+06   5.0127748e+06   3.6552221e+07   6.1560459e+06   3.4252334e+06   2.5256148e+07   9.3934422e+06   2.1617919e+07   4.6461429e+06   2.4737682e+07   1.8208232e+07   4.2265762e+07   2.7029072e+07   8.9258022e+06
   1.1373518e+07   3.1880141e+06   1.4760188e+07   2.6063982e+07   1.7605987e+07   1.3251370e+07   1.3318555e+07   1.5980427e+05   2.4040025e+07   2.1641570e+07   1.3182863e+07   3.1065774e+07   3.8154412e+07   2.5464059e+07   4.5612109e+07   8.6482758e+06   8.5840349e+06   5.0127748e+06   3.6552221e+07   6.1560459e+06   3.4252334e+06   2.5256148e+07   9.3934422e+06   2.1617919e+07   4.6461429e+06   2.4737682e+07   1.8208232e+07   4.2265762e+07   2.7029072e+07   8.9258022e+06
   1.1373518e+07   3.1880141e+06   1.4760188e+07   2.0469350e+07   1.7605987e+07   1.3251370e+07   1.3318555e+07   1.5980427e+05   1.1982876e+07   2.1581299e+07   1.3182863e+07   3.1065774e+07   3.8154412e+07   2.5464059e+07   4.5612109e+07   8.6482758e+06   8.5840349e+06   5.0127748e+06   3.6552221e+07   6.1560459e+06   3.4252334e+06   2.5256148e+07   9.3934422e+06   2.1617919e+07   4.6461429e+06   2.4737682e+07   1.1985050e+07   4.2265762e+07   2.7029072e+07   8.9258022e+06
   1.1373518e+07   3.1880141e+06   4.7544831e+06   2.0469350e+07   7.8862651e+06   1.3251370e+07   1.3318555e+07   1.5980427e+05   1.1982876e+07   5.1519408e+06   1.3182863e+07   3.1065774e+07   3.8154412e+07   1.0115743e+07   4.5612109e+07   1.5316988e+06   8.5840349e+06   5.0127748e+06   3.6552221e+07   6.1560459e+06   3.4252334e+06   4.3344432e+06   4.3143342e+06   9.2761030e+06   4.6461429e+06   2.4737682e+07   1.1985050e+07   4.2265762e+07   1.2773425e+07   8.9258022e+06
   1.1373518e+07   3.1880141e+06   4.4876109e+06   3.6379193e+06   7.8862651e+06   1.3954020e+06   1.3318555e+07   1.5980427e+05   6.1743757e+05   5.1519408e+06   1.3182863e+07   2.9712350e+07   2.8056281e+07   2.4202713e+06   7.8564812e+05   1.5316988e+06   8.5840349e+06   5.0127748e+06   9.8792455e+06   3.5785795e+06   3.4252334e+06   4.3344432e+06   4.3143342e+06   8.1141198e+06   4.6461429e+06   2.4737682e+07   5.8407513e+05   7.8796952e+06   1.2773425e+07   8.9258022e+06
   3.9843804e+06   3.4212192e+05   3.1932433e+06   2.3863489e+06   1.0289147e+05   7.5861592e+05   6.7856421e+06   1.5980427e+05   6.1743757e+05   5.0967564e+06   2.2989671e+06   4.8987414e+06   3.1019466e+06   1.4534757e+06   7.8564812e+05   1.5316988e+06   4.2728823e+06   4.3927132e+06   2.0472096e+06   2.8553174e+06   6.8383610e+05   4.3344432e+06   2.5747042e+05   4.8229561e+06   3.7634857e+05   6.3188504e+06   4.6154454e+04   8.7741099e+05   4.5277486e+05   5.5139501e+06
   1.5794818e+03   3.4212192e+05   1.7762081e+04   1.2088408e+04   1.3239229e+04   6.3452802e+03   8.3166502e+04   6.7251958e+04   3.8074127e+03   4.3415038e+04   9.7792228e+03   4.4778293e+03   7.4927131e+03   1.1496514e+04   8.3357217e+03   1.3054631e+04   3.8648403e+04   7.0420911e+03   1.1820853e+04   5.0497010e+05   2.1396912e+05   5.2134761e+05   2.5747042e+05   4.7364270e+05   9.7167546e+04   6.4603743e+03   1.0734707e+04   1.4390847e+04   1.9121214e+04   1.1616283e+04
   1.5794818e+03   1.7912488e+03   1.7829743e+03   1.6821133e+03   1.5168921e+03   1.3832938e+03   1.8295632e+03   1.4282103e+03   1.5694226e+03   1.9807529e+03   1.5886957e+03   1.6930111e+03   1.6458786e+03   1.1544231e+03   1.7780646e+03   1.5556905e+03   1.5178216e+03   1.0084595e+03   1.4526983e+03   8.4067908e+02   1.5677755e+03   1.2822210e+03   1.6839676e+03   1.0166639e+03   9.6077756e+02   1.7315779e+03   1.4436717e+03   1.4668964e+03   1.4376042e+03   1.7287200e+03
   2.4207420e+02   6.2633164e+02   1.7151404e+02   7.9183096e+02   6.8815376e+02   3.3616124e+02   6.0296679e+02   3.4400322e+02   6.2984206e+02   6.4541616e+02   5.0985472e+02   3.6010313e+01   6.8123046e+02   6.8194349e+02   2.3475941e+01   1.6109022e+02   7.3293361e+01   5.1088954e+02   4.3302044e+02   5.5631766e+02   5.2993050e+02   4.8287554e+02   6.1094633e+02   6.1004002e+02   6.0079019e+02   3.3110747e+02   5.2028264e+02   5.1620432e+02   5.6665063e+02   4.9915818e+02
   8.5873629e-01   1.7205964e+01   9.3181309e+00   9.0574629e+00   8.6800973e+00   3.9141067e-01   8.9567677e+00   2.9567172e+01   3.0028064e+01   8.7250874e+00   1.6989372e+01   3.3219750e+01   1.4772518e+02   1.3196419e+02   8.9046182e+00   8.2028906e-01   7.1062156e+01   2.9963706e+01   1.9688264e+02   3.9564534e-01   1.2841453e+02   3.7687076e+01   8.8586418e+00   1.2373690e+02   6.4996019e-01   3.0309409e-01   3.6559102e-01   8.8402298e+00   1.3922977e+02   8.7720562e+00
