   5.3564320e+02   5.0836076e+02   6.1032051e+02   5.9820009e+02   4.3068032e+02   4.1027804e+02   5.4669164e+02   6.1472356e+02   5.0751178e+02   5.3586010e+02   5.5337373e+02   6.1076462e+02   5.1859491e+02   5.6017321e+02   4.2004759e+02   5.9737309e+02   4.4500798e+02   4.8481839e+02   5.3122750e+02   5.1970548e+02   5.5278187e+02   5.3007234e+02   5.0568675e+02   5.1901785e+02   5.3634823e+02   5.4078178e+02   6.2666504e+02   5.6283658e+02   5.9286492e+02   5.5266408e+02
   5.3564320e+02   5.0836076e+02   6.1032051e+02   5.9820009e+02   4.3068032e+02   4.1027804e+02   5.4669164e+02   6.1472356e+02   5.0751178e+02   5.3586010e+02   5.5337373e+02   6.1076462e+02   5.1859491e+02   5.6017321e+02   4.2004759e+02   5.9737309e+02   4.4500798e+02   4.8481839e+02   5.3122750e+02   5.1970548e+02   5.0403572e+02   5.3007234e+02   5.0568675e+02   5.1901785e+02   5.3634823e+02   5.4078178e+02   6.2666504e+02   5.6283658e+02   5.9286492e+02   5.5266408e+02
   5.3564320e+02   5.0836076e+02   6.1032051e+02   5.9820009e+02   4.3068032e+02   4.1027804e+02   5.4669164e+02   6.1472356e+02   5.0751178e+02   5.3586010e+02   5.5337373e+02   6.1076462e+02   5.1859491e+02   5.6017321e+02   4.2004759e+02   5.9737309e+02   4.4500798e+02   4.8481839e+02   5.3122750e+02   5.1970548e+02   4.8055205e+02   5.3007234e+02   5.0568675e+02   5.1901785e+02   5.3634823e+02   5.4078178e+02   6.2666504e+02   5.6283658e+02   5.9286492e+02   5.5266408e+02
   5.3564320e+02   5.0836076e+02   6.1032051e+02   5.9820009e+02   4.3068032e+02   4.1027804e+02   5.4669164e+02   6.1472356e+02   5.0751178e+02   5.3586010e+02   5.5337373e+02   6.1076462e+02   5.1859491e+02   5.6017321e+02   4.2004759e+02   5.9737309e+02   4.4500798e+02   4.8481839e+02   5.3122750e+02   5.1970548e+02   4.8055205e+02   5.3007234e+02   5.0568675e+02   5.1901785e+02   5.3634823e+02   5.4078178e+02   6.2666504e+02   5.6283658e+02   5.9286492e+02   5.5266408e+02
   5.3564320e+02   5.0836076e+02   6.1032051e+02   5.9820009e+02   4.3068032e+02   4.1027804e+02   5.4669164e+02   6.1472356e+02   5.0751178e+02   5.3586010e+02   5.5337373e+02   6.1076462e+02   5.1859491e+02   5.6017321e+02   4.2004759e+02   5.9737309e+02   4.4500798e+02   4.8481839e+02   5.3122750e+02   5.1970548e+02   4.8055205e+02   5.3007234e+02   5.0568675e+02   5.1901785e+02   5.3634823e+02   5.4078178e+02   6.2666504e+02   5.6283658e+02   5.9286492e+02   5.5266408e+02
   5.3564320e+02   5.0836076e+02   6.1032051e+02   5.9820009e+02   4.3068032e+02   4.1027804e+02   5.4669164e+02   6.1472356e+02   5.0751178e+02   5.3586010e+02   5.5337373e+02   6.1076462e+02   5.1859491e+02   5.6017321e+02   4.2004759e+02   5.9737309e+02   4.4500798e+02   4.8481839e+02   5.3122750e+02   5.1970548e+02   4.8055205e+02   5.3007234e+02   5.0568675e+02   5.1901785e+02   5.3634823e+02   5.4078178e+02   6.2666504e+02   5.6283658e+02   5.9286492e+02   5.5266408e+02
   5.3564320e+02   5.0836076e+02   5.2762425e+02   5.9820009e+02   4.3068032e+02   4.1027804e+02   5.4669164e+02   6.1472356e+02   5.0751178e+02   5.3586010e+02   5.5337373e+02   5.6115927e+02   5.1859491e+02   5.6017321e+02   4.2004759e+02   5.9737309e+02   4.4500798e+02   4.8481839e+02   5.3122750e+02   5.1970548e+02   4.8055205e+02   5.3007234e+02   5.0568675e+02   5.1901785e+02   5.3634823e+02   5.4078178e+02   6.2666504e+02   5.6283658e+02   5.9286492e+02   5.5266408e+02
   5.3564320e+02   5.0836076e+02   5.2762425e+02   5.9820009e+02   4.3068032e+02   4.1027804e+02   5.4669164e+02   6.1472356e+02   5.0751178e+02   5.3586010e+02   5.5337373e+02   5.6115927e+02   5.1859491e+02   5.4927672e+02   4.2004759e+02   5.9737309e+02   4.4500798e+02   4.8481839e+02   5.3122750e+02   5.1970548e+02   4.8055205e+02   5.2599336e+02   5.0568675e+02   5.1901785e+02   5.3634823e+02   5.4078178e+02   6.2666504e+02   5.6283658e+02   5.9286492e+02   5.5266408e+02
   5.0445310e+02   4.8380896e+02   5.2762425e+02   5.9820009e+02   4.3068032e+02   4.1027804e+02   5.0332413e+02   6.1472356e+02   5.0751178e+02   5.3586010e+02   5.5337373e+02   5.4329046e+02   5.1859491e+02   5.4927672e+02   4.2004759e+02   5.0755600e+02   4.4500798e+02   4.8481839e+02   5.2601672e+02   5.1970548e+02   4.8055205e+02   5.2599336e+02   4.6170278e+02   4.8770642e+02   5.3634823e+02   5.4078178e+02   6.2666504e+02   4.2871637e+02   5.9286492e+02   5.5266408e+02
   4.5294211e+02   4.4400386e+02   5.2253449e+02   4.9754451e+02   4.3068032e+02   4.1027804e+02   4.6841072e+02   4.4500138e+02   4.4334492e+02   4.3408478e+02   4.3124422e+02   4.4147047e+02   4.6595371e+02   4.9711601e+02   4.2004759e+02   3.1133351e+02   4.4500798e+02   4.5243973e+02   4.7136415e+02   5.1970548e+02   4.8055205e+02   4.9317234e+02   3.3498532e+02   4.3247330e+02   4.3547093e+02   5.0529583e+02   4.8234904e+02   4.2871637e+02   4.2499155e+02   5.3634030e+02
   4.4057523e+02   4.0856639e+02   4.4036489e+02   4.2477318e+02   4.2997991e+02   4.1027804e+02   2.9431488e+02   4.3028351e+02   4.2421233e+02   4.3364037e+02   4.1069029e+02   4.2632346e+02   4.3721633e+02   4.3245145e+02   4.2004759e+02   3.1133351e+02   4.0745649e+02   4.3766150e+02   4.3721427e+02   4.3514544e+02   4.4461827e+02   3.4327960e+02   3.3498532e+02   4.3004778e+02   4.3547093e+02   4.3812024e+02   4.3353734e+02   4.2301356e+02   4.2499155e+02   4.4104268e+02
   2.2603872e+02   3.9205529e+02   4.1076436e+02   3.9824169e+02   4.1044191e+02   4.0734341e+02   2.9431488e+02   2.6984342e+02   4.2045304e+02   4.1083476e+02   3.9244534e+02   3.1879154e+02   4.0809835e+02   3.5174772e+02   4.0482430e+02   3.1133351e+02   3.8128759e+02   4.1650270e+02   3.8075800e+02   3.9450279e+02   1.8906195e+02   3.4327960e+02   3.3498532e+02   4.1227436e+02   4.0173576e+02   3.5308629e+02   2.8035888e+02   4.0210854e+02   4.1664543e+02   4.1154483e+02
   2.2603872e+02   3.8993300e+02   1.9907385e+02   3.8562427e+02   1.7568420e+02   3.8851354e+02   2.7477164e+02   2.6984342e+02   3.6824381e+02   1.4255917e+02   2.4224603e+02   3.1879154e+02   3.9178849e+02   3.5174772e+02   3.9100447e+02   3.1133351e+02   3.8119028e+02   3.7201018e+02   3.8075800e+02   3.9170582e+02   1.8906195e+02   3.4327960e+02   3.0611683e+02   3.8037829e+02   3.8686127e+02   2.6173579e+02   2.8035888e+02   3.8473019e+02   3.9839747e+02   2.2079384e+02
   1.0021178e+02   1.0360223e+02   1.0033251e+02   1.2250823e+02   1.7568420e+02   3.5058891e+02   7.9198123e+01   2.6984342e+02   3.6500010e+02   1.0000368e+02   1.0000880e+02   1.0002498e+02   3.5583138e+02   3.5174772e+02   3.1263465e+02   3.1133351e+02   1.0000005e+02   3.2913082e+02   3.6924702e+02   1.0372798e+02   1.8906195e+02   1.2790924e+02   3.0611683e+02   1.0001655e+02   1.0000015e+02   2.6173579e+02   1.0007705e+02   3.6447478e+02   3.7790552e+02   2.2079384e+02
   1.0000000e+02   1.0000000e+02   1.0000000e+02   1.0000000e+02   1.0000000e+02   1.0000000e+02   0.0000000e+00   1.0000000e+02   1.0000000e+02   1.0000000e+02   1.0000000e+02   1.0000000e+02   1.0000000e+02   1.0000000e+02   1.0000000e+02   1.0000000e+02   1.0000000e+02   8.1613265e-08   3.8185421e-08   1.0000000e+02   5.9186420e-04   1.0000000e+02   1.0000000e+02   1.0000000e+02   1.0000000e+02   1.0000000e+02   1.0000000e+02   1.0000000e+02   4.9716445e-07   1.0000000e+02
   1.0000000e+02   1.0000000e+02   1.0000000e+02   1.0000000e+02   1.0000000e+02   1.0000000e+02   0.0000000e+00   1.0000000e+02   1.0000000e+02   1.0000000e+02   1.0000000e+02   1.0000000e+02   1.0000000e+02   1.0000000e+02   1.0000000e+02   1.0000000e+02   1.0000000e+02   0.0000000e+00   0.0000000e+00   1.0000000e+02   0.0000000e+00   1.0000000e+02   1.0000000e+02   1.0000000e+02   1.0000000e+02   1.0000000e+02   1.0000000e+02   1.0000000e+02   0.0000000e+00   1.0000000e+02
