   8.1439629e+06   1.8839757e+06   7.2825838e+06   4.8007619e+06   9.0828253e+04   2.4041258e+07   3.2564050e+06   4.0467548e+06   9.0253578e+06   7.7201911e+06   6.9908475e+06   6.2810753e+06   4.1372161e+06   3.5004174e+06   1.2360758e+07   4.6129138e+06   2.3342517e+06   1.2840051e+07   2.7505173e+06   2.2336750e+06   1.9392035e+07   4.2728058e+06   2.7188004e+06   1.1103660e+06   6.0156736e+06   1.1684958e+07   2.1729421e+06   3.8494346e+06   1.5878291e+06   2.0007854e+06
   8.1439629e+06   1.8839757e+06   7.2825838e+06   4.8007619e+06   9.0828253e+04   2.4041258e+07   3.2564050e+06   4.0467548e+06   9.0253578e+06   7.7201911e+06   6.9908475e+06   6.2810753e+06   4.1372161e+06   3.5004174e+06   1.2360758e+07   4.6129138e+06   2.3342517e+06   1.2840051e+07   2.7505173e+06   2.2336750e+06   1.9392035e+07   4.2728058e+06   2.7188004e+06   1.1103660e+06   6.0156736e+06   1.1684958e+07   2.1729421e+06   3.8494346e+06   1.5878291e+06   2.0007854e+06
   8.1439629e+06   1.8839757e+06   7.2825838e+06   4.8007619e+06   9.0828253e+04   2.4041258e+07   3.2564050e+06   4.0467548e+06   9.0253578e+06   7.7201911e+06   6.9908475e+06   6.2810753e+06   4.1372161e+06   3.5004174e+06   1.2360758e+07   4.6129138e+06   2.3342517e+06   1.2840051e+07   2.7505173e+06   2.2336750e+06   1.9392035e+07   4.2728058e+06   2.7188004e+06   1.1103660e+06   6.0156736e+06   1.1684958e+07   2.1729421e+06   3.8494346e+06   1.5878291e+06   2.0007854e+06
   8.1439629e+06   1.8839757e+06   7.2825838e+06   4.8007619e+06   9.0828253e+04   2.4041258e+07   3.2564050e+06   4.0467548e+06   9.0253578e+06   7.7201911e+06   6.9908475e+06   6.2810753e+06   4.1372161e+06   3.5004174e+06   1.2360758e+07   4.6129138e+06   2.3342517e+06   1.2840051e+07   2.7505173e+06   2.2336750e+06   1.9392035e+07   4.2728058e+06   2.7188004e+06   1.1103660e+06   6.0156736e+06   1.1684958e+07   2.1729421e+06   3.8494346e+06   1.5878291e+06   2.0007854e+06
   8.1439629e+06   1.8839757e+06   7.2825838e+06   4.8007619e+06   9.0828253e+04   2.4041258e+07   3.2564050e+06   4.0467548e+06   9.0253578e+06   7.7201911e+06   6.9908475e+06   6.2810753e+06   4.1372161e+06   3.5004174e+06   1.2360758e+07   4.6129138e+06   2.3342517e+06   1.2840051e+07   2.7505173e+06   2.2336750e+06   1.9392035e+07   4.2728058e+06   2.7188004e+06   1.1103660e+06   6.0156736e+06   1.1684958e+07   2.1729421e+06   3.8494346e+06   1.5878291e+06   2.0007854e+06
   8.1439629e+06   1.8839757e+06   7.2825838e+06   4.8007619e+06   9.0828253e+04   2.4041258e+07   3.2564050e+06   4.0467548e+06   9.0253578e+06   7.7201911e+06   6.9908475e+06   6.2810753e+06   4.1372161e+06   3.5004174e+06   1.2360758e+07   4.6129138e+06   2.3342517e+06   1.2840051e+07   2.7505173e+06   2.2336750e+06   1.9392035e+07   4.2728058e+06   2.7188004e+06   1.1103660e+06   6.0156736e+06   1.1684958e+07   2.1729421e+06   3.8494346e+06   1.5878291e+06   2.0007854e+06
   8.1439629e+06   1.8839757e+06   7.2825838e+06   4.8007619e+06   9.0828253e+04   2.4041258e+07   3.2564050e+06   4.0467548e+06   9.0253578e+06   7.7201911e+06   6.9908475e+06   6.2810753e+06   4.1372161e+06   3.5004174e+06   1.1905809e+07   4.6129138e+06   2.3342517e+06   1.2840051e+07   2.7505173e+06   2.2336750e+06   1.9392035e+07   4.2728058e+06   2.7188004e+06   1.1103660e+06   6.0156736e+06   1.1684958e+07   2.1729421e+06   3.8494346e+06   1.5878291e+06   2.0007854e+06
   8.1439629e+06   1.8839757e+06   7.2825838e+06   4.8007619e+06   9.0828253e+04   8.7523467e+06   3.2564050e+06   4.0467548e+06   9.0253578e+06   7.7201911e+06   6.9908475e+06   6.2810753e+06   4.1372161e+06   3.5004174e+06   1.1905809e+07   4.6129138e+06   2.3342517e+06   2.6637419e+06   2.7505173e+06   2.2336750e+06   1.9392035e+07   4.2728058e+06   2.7188004e+06   1.1103660e+06   6.0156736e+06   1.1684958e+07   2.1729421e+06   3.8494346e+06   1.5878291e+06   2.0007854e+06
   8.1439629e+06   1.8839757e+06   7.2825838e+06   7.9163967e+05   9.0828253e+04   3.5260759e+06   1.3257505e+05   3.4387306e+05   8.5933179e+06   7.7201911e+06   6.9908475e+06   6.2810753e+06   1.2930686e+05   9.8897404e+05   1.1905809e+07   4.6129138e+06   2.3342517e+06   2.6514362e+06   6.8035267e+05   1.7012687e+06   1.9392035e+07   6.2896837e+05   7.5512970e+04   1.1103660e+06   9.7635900e+05   1.1684958e+07   2.1729421e+06   3.8494346e+06   1.5878291e+06   1.6155360e+06
   9.8740427e+05   1.8382937e+05   1.7646691e+06   1.0832145e+05   1.1846271e+04   1.0891615e+04   2.9683499e+04   2.3097941e+05   7.1349494e+05   2.1937619e+06   9.9032745e+05   6.8403853e+05   2.8937081e+04   3.4344249e+04   1.6318263e+06   1.2436380e+04   1.1382315e+06   6.8983336e+05   7.6147229e+04   1.6355205e+05   1.1285399e+04   4.8395035e+04   9.4418503e+03   4.4183823e+04   7.5397407e+04   5.4114254e+03   2.1484064e+05   4.8724336e+04   3.9811885e+04   1.6155360e+06
   7.1905850e+02   1.3817560e+04   1.4949997e+03   1.3567494e+03   1.6769510e+03   1.0362568e+03   7.3562128e+02   1.1418813e+03   1.0214879e+03   1.0708168e+03   1.5318960e+03   2.3955980e+03   1.3207870e+03   1.9682798e+03   1.7349793e+03   1.3243967e+03   4.9384325e+02   2.7157656e+03   1.7348723e+03   5.0193036e+03   7.7981222e+02   4.9894277e+02   1.0826359e+03   9.5094557e+02   7.2793707e+02   5.4114254e+03   1.1639252e+03   1.6727837e+03   1.7097094e+03   1.5688334e+03
   5.3543393e+02   3.7694639e+02   9.4061790e+01   4.7350613e+02   7.3335841e+01   2.0780849e+02   4.4593418e+02   3.5853366e+02   4.9427862e+02   3.6834681e+02   2.1019580e+02   1.3456401e+02   2.5662308e+02   4.3024277e+02   3.4872943e+02   5.6070249e+02   2.6080840e+02   1.6851518e+02   4.3275330e+02   3.2087187e+02   2.1435154e+02   2.7894740e+02   3.9407507e+02   3.2419681e+02   4.8693341e+02   3.2763572e+02   2.7398465e+02   3.3594888e+02   3.1910621e+02   2.4067840e+02
   3.9130517e+01   4.6119544e+01   4.1175375e+01   9.6132813e+00   3.3311343e+00   4.6935492e+01   8.6845872e+00   1.1959686e+01   1.5488342e+01   2.1348886e+01   1.3290667e+01   4.6369043e+01   5.2782200e+01   2.5754778e+01   9.2367086e+01   5.8593666e+01   3.4647358e+01   1.5978661e+01   2.7737887e+01   2.6575521e+01   1.2054570e+01   3.3704397e+00   1.9658036e+01   1.5607839e+01   3.7574135e+01   3.9092551e+01   4.2398391e+01   3.5037192e+01   1.5116842e+01   1.3796530e+01
   1.9088229e-07   1.1871685e-07   2.5594742e-08   3.4513672e-07   1.0382464e-06   4.9962759e-07   1.4822705e-08   7.5338966e-06   6.1660538e-07   6.6657557e-08   1.8582165e-07   2.1103575e-08   1.1282520e-06   4.8248441e-06   1.0228197e-05   5.6946468e-07   6.7912410e-08   2.2303511e-07   6.5812352e-08   0.0000000e+00   1.2593005e-08   4.2199663e-07   1.2030986e-06   1.8181301e-07   3.2494148e-08   5.3142322e-07   0.0000000e+00   7.3709968e-07   0.0000000e+00   1.5661108e-08
   0.0000000e+00   0.0000000e+00   0.0000000e+00   0.0000000e+00   0.0000000e+00   0.0000000e+00   0.0000000e+00   0.0000000e+00   0.0000000e+00   0.0000000e+00   0.0000000e+00   0.0000000e+00   0.0000000e+00   0.0000000e+00   0.0000000e+00   0.0000000e+00   0.0000000e+00   0.0000000e+00   0.0000000e+00   0.0000000e+00   0.0000000e+00   0.0000000e+00   0.0000000e+00   0.0000000e+00   0.0000000e+00   0.0000000e+00   0.0000000e+00   0.0000000e+00   0.0000000e+00   0.0000000e+00
   0.0000000e+00   0.0000000e+00   0.0000000e+00   0.0000000e+00   0.0000000e+00   0.0000000e+00   0.0000000e+00   0.0000000e+00   0.0000000e+00   0.0000000e+00   0.0000000e+00   0.0000000e+00   0.0000000e+00   0.0000000e+00   0.0000000e+00   0.0000000e+00   0.0000000e+00   0.0000000e+00   0.0000000e+00   0.0000000e+00   0.0000000e+00   0.0000000e+00   0.0000000e+00   0.0000000e+00   0.0000000e+00   0.0000000e+00   0.0000000e+00   0.0000000e+00   0.0000000e+00   0.0000000e+00
