   6.5551284e+09   1.2316121e+10   9.2487478e+09   1.6500191e+10   6.4431019e+09   1.1341256e+10   7.7795334e+09   5.4967322e+09   1.3535706e+10   9.8294543e+09   1.3824032e+10   1.1831030e+10   1.0784499e+10   1.0362024e+10   1.3194866e+10   1.6716949e+10   1.0294094e+10   1.1675143e+10   1.1486672e+10   1.2091605e+10   1.2548635e+10   9.1669459e+09   1.0496340e+10   9.9167786e+09   8.5553941e+09   1.3147242e+10   1.1039615e+10   1.2873575e+10   1.3950212e+10   6.5327643e+09
   6.5551284e+09   1.2316121e+10   9.2487478e+09   1.6500191e+10   6.4431019e+09   1.1341256e+10   7.7795334e+09   5.4967322e+09   1.3535706e+10   9.8294543e+09   1.3824032e+10   1.1831030e+10   1.0784499e+10   1.0362024e+10   1.3194866e+10   1.6716949e+10   1.0294094e+10   1.1675143e+10   1.1486672e+10   1.2091605e+10   1.2548635e+10   9.1669459e+09   1.0496340e+10   9.9167786e+09   8.5553941e+09   1.3147242e+10   1.1039615e+10   1.2873575e+10   1.3948602e+10   6.5327643e+09
   6.5551284e+09   1.2316121e+10   9.2487478e+09   1.6500191e+10   6.4431019e+09   1.1341256e+10   7.7795334e+09   5.4967322e+09   1.3535706e+10   9.8294543e+09   1.3824032e+10   1.1831030e+10   1.0784499e+10   1.0362024e+10   1.3194866e+10   1.6716949e+10   1.0294094e+10   1.1675143e+10   1.1486672e+10   1.2091605e+10   1.2548635e+10   9.1669459e+09   1.0496340e+10   9.9167786e+09   8.5553941e+09   1.3147242e+10   1.1039615e+10   1.2873575e+10   1.3948602e+10   6.5327643e+09
   6.5551284e+09   1.2316121e+10   9.2487478e+09   1.6500191e+10   6.4431019e+09   1.1341256e+10   7.7795334e+09   5.4967322e+09   1.3535706e+10   9.8294543e+09   1.3824032e+10   1.1831030e+10   1.0784499e+10   1.0362024e+10   1.3194866e+10   1.6716949e+10   1.0294094e+10   1.1675143e+10   1.1486672e+10   1.2091605e+10   1.2548635e+10   9.1669459e+09   1.0496340e+10   9.9167786e+09   8.5553941e+09   1.3147242e+10   1.1039615e+10   1.2873575e+10   1.3948602e+10   6.5327643e+09
   6.5551284e+09   1.2316121e+10   9.2487478e+09   1.6500191e+10   6.4431019e+09   1.1341256e+10   7.7795334e+09   5.4967322e+09   1.3535706e+10   9.8294543e+09   1.3824032e+10   1.1831030e+10   1.0784499e+10   1.0362024e+10   1.3194866e+10   1.6716949e+10   1.0294094e+10   1.1675143e+10   1.1486672e+10   5.1445148e+09   1.2548635e+10   9.1669459e+09   1.0496340e+10   9.9167786e+09   8.5553941e+09   1.3147242e+10   1.1039615e+10   1.2873575e+10   1.3948602e+10   6.5327643e+09
   6.5551284e+09   1.2316121e+10   9.2487478e+09   1.6500191e+10   6.4431019e+09   1.1341256e+10   7.7795334e+09   5.4967322e+09   1.3535706e+10   9.8294543e+09   1.3824032e+10   1.1831030e+10   1.0784499e+10   1.0362024e+10   1.0968180e+10   1.4531624e+10   1.0294094e+10   1.1675143e+10   1.1486672e+10   5.1445148e+09   1.2548635e+10   9.1669459e+09   1.0496340e+10   9.9167786e+09   8.5553941e+09   1.3147242e+10   1.1039615e+10   1.2526864e+10   1.3948602e+10   6.5327643e+09
   6.5551284e+09   1.2316121e+10   9.2487478e+09   1.6500191e+10   6.4431019e+09   1.1341256e+10   7.7795334e+09   5.4967322e+09   1.1815599e+10   9.8294543e+09   1.3824032e+10   1.1831030e+10   1.0784499e+10   1.0362024e+10   1.0968180e+10   1.4531624e+10   1.0294094e+10   1.1675143e+10   1.1486672e+10   5.1445148e+09   1.2548635e+10   9.1669459e+09   1.0496340e+10   9.9167786e+09   8.5553941e+09   1.3147242e+10   1.1039615e+10   1.0441233e+10   1.3948602e+10   6.5327643e+09
   6.5551284e+09   1.0016150e+09   9.2487478e+09   1.6500191e+10   2.6090623e+09   1.1341256e+10   7.7795334e+09   5.4967322e+09   5.2305232e+09   9.8294543e+09   1.2889066e+10   4.9942359e+09   1.0784499e+10   1.0362024e+10   1.0968180e+10   1.4531624e+10   1.0294094e+10   1.1675143e+10   1.1486672e+10   5.1445148e+09   1.2548635e+10   9.1669459e+09   1.0496340e+10   9.9167786e+09   8.5553941e+09   6.4516988e+09   2.7332253e+09   1.0441233e+10   1.3948602e+10   6.5327643e+09
   6.1790768e+09   1.0016150e+09   9.2487478e+09   1.3701344e+10   2.6090623e+09   7.7484117e+09   7.7795334e+09   7.0005473e+08   5.2305232e+09   8.6023899e+09   1.2889066e+10   4.9942359e+09   6.9512830e+09   1.0362024e+10   5.6358410e+09   1.0198310e+10   1.0294094e+10   1.1675143e+10   7.9081810e+09   5.1445148e+09   1.8999590e+09   9.1669459e+09   3.4631695e+09   9.9167786e+09   5.7463901e+09   3.3253255e+09   2.7332253e+09   9.0665041e+09   1.3585682e+10   5.9704652e+09
   2.5364240e+09   1.0016150e+09   3.1165776e+09   7.0409198e+08   2.0023558e+09   3.1579001e+09   3.3733799e+09   7.0005473e+08   6.6767447e+08   4.2560558e+08   8.1067419e+08   1.0409879e+09   3.4765906e+09   2.7201280e+09   4.3593677e+09   8.3507961e+08   1.3309250e+09   1.2487097e+09   1.1346916e+09   3.0280283e+09   8.2314025e+08   1.4748054e+09   1.0606739e+09   3.7456898e+08   3.4176343e+09   2.1302839e+09   2.7332253e+09   2.5902702e+08   4.6889960e+09   3.0395264e+09
   3.9715738e+07   3.2723992e+08   3.1762354e+07   4.4387639e+08   1.8160995e+08   3.1115145e+08   3.9596308e+07   3.3501260e+08   1.1530680e+08   3.6966413e+08   2.4485108e+08   6.3824124e+07   8.0742223e+07   1.6781790e+08   1.0182113e+08   3.1131877e+08   3.5847177e+08   1.6778373e+08   1.3768047e+08   1.1680684e+08   5.4301103e+07   2.9000918e+07   2.1051400e+08   1.2257013e+08   3.2991467e+08   7.5787061e+07   1.7128329e+08   4.4971873e+07   1.0256344e+08   1.1314986e+08
   3.7566155e+06   4.0172994e+06   7.9952446e+06   2.4756362e+06   1.0716600e+07   6.7658681e+06   2.2934910e+06   2.3250412e+06   1.5317328e+07   1.3987319e+07   7.7033511e+06   1.9517207e+06   7.0639637e+06   1.1237443e+07   5.5740901e+06   5.5503315e+06   1.9855145e+06   6.3164751e+06   2.7086940e+06   2.1285538e+06   3.3679879e+06   9.0840655e+05   2.8176623e+06   8.8536550e+05   9.0999049e+05   6.2775793e+06   3.8121249e+06   7.9194236e+06   2.0353925e+06   4.5162950e+06
   2.3231292e+03   1.4547012e+04   2.0776829e+04   3.6815275e+04   8.9035332e+04   8.3849038e+03   4.3142500e+03   2.1978155e+04   1.7005358e+04   2.4968514e+04   1.3135994e+05   1.5461886e+04   8.0800193e+04   2.7161803e+04   1.3402772e+04   5.2996461e+04   2.2772091e+03   1.2681646e+05   6.9652520e+03   4.6505741e+03   4.3486093e+04   8.9906393e+04   1.5028239e+04   6.3692510e+03   7.9662384e+03   5.9430447e+03   2.5353016e+04   2.2489810e+04   2.1313742e+04   1.1447472e+04
   1.2987308e+00   4.4149754e-01   2.8620550e-01   1.6081338e+00   8.4455198e+00   4.4086555e-01   3.5412701e+00   5.2186330e+00   9.0582815e-01   7.3289038e-01   3.9045749e+00   9.3691436e-02   9.8730110e-02   3.5503110e+00   2.2338654e-02   6.0372748e+00   8.3294489e-02   1.5781337e-01   2.6473544e-01   1.2249051e-01   2.5063493e-01   4.3597889e-01   3.7385381e+00   9.1877617e-02   3.1836239e-02   3.5768297e-01   3.0755756e-01   5.7069623e-01   2.3265794e+01   1.2489863e-01
   0.0000000e+00   0.0000000e+00   0.0000000e+00   0.0000000e+00   0.0000000e+00   0.0000000e+00   0.0000000e+00   0.0000000e+00   0.0000000e+00   0.0000000e+00   0.0000000e+00   0.0000000e+00   0.0000000e+00   0.0000000e+00   0.0000000e+00   0.0000000e+00   0.0000000e+00   0.0000000e+00   0.0000000e+00   0.0000000e+00   0.0000000e+00   0.0000000e+00   0.0000000e+00   0.0000000e+00   0.0000000e+00   0.0000000e+00   0.0000000e+00   0.0000000e+00   0.0000000e+00   0.0000000e+00
   0.0000000e+00   0.0000000e+00   0.0000000e+00   0.0000000e+00   0.0000000e+00   0.0000000e+00   0.0000000e+00   0.0000000e+00   0.0000000e+00   0.0000000e+00   0.0000000e+00   0.0000000e+00   0.0000000e+00   0.0000000e+00   0.0000000e+00   0.0000000e+00   0.0000000e+00   0.0000000e+00   0.0000000e+00   0.0000000e+00   0.0000000e+00   0.0000000e+00   0.0000000e+00   0.0000000e+00   0.0000000e+00   0.0000000e+00   0.0000000e+00   0.0000000e+00   0.0000000e+00   0.0000000e+00
