   1.9196923e+07   4.2646926e+07   2.5015078e+07   6.9447646e+06   1.1752658e+07   1.4802196e+07   1.4912126e+07   2.1970802e+07   7.0218985e+06   2.4802316e+07   1.4719132e+07   1.1093210e+07   2.2351328e+07   2.4492540e+07   3.5657554e+07   1.3217843e+06   1.7394652e+06   2.1731974e+07   3.8648010e+07   1.3059845e+07   5.8357911e+06   4.7022500e+07   1.7345535e+07   7.7219695e+06   1.4576265e+07   2.0812260e+07   4.5436484e+06   2.1820757e+06   1.6581122e+07   2.3994801e+07
   1.9196923e+07   4.2646926e+07   2.5015078e+07   6.9447646e+06   1.1752658e+07   1.4802196e+07   1.4912126e+07   2.1970802e+07   7.0218985e+06   2.4802316e+07   1.4719132e+07   1.1093210e+07   2.2351328e+07   2.4492540e+07   3.5657554e+07   1.3217843e+06   1.7394652e+06   2.1731974e+07   3.8648010e+07   1.3059845e+07   5.8357911e+06   4.7022500e+07   1.7345535e+07   7.7219695e+06   1.4576265e+07   2.0812260e+07   4.5436484e+06   2.1820757e+06   1.6581122e+07   2.3994801e+07
   1.9196923e+07   4.2646926e+07   2.5015078e+07   6.9447646e+06   1.1752658e+07   1.4802196e+07   1.4912126e+07   2.1970802e+07   7.0218985e+06   2.4802316e+07   1.4719132e+07   1.1093210e+07   2.2351328e+07   2.4492540e+07   3.5657554e+07   1.3217843e+06   1.7394652e+06   2.1731974e+07   3.8648010e+07   1.3059845e+07   5.8357911e+06   4.7022500e+07   1.7345535e+07   7.7219695e+06   1.4576265e+07   2.0812260e+07   4.5436484e+06   2.1820757e+06   1.6581122e+07   2.3994801e+07
   1.9196923e+07   4.2646926e+07   2.5015078e+07   6.9447646e+06   1.1752658e+07   1.4802196e+07   1.4912126e+07   2.1970802e+07   7.0218985e+06   2.4802316e+07   1.4719132e+07   1.1093210e+07   2.2351328e+07   2.4492540e+07   3.5657554e+07   1.3217843e+06   1.7394652e+06   2.1731974e+07   3.8648010e+07   1.3059845e+07   5.8357911e+06   4.7022500e+07   1.7345535e+07   7.7219695e+06   1.4576265e+07   2.0812260e+07   4.5436484e+06   2.1820757e+06   1.6581122e+07   2.3994801e+07
   1.9196923e+07   4.2646926e+07   2.5015078e+07   6.9447646e+06   1.1752658e+07   1.4802196e+07   1.4912126e+07   2.1970802e+07   7.0218985e+06   2.4802316e+07   1.4719132e+07   1.1093210e+07   2.2351328e+07   2.4492540e+07   3.5657554e+07   1.3217843e+06   1.7394652e+06   2.1731974e+07   3.8648010e+07   1.3059845e+07   5.8357911e+06   4.7022500e+07   1.7345535e+07   7.7219695e+06   1.4576265e+07   2.0812260e+07   4.5436484e+06   2.1820757e+06   1.6581122e+07   2.3994801e+07
   1.9196923e+07   4.2646926e+07   2.5015078e+07   6.9447646e+06   1.1752658e+07   1.4802196e+07   1.4912126e+07   2.1970802e+07   7.0218985e+06   2.4802316e+07   1.4719132e+07   1.1093210e+07   2.2351328e+07   2.4492540e+07   3.5657554e+07   1.3217843e+06   1.7394652e+06   2.1731974e+07   3.8648010e+07   1.3059845e+07   5.8357911e+06   4.7022500e+07   1.7345535e+07   7.7219695e+06   1.4576265e+07   2.0812260e+07   4.5436484e+06   2.1820757e+06   1.6581122e+07   2.3994801e+07
   1.9196923e+07   2.2066991e+07   2.5015078e+07   6.9447646e+06   1.1752658e+07   1.4802196e+07   1.4912126e+07   2.1970802e+07   7.0218985e+06   2.4802316e+07   1.4719132e+07   1.1093210e+07   2.2351328e+07   2.4492540e+07   3.5657554e+07   1.3217843e+06   1.7394652e+06   2.1731974e+07   3.8648010e+07   1.3059845e+07   5.8357911e+06   4.7022500e+07   1.7345535e+07   7.7219695e+06   1.4576265e+07   2.0812260e+07   4.5436484e+06   2.1820757e+06   1.6581122e+07   2.3994801e+07
   1.9196923e+07   2.2066991e+07   2.5015078e+07   6.9447646e+06   1.1752658e+07   1.4802196e+07   1.4912126e+07   2.1970802e+07   7.0218985e+06   1.4845572e+07   1.4719132e+07   1.1093210e+07   2.2351328e+07   2.4492540e+07   1.2084010e+07   1.3217843e+06   1.7394652e+06   2.1731974e+07   3.8648010e+07   1.3059845e+07   5.8357911e+06   4.7022500e+07   1.7345535e+07   7.7219695e+06   1.4576265e+07   2.0812260e+07   4.5436484e+06   2.1820757e+06   1.5729716e+06   2.3994801e+07
   1.7788158e+07   2.2066991e+07   1.5676626e+07   6.9447646e+06   4.8045153e+06   1.4802196e+07   8.9162551e+06   2.1970802e+07   3.9549700e+06   1.4845572e+07   1.4719132e+07   6.3874224e+06   2.2351328e+07   2.4492540e+07   3.6891920e+06   1.3217843e+06   1.4195561e+06   2.1731974e+07   3.8648010e+07   6.6770572e+06   5.8357911e+06   3.4244201e+06   3.7274562e+06   7.7219695e+06   6.4099021e+06   2.0812260e+07   4.5436484e+06   2.1820757e+06   1.4521943e+06   8.5963928e+06
   2.0329010e+05   2.7918816e+04   1.5676626e+07   9.2180566e+04   6.6069220e+05   1.4802196e+07   6.1175781e+05   2.1970802e+07   1.1869226e+06   3.2371088e+05   5.8053121e+04   6.6335463e+05   1.2893845e+07   4.6734991e+06   6.3704644e+05   4.4386571e+05   1.9706816e+05   3.5033340e+05   3.5985833e+06   3.3175486e+06   5.8357911e+06   1.1254011e+06   3.7274562e+06   7.7219695e+06   6.4099021e+06   3.6151921e+05   2.9888510e+05   2.1820757e+06   1.0309429e+06   2.9586945e+05
   2.9963466e+04   6.1549502e+03   4.9989395e+03   5.8736644e+03   5.4286444e+03   3.5430615e+03   6.6715332e+03   3.2669520e+04   7.6598160e+03   7.6690618e+03   3.0450061e+03   4.8826104e+03   3.5458297e+03   1.6846802e+04   6.4702372e+03   3.5441012e+03   3.7110357e+04   5.9764229e+04   2.7931655e+03   3.3801245e+03   5.2000338e+03   2.4371729e+03   3.9365943e+04   6.3874228e+03   1.5142119e+04   3.1814835e+03   9.0085391e+03   5.8310918e+03   3.1375541e+04   1.7167737e+04
   6.6842428e+02   8.9945734e+02   6.2792722e+02   1.0900417e+03   9.1345495e+02   6.0606856e+02   1.0956589e+03   9.5016302e+02   9.9593171e+02   6.2843178e+02   4.1048370e+02   6.4302310e+02   4.7217113e+02   3.9367992e+02   8.0485916e+02   7.0346044e+02   4.4783766e+02   8.7290723e+02   8.1011111e+02   1.0821617e+03   5.3825540e+02   9.3921076e+02   8.5333043e+02   8.8709050e+02   1.2424482e+03   5.2816314e+02   5.2465668e+02   1.1533561e+03   8.2360197e+02   1.0701553e+03
   4.5106302e+01   8.4344019e+01   1.1776777e+02   1.3104570e+01   8.8631298e+00   1.2154281e+02   5.6531717e+01   1.2694262e+01   5.3670684e+01   1.3273200e+02   1.1295384e+02   6.8722678e+01   3.6186660e+01   3.7365982e+01   1.2804164e+02   2.8963916e+01   1.5249137e+02   1.3326806e+02   9.3717507e+01   1.8906028e+02   3.4579979e+01   1.1021687e+02   1.2585286e+02   1.2337741e+01   1.6545881e+01   5.0976781e+01   6.0163921e+01   9.8182998e+01   3.5515100e+01   9.9162533e+01
   1.8103215e+00   9.4087802e-01   1.9000261e+00   1.3685228e+00   1.3382978e+00   2.0137647e+00   1.8698991e+00   1.8434872e+00   1.1618219e+00   1.6683949e+00   1.5698593e+00   1.4612319e+00   8.8135830e-01   8.6343087e-01   1.4912994e+00   1.9170101e+00   1.9545240e+00   1.1836258e+00   1.9746623e+00   1.8110312e+00   7.4121803e-01   1.8409096e+00   1.8692473e+00   1.5609935e+00   1.2143289e+00   1.5928428e+00   1.7966635e+00   2.1016736e+00   2.5091947e+00   2.0494645e+00
   5.2842633e-01   4.2438111e-01   5.5516597e-01   5.2497965e-01   5.0662781e-01   4.7398898e-01   4.7299380e-01   4.1563723e-01   5.4484480e-01   3.8114433e-01   4.8584392e-01   5.1823144e-01   4.9557693e-01   4.8504657e-01   4.9055147e-01   4.7813503e-01   4.7317879e-01   4.3800277e-01   2.5144575e-01   5.1173774e-01   3.1786145e-01   5.3040118e-01   4.7661705e-01   4.4699621e-01   5.0704531e-01   5.7367512e-01   5.4206198e-01   6.1469032e-01   6.3314811e-01   5.7497309e-01
   6.2455850e-03   2.5206068e-02   5.3455983e-03   3.9355043e-03   5.4573907e-03   2.4730384e-02   1.9433053e-03   7.6104200e-03   2.0135093e-02   1.4539782e-02   2.4364925e-02   2.0702755e-02   3.1472477e-03   2.1330939e-02   2.7584029e-02   2.2649220e-02   4.3860815e-03   2.9832857e-02   1.5774306e-02   3.8702731e-03   4.1499681e-03   5.0417753e-03   5.3592743e-03   2.2007046e-02   5.9288966e-03   1.2242858e-02   8.2188876e-03   4.3015784e-03   2.0945576e-02   3.4345311e-03
