   3.1555943e+10   2.3489761e+10   3.4277271e+10   2.3725843e+10   2.7017943e+10   2.6648124e+10   2.8395688e+10   3.3810733e+10   2.9232143e+10   2.5317434e+10   3.0635548e+10   2.6066009e+10   2.6927611e+10   2.6338505e+10   3.0018816e+10   2.9552655e+10   2.6299695e+10   3.1477447e+10   2.6420577e+10   2.5702119e+10   2.9469631e+10   2.9688180e+10   3.3401788e+10   3.1537391e+10   2.6132985e+10   2.5413693e+10   3.0072795e+10   3.3879101e+10   2.6266056e+10   2.5932676e+10
   3.1555943e+10   2.3489761e+10   3.4277271e+10   2.3725843e+10   2.7017943e+10   2.6648124e+10   2.8395688e+10   3.3810733e+10   2.9232143e+10   2.5317434e+10   3.0635548e+10   2.6066009e+10   2.6927611e+10   2.6338505e+10   3.0018816e+10   2.9552655e+10   2.6299695e+10   3.1477447e+10   2.6420577e+10   2.5702119e+10   2.9469631e+10   2.9688180e+10   3.3401788e+10   3.1537391e+10   2.6132985e+10   2.5413693e+10   3.0072795e+10   3.3879101e+10   2.6266056e+10   2.5932676e+10
   3.1555943e+10   2.3489761e+10   3.4277271e+10   2.3725843e+10   2.7017943e+10   2.6648124e+10   2.8395688e+10   3.3810733e+10   2.9232143e+10   2.5317434e+10   3.0635548e+10   2.6066009e+10   2.6927611e+10   2.6338505e+10   3.0018816e+10   2.6132865e+10   2.6299695e+10   3.1477447e+10   2.6420577e+10   2.5702119e+10   2.9469631e+10   2.9688180e+10   3.3401788e+10   3.1537391e+10   2.6132985e+10   2.5413693e+10   3.0072795e+10   3.3879101e+10   2.6266056e+10   2.5932676e+10
   3.1555943e+10   2.3489761e+10   3.4277271e+10   2.3725843e+10   2.7017943e+10   2.6648124e+10   2.8395688e+10   3.3810733e+10   2.9232143e+10   2.5317434e+10   3.0635548e+10   2.6066009e+10   2.6927611e+10   2.6338505e+10   3.0018816e+10   2.6132865e+10   2.6299695e+10   3.1477447e+10   2.6420577e+10   2.5702119e+10   2.9469631e+10   2.9688180e+10   3.3401788e+10   3.1537391e+10   2.6132985e+10   2.5413693e+10   3.0072795e+10   3.3879101e+10   2.6266056e+10   2.5932676e+10
   3.1555943e+10   2.3489761e+10   3.4277271e+10   2.3725843e+10   2.7017943e+10   2.6648124e+10   2.8395688e+10   3.3810733e+10   2.9232143e+10   2.5317434e+10   3.0635548e+10   2.6066009e+10   2.6927611e+10   2.6338505e+10   3.0018816e+10   2.6132865e+10   2.6299695e+10   3.1477447e+10   2.6420577e+10   2.5702119e+10   2.9469631e+10   2.9688180e+10   3.3401788e+10   3.1537391e+10   2.6132985e+10   2.5413693e+10   3.0072795e+10   3.3879101e+10   2.6266056e+10   2.5932676e+10
   3.1555943e+10   2.3489761e+10   3.4277271e+10   2.3725843e+10   2.7017943e+10   2.6648124e+10   2.8395688e+10   3.3810733e+10   2.9232143e+10   2.5317434e+10   3.0635548e+10   2.6066009e+10   2.6927611e+10   2.6338505e+10   3.0018816e+10   2.6132865e+10   2.6299695e+10   3.1477447e+10   2.6420577e+10   2.5702119e+10   2.9469631e+10   2.9688180e+10   3.3401788e+10   3.1537391e+10   2.6132985e+10   2.5413693e+10   3.0072795e+10   3.3879101e+10   2.6266056e+10   2.5932676e+10
   3.1555943e+10   2.3489761e+10   3.4277271e+10   2.3725843e+10   2.7017943e+10   2.6648124e+10   2.8395688e+10   3.3810733e+10   2.9232143e+10   2.5317434e+10   3.0635548e+10   2.6066009e+10   2.6927611e+10   2.6338505e+10   3.0018816e+10   2.6132865e+10   2.6299695e+10   3.1477447e+10   2.6420577e+10   2.5702119e+10   2.9469631e+10   2.9688180e+10   3.3401788e+10   3.1537391e+10   2.6132985e+10   2.5413693e+10   3.0072795e+10   3.3879101e+10   2.6266056e+10   2.5932676e+10
   3.1555943e+10   2.3489761e+10   3.4277271e+10   2.3725843e+10   2.7017943e+10   2.6648124e+10   2.8395688e+10   3.3810733e+10   2.4723067e+10   2.5317434e+10   3.0635548e+10   2.6066009e+10   2.6927611e+10   2.6338505e+10   3.0018816e+10   2.6132865e+10   2.6299695e+10   3.1477447e+10   2.6420577e+10   2.5702119e+10   2.9469631e+10   2.9688180e+10   3.3401788e+10   3.1537391e+10   2.6132985e+10   2.5413693e+10   3.0072795e+10   3.0260737e+10   1.5765641e+10   2.5932676e+10
   2.4124291e+10   2.3489761e+10   2.9374687e+10   2.3725843e+10   2.7017943e+10   2.6648124e+10   2.8395688e+10   3.3810733e+10   1.9547876e+10   2.5317434e+10   3.0635548e+10   2.5402991e+10   2.4281526e+10   2.6338505e+10   3.0018816e+10   1.2394877e+10   2.6299695e+10   1.3697052e+10   2.3065310e+10   2.5702119e+10   2.9469631e+10   2.9688180e+10   2.8485679e+10   3.1537391e+10   2.6132985e+10   2.5413693e+10   3.0072795e+10   2.3154661e+10   1.5765641e+10   2.5932676e+10
   1.8422959e+10   8.1679352e+09   1.1437042e+10   2.3725843e+10   1.3341047e+10   1.8004506e+10   1.6478032e+10   1.5448045e+10   8.6731750e+09   7.5861809e+09   1.4828904e+10   1.7719361e+10   7.4682377e+09   1.3390924e+10   1.8294888e+10   4.8299304e+09   1.8353968e+10   1.1861729e+10   9.3652989e+09   1.5740006e+10   1.6265010e+10   2.2801185e+10   9.0123446e+09   1.4448503e+10   1.8585349e+10   1.1349031e+10   1.5835763e+10   1.6470360e+10   1.5765641e+10   1.2865831e+10
   2.4737725e+08   1.3558436e+09   1.2499577e+09   5.5864789e+09   4.0306862e+09   5.4840219e+08   3.4430211e+09   3.9122350e+09   4.1908878e+09   5.6256332e+08   6.4073921e+08   1.5658588e+09   6.2632918e+08   3.2185182e+09   1.3796452e+09   1.7384549e+09   8.3913855e+08   2.4322618e+09   1.0282736e+09   4.1449139e+09   2.9621125e+09   1.7363599e+09   8.0136878e+08   1.3515688e+09   4.4486984e+08   2.9274880e+09   1.0304806e+09   2.6742747e+08   1.2790357e+09   1.1332442e+09
   2.6614890e+06   8.5049668e+06   9.8174407e+06   5.6250925e+06   2.8373859e+06   7.5333833e+06   6.3963920e+06   9.6895924e+06   7.3113298e+06   2.8041227e+06   5.1289529e+06   1.5583055e+07   3.1376607e+06   8.5213696e+06   7.3261790e+06   6.2236859e+06   1.3960048e+07   1.6855740e+07   6.5035975e+06   1.2246644e+07   3.6775476e+06   3.0164624e+06   1.0635901e+06   4.2851460e+06   4.4434928e+06   4.0567516e+06   3.3573392e+06   3.1702234e+06   1.5726715e+07   1.6687809e+07
   2.9168339e+01   1.3556960e+02   2.1850790e+02   2.4250753e+01   2.5507383e+02   1.2445272e+01   2.7494913e+01   2.7431513e+01   1.7867310e+01   2.4764590e+02   2.0280359e+01   6.3500133e+01   1.7184950e+01   6.1391016e+01   4.5548781e+01   2.3430684e+01   6.4318334e+01   1.7931771e+01   1.0735165e+02   1.3838871e+02   3.5396169e+01   4.5182602e+01   1.9730614e+01   1.9067542e+01   2.2916110e+01   1.5157905e+01   9.9206633e+01   1.9096956e+01   9.8966404e+01   7.7980431e+01
   0.0000000e+00   0.0000000e+00   0.0000000e+00   0.0000000e+00   0.0000000e+00   0.0000000e+00   0.0000000e+00   0.0000000e+00   0.0000000e+00   0.0000000e+00   0.0000000e+00   0.0000000e+00   0.0000000e+00   0.0000000e+00   0.0000000e+00   0.0000000e+00   0.0000000e+00   0.0000000e+00   0.0000000e+00   0.0000000e+00   0.0000000e+00   0.0000000e+00   0.0000000e+00   0.0000000e+00   0.0000000e+00   0.0000000e+00   0.0000000e+00   0.0000000e+00   0.0000000e+00   0.0000000e+00
   0.0000000e+00   0.0000000e+00   0.0000000e+00   0.0000000e+00   0.0000000e+00   0.0000000e+00   0.0000000e+00   0.0000000e+00   0.0000000e+00   0.0000000e+00   0.0000000e+00   0.0000000e+00   0.0000000e+00   0.0000000e+00   0.0000000e+00   0.0000000e+00   0.0000000e+00   0.0000000e+00   0.0000000e+00   0.0000000e+00   0.0000000e+00   0.0000000e+00   0.0000000e+00   0.0000000e+00   0.0000000e+00   0.0000000e+00   0.0000000e+00   0.0000000e+00   0.0000000e+00   0.0000000e+00
   0.0000000e+00   0.0000000e+00   0.0000000e+00   0.0000000e+00   0.0000000e+00   0.0000000e+00   0.0000000e+00   0.0000000e+00   0.0000000e+00   0.0000000e+00   0.0000000e+00   0.0000000e+00   0.0000000e+00   0.0000000e+00   0.0000000e+00   0.0000000e+00   0.0000000e+00   0.0000000e+00   0.0000000e+00   0.0000000e+00   0.0000000e+00   0.0000000e+00   0.0000000e+00   0.0000000e+00   0.0000000e+00   0.0000000e+00   0.0000000e+00   0.0000000e+00   0.0000000e+00   0.0000000e+00
