   1.9927615e+06   4.8636508e+05   5.8164661e+06   8.6142266e+05   1.7673529e+06   3.1284361e+06   8.0149389e+05   2.2869887e+06   3.9986512e+06   6.1329514e+06   2.4754628e+06   1.7934378e+06   9.3893340e+05   2.8230317e+06   6.3544519e+06   3.4609396e+06   4.1223337e+06   7.9846920e+06   2.5082067e+06   1.9323121e+06   2.6337747e+06   2.4806231e+06   2.1182420e+06   5.2192310e+05   4.2591141e+06   2.8271961e+06   4.0890068e+06   8.7976957e+05   1.6604662e+06   1.4893757e+06
   1.9927615e+06   4.8636508e+05   5.8164661e+06   8.6142266e+05   1.7673529e+06   3.1284361e+06   8.0149389e+05   2.2869887e+06   3.9986512e+06   6.1329514e+06   2.4754628e+06   1.7934378e+06   9.3893340e+05   2.8230317e+06   6.3544519e+06   3.4609396e+06   4.1223337e+06   7.9846920e+06   2.5082067e+06   1.9323121e+06   2.6337747e+06   2.4806231e+06   2.1182420e+06   5.2192310e+05   4.2591141e+06   2.8271961e+06   4.0890068e+06   8.7976957e+05   1.6604662e+06   1.4893757e+06
   1.9927615e+06   4.8636508e+05   5.8164661e+06   8.6142266e+05   1.7673529e+06   2.8878403e+06   8.0149389e+05   2.2869887e+06   3.9986512e+06   6.1329514e+06   2.4754628e+06   1.7934378e+06   9.3893340e+05   2.8230317e+06   6.3544519e+06   3.4609396e+06   4.1223337e+06   7.9846920e+06   2.5082067e+06   1.9323121e+06   2.6337747e+06   2.4806231e+06   2.1182420e+06   5.2192310e+05   4.2591141e+06   2.8271961e+06   4.0890068e+06   8.7976957e+05   1.6604662e+06   1.4893757e+06
   1.9927615e+06   4.8636508e+05   5.8164661e+06   8.6142266e+05   1.7673529e+06   2.8878403e+06   8.0149389e+05   2.2869887e+06   3.9986512e+06   6.1329514e+06   2.4754628e+06   1.7934378e+06   9.3893340e+05   2.8230317e+06   6.3544519e+06   3.4609396e+06   4.1223337e+06   7.9846920e+06   2.5082067e+06   1.9323121e+06   2.6337747e+06   2.4806231e+06   2.1182420e+06   5.2192310e+05   4.2591141e+06   2.8271961e+06   4.0890068e+06   8.7976957e+05   1.6604662e+06   1.4893757e+06
   1.9927615e+06   4.8636508e+05   5.8164661e+06   8.6142266e+05   1.7673529e+06   2.4830536e+06   8.0149389e+05   2.2869887e+06   3.9986512e+06   6.1329514e+06   2.4754628e+06   1.7934378e+06   9.3893340e+05   2.8230317e+06   6.3544519e+06   3.4609396e+06   4.1223337e+06   7.9846920e+06   2.5082067e+06   1.9323121e+06   2.6337747e+06   2.4806231e+06   2.1182420e+06   5.2192310e+05   4.2591141e+06   2.8271961e+06   4.0890068e+06   8.7976957e+05   1.6604662e+06   1.4893757e+06
   1.9927615e+06   4.8636508e+05   5.8164661e+06   8.6142266e+05   1.7673529e+06   2.4830536e+06   8.0149389e+05   2.2869887e+06   3.9986512e+06   6.1329514e+06   2.4754628e+06   1.7934378e+06   9.3893340e+05   2.8230317e+06   6.3544519e+06   3.4609396e+06   4.1223337e+06   7.9846920e+06   2.5082067e+06   1.9323121e+06   2.6337747e+06   2.4806231e+06   2.1182420e+06   5.2192310e+05   4.2591141e+06   2.8271961e+06   4.0890068e+06   8.7976957e+05   1.6604662e+06   1.4893757e+06
   1.9927615e+06   4.8636508e+05   5.8164661e+06   8.6142266e+05   1.7673529e+06   2.4830536e+06   8.0149389e+05   2.2869887e+06   3.9986512e+06   6.1329514e+06   2.4754628e+06   1.7934378e+06   9.3893340e+05   2.8230317e+06   9.5401125e+05   3.4609396e+06   3.7857290e+06   7.9846920e+06   2.5082067e+06   1.9323121e+06   2.6337747e+06   2.4806231e+06   2.1182420e+06   5.2192310e+05   4.2591141e+06   2.8271961e+06   4.0890068e+06   8.7976957e+05   1.6604662e+06   1.4893757e+06
   1.9927615e+06   4.8636508e+05   5.8164661e+06   3.6613319e+05   1.7673529e+06   2.4830536e+06   1.3234758e+05   2.2869887e+06   3.9986512e+06   6.1329514e+06   2.4754628e+06   1.7934378e+06   9.3893340e+05   2.8230317e+06   9.5401125e+05   3.4609396e+06   3.7857290e+06   7.9846920e+06   2.5082067e+06   8.8764390e+05   2.6337747e+06   2.4806231e+06   2.1182420e+06   5.2192310e+05   4.2591141e+06   2.8271961e+06   4.0890068e+06   8.7976957e+05   1.6604662e+06   1.4893757e+06
   1.9927615e+06   4.8636508e+05   5.8164661e+06   3.6613319e+05   1.7673529e+06   2.2577224e+06   1.3234758e+05   9.5584535e+04   3.9986512e+06   6.1329514e+06   3.6127390e+05   1.7934378e+06   9.3893340e+05   2.8230317e+06   9.5401125e+05   3.4609396e+06   3.7857290e+06   7.9846920e+06   2.5082067e+06   3.5342587e+04   8.0963689e+05   2.4806231e+06   1.9630897e+06   5.2192310e+05   2.7530650e+06   2.8271961e+06   1.6250592e+06   8.7976957e+05   1.6604662e+06   1.3415216e+06
   1.3900461e+04   1.6417309e+05   2.2214304e+06   1.1273684e+05   8.5504744e+04   2.2577224e+06   1.3234758e+05   3.4475698e+04   8.0305303e+05   3.5216780e+06   8.1400355e+03   2.2736499e+05   1.6548161e+05   1.1323075e+05   9.5401125e+05   1.3894671e+05   2.2595610e+04   7.4122114e+04   2.5082067e+06   3.4432966e+04   5.6930088e+05   1.3979723e+05   1.9630897e+06   5.1159801e+05   1.5721333e+06   5.9130416e+05   1.6082689e+06   4.3888525e+05   1.3662628e+06   1.2958586e+06
   1.0371459e+04   4.6651258e+04   4.3901792e+03   1.6839668e+04   1.1873285e+03   4.0432520e+03   8.7554653e+02   1.4496307e+03   3.9987657e+02   1.2354062e+04   8.1400355e+03   6.6930790e+03   2.5871366e+03   2.4470790e+03   2.9161712e+04   1.1005640e+04   3.1425582e+03   1.2342958e+04   1.2392751e+02   1.5794901e+02   1.3961893e+04   3.4086675e+04   2.3743706e+03   8.3291250e+03   1.1189723e+04   1.4226012e+02   4.5883342e+03   3.2755040e+03   1.2405357e+03   1.3334844e+02
   2.4119779e+01   2.2885504e+01   1.6831130e+01   2.7265574e+01   6.1189938e+01   2.7323318e+01   2.7501454e+01   2.8537675e+01   2.8608555e+01   4.1176569e+01   2.0074632e+01   2.7154828e+01   4.6359342e+01   3.7345001e+01   3.0572846e+01   2.3603844e+01   2.6810237e+01   3.7615339e+01   3.3117961e+01   2.3722112e+01   2.6983426e+01   2.5196910e+01   2.4900200e+01   3.4890264e+01   3.5323007e+01   2.0270136e+01   2.7105129e+01   1.8310658e+01   2.1764113e+01   2.1896869e+01
   1.3589726e+01   1.5237033e+01   1.4749986e+01   1.5633804e+01   1.4986532e+01   1.3760537e+01   1.4288039e+01   1.4724155e+01   1.4785783e+01   1.5294432e+01   1.5642784e+01   1.4169102e+01   1.3662281e+01   1.2772899e+01   1.3598952e+01   1.6063909e+01   1.4642691e+01   1.3909360e+01   1.3396037e+01   1.4382974e+01   1.4809960e+01   1.5057441e+01   1.4741382e+01   1.4951459e+01   1.4130066e+01   1.2494120e+01   1.4902108e+01   1.2312597e+01   1.2043371e+01   1.4682289e+01
   8.5236120e+00   8.8224562e+00   8.8921348e+00   8.3465740e+00   9.2314833e+00   9.0330172e+00   8.5082552e+00   8.2691773e+00   8.6396919e+00   8.2179523e+00   7.5196306e+00   7.9766097e+00   8.4155745e+00   8.6084509e+00   9.2545598e+00   9.6044612e+00   9.1398109e+00   9.0126567e+00   8.8563263e+00   7.6620351e+00   8.2384373e+00   8.5627019e+00   8.2030331e+00   8.7677163e+00   7.9902299e+00   8.6131459e+00   9.6366747e+00   8.0713417e+00   8.3496800e+00   8.8650174e+00
   3.2896738e+00   3.4769416e+00   3.6048895e+00   3.9482937e+00   4.1656380e+00   3.7583033e+00   3.6442444e+00   3.7942060e+00   3.6706446e+00   3.7383369e+00   4.0884003e+00   4.1340386e+00   3.6771151e+00   3.6482545e+00   3.4060808e+00   3.9671716e+00   3.5869067e+00   3.8767825e+00   3.5051264e+00   3.7198804e+00   3.4186810e+00   3.7438653e+00   3.1956207e+00   3.4944886e+00   3.5168631e+00   3.5475939e+00   3.9373745e+00   3.5736103e+00   3.6881332e+00   3.6605217e+00
   6.6904860e-01   7.7200998e-01   9.3117359e-01   6.4105263e-01   4.9339032e-01   5.0462204e-01   6.8453064e-01   6.5406824e-01   7.2992903e-01   6.1232608e-01   4.5689770e-01   7.6172600e-01   6.6207666e-01   5.4732319e-01   6.3500512e-01   6.5377314e-01   7.1606034e-01   7.1112571e-01   7.6827028e-01   1.0946805e+00   6.8714773e-01   4.4751266e-01   5.9484132e-01   6.7161008e-01   7.4029986e-01   5.4627092e-01   7.2597178e-01   5.3160389e-01   6.2031409e-01   5.8386829e-01
