   1.2029412e+03   1.0455733e+03   9.9449518e+02   1.0840828e+03   9.8944462e+02   1.0141528e+03   1.1960465e+03   1.2463942e+03   9.9489546e+02   1.2022955e+03   1.1540347e+03   8.7017910e+02   1.0498324e+03   1.0092972e+03   1.2658049e+03   1.3630448e+03   1.1387357e+03   9.3169409e+02   1.1491332e+03   1.0552648e+03   1.2229632e+03   1.1805632e+03   1.1613700e+03   1.1439528e+03   9.2776549e+02   8.2632307e+02   1.1523540e+03   1.2263640e+03   1.2027312e+03   1.0609413e+03
   1.2029412e+03   1.0455733e+03   9.9449518e+02   1.0840828e+03   9.8944462e+02   1.0141528e+03   1.1960465e+03   1.2463942e+03   9.9489546e+02   1.2022955e+03   1.1540347e+03   8.7017910e+02   1.0498324e+03   1.0092972e+03   1.2658049e+03   1.3630448e+03   1.1387357e+03   9.3169409e+02   1.1491332e+03   1.0552648e+03   1.2229632e+03   1.1805632e+03   1.1613700e+03   1.1439528e+03   9.2776549e+02   8.2632307e+02   1.1523540e+03   1.2263640e+03   1.2027312e+03   1.0609413e+03
   1.2029412e+03   1.0455733e+03   9.9449518e+02   1.0840828e+03   9.8944462e+02   1.0141528e+03   1.1960465e+03   1.2463942e+03   9.9489546e+02   1.2022955e+03   1.1540347e+03   8.7017910e+02   1.0498324e+03   1.0092972e+03   1.2658049e+03   1.0115938e+03   1.1387357e+03   9.3169409e+02   1.1491332e+03   1.0552648e+03   1.2229632e+03   1.1805632e+03   1.1613700e+03   1.1439528e+03   9.2776549e+02   8.2632307e+02   1.1523540e+03   1.2263640e+03   1.2027312e+03   1.0609413e+03
   1.2029412e+03   1.0455733e+03   9.9449518e+02   1.0840828e+03   9.8944462e+02   1.0141528e+03   1.1960465e+03   1.2463942e+03   9.9489546e+02   1.2022955e+03   1.1540347e+03   8.7017910e+02   1.0498324e+03   1.0092972e+03   1.2658049e+03   1.0093824e+03   1.1387357e+03   9.3169409e+02   1.1491332e+03   1.0552648e+03   1.2229632e+03   1.1805632e+03   1.1613700e+03   1.1439528e+03   9.2776549e+02   8.2632307e+02   1.1523540e+03   1.2263640e+03   1.2027312e+03   1.0609413e+03
   1.2029412e+03   1.0455733e+03   9.9449518e+02   1.0840828e+03   9.8944462e+02   1.0141528e+03   1.1960465e+03   1.2463942e+03   9.9489546e+02   1.2022955e+03   1.1540347e+03   8.7017910e+02   1.0498324e+03   1.0092972e+03   1.2658049e+03   1.0093824e+03   1.1387357e+03   9.3169409e+02   1.1491332e+03   1.0552648e+03   1.2229632e+03   1.1805632e+03   1.1613700e+03   1.1439528e+03   9.2776549e+02   8.2632307e+02   1.1523540e+03   1.2263640e+03   1.2027312e+03   1.0609413e+03
   1.2029412e+03   1.0455733e+03   9.9449518e+02   1.0840828e+03   9.8944462e+02   1.0141528e+03   1.1960465e+03   1.2463942e+03   9.9489546e+02   1.2022955e+03   1.1540347e+03   8.7017910e+02   1.0498324e+03   1.0092972e+03   1.2658049e+03   1.0093824e+03   1.1387357e+03   9.3169409e+02   1.1491332e+03   1.0552648e+03   1.2229632e+03   1.1805632e+03   1.1613700e+03   1.1439528e+03   9.2776549e+02   8.2632307e+02   1.1523540e+03   1.2263640e+03   1.2027312e+03   1.0609413e+03
   1.2029412e+03   1.0455733e+03   9.9449518e+02   1.0354441e+03   9.8944462e+02   1.0141528e+03   1.1960465e+03   1.2463942e+03   9.9489546e+02   1.2022955e+03   1.1540347e+03   8.7017910e+02   1.0498324e+03   1.0092972e+03   1.0992384e+03   1.0093824e+03   1.1387357e+03   9.3169409e+02   1.1491332e+03   1.0552648e+03   1.2229632e+03   1.1805632e+03   1.1613700e+03   1.1439528e+03   9.2776549e+02   8.2632307e+02   1.1523540e+03   1.2263640e+03   1.2027312e+03   1.0609413e+03
   1.2029412e+03   1.0455733e+03   9.9449518e+02   1.0354441e+03   9.8944462e+02   1.0141528e+03   1.1960465e+03   1.2463942e+03   9.9489546e+02   1.2022955e+03   1.1540347e+03   8.7017910e+02   1.0498324e+03   1.0092972e+03   1.0992384e+03   8.7158144e+02   1.1387357e+03   9.3169409e+02   1.1491332e+03   1.0552648e+03   1.2229632e+03   1.1805632e+03   1.1613700e+03   1.1439528e+03   9.2776549e+02   8.2632307e+02   1.1523540e+03   1.2263640e+03   1.2027312e+03   1.0609413e+03
   1.2029412e+03   1.0455733e+03   9.9449518e+02   7.2776233e+02   9.8944462e+02   6.5623907e+02   8.9415429e+02   1.2463942e+03   9.9489546e+02   1.2022955e+03   9.9631818e+02   8.4525883e+02   8.9279348e+02   1.0092972e+03   1.0992384e+03   6.9596579e+02   1.1387357e+03   9.3169409e+02   1.1491332e+03   1.0552648e+03   8.4450024e+02   1.1805632e+03   9.4278789e+02   1.1439528e+03   8.6805375e+02   8.2632307e+02   1.1523540e+03   1.0534385e+03   1.2027312e+03   1.0609413e+03
   9.3963306e+02   8.2582367e+02   9.6696448e+02   7.2776233e+02   6.9323282e+02   6.5623907e+02   6.1497105e+02   6.4131738e+02   7.2814146e+02   1.0467533e+03   9.7320463e+02   8.4525883e+02   8.5690008e+02   9.1559498e+02   6.4012850e+02   6.9596579e+02   6.7975132e+02   9.2150449e+02   7.0684466e+02   5.9149529e+02   8.4450024e+02   6.7372834e+02   9.4278789e+02   1.0837746e+03   8.6805375e+02   8.2632307e+02   1.0168645e+03   7.8881363e+02   6.7865955e+02   9.7058291e+02
   7.2166074e+02   7.3431290e+02   7.8262264e+02   6.0602241e+02   6.9323282e+02   6.5623907e+02   6.1497105e+02   6.4131738e+02   6.2495411e+02   6.3944554e+02   7.1784979e+02   6.4200616e+02   7.5995897e+02   7.2903799e+02   6.4012850e+02   6.9596579e+02   6.7496286e+02   6.8462709e+02   5.9657774e+02   5.9149529e+02   7.4032563e+02   6.7372834e+02   7.4590950e+02   7.0876559e+02   5.6089889e+02   7.2532999e+02   7.0291342e+02   6.9228071e+02   6.7369199e+02   6.3778679e+02
   5.7092418e+02   5.8978177e+02   6.0424620e+02   6.0602241e+02   5.9611566e+02   5.9987938e+02   5.7414100e+02   6.3132599e+02   5.7414339e+02   5.5257097e+02   6.1887977e+02   6.1877051e+02   5.5813165e+02   5.9126429e+02   5.8439179e+02   6.2868371e+02   5.9941964e+02   6.1824225e+02   5.9657774e+02   5.9149529e+02   6.0331530e+02   6.1819025e+02   6.0623245e+02   6.0219827e+02   5.6089889e+02   5.9695973e+02   6.0374762e+02   6.0750540e+02   6.0451706e+02   6.1495564e+02
   5.5333309e+02   5.4763881e+02   5.5551334e+02   5.4982134e+02   5.4655042e+02   5.5027615e+02   5.3868116e+02   5.6978429e+02   5.5242515e+02   5.5165700e+02   5.4567156e+02   5.5941201e+02   4.9739860e+02   4.8851435e+02   5.5162787e+02   5.4496489e+02   5.5559535e+02   5.5171799e+02   5.5258291e+02   5.3986898e+02   5.4755888e+02   5.6533100e+02   5.5711737e+02   5.1444054e+02   5.5469482e+02   5.5543466e+02   5.6412849e+02   5.4988910e+02   5.4837734e+02   5.5400841e+02
   4.9663284e+02   5.0449178e+02   5.0629047e+02   5.0077724e+02   5.0898268e+02   4.9787020e+02   5.0041061e+02   5.2392324e+02   4.9949611e+02   5.0431061e+02   5.0624930e+02   5.0722532e+02   4.9739860e+02   4.4218319e+02   2.8093660e+02   5.1539763e+02   5.0483418e+02   5.0091578e+02   5.0938683e+02   4.9637992e+02   4.9972468e+02   5.1385125e+02   5.0050899e+02   5.0965795e+02   5.1253563e+02   5.0405350e+02   5.2199169e+02   5.0278109e+02   5.0609892e+02   5.1021799e+02
   4.5598536e+02   1.0000003e+02   4.4218497e+02   1.0000000e+02   1.0000000e+02   4.5370935e+02   4.5405743e+02   1.0000070e+02   4.5651616e+02   1.0000000e+02   4.5822813e+02   4.5274341e+02   4.5436109e+02   4.4218319e+02   1.0000000e+02   4.6616824e+02   4.5422819e+02   4.5901765e+02   1.0000000e+02   4.5384587e+02   4.5309845e+02   1.0000000e+02   1.0012192e+02   1.0000000e+02   4.5930166e+02   4.4757821e+02   1.0000000e+02   4.5947058e+02   4.6155208e+02   4.3517187e+02
   4.0824501e+02   1.0000000e+02   4.1388585e+02   1.0000000e+02   1.0000000e+02   4.1152475e+02   4.1257244e+02   1.0000000e+02   4.0898628e+02   1.0000000e+02   4.1181759e+02   4.1068620e+02   4.0806546e+02   4.1023459e+02   1.0000000e+02   2.0000000e+02   4.1184708e+02   4.1371808e+02   1.0000000e+02   4.1397966e+02   4.0895330e+02   1.0000000e+02   1.0000000e+02   1.0000000e+02   4.0783273e+02   1.0000000e+02   1.0000000e+02   4.0761408e+02   4.0993390e+02   4.1329201e+02
