   2.5860943e+03   2.3449853e+03   2.2852965e+03   2.6317534e+03   2.6098427e+03   2.1753854e+03   2.5798793e+03   2.2315505e+03   2.5065487e+03   2.6213939e+03   2.6806024e+03   2.4536233e+03   2.6274392e+03   2.7306843e+03   2.4802045e+03   2.2221920e+03   2.4360902e+03   2.5290121e+03   1.9965960e+03   2.4646709e+03   2.3076895e+03   2.4477489e+03   2.5983981e+03   2.4522819e+03   2.4667380e+03   1.7320019e+03   2.4931691e+03   2.1795890e+03   2.6365476e+03   2.5064702e+03
   2.5860943e+03   2.3449853e+03   2.2852965e+03   2.6317534e+03   2.6098427e+03   2.1753854e+03   2.5798793e+03   2.2315505e+03   2.5065487e+03   2.6213939e+03   2.6806024e+03   2.4536233e+03   2.6274392e+03   2.7306843e+03   2.4802045e+03   2.2221920e+03   2.4360902e+03   2.5290121e+03   1.9965960e+03   2.4646709e+03   2.3076895e+03   2.4477489e+03   2.5983981e+03   2.4522819e+03   2.4667380e+03   1.7320019e+03   2.4931691e+03   2.1795890e+03   2.6365476e+03   2.5064702e+03
   2.5860943e+03   2.3449853e+03   2.2852965e+03   2.6317534e+03   2.6098427e+03   2.1753854e+03   2.5798793e+03   2.2315505e+03   2.5065487e+03   2.6213939e+03   2.6806024e+03   2.4536233e+03   2.6274392e+03   2.7306843e+03   2.4802045e+03   2.2221920e+03   2.4360902e+03   2.5290121e+03   1.9965960e+03   2.4646709e+03   2.3076895e+03   2.4477489e+03   2.5983981e+03   2.4522819e+03   2.4667380e+03   1.7320019e+03   2.4931691e+03   2.1795890e+03   2.6365476e+03   2.5064702e+03
   2.5860943e+03   2.3449853e+03   2.2852965e+03   2.6317534e+03   2.6098427e+03   2.1753854e+03   2.5798793e+03   2.2315505e+03   2.5065487e+03   2.6213939e+03   2.6806024e+03   2.4536233e+03   2.6274392e+03   2.7306843e+03   2.4802045e+03   2.2221920e+03   2.4360902e+03   2.5290121e+03   1.9965960e+03   2.4646709e+03   2.3076895e+03   2.4477489e+03   2.5983981e+03   2.4522819e+03   2.4667380e+03   1.7320019e+03   2.4931691e+03   2.1795890e+03   2.6365476e+03   2.5064702e+03
   2.5860943e+03   2.3449853e+03   2.2852965e+03   2.6317534e+03   2.6098427e+03   2.1753854e+03   2.5798793e+03   2.2315505e+03   2.5065487e+03   2.6213939e+03   2.6806024e+03   2.4536233e+03   2.6274392e+03   2.7306843e+03   2.4802045e+03   2.2221920e+03   2.4360902e+03   2.5290121e+03   1.9965960e+03   2.4646709e+03   2.3076895e+03   2.4477489e+03   2.5983981e+03   2.4522819e+03   2.4667380e+03   1.7320019e+03   2.4931691e+03   2.1795890e+03   2.6365476e+03   2.5064702e+03
   2.5860943e+03   2.3449853e+03   2.2852965e+03   2.6317534e+03   2.6098427e+03   2.1753854e+03   2.5798793e+03   2.2315505e+03   2.5065487e+03   2.6213939e+03   2.6806024e+03   2.4536233e+03   2.6274392e+03   2.7306843e+03   2.4802045e+03   2.2221920e+03   2.4360902e+03   2.4573569e+03   1.9965960e+03   2.4646709e+03   2.3076895e+03   2.4477489e+03   2.5983981e+03   2.4522819e+03   2.4667380e+03   1.7320019e+03   2.4931691e+03   2.1795890e+03   2.6365476e+03   2.5064702e+03
   2.5860943e+03   2.3449853e+03   2.2852965e+03   2.6317534e+03   2.6098427e+03   2.1753854e+03   2.1374491e+03   2.2315505e+03   2.5065487e+03   2.6213939e+03   2.6806024e+03   2.4536233e+03   2.6274392e+03   2.7306843e+03   2.4802045e+03   2.2221920e+03   2.4360902e+03   2.4573569e+03   1.9965960e+03   2.4646709e+03   2.3076895e+03   2.4477489e+03   2.5983981e+03   2.4522819e+03   2.4667380e+03   1.7320019e+03   2.4931691e+03   2.1795890e+03   2.6365476e+03   2.5064702e+03
   2.5860943e+03   2.3449853e+03   2.2852965e+03   2.6317534e+03   2.5873889e+03   2.1753854e+03   2.1374491e+03   2.2315505e+03   2.5065487e+03   2.6213939e+03   2.6806024e+03   2.4536233e+03   2.6274392e+03   2.0374146e+03   2.4802045e+03   2.2221920e+03   2.4360902e+03   2.4573569e+03   1.9965960e+03   2.4646709e+03   2.3076895e+03   2.4477489e+03   2.5983981e+03   2.4522819e+03   2.4667380e+03   1.7320019e+03   2.4931691e+03   2.1795890e+03   2.6365476e+03   2.5064702e+03
   2.5824186e+03   2.3449853e+03   2.2852965e+03   2.6317534e+03   2.5873889e+03   2.1753854e+03   2.1374491e+03   2.2315505e+03   2.5065487e+03   2.6213939e+03   2.6806024e+03   2.4536233e+03   2.6274392e+03   2.0374146e+03   2.4802045e+03   2.2221920e+03   2.4360902e+03   2.4573569e+03   1.9965960e+03   2.4359601e+03   2.3076895e+03   2.4477489e+03   2.5983981e+03   2.4522819e+03   2.4667380e+03   1.7320019e+03   2.4931691e+03   2.1795890e+03   2.6365476e+03   2.5064702e+03
   2.5824186e+03   2.3449853e+03   2.2852965e+03   2.6130335e+03   2.5873889e+03   2.1753854e+03   2.1374491e+03   2.2315505e+03   2.5065487e+03   2.4676595e+03   2.5675218e+03   2.4536233e+03   2.5028991e+03   2.0374146e+03   2.4802045e+03   2.0244736e+03   2.4360902e+03   2.4573569e+03   1.9965960e+03   2.4359601e+03   2.3076895e+03   2.4477489e+03   2.5983981e+03   2.4522819e+03   2.4667380e+03   1.7320019e+03   1.8482815e+03   2.1795890e+03   2.5580898e+03   2.5064702e+03
   1.9365615e+03   2.2229431e+03   2.2852965e+03   2.4569982e+03   2.4007414e+03   2.1753854e+03   2.0176951e+03   2.2315505e+03   2.2602095e+03   2.4676595e+03   2.1691431e+03   2.2251563e+03   2.0922467e+03   1.9263371e+03   2.3294616e+03   2.0244736e+03   2.4360902e+03   2.4573569e+03   1.9965960e+03   2.4359601e+03   2.3076895e+03   2.4477489e+03   2.2509242e+03   2.2058923e+03   2.3568239e+03   1.7320019e+03   1.8482815e+03   2.1795890e+03   2.2030106e+03   2.5064702e+03
   1.9365615e+03   2.1812292e+03   2.2169236e+03   2.0584097e+03   2.1050982e+03   2.1753854e+03   2.0176951e+03   1.9801872e+03   1.9343928e+03   2.2407901e+03   2.1293777e+03   1.9561174e+03   2.0906662e+03   1.9263371e+03   2.1985664e+03   2.0244736e+03   2.1898648e+03   2.2146877e+03   1.9965960e+03   2.3653917e+03   2.2722152e+03   2.1081837e+03   1.7545729e+03   2.1935809e+03   2.0741096e+03   1.7320019e+03   1.8482815e+03   2.1482622e+03   2.0430360e+03   2.1078953e+03
   1.8229883e+03   1.8269684e+03   1.7517532e+03   1.8597527e+03   1.6663679e+03   1.8109825e+03   1.8864729e+03   1.8771411e+03   1.7553427e+03   1.5978133e+03   9.7887962e+02   1.7726963e+03   1.4657208e+03   1.7960672e+03   8.9547390e+02   1.6738434e+03   1.7438325e+03   1.8822814e+03   1.7929419e+03   1.4505140e+03   1.7121735e+03   1.6254209e+03   1.7069991e+03   1.7704670e+03   1.8099033e+03   1.3468882e+03   1.5800278e+03   1.6308794e+03   1.8150959e+03   1.6834465e+03
   1.3175688e+03   1.3203436e+03   1.2641504e+03   1.1756547e+03   1.2983022e+03   1.3157844e+03   1.2950169e+03   1.2523949e+03   1.2471939e+03   1.1994261e+03   9.7887962e+02   1.1217236e+03   1.1528261e+03   1.2508230e+03   8.9547390e+02   1.0923711e+03   1.2692831e+03   1.4176580e+03   1.3096508e+03   1.3049005e+03   1.2557023e+03   1.2082181e+03   1.2967102e+03   1.3001488e+03   1.2347462e+03   1.2880668e+03   1.2860220e+03   1.1757165e+03   1.4022169e+03   1.2754309e+03
   8.1436322e+02   7.0682634e+02   6.8446074e+02   7.5675590e+02   6.7557108e+02   7.3161058e+02   7.6615346e+02   7.8266265e+02   7.4421156e+02   7.2619499e+02   7.1760033e+02   7.0710593e+02   7.2221659e+02   7.6698918e+02   7.7486629e+02   8.0276340e+02   6.6109379e+02   7.3212970e+02   8.0372062e+02   7.8950624e+02   7.2859770e+02   7.7099834e+02   8.2543393e+02   7.7545094e+02   7.7693493e+02   6.3346464e+02   7.4099470e+02   8.0362043e+02   5.2515268e+02   7.1700986e+02
   3.5398696e+00   1.8409629e+01   3.7272329e+00   2.5177096e+01   1.8534538e+01   3.5398696e+00   1.3659843e+01   3.0239154e+01   1.5244486e+01   1.5306940e+01   4.9963553e-01   2.1887044e+01   1.0182428e+01   4.0175907e+01   2.5723779e+01   6.9548303e+00   4.3403505e+01   1.0361961e+01   1.0369791e+01   1.8534538e+01   3.7272329e+00   1.8472083e+01   1.0244882e+01   1.8596992e+01   3.6698492e+01   2.1949498e+01   3.6023240e+00   3.2011160e+01   3.7194029e+00   3.5398696e+00
