   5.6867396e+03   5.5187355e+03   5.7190122e+03   5.4536091e+03   5.9105982e+03   5.8685569e+03   5.7343842e+03   5.4286386e+03   5.8336018e+03   5.0804850e+03   5.6862291e+03   5.8373515e+03   5.7247402e+03   5.3917798e+03   5.6544252e+03   5.7653565e+03   5.7625714e+03   5.2082723e+03   5.4634950e+03   5.8238755e+03   5.1874513e+03   5.0877478e+03   4.0901978e+03   5.0921762e+03   5.7494490e+03   5.7234703e+03   5.4779739e+03   4.7171623e+03   5.2435060e+03   5.0559330e+03
   5.6867396e+03   5.5187355e+03   5.7190122e+03   5.4536091e+03   5.9105982e+03   5.8685569e+03   5.7343842e+03   5.4286386e+03   5.8336018e+03   5.0804850e+03   5.6862291e+03   5.8373515e+03   5.7247402e+03   5.3917798e+03   5.6544252e+03   5.7653565e+03   5.7625714e+03   5.2082723e+03   5.4634950e+03   5.8238755e+03   5.1874513e+03   5.0877478e+03   4.0901978e+03   5.0921762e+03   5.7494490e+03   5.7234703e+03   5.4779739e+03   4.7171623e+03   5.2435060e+03   5.0559330e+03
   5.6867396e+03   5.5187355e+03   5.7190122e+03   5.4536091e+03   5.9105982e+03   5.8685569e+03   5.7343842e+03   5.4286386e+03   5.8336018e+03   5.0804850e+03   5.6862291e+03   5.8373515e+03   5.2955285e+03   5.3917798e+03   5.6544252e+03   5.7653565e+03   5.7625714e+03   5.2082723e+03   5.4634950e+03   5.8238755e+03   5.1874513e+03   5.0877478e+03   4.0901978e+03   5.0921762e+03   5.7494490e+03   5.7234703e+03   5.4779739e+03   4.7171623e+03   5.2435060e+03   5.0559330e+03
   5.6867396e+03   5.5187355e+03   5.7190122e+03   5.4536091e+03   5.9105982e+03   5.8685569e+03   5.7343842e+03   5.4286386e+03   5.8336018e+03   5.0804850e+03   5.6862291e+03   5.8373515e+03   5.2955285e+03   5.3917798e+03   5.6544252e+03   5.7653565e+03   5.7625714e+03   5.2082723e+03   5.4634950e+03   5.8238755e+03   5.1874513e+03   5.0877478e+03   4.0901978e+03   5.0921762e+03   5.7494490e+03   5.7234703e+03   5.4779739e+03   4.7171623e+03   5.2435060e+03   5.0559330e+03
   5.6867396e+03   5.5187355e+03   5.7190122e+03   5.4536091e+03   5.9105982e+03   5.8685569e+03   5.7343842e+03   5.4286386e+03   5.8336018e+03   5.0804850e+03   5.6862291e+03   5.8373515e+03   5.2955285e+03   5.3917798e+03   5.6544252e+03   5.7653565e+03   5.7625714e+03   5.2082723e+03   5.4634950e+03   5.8238755e+03   5.1874513e+03   5.0877478e+03   4.0901978e+03   5.0921762e+03   5.7494490e+03   5.7234703e+03   5.4779739e+03   4.7171623e+03   5.2435060e+03   5.0559330e+03
   5.6867396e+03   5.5187355e+03   5.7190122e+03   5.4536091e+03   5.9105982e+03   5.8685569e+03   5.7343842e+03   5.4286386e+03   5.8336018e+03   5.0804850e+03   5.6862291e+03   5.8373515e+03   5.2955285e+03   5.3917798e+03   5.6544252e+03   5.7653565e+03   5.7625714e+03   5.2082723e+03   5.4634950e+03   5.8238755e+03   5.1874513e+03   5.0877478e+03   4.0901978e+03   5.0921762e+03   5.7494490e+03   5.7234703e+03   5.4779739e+03   4.7171623e+03   5.2435060e+03   5.0559330e+03
   5.6867396e+03   5.5187355e+03   5.7190122e+03   5.4536091e+03   5.9105982e+03   5.8685569e+03   5.7343842e+03   5.4286386e+03   5.8336018e+03   5.0804850e+03   5.6862291e+03   5.8373515e+03   5.2955285e+03   5.3917798e+03   5.6544252e+03   5.7653565e+03   5.7625714e+03   5.2082723e+03   5.4634950e+03   5.8238755e+03   5.1874513e+03   5.0877478e+03   4.0901978e+03   5.0921762e+03   5.7494490e+03   5.7234703e+03   5.4779739e+03   4.7171623e+03   5.2435060e+03   5.0559330e+03
   5.6867396e+03   5.5187355e+03   5.7190122e+03   5.4536091e+03   5.9105982e+03   5.8685569e+03   5.7343842e+03   5.4286386e+03   5.8336018e+03   5.0804850e+03   5.6862291e+03   5.8373515e+03   5.2955285e+03   5.3917798e+03   5.6544252e+03   5.7653565e+03   5.7625714e+03   5.2082723e+03   5.4634950e+03   5.8238755e+03   5.1874513e+03   5.0877478e+03   4.0901978e+03   5.0921762e+03   5.7494490e+03   5.7234703e+03   5.4779739e+03   4.7171623e+03   5.2435060e+03   5.0559330e+03
   5.6867396e+03   5.5187355e+03   5.6225024e+03   5.4536091e+03   5.9105982e+03   5.8685569e+03   5.7343842e+03   5.4286386e+03   5.8336018e+03   5.0804850e+03   5.6862291e+03   5.8373515e+03   5.2955285e+03   5.3917798e+03   5.6544252e+03   5.7653565e+03   5.7625714e+03   5.2082723e+03   5.4634950e+03   5.8238755e+03   5.1874513e+03   5.0877478e+03   4.0901978e+03   5.0921762e+03   5.7494490e+03   5.5227573e+03   5.4779739e+03   4.7171623e+03   5.2435060e+03   5.0559330e+03
   5.6867396e+03   5.5187355e+03   5.5172438e+03   5.4536091e+03   5.9105982e+03   5.6708003e+03   5.7343842e+03   5.4286386e+03   5.1124573e+03   5.0804850e+03   5.6862291e+03   5.8373515e+03   5.2955285e+03   5.3917798e+03   5.6544252e+03   5.7653565e+03   5.7625714e+03   5.2082723e+03   5.4634950e+03   5.8238755e+03   5.1874513e+03   5.0877478e+03   4.0901978e+03   5.0921762e+03   5.7293894e+03   5.5227573e+03   5.4624075e+03   4.7171623e+03   5.2435060e+03   5.0559330e+03
   3.7881474e+03   5.2850564e+03   4.8349089e+03   4.7889196e+03   5.7257677e+03   5.6232242e+03   5.5205498e+03   5.0653560e+03   5.1124573e+03   4.6294123e+03   5.0518631e+03   5.3008706e+03   5.2955285e+03   5.3917798e+03   5.2506703e+03   5.2478706e+03   5.2939974e+03   5.2082723e+03   5.4634950e+03   5.5599123e+03   5.1874513e+03   5.0877478e+03   4.0901978e+03   4.7509358e+03   5.1516229e+03   5.5227573e+03   5.4624075e+03   4.7171623e+03   5.2435060e+03   4.8758505e+03
   3.7881474e+03   4.9898685e+03   4.8349089e+03   4.6381066e+03   4.8808163e+03   4.9412800e+03   4.9774304e+03   4.2325586e+03   4.8542095e+03   4.5633428e+03   4.8316961e+03   4.4662964e+03   4.8583547e+03   4.9058944e+03   4.9067494e+03   4.9567327e+03   4.3871579e+03   4.7272455e+03   4.7984791e+03   4.7046260e+03   4.8314978e+03   5.0867676e+03   4.0901978e+03   4.7509358e+03   4.9578080e+03   4.8421709e+03   4.8789126e+03   4.7171623e+03   4.1079470e+03   4.8758505e+03
   3.6610612e+03   3.8609426e+03   3.7229327e+03   3.5179083e+03   3.5881322e+03   3.6562231e+03   3.7192048e+03   3.6495941e+03   3.3340143e+03   3.5666956e+03   3.8569587e+03   3.4511119e+03   3.2760066e+03   3.5193098e+03   3.4132714e+03   3.4949876e+03   3.5325983e+03   3.6646701e+03   3.6612785e+03   3.6682300e+03   3.5763140e+03   3.4710512e+03   3.0714110e+03   3.5957608e+03   3.5209707e+03   3.4467357e+03   3.4085273e+03   2.9646037e+03   3.3265482e+03   3.5464052e+03
   1.7087567e+03   1.8850735e+03   1.6194351e+03   1.4672364e+03   1.7529995e+03   1.4639483e+03   1.5174298e+03   1.6378059e+03   1.7471773e+03   1.5337692e+03   1.7030305e+03   1.3689257e+03   1.4548391e+03   1.4936421e+03   1.5507992e+03   1.5720597e+03   1.6100895e+03   1.6877719e+03   1.5565252e+03   1.3148012e+03   1.6451521e+03   1.6799686e+03   1.4430727e+03   1.6762418e+03   1.6281903e+03   1.6713401e+03   1.5867317e+03   1.6065501e+03   1.5882061e+03   1.4599410e+03
   7.5162328e+02   4.6226000e+02   7.2015460e+02   7.1329009e+02   7.0594180e+02   7.2937599e+02   6.6759706e+02   7.2107396e+02   6.7042664e+02   3.2386477e+02   7.0651131e+02   6.9404632e+02   6.9347464e+02   7.1659136e+02   6.6521592e+02   7.1643550e+02   5.5803690e+02   6.7778926e+02   7.1758857e+02   7.0929752e+02   6.4704197e+02   7.4466138e+02   6.3932147e+02   6.9488647e+02   6.4845554e+02   7.3582169e+02   7.0333338e+02   6.9459380e+02   7.0665803e+02   7.0429789e+02
   6.8614204e+00   2.1859920e-01   5.2163294e+00   3.4775529e+00   3.4775529e+00   3.4150960e+00   3.4463245e+00   1.8324618e+00   5.1226440e+00   1.8949187e+00   2.1859920e-01   3.4775529e+00   1.8737075e-01   1.8636903e+00   1.2491383e-01   1.8012334e+00   3.4463245e+00   1.4234138e+01   6.7677351e+00   6.7989635e+00   3.5087814e+00   9.2676360e+00   7.6537734e+00   1.8324618e+00   3.5087814e+00   1.7700049e+00   3.5400098e+00   3.3838675e+00   1.2491383e-01   9.2676360e+00
