   4.6787727e+03   5.2337118e+03   5.4409591e+03   5.8042403e+03   5.4657260e+03   3.1372894e+03   5.0310866e+03   5.1325515e+03   5.5643638e+03   4.6089448e+03   5.7632738e+03   4.4206776e+03   5.3645484e+03   7.3418359e+03   6.2091238e+03   6.3710726e+03   4.5093722e+03   5.8243910e+03   4.5427910e+03   2.8782265e+03   6.3767971e+03   4.3263966e+03   4.9028051e+03   5.6238230e+03   6.9483742e+03   5.4508006e+03   4.9795021e+03   5.5408292e+03   4.9852980e+03   3.8211682e+03
   4.6787727e+03   5.2337118e+03   5.4409591e+03   5.8042403e+03   5.4657260e+03   3.1372894e+03   5.0310866e+03   5.1325515e+03   5.5643638e+03   2.3719433e+03   5.7632738e+03   4.4206776e+03   5.3645484e+03   7.3418359e+03   6.2091238e+03   6.3710726e+03   4.5093722e+03   5.8243910e+03   4.5427910e+03   2.8782265e+03   6.3767971e+03   4.3263966e+03   4.9028051e+03   5.6238230e+03   6.9483742e+03   5.4508006e+03   4.9795021e+03   5.5408292e+03   4.9852980e+03   3.8211682e+03
   4.6787727e+03   4.0599133e+03   5.4409591e+03   5.8042403e+03   5.4657260e+03   3.1372894e+03   5.0310866e+03   5.1325515e+03   5.5643638e+03   2.3719433e+03   5.7632738e+03   4.4206776e+03   5.3645484e+03   7.3418359e+03   6.2091238e+03   6.3710726e+03   4.5093722e+03   5.8243910e+03   4.5427910e+03   2.8782265e+03   6.3767971e+03   4.3263966e+03   4.9028051e+03   5.6238230e+03   6.9483742e+03   5.4508006e+03   4.9795021e+03   5.5408292e+03   4.9852980e+03   3.8211682e+03
   4.6787727e+03   4.0599133e+03   5.4409591e+03   5.8042403e+03   5.4657260e+03   3.1372894e+03   5.0310866e+03   5.1325515e+03   5.5643638e+03   2.3719433e+03   5.7632738e+03   4.4206776e+03   5.3645484e+03   7.3418359e+03   6.2091238e+03   6.3710726e+03   4.5093722e+03   5.8243910e+03   4.5427910e+03   2.8782265e+03   6.3767971e+03   4.3263966e+03   4.9028051e+03   5.6238230e+03   6.9483742e+03   5.4508006e+03   4.9795021e+03   5.5408292e+03   4.9852980e+03   3.8211682e+03
   4.6787727e+03   4.0599133e+03   5.4409591e+03   5.8042403e+03   5.4657260e+03   3.1372894e+03   5.0310866e+03   5.1325515e+03   5.5643638e+03   2.2827397e+03   5.7632738e+03   4.4206776e+03   5.3645484e+03   7.3418359e+03   6.2091238e+03   6.3710726e+03   4.5093722e+03   5.8243910e+03   4.5427910e+03   2.8782265e+03   4.7159994e+03   4.3263966e+03   4.9028051e+03   5.6238230e+03   6.9483742e+03   5.4508006e+03   4.9795021e+03   5.5408292e+03   4.9852980e+03   3.8211682e+03
   4.6787727e+03   4.0599133e+03   5.4409591e+03   5.8042403e+03   5.4657260e+03   3.1372894e+03   5.0310866e+03   5.1325515e+03   5.5643638e+03   2.2827397e+03   5.7632738e+03   4.4206776e+03   5.3645484e+03   7.3418359e+03   6.2091238e+03   6.3710726e+03   4.5093722e+03   5.8243910e+03   4.5427910e+03   2.8782265e+03   4.7159994e+03   4.3263966e+03   4.9028051e+03   5.6238230e+03   6.9483742e+03   5.4508006e+03   4.9795021e+03   5.5408292e+03   4.9852980e+03   3.8211682e+03
   4.5924668e+03   4.0599133e+03   5.4409591e+03   5.8042403e+03   5.4657260e+03   3.1372894e+03   5.0310866e+03   5.1325515e+03   5.5643638e+03   2.2827397e+03   5.7632738e+03   4.4206776e+03   5.3645484e+03   4.5461325e+03   6.2091238e+03   6.3710726e+03   4.5093722e+03   5.1049943e+03   4.5427910e+03   2.8782265e+03   4.7159994e+03   4.3263966e+03   4.9028051e+03   4.2340389e+03   6.9483742e+03   5.4508006e+03   4.9795021e+03   5.5408292e+03   4.9852980e+03   3.8211682e+03
   4.5924668e+03   4.0599133e+03   5.4409591e+03   5.8042403e+03   5.4657260e+03   3.1017825e+03   5.0310866e+03   5.1325515e+03   5.5643638e+03   2.2827397e+03   5.7632738e+03   4.4206776e+03   5.3645484e+03   4.5461325e+03   6.2091238e+03   6.3710726e+03   4.5093722e+03   5.1049943e+03   4.5427910e+03   2.8782265e+03   4.7159994e+03   4.3263966e+03   4.9028051e+03   4.2340389e+03   6.9483742e+03   5.4508006e+03   4.9795021e+03   5.5408292e+03   4.9852980e+03   3.2876720e+03
   4.5924668e+03   4.0599133e+03   5.4409591e+03   4.4688757e+03   5.4657260e+03   2.1793285e+03   5.0310866e+03   5.1325515e+03   5.5643638e+03   2.2827397e+03   2.1986164e+03   4.4206776e+03   5.3645484e+03   4.5461325e+03   4.0060111e+03   6.3710726e+03   4.5093722e+03   5.1049943e+03   4.5427910e+03   2.8782265e+03   4.7159994e+03   4.3263966e+03   4.9028051e+03   4.2340389e+03   6.9483742e+03   5.4508006e+03   4.9795021e+03   3.2846392e+03   4.9852980e+03   3.2876720e+03
   4.3379605e+03   4.0599133e+03   3.7017387e+03   4.4688757e+03   3.3952209e+03   2.1793285e+03   4.1723494e+03   9.0588341e+02   1.7881082e+03   2.2827397e+03   2.1986164e+03   4.4206776e+03   3.5543386e+03   3.0848867e+03   4.0060111e+03   5.7942864e+03   4.2797999e+03   2.9658738e+03   4.5427910e+03   2.8782265e+03   2.5003555e+03   4.3263966e+03   4.9028051e+03   4.2340389e+03   2.7583172e+03   2.7687046e+03   2.9459337e+03   8.0762914e+02   2.3486770e+03   1.8137735e+03
   1.6522654e+03   2.0224591e+03   1.0467200e+03   7.2819673e+02   1.0455790e+03   9.9209383e+02   8.4660771e+02   9.0588341e+02   1.6132996e+03   1.3559163e+03   1.5723775e+03   7.8639433e+02   1.1357533e+03   1.0185865e+03   9.7352515e+02   9.4368558e+02   1.0607719e+03   1.3479705e+03   1.3539206e+03   1.0818786e+03   1.2311448e+03   8.2915805e+02   9.3853353e+02   7.4664654e+02   8.6589409e+02   1.3325551e+03   7.7865282e+02   8.0762914e+02   6.2695751e+02   1.2432431e+03
   5.7371956e+02   5.7724937e+02   5.7832158e+02   6.2166500e+02   6.4697007e+02   6.0263993e+02   6.2906908e+02   6.2357337e+02   4.9874263e+02   5.0866388e+02   6.5545639e+02   6.2316414e+02   6.0770098e+02   5.5983716e+02   6.2824969e+02   5.8549271e+02   5.1940577e+02   5.8811515e+02   6.1617798e+02   6.0844769e+02   6.3182799e+02   5.7402508e+02   6.3930818e+02   5.9751951e+02   6.0393399e+02   5.6818104e+02   5.3129190e+02   6.3059479e+02   6.2182789e+02   5.1895341e+02
   4.8646587e+02   4.1445691e+02   4.8702869e+02   5.1145988e+02   4.8608264e+02   4.8669755e+02   4.8915609e+02   4.8897462e+02   4.8603874e+02   4.4228876e+02   4.9458374e+02   4.8636764e+02   4.4218007e+02   4.9307799e+02   4.8653859e+02   4.8629619e+02   4.9035035e+02   4.8691606e+02   4.8624000e+02   4.8691180e+02   4.8671727e+02   4.3119109e+02   4.8631221e+02   4.8697765e+02   4.8620086e+02   4.8732282e+02   4.8664808e+02   5.0920720e+02   4.8843592e+02   4.8688598e+02
   4.8568891e+02   4.0000002e+02   4.8576410e+02   4.0095720e+02   4.8568891e+02   4.0000107e+02   4.8575533e+02   4.8582589e+02   4.8568891e+02   4.0003461e+02   4.0000000e+02   4.8569168e+02   4.0000026e+02   4.0006275e+02   4.8568891e+02   4.8568891e+02   4.0000473e+02   4.0000453e+02   4.8568891e+02   4.0000005e+02   4.8576737e+02   4.0000159e+02   4.6938809e+02   4.8576763e+02   4.8568891e+02   4.0000936e+02   4.0000137e+02   4.0000002e+02   4.8568891e+02   4.2857087e+02
   4.8568891e+02   4.0000000e+02   4.0000000e+02   4.0000000e+02   4.8568891e+02   4.0000000e+02   4.0000000e+02   4.0000000e+02   4.8568891e+02   4.0000000e+02   4.0000000e+02   4.8569168e+02   4.0000000e+02   4.0000000e+02   4.8568891e+02   4.8568891e+02   4.0000000e+02   4.0000000e+02   4.8568891e+02   4.0000000e+02   4.0000000e+02   4.0000000e+02   4.0000000e+02   4.0000000e+02   4.8568891e+02   4.0000000e+02   4.0000000e+02   4.0000000e+02   4.8568891e+02   4.0000000e+02
   4.8568891e+02   4.0000000e+02   4.0000000e+02   4.0000000e+02   4.8568891e+02   4.0000000e+02   4.0000000e+02   4.0000000e+02   4.8568891e+02   4.0000000e+02   4.0000000e+02   4.8569168e+02   4.0000000e+02   4.0000000e+02   4.8568891e+02   4.8568891e+02   4.0000000e+02   4.0000000e+02   4.8568891e+02   4.0000000e+02   4.0000000e+02   4.0000000e+02   4.0000000e+02   4.0000000e+02   4.8568891e+02   4.0000000e+02   4.0000000e+02   4.0000000e+02   4.8568891e+02   4.0000000e+02
