   2.3798548e+03   1.6981310e+03   1.8006066e+03   2.7235120e+03   1.9327116e+03   2.1418631e+03   2.1701226e+03   2.6151098e+03   2.3302853e+03   2.4694273e+03   1.9419971e+03   2.4854179e+03   2.3798963e+03   1.9166125e+03   2.6387613e+03   2.4009929e+03   2.2346326e+03   2.0247971e+03   2.4665941e+03   2.6195591e+03   2.6079462e+03   2.5819614e+03   2.3136001e+03   2.1653050e+03   2.1951191e+03   2.5880996e+03   2.8489785e+03   2.2513035e+03   2.5624380e+03   2.4437595e+03
   2.3798548e+03   1.6981310e+03   1.8006066e+03   2.7235120e+03   1.9327116e+03   2.1418631e+03   2.1701226e+03   2.6151098e+03   2.3302853e+03   2.4694273e+03   1.9419971e+03   2.4854179e+03   2.1424860e+03   1.9166125e+03   2.6387613e+03   2.4009929e+03   2.2346326e+03   2.0247971e+03   2.4665941e+03   2.6195591e+03   2.6079462e+03   2.5819614e+03   2.3136001e+03   2.1653050e+03   2.1951191e+03   2.5880996e+03   2.8489785e+03   2.2513035e+03   2.5624380e+03   2.4437595e+03
   2.3798548e+03   1.6981310e+03   1.8006066e+03   2.7235120e+03   1.9327116e+03   2.1418631e+03   2.1701226e+03   2.6151098e+03   2.3302853e+03   2.4694273e+03   1.9419971e+03   2.4854179e+03   2.1424860e+03   1.9166125e+03   2.6387613e+03   2.4009929e+03   2.2346326e+03   2.0247971e+03   2.4665941e+03   2.6195591e+03   2.6079462e+03   2.5819614e+03   2.3136001e+03   2.1653050e+03   2.1951191e+03   2.5880996e+03   2.8489785e+03   2.2513035e+03   2.5624380e+03   2.4437595e+03
   2.3798548e+03   1.6981310e+03   1.8006066e+03   2.7235120e+03   1.9327116e+03   2.1418631e+03   2.1701226e+03   2.6151098e+03   2.3302853e+03   2.4694273e+03   1.9419971e+03   2.4854179e+03   2.1424860e+03   1.9166125e+03   2.6387613e+03   2.4009929e+03   2.2346326e+03   2.0247971e+03   2.4665941e+03   2.6195591e+03   2.6079462e+03   2.5819614e+03   2.3136001e+03   2.1653050e+03   2.1951191e+03   2.5880996e+03   2.8489785e+03   2.2513035e+03   2.5624380e+03   2.4437595e+03
   2.3798548e+03   1.6981310e+03   1.8006066e+03   2.7235120e+03   1.9327116e+03   2.1418631e+03   2.1701226e+03   2.6151098e+03   2.3302853e+03   2.4694273e+03   1.9419971e+03   2.4854179e+03   2.1424860e+03   1.9166125e+03   2.6387613e+03   2.4009929e+03   2.2346326e+03   2.0247971e+03   2.4665941e+03   2.6195591e+03   2.6079462e+03   2.5819614e+03   2.3136001e+03   2.1653050e+03   2.1951191e+03   2.5880996e+03   2.8489785e+03   2.2513035e+03   2.5624380e+03   2.4437595e+03
   2.3798548e+03   1.6981310e+03   1.8006066e+03   2.7235120e+03   1.9327116e+03   2.1418631e+03   2.1701226e+03   2.6151098e+03   2.3302853e+03   2.4694273e+03   1.9419971e+03   2.4854179e+03   2.1424860e+03   1.9166125e+03   2.6387613e+03   2.4009929e+03   2.2346326e+03   2.0247971e+03   2.4665941e+03   2.6195591e+03   2.6079462e+03   2.5819614e+03   2.3136001e+03   2.1653050e+03   2.1951191e+03   2.5880996e+03   2.8489785e+03   2.2513035e+03   2.5624380e+03   2.4437595e+03
   2.3798548e+03   1.6981310e+03   1.8006066e+03   2.7235120e+03   1.9327116e+03   2.1418631e+03   2.1701226e+03   2.6151098e+03   2.3302853e+03   2.4694273e+03   1.9419971e+03   1.6580649e+03   2.1424860e+03   1.9166125e+03   2.6387613e+03   2.4009929e+03   2.2346326e+03   2.0247971e+03   2.4665941e+03   2.6195591e+03   2.6079462e+03   2.5819614e+03   2.3136001e+03   2.1653050e+03   2.1951191e+03   2.5880996e+03   2.8489785e+03   2.2513035e+03   2.3608876e+03   2.4101676e+03
   2.3798548e+03   1.6981310e+03   1.8006066e+03   2.7235120e+03   1.9327116e+03   2.1418631e+03   2.1701226e+03   2.6151098e+03   2.3302853e+03   2.4694273e+03   1.9419971e+03   1.6580649e+03   2.1424860e+03   1.9166125e+03   2.6387613e+03   2.4009929e+03   2.2346326e+03   2.0247971e+03   2.4665941e+03   2.6195591e+03   2.6079462e+03   2.4076150e+03   2.3136001e+03   2.1653050e+03   2.1951191e+03   2.5880996e+03   2.8489785e+03   2.2513035e+03   2.3608876e+03   2.4101676e+03
   2.3798548e+03   1.6981310e+03   1.8006066e+03   2.7235120e+03   1.9327116e+03   2.1418631e+03   2.1701226e+03   2.6151098e+03   2.3302853e+03   2.4694273e+03   1.9419971e+03   1.6580649e+03   2.1424860e+03   1.9166125e+03   2.6387613e+03   2.4009929e+03   2.2346326e+03   2.0247971e+03   2.2350216e+03   2.6195591e+03   2.6079462e+03   2.4076150e+03   2.3136001e+03   2.1653050e+03   2.1332272e+03   2.5880996e+03   2.7773671e+03   2.2513035e+03   2.3608876e+03   2.4045047e+03
   2.3798548e+03   1.6981310e+03   1.8006066e+03   2.6952999e+03   1.9327116e+03   2.1418631e+03   2.1701226e+03   2.4592910e+03   2.3302853e+03   2.4694273e+03   1.9419971e+03   1.6580649e+03   2.1312448e+03   1.9166125e+03   2.6387613e+03   2.4009929e+03   2.2346326e+03   2.0247971e+03   2.2350216e+03   2.6195591e+03   2.6079462e+03   1.8343743e+03   2.3136001e+03   2.1653050e+03   2.1332272e+03   1.9492750e+03   2.7773671e+03   2.2513035e+03   2.3608876e+03   2.4045047e+03
   2.3798548e+03   1.6981310e+03   1.8006066e+03   2.0898433e+03   1.9327116e+03   1.9643493e+03   2.0990182e+03   2.4592910e+03   2.3302853e+03   2.4694273e+03   1.9419971e+03   1.6580649e+03   2.1312448e+03   1.9166125e+03   2.3052516e+03   2.4009929e+03   2.0604318e+03   2.0247971e+03   2.0915395e+03   1.5524315e+03   1.8649001e+03   1.8343743e+03   2.3136001e+03   2.1653050e+03   2.1332272e+03   1.9492750e+03   2.1788885e+03   2.1342219e+03   2.2340192e+03   2.4045047e+03
   2.0123998e+03   1.6981310e+03   1.8006066e+03   2.0898433e+03   1.9327116e+03   1.2710789e+03   2.0990182e+03   2.1245764e+03   1.9157903e+03   2.2802719e+03   1.9419971e+03   1.5510985e+03   2.1312448e+03   1.9166125e+03   2.1281027e+03   2.1901340e+03   2.0454487e+03   1.5192159e+03   1.5704948e+03   1.5524315e+03   1.8649001e+03   1.8343743e+03   2.1782350e+03   2.0752304e+03   2.1332272e+03   1.9492750e+03   2.1788885e+03   2.0647476e+03   2.1804109e+03   1.9030037e+03
   1.6623636e+03   1.6981310e+03   1.6994486e+03   1.7172324e+03   1.7030842e+03   1.2710789e+03   1.4490074e+03   1.5944975e+03   1.7264658e+03   1.7142429e+03   1.1932167e+03   1.5510985e+03   1.6763729e+03   1.5518890e+03   1.7843757e+03   1.8506221e+03   1.7437273e+03   1.5192159e+03   1.5704948e+03   1.5524315e+03   7.2051691e+02   1.6884034e+03   1.7735520e+03   1.6860083e+03   1.5737761e+03   1.7376543e+03   1.7025081e+03   1.6168735e+03   1.6893357e+03   1.7307042e+03
   1.1567814e+03   1.3216823e+03   1.1760042e+03   1.1067263e+03   1.0006765e+03   1.2386694e+03   1.2112472e+03   1.2748156e+03   1.2767671e+03   1.3077280e+03   1.1932167e+03   9.7614825e+02   1.1609519e+03   1.2196909e+03   1.2561355e+03   1.2918234e+03   1.1684087e+03   1.2496486e+03   1.2855875e+03   1.1035518e+03   7.2051691e+02   1.0496895e+03   1.3192039e+03   1.1623688e+03   1.2806437e+03   1.2644248e+03   1.1379893e+03   1.0613258e+03   1.2619391e+03   5.7056609e+02
   6.6851389e+02   7.6291063e+02   6.6937583e+02   6.6557057e+02   6.0560420e+02   7.0042131e+02   6.6937225e+02   6.9994206e+02   6.3155417e+02   7.8081943e+02   6.4940775e+02   8.1459795e+02   6.5501272e+02   7.2938141e+02   7.2123502e+02   7.5111526e+02   7.2191393e+02   7.4516412e+02   7.3085674e+02   3.3203397e+02   6.2460105e+02   7.1849008e+02   7.0062899e+02   7.0769535e+02   7.2488534e+02   7.5888536e+02   3.1403057e+02   6.6925141e+02   6.4909551e+02   5.7056609e+02
   1.5244486e+01   1.7012349e+01   3.0623974e+01   6.9548303e+00   1.2016889e+01   6.9548303e+00   2.5114641e+01   1.0244882e+01   1.8596992e+01   2.1887044e+01   3.6023240e+00   1.0307337e+01   6.9548303e+00   1.1954434e+01   3.6023240e+00   3.7643430e+01   6.8923758e+00   1.0244882e+01   1.8596992e+01   7.0797391e+00   1.8472083e+01   1.6824986e+01   3.5051394e+01   1.0369791e+01   1.3534934e+01   7.0172847e+00   3.1886252e+01   6.8923758e+00   1.0369791e+01   1.8697803e+01
