   4.1997964e+05   7.6613292e+05   1.2669688e+05   6.9003756e+05   2.1936255e+05   7.8627662e+05   9.3625362e+04   2.0371264e+05   4.2938349e+05   1.9438542e+05   3.0893005e+05   7.3894994e+05   1.5958862e+04   1.7968738e+05   1.7298098e+05   7.2753914e+04   5.1165974e+04   3.1770007e+05   4.8541702e+05   2.1140172e+05   6.1328039e+03   1.2623972e+05   4.4050441e+05   6.2882636e+05   1.6673532e+05   2.4208940e+06   9.4562311e+05   6.4095625e+05   8.9776218e+05   3.6398177e+05
   4.1997964e+05   7.6613292e+05   1.2669688e+05   6.9003756e+05   2.1936255e+05   7.8627662e+05   9.3625362e+04   2.0371264e+05   4.2938349e+05   1.9438542e+05   3.0893005e+05   7.3894994e+05   1.5958862e+04   1.7968738e+05   1.7298098e+05   7.2753914e+04   5.1165974e+04   3.1770007e+05   4.8541702e+05   2.1140172e+05   6.1328039e+03   1.2623972e+05   4.4050441e+05   6.2882636e+05   1.6673532e+05   2.4208940e+06   9.4562311e+05   6.4095625e+05   8.9776218e+05   3.6398177e+05
   4.1997964e+05   7.6613292e+05   1.2669688e+05   6.9003756e+05   2.1936255e+05   7.8627662e+05   9.3625362e+04   2.0371264e+05   4.2938349e+05   1.9438542e+05   3.0893005e+05   7.3894994e+05   1.5958862e+04   1.7968738e+05   1.7298098e+05   7.2753914e+04   5.1165974e+04   3.1770007e+05   4.8541702e+05   2.1140172e+05   6.1328039e+03   1.2623972e+05   4.4050441e+05   6.2882636e+05   1.6673532e+05   2.4208940e+06   9.4562311e+05   6.4095625e+05   8.9776218e+05   3.6398177e+05
   4.1997964e+05   7.6613292e+05   1.2669688e+05   6.9003756e+05   2.1936255e+05   7.8627662e+05   9.3625362e+04   2.0371264e+05   4.2938349e+05   1.9438542e+05   3.0893005e+05   7.3894994e+05   1.5958862e+04   1.7968738e+05   1.7298098e+05   7.2753914e+04   5.1165974e+04   3.1770007e+05   4.8541702e+05   2.1140172e+05   6.1328039e+03   1.2623972e+05   4.4050441e+05   6.2882636e+05   1.6673532e+05   2.4208940e+06   9.4562311e+05   6.4095625e+05   8.9776218e+05   3.6398177e+05
   4.1997964e+05   7.6613292e+05   1.2669688e+05   6.9003756e+05   2.1936255e+05   7.8627662e+05   9.3625362e+04   2.0371264e+05   4.2938349e+05   1.9438542e+05   3.0893005e+05   7.3894994e+05   1.5958862e+04   1.7968738e+05   1.7298098e+05   7.2753914e+04   5.1165974e+04   3.1770007e+05   4.8541702e+05   2.1140172e+05   6.1328039e+03   1.2623972e+05   4.4050441e+05   6.2882636e+05   1.6673532e+05   2.4208940e+06   9.4562311e+05   6.4095625e+05   8.9776218e+05   3.6398177e+05
   4.1997964e+05   7.6613292e+05   1.2669688e+05   6.9003756e+05   2.1936255e+05   7.8627662e+05   9.3625362e+04   2.0371264e+05   4.2938349e+05   1.9438542e+05   3.0893005e+05   7.3894994e+05   1.5958862e+04   1.7968738e+05   1.7298098e+05   7.2753914e+04   5.4750017e+03   3.1770007e+05   4.8541702e+05   2.0323549e+05   6.1328039e+03   1.2623972e+05   4.4050441e+05   6.2882636e+05   1.6673532e+05   2.4208940e+06   9.4562311e+05   6.4095625e+05   8.9776218e+05   3.6398177e+05
   4.1997964e+05   7.6613292e+05   1.2669688e+05   6.9003756e+05   2.1936255e+05   7.8627662e+05   9.3625362e+04   2.0371264e+05   4.2938349e+05   1.9438542e+05   3.0893005e+05   7.3894994e+05   1.5958862e+04   1.7968738e+05   1.7298098e+05   7.2753914e+04   1.3703557e+03   3.1770007e+05   4.8541702e+05   2.0323549e+05   6.1328039e+03   1.2623972e+05   4.4050441e+05   6.2882636e+05   1.6673532e+05   2.4208940e+06   9.4562311e+05   6.4095625e+05   8.9776218e+05   3.6398177e+05
   4.1997964e+05   7.6613292e+05   1.2669688e+05   6.9003756e+05   2.1936255e+05   8.4177841e+02   9.3625362e+04   2.0371264e+05   4.2938349e+05   1.9438542e+05   3.0893005e+05   7.3894994e+05   1.5958862e+04   1.7968738e+05   1.7298098e+05   7.2753914e+04   1.2332717e+03   3.1770007e+05   4.3338223e+01   2.0323549e+05   6.1328039e+03   1.2623972e+05   4.4050441e+05   6.2882636e+05   1.6673532e+05   2.4208940e+06   9.4562311e+05   6.4095625e+05   8.9776218e+05   1.0749730e+05
   4.1997964e+05   7.6613292e+05   1.2669688e+05   6.9003756e+05   2.1936255e+05   8.4177841e+02   9.3625362e+04   2.0371264e+05   4.2938349e+05   1.9438542e+05   9.9236442e+01   7.3894994e+05   1.5958862e+04   1.7968738e+05   1.7298098e+05   7.2753914e+04   1.2332717e+03   3.9712690e+03   4.3338223e+01   2.0323549e+05   6.1328039e+03   1.2623972e+05   4.4050441e+05   6.2882636e+05   1.6673532e+05   7.8019109e+04   9.4562311e+05   6.4095625e+05   8.9776218e+05   1.0749730e+05
   4.1997964e+05   4.3556716e+01   6.8951005e+02   6.2798617e+04   1.9350807e+03   1.4456218e+01   4.4513109e+03   1.7152845e+05   3.3370582e+05   1.9438542e+05   8.4745462e+01   4.6144023e+05   1.7344919e+01   1.7968738e+05   2.6736882e+04   7.2753914e+04   1.7576176e+01   3.9712690e+03   4.3338223e+01   2.0323549e+05   1.9826644e+01   7.6108001e+00   1.1350230e+05   7.7907740e+04   1.6673532e+05   7.8019109e+04   6.9863894e+05   1.4990283e+02   8.9776218e+05   1.0749730e+05
   1.0310933e+01   9.2306548e+00   3.4527165e+01   8.8667670e+01   7.7148963e+00   1.4456218e+01   1.0293076e+02   3.7309703e+01   8.9261906e+00   4.3520094e+02   7.9951389e+01   1.3955039e+01   1.7344919e+01   4.5761212e+01   6.8550109e+01   1.0205402e+01   1.2612821e+01   1.6781061e+01   2.7121493e+01   6.2934082e+03   1.9826644e+01   7.6108001e+00   7.5522174e+01   1.5989539e+01   6.2487293e+02   1.0907738e+01   5.1686713e+01   3.3107390e+01   2.0634861e+01   1.5512922e+01
   5.8070830e+00   7.8631456e+00   6.7202985e+00   5.8060774e+00   5.1797564e+00   8.6579074e+00   7.8396042e+00   8.5293843e+00   5.4610543e+00   7.9950394e+00   8.9002855e+00   6.9662318e+00   8.1248447e+00   7.4822649e+00   7.5503093e+00   8.8081371e+00   8.1203069e+00   7.5173111e+00   7.0905576e+00   7.9175352e+00   7.5402216e+00   5.4365344e+00   7.2677797e+00   7.7263406e+00   7.7593376e+00   7.9511779e+00   6.8682344e+00   8.7241061e+00   6.5880669e+00   4.6008446e+00
   5.3666718e+00   5.8763338e+00   5.9537925e+00   5.7680132e+00   5.1797564e+00   5.3561058e+00   5.5132366e+00   4.7905246e+00   4.7921004e+00   5.9365168e+00   6.1775475e+00   5.9733045e+00   5.5890104e+00   6.0300394e+00   5.3051999e+00   4.4451717e+00   4.6005294e+00   5.2747770e+00   6.2263442e+00   5.2843838e+00   3.8096503e+00   5.4365344e+00   4.5460750e+00   6.1845649e+00   5.2774132e+00   5.1339336e+00   4.5077543e+00   4.9827960e+00   5.4390837e+00   4.6008446e+00
   4.6668407e+00   4.0948750e+00   4.3960100e+00   4.4567981e+00   4.1501824e+00   4.7705866e+00   4.2484966e+00   4.4654536e+00   3.4311668e+00   3.7001507e+00   3.9844962e+00   3.9995727e+00   4.5733099e+00   3.9018682e+00   4.4936752e+00   4.4451717e+00   4.2399099e+00   4.1882772e+00   3.5683943e+00   4.5484644e+00   3.8096503e+00   4.2637763e+00   4.1904408e+00   4.7594863e+00   4.4228786e+00   4.3389643e+00   3.5865591e+00   4.5133324e+00   3.2071372e+00   4.3098294e+00
   2.6925774e+00   1.5803092e+00   2.5496853e+00   2.8527939e+00   2.5913100e+00   2.7106997e+00   2.6010288e+00   2.8216781e+00   2.4958464e+00   1.9835984e+00   2.3605750e+00   2.7301388e+00   2.7130056e+00   2.2262885e+00   2.7679222e+00   2.5771783e+00   2.5964632e+00   2.0451091e+00   1.3120209e+00   2.6013384e+00   2.9197546e+00   2.5532745e+00   2.4603302e+00   2.6729800e+00   2.0373578e+00   2.5903653e+00   2.6648711e+00   2.9307345e+00   2.3707937e+00   2.4659386e+00
   5.1555123e-01   5.6423815e-01   5.2492454e-01   2.0694867e-01   3.5500414e-01   7.2436871e-01   3.9911864e-01   4.3574957e-01   4.2260652e-01   4.3909096e-01   3.8652554e-01   5.3883966e-01   2.0678995e-01   4.3601603e-01   4.0463078e-01   3.9545258e-01   6.4572442e-01   5.5612440e-01   3.9495810e-01   4.1567583e-01   2.8099764e-01   3.6629114e-01   4.2595194e-01   5.3618548e-01   4.6297740e-01   3.7895806e-01   5.6147652e-01   2.0839811e-01   4.0250234e-01   5.2858168e-01
