   1.2221923e+03   1.0180646e+03   1.0375277e+03   1.1317180e+03   9.9281133e+02   9.9042743e+02   1.2378789e+03   1.2936379e+03   1.0804902e+03   1.1448759e+03   1.2003464e+03   9.1277257e+02   1.1310966e+03   1.0033116e+03   1.3441689e+03   1.3625746e+03   1.1643862e+03   9.8964961e+02   1.0824199e+03   1.0553592e+03   1.2664722e+03   1.2780306e+03   1.1825432e+03   1.2257730e+03   9.9390781e+02   9.5424483e+02   1.1247768e+03   1.2600149e+03   1.1625578e+03   1.1066864e+03
   1.2221923e+03   1.0180646e+03   1.0375277e+03   1.1317180e+03   9.9281133e+02   9.9042743e+02   1.2378789e+03   1.2936379e+03   1.0804902e+03   1.1448759e+03   1.2003464e+03   9.1277257e+02   1.1310966e+03   1.0033116e+03   1.3441689e+03   1.3625746e+03   1.1643862e+03   9.8964961e+02   1.0824199e+03   1.0553592e+03   1.2664722e+03   1.2780306e+03   1.1825432e+03   1.2257730e+03   9.9390781e+02   9.5424483e+02   1.1247768e+03   1.2600149e+03   1.1625578e+03   1.1066864e+03
   1.2221923e+03   1.0180646e+03   1.0375277e+03   1.1317180e+03   9.9281133e+02   9.9042743e+02   1.2378789e+03   1.2936379e+03   1.0804902e+03   1.1448759e+03   1.2003464e+03   9.1277257e+02   1.1310966e+03   1.0033116e+03   1.3441689e+03   1.3625746e+03   1.1643862e+03   9.8964961e+02   1.0824199e+03   1.0553592e+03   1.2664722e+03   1.2722754e+03   1.1825432e+03   1.2257730e+03   9.9390781e+02   9.5424483e+02   1.1247768e+03   1.2600149e+03   1.1625578e+03   1.1066864e+03
   1.2221923e+03   1.0180646e+03   1.0375277e+03   1.1317180e+03   9.9281133e+02   9.9042743e+02   1.2378789e+03   1.2936379e+03   1.0804902e+03   1.1448759e+03   1.2003464e+03   9.1277257e+02   1.1310966e+03   1.0033116e+03   1.3441689e+03   1.3625746e+03   1.1643862e+03   9.8964961e+02   1.0824199e+03   1.0553592e+03   1.2664722e+03   1.2722754e+03   1.1825432e+03   1.2257730e+03   9.9390781e+02   9.5424483e+02   1.1247768e+03   1.2600149e+03   1.1625578e+03   1.1066864e+03
   1.2221923e+03   1.0180646e+03   1.0375277e+03   1.1317180e+03   9.9281133e+02   9.9042743e+02   1.2378789e+03   1.2936379e+03   1.0804902e+03   1.1448759e+03   1.2003464e+03   9.1277257e+02   1.1310966e+03   1.0033116e+03   1.3441689e+03   1.3625746e+03   1.1643862e+03   9.8964961e+02   1.0824199e+03   1.0553592e+03   1.2664722e+03   1.2722754e+03   1.1825432e+03   1.2257730e+03   9.9390781e+02   9.5424483e+02   1.1247768e+03   1.2600149e+03   1.1625578e+03   1.1066864e+03
   1.2221923e+03   1.0180646e+03   1.0375277e+03   1.1317180e+03   9.9281133e+02   9.9042743e+02   1.2378789e+03   1.2936379e+03   1.0804902e+03   1.1448759e+03   1.2003464e+03   9.1277257e+02   1.1310966e+03   1.0033116e+03   1.3441689e+03   1.3625746e+03   1.1643862e+03   9.8964961e+02   1.0824199e+03   1.0553592e+03   1.2664722e+03   1.2722754e+03   1.1825432e+03   1.2257730e+03   9.9390781e+02   9.5424483e+02   1.1247768e+03   1.2600149e+03   1.1625578e+03   1.1066864e+03
   1.2221923e+03   1.0180646e+03   1.0375277e+03   1.1317180e+03   9.9281133e+02   9.9042743e+02   1.2378789e+03   1.2936379e+03   1.0804902e+03   1.1448759e+03   1.2003464e+03   9.1277257e+02   1.1310966e+03   1.0033116e+03   1.2449995e+03   1.3625746e+03   1.1643862e+03   9.8964961e+02   1.0824199e+03   1.0553592e+03   1.2664722e+03   1.2722754e+03   1.1825432e+03   1.2257730e+03   9.9390781e+02   9.5424483e+02   1.1247768e+03   1.2600149e+03   1.1625578e+03   1.0961366e+03
   1.2221923e+03   1.0180646e+03   1.0375277e+03   1.1317180e+03   9.9281133e+02   9.9042743e+02   1.2378789e+03   1.2936379e+03   1.0804902e+03   1.1448759e+03   8.9373713e+02   9.1277257e+02   1.1310966e+03   1.0033116e+03   1.2449995e+03   1.3625746e+03   1.1643862e+03   9.8964961e+02   1.0824199e+03   1.0553592e+03   1.2664722e+03   1.2722754e+03   1.1825432e+03   6.8030273e+02   9.9390781e+02   9.5424483e+02   1.1247768e+03   9.4421140e+02   1.1625578e+03   7.0859943e+02
   1.2221923e+03   1.0180646e+03   1.0375277e+03   1.1317180e+03   9.9281133e+02   6.6442122e+02   7.2487366e+02   1.2936379e+03   1.0804902e+03   1.1448759e+03   8.9373713e+02   8.9547010e+02   1.1310966e+03   1.0033116e+03   1.2449995e+03   1.3625746e+03   1.1643862e+03   9.8964961e+02   7.7435978e+02   1.0553592e+03   1.2664722e+03   1.0522576e+03   1.1825432e+03   6.8030273e+02   9.9390781e+02   9.5045541e+02   1.1247768e+03   9.4421140e+02   1.1625578e+03   7.0859943e+02
   7.1848825e+02   9.3356352e+02   8.8404369e+02   8.5682770e+02   8.4565225e+02   6.6442122e+02   7.2487366e+02   8.5020320e+02   8.9141494e+02   8.5090952e+02   8.9030583e+02   6.0598366e+02   7.2457813e+02   8.1722589e+02   9.6886927e+02   1.0130044e+03   7.2849387e+02   8.4751608e+02   7.7435978e+02   9.1810460e+02   8.4952567e+02   7.8907269e+02   8.3589098e+02   6.8030273e+02   7.0069343e+02   8.8506860e+02   9.3407375e+02   9.2625554e+02   1.1049981e+03   7.0859943e+02
   6.1195876e+02   5.8908782e+02   5.7834782e+02   5.6551665e+02   5.5962905e+02   5.9804547e+02   6.5185775e+02   6.4472639e+02   6.3365161e+02   5.0595422e+02   5.7752979e+02   5.7986524e+02   5.9029012e+02   5.3547580e+02   6.5793438e+02   5.9783963e+02   5.9421925e+02   6.0415169e+02   5.8519779e+02   6.1024828e+02   6.2909040e+02   5.7945117e+02   6.2598186e+02   6.0217960e+02   5.7846587e+02   5.6650871e+02   6.0974524e+02   5.9393958e+02   6.2678939e+02   6.6774701e+02
   5.3644330e+02   5.3150724e+02   4.9255610e+02   5.1542473e+02   5.1808610e+02   4.7526286e+02   5.2490915e+02   5.3102744e+02   5.3773817e+02   5.0595422e+02   5.4208080e+02   5.0186101e+02   5.3363467e+02   5.1235362e+02   5.1630628e+02   5.0441507e+02   4.9567612e+02   5.5320183e+02   4.9604889e+02   5.0655415e+02   5.1183192e+02   5.2014727e+02   4.9737635e+02   5.1396096e+02   5.0427001e+02   5.0032019e+02   5.4954463e+02   5.0425148e+02   5.2254976e+02   5.2094827e+02
   4.6843208e+02   3.1433824e+02   4.2674427e+02   4.5533368e+02   4.5730194e+02   4.3761164e+02   4.3982940e+02   4.5612527e+02   4.7402773e+02   4.5578269e+02   4.6938959e+02   4.4872801e+02   4.5749306e+02   4.3425138e+02   1.7065749e+02   4.7381153e+02   3.3133715e+02   4.7182510e+02   4.5713182e+02   4.2301503e+02   4.6215725e+02   4.2862937e+02   4.5171023e+02   4.2227635e+02   4.3248326e+02   4.1745032e+02   4.6015360e+02   4.2890018e+02   4.6572942e+02   4.5788551e+02
   4.0631411e+02   1.5339947e+02   3.9780849e+02   3.1200810e+02   4.0335654e+02   4.0071605e+02   4.0696862e+02   1.5376313e+02   4.0664413e+02   1.8073193e+02   3.8618822e+02   4.0516691e+02   1.8429222e+02   4.0095309e+02   1.4831106e+02   2.4318250e+02   2.4820495e+02   3.7683628e+02   3.5544589e+02   3.9859329e+02   4.0506609e+02   4.0038902e+02   2.1143783e+02   3.9884905e+02   4.0041853e+02   4.0003595e+02   4.0254837e+02   4.0043201e+02   4.0567642e+02   4.0709875e+02
   1.0000000e+02   1.0000000e+02   3.9780550e+02   2.0000000e+02   1.0000000e+02   3.9616527e+02   1.0000000e+02   1.0000000e+02   1.0000000e+02   1.0000000e+02   1.0000000e+02   1.0000000e+02   1.0000000e+02   3.6648422e+02   1.0000000e+02   1.0000000e+02   1.0000000e+02   1.0000000e+02   1.0000000e+02   3.9859101e+02   1.0000000e+02   3.9710586e+02   1.0000000e+02   3.9884836e+02   3.9710586e+02   4.0003595e+02   1.0000000e+02   3.9616527e+02   1.0000000e+02   1.0000000e+02
   1.0000000e+02   1.0000000e+02   3.9780550e+02   2.0000000e+02   1.0000000e+02   3.9616527e+02   1.0000000e+02   1.0000000e+02   1.0000000e+02   1.0000000e+02   1.0000000e+02   1.0000000e+02   1.0000000e+02   3.6648422e+02   1.0000000e+02   1.0000000e+02   1.0000000e+02   1.0000000e+02   1.0000000e+02   3.9859101e+02   1.0000000e+02   3.9710586e+02   1.0000000e+02   3.9884836e+02   3.9710586e+02   4.0003595e+02   1.0000000e+02   3.9616527e+02   1.0000000e+02   1.0000000e+02
