   5.6987036e+03   5.6524290e+03   4.1307724e+03   6.5100974e+03   2.5205395e+03   3.8104904e+03   6.5642098e+03   5.3527670e+03   5.8498551e+03   6.9230075e+03   8.0587088e+03   8.2042123e+03   4.1444848e+03   7.3148024e+03   5.0913152e+03   6.8313321e+03   6.7072213e+03   4.0271979e+03   4.6265420e+03   4.7857517e+03   4.9126773e+03   4.1747508e+03   5.6394610e+03   4.4359122e+03   3.3121361e+03   6.4249301e+03   5.2211441e+03   8.1982027e+03   5.5062701e+03   5.3330950e+03
   5.6987036e+03   5.6524290e+03   4.1307724e+03   6.5100974e+03   2.5205395e+03   3.8104904e+03   6.5642098e+03   5.3527670e+03   5.8498551e+03   6.9230075e+03   8.0587088e+03   8.2042123e+03   4.1444848e+03   7.3148024e+03   5.0913152e+03   6.8313321e+03   6.7072213e+03   4.0271979e+03   4.6265420e+03   4.7857517e+03   4.9126773e+03   4.1747508e+03   5.6394610e+03   4.4359122e+03   3.3121361e+03   6.4249301e+03   5.2211441e+03   8.1982027e+03   5.5062701e+03   5.3330950e+03
   5.6987036e+03   5.6524290e+03   4.1307724e+03   6.5100974e+03   2.5205395e+03   3.8104904e+03   6.5642098e+03   5.3527670e+03   5.8498551e+03   6.9230075e+03   8.0587088e+03   8.2042123e+03   4.1444848e+03   7.3148024e+03   5.0913152e+03   6.8313321e+03   6.7072213e+03   4.0271979e+03   4.6265420e+03   4.7857517e+03   4.9126773e+03   4.1747508e+03   5.6394610e+03   4.4359122e+03   3.3121361e+03   6.4249301e+03   5.2211441e+03   8.1982027e+03   5.5062701e+03   5.3330950e+03
   5.6987036e+03   5.6524290e+03   4.1307724e+03   6.5100974e+03   2.5205395e+03   3.8104904e+03   6.5642098e+03   5.3527670e+03   5.8498551e+03   6.9230075e+03   8.0587088e+03   8.2042123e+03   4.1444848e+03   7.3148024e+03   5.0913152e+03   6.8313321e+03   6.7072213e+03   4.0271979e+03   4.6265420e+03   4.7857517e+03   4.9126773e+03   4.1747508e+03   5.6394610e+03   4.4359122e+03   3.3121361e+03   6.4249301e+03   5.2211441e+03   8.1982027e+03   5.5062701e+03   5.3330950e+03
   5.6987036e+03   5.6524290e+03   4.1307724e+03   6.5100974e+03   2.5205395e+03   3.8104904e+03   6.5642098e+03   5.3527670e+03   5.8498551e+03   6.9230075e+03   8.0587088e+03   8.2042123e+03   4.1444848e+03   7.3148024e+03   5.0913152e+03   6.8313321e+03   6.7072213e+03   4.0271979e+03   4.6265420e+03   4.7857517e+03   4.9126773e+03   4.1747508e+03   5.6394610e+03   4.4359122e+03   3.3121361e+03   6.4249301e+03   5.2211441e+03   8.1982027e+03   5.5062701e+03   5.3330950e+03
   5.6987036e+03   5.6524290e+03   4.1307724e+03   6.5100974e+03   2.5205395e+03   3.8104904e+03   6.5642098e+03   5.3527670e+03   5.8498551e+03   6.9230075e+03   8.0587088e+03   8.2042123e+03   4.1444848e+03   7.3148024e+03   5.0913152e+03   6.8313321e+03   6.7072213e+03   4.0271979e+03   4.6265420e+03   4.7857517e+03   4.9126773e+03   4.1747508e+03   5.6394610e+03   4.4359122e+03   3.3121361e+03   6.4249301e+03   5.2211441e+03   8.1982027e+03   5.5062701e+03   5.3330950e+03
   5.6987036e+03   5.6524290e+03   4.1307724e+03   6.5100974e+03   2.5205395e+03   3.8104904e+03   6.5642098e+03   5.3527670e+03   5.8498551e+03   6.9230075e+03   8.0587088e+03   8.2042123e+03   4.1444848e+03   7.3148024e+03   5.0913152e+03   6.8313321e+03   6.7072213e+03   4.0271979e+03   4.6265420e+03   4.7857517e+03   4.9126773e+03   4.1747508e+03   5.2693776e+03   4.4359122e+03   3.3121361e+03   6.4249301e+03   5.2211441e+03   8.1982027e+03   5.5062701e+03   5.3330950e+03
   5.6987036e+03   5.6524290e+03   4.1307724e+03   6.4184524e+03   2.5205395e+03   3.8104904e+03   6.5642098e+03   5.3527670e+03   5.8498551e+03   6.9230075e+03   8.0587088e+03   8.2042123e+03   4.1444848e+03   7.3148024e+03   5.0913152e+03   6.8313321e+03   4.7916652e+03   4.0271979e+03   4.6265420e+03   4.7857517e+03   4.9126773e+03   4.1747508e+03   5.2693776e+03   4.4359122e+03   3.3121361e+03   6.4249301e+03   5.2211441e+03   8.1982027e+03   5.5062701e+03   5.3330950e+03
   5.6987036e+03   5.6524290e+03   4.1307724e+03   6.4184524e+03   2.5205395e+03   3.8104904e+03   6.5642098e+03   5.3527670e+03   2.7901647e+03   6.9230075e+03   8.0587088e+03   8.2042123e+03   4.1444848e+03   5.6580641e+03   5.0913152e+03   5.4749665e+03   4.4207921e+03   4.0271979e+03   4.6265420e+03   4.7857517e+03   4.9126773e+03   4.1747508e+03   5.2693776e+03   4.4359122e+03   3.3121361e+03   6.4249301e+03   3.4858369e+03   8.1982027e+03   5.5062701e+03   5.3330950e+03
   4.8470356e+03   4.4166611e+03   4.1307724e+03   3.3739500e+03   2.5205395e+03   3.7019374e+03   5.7000308e+03   5.3527670e+03   1.3743793e+03   5.7201699e+03   6.3073616e+03   8.0066327e+03   4.1444848e+03   2.2355452e+03   4.4381407e+03   5.4749665e+03   4.4207921e+03   2.4866107e+03   4.6265420e+03   3.0696972e+03   3.8583706e+03   3.6777098e+03   5.0508379e+03   3.1775817e+03   1.8446601e+03   5.5021483e+03   3.4858369e+03   1.3464409e+03   2.3675656e+03   4.0540442e+03
   6.1452445e+02   1.0629637e+03   6.9728669e+02   7.6881896e+02   7.1649299e+02   9.8027277e+02   6.0924309e+02   1.2558012e+03   8.5288698e+02   1.0250575e+03   1.5259944e+03   1.3394514e+03   1.4899398e+03   1.2053863e+03   6.1881195e+02   1.2807672e+03   1.2090984e+03   6.0223531e+02   8.1154901e+02   1.3509610e+03   1.5235152e+03   1.6188643e+03   1.3855210e+03   1.0969847e+03   1.0137225e+03   1.1454264e+03   1.1137507e+03   1.3464409e+03   1.3544958e+03   6.3424258e+02
   6.1452445e+02   4.2249155e+02   4.2488489e+02   6.2768620e+02   5.2771117e+02   6.3711307e+02   4.2083733e+02   5.4386667e+02   6.3552600e+02   5.8489264e+02   4.5851566e+02   5.9725671e+02   4.5204358e+02   4.1975859e+02   5.8152991e+02   6.3211402e+02   4.5251913e+02   5.5699217e+02   5.6578234e+02   5.8961275e+02   5.5233124e+02   5.7658826e+02   6.1594531e+02   5.8638799e+02   5.8960727e+02   5.8351749e+02   6.1395338e+02   5.2221573e+02   6.1914532e+02   5.8614434e+02
   4.1422794e+02   4.1466592e+02   4.1420432e+02   4.1419588e+02   4.1412561e+02   4.1411873e+02   4.1416733e+02   4.1422256e+02   4.1839329e+02   4.1415778e+02   4.1508045e+02   4.1417640e+02   4.1414440e+02   4.1411966e+02   4.1420191e+02   4.8777641e+02   4.1420855e+02   4.1421350e+02   4.1413204e+02   4.1414453e+02   4.1411199e+02   4.1407365e+02   4.1414689e+02   4.1418391e+02   4.1416653e+02   4.1415077e+02   4.1419965e+02   4.1414517e+02   4.5959659e+02   4.1416726e+02
   4.1387514e+02   4.1365734e+02   4.1392874e+02   4.1381329e+02   4.1365844e+02   4.1366149e+02   4.1391556e+02   4.1014580e+02   4.1397710e+02   4.1376840e+02   4.1375792e+02   4.1378374e+02   4.1383310e+02   4.1365734e+02   4.1365838e+02   4.1028544e+02   4.1392783e+02   4.1389950e+02   4.1384663e+02   4.1365734e+02   4.1368326e+02   4.1388087e+02   4.1379739e+02   4.1371500e+02   4.1391145e+02   4.1395147e+02   4.1389304e+02   4.1386641e+02   4.1365877e+02   4.1372622e+02
   4.1365734e+02   4.1365734e+02   4.1365734e+02   4.1365844e+02   4.1365844e+02   4.1365734e+02   4.1365844e+02   4.1001673e+02   4.1003407e+02   4.1365734e+02   4.1365734e+02   4.1365734e+02   4.1365844e+02   4.1365734e+02   4.1365734e+02   4.1004102e+02   4.1367677e+02   4.1365734e+02   4.1365734e+02   4.1365734e+02   4.1365844e+02   4.1365844e+02   4.1365844e+02   4.1365734e+02   4.1365734e+02   4.1037447e+02   4.1365734e+02   4.1365734e+02   4.1365734e+02   4.1365734e+02
   4.1365734e+02   4.1365734e+02   4.1365734e+02   4.1365844e+02   4.1365844e+02   4.1365734e+02   4.1365844e+02   4.1001673e+02   4.1003407e+02   4.1365734e+02   4.1365734e+02   4.1365734e+02   4.1365844e+02   4.1365734e+02   4.1365734e+02   4.1004102e+02   4.1367677e+02   4.1365734e+02   4.1365734e+02   4.1365734e+02   4.1365844e+02   4.1365844e+02   4.1365844e+02   4.1365734e+02   4.1365734e+02   4.1037447e+02   4.1365734e+02   4.1365734e+02   4.1365734e+02   4.1365734e+02
