   9.1657012e+09   8.8854013e+09   1.1134742e+10   1.4593981e+10   9.6091256e+09   8.7212338e+09   1.3064874e+10   1.1058663e+10   1.0601070e+10   8.0220744e+09   1.3806403e+10   1.3354673e+10   7.9965797e+09   1.9355383e+10   7.0051961e+09   1.0005456e+10   1.2232129e+10   1.0258389e+10   1.1090489e+10   1.4910223e+10   9.4752072e+09   8.9302896e+09   7.5777789e+09   1.0373428e+10   1.0320395e+10   1.2723915e+10   1.2417732e+10   6.9306181e+09   1.1866025e+10   1.0314528e+10
   9.1657012e+09   8.8854013e+09   1.1134742e+10   1.4593981e+10   9.6091256e+09   8.7212338e+09   1.3064874e+10   1.1058663e+10   1.0601070e+10   8.0220744e+09   1.3806403e+10   1.3354673e+10   7.9965797e+09   1.9355383e+10   7.0051961e+09   1.0005456e+10   1.2232129e+10   1.0258389e+10   1.1090489e+10   1.4910223e+10   9.4752072e+09   8.9302896e+09   7.5777789e+09   1.0373428e+10   1.0320395e+10   1.2723915e+10   1.2417732e+10   6.9306181e+09   1.1866025e+10   1.0314528e+10
   9.1657012e+09   8.8854013e+09   1.1134742e+10   1.4593981e+10   9.6091256e+09   8.7212338e+09   1.3064874e+10   1.1058663e+10   1.0601070e+10   8.0220744e+09   1.3806403e+10   1.3354673e+10   7.9965797e+09   1.9355383e+10   7.0051961e+09   1.0005456e+10   1.2232129e+10   1.0258389e+10   1.1090489e+10   1.4910223e+10   9.4752072e+09   8.9302896e+09   7.5777789e+09   1.0373428e+10   1.0320395e+10   1.2723915e+10   1.2417732e+10   6.9306181e+09   1.1866025e+10   1.0314528e+10
   9.1657012e+09   8.8854013e+09   1.1134742e+10   1.4593981e+10   9.6091256e+09   8.7212338e+09   1.3064874e+10   1.1058663e+10   1.0601070e+10   8.0220744e+09   1.3806403e+10   1.3354673e+10   7.9965797e+09   1.9355383e+10   7.0051961e+09   1.0005456e+10   1.2232129e+10   1.0258389e+10   1.1090489e+10   1.4910223e+10   9.4752072e+09   8.9302896e+09   7.5777789e+09   1.0373428e+10   1.0320395e+10   1.2723915e+10   1.2417732e+10   6.9306181e+09   1.1866025e+10   1.0314528e+10
   9.1657012e+09   8.8854013e+09   1.1134742e+10   1.4593981e+10   9.6091256e+09   8.7212338e+09   1.3064874e+10   1.1058663e+10   1.0601070e+10   8.0220744e+09   1.3806403e+10   1.3354673e+10   7.9965797e+09   1.9355383e+10   7.0051961e+09   1.0005456e+10   1.2232129e+10   1.0258389e+10   1.1090489e+10   1.4910223e+10   9.4752072e+09   8.9302896e+09   7.5777789e+09   1.0373428e+10   1.0320395e+10   1.2723915e+10   1.2417732e+10   6.9306181e+09   1.1866025e+10   1.0314528e+10
   9.1657012e+09   8.8854013e+09   1.1134742e+10   1.4593981e+10   9.6091256e+09   8.7212338e+09   1.3064874e+10   1.1058663e+10   1.0601070e+10   8.0220744e+09   1.3806403e+10   1.3354673e+10   7.9965797e+09   1.9355383e+10   7.0051961e+09   1.0005456e+10   1.2232129e+10   1.0258389e+10   1.1090489e+10   1.4910223e+10   9.4752072e+09   8.9302896e+09   7.5777789e+09   1.0373428e+10   1.0320395e+10   1.2723915e+10   1.2417732e+10   6.9306181e+09   1.1866025e+10   1.0314528e+10
   9.1657012e+09   8.8854013e+09   1.1134742e+10   1.4593981e+10   9.6091256e+09   8.7212338e+09   8.2331680e+09   1.1058663e+10   1.0601070e+10   8.0220744e+09   1.3806403e+10   1.3354673e+10   7.9965797e+09   1.9355383e+10   7.0051961e+09   1.0005456e+10   1.2232129e+10   1.0258389e+10   1.1090489e+10   1.4910223e+10   9.4752072e+09   8.9302896e+09   7.5777789e+09   1.0373428e+10   1.0320395e+10   1.2723915e+10   1.2417732e+10   6.9306181e+09   1.1866025e+10   1.0314528e+10
   9.1657012e+09   8.8854013e+09   1.1134742e+10   1.4593981e+10   9.6091256e+09   7.1447372e+09   8.2331680e+09   1.1058663e+10   1.0601070e+10   6.0766275e+09   1.3806403e+10   1.3354673e+10   7.9965797e+09   1.9355383e+10   7.0051961e+09   1.0005456e+10   1.2232129e+10   1.0258389e+10   1.1090489e+10   1.4418790e+10   9.4752072e+09   8.2677299e+09   2.3401060e+09   8.6768405e+09   1.0320395e+10   1.2723915e+10   1.2417732e+10   6.9306181e+09   1.1866025e+10   1.0314528e+10
   9.1657012e+09   8.8854013e+09   1.0983807e+09   1.4593981e+10   9.6091256e+09   7.1447372e+09   8.2331680e+09   1.1058663e+10   1.0601070e+10   2.2369762e+09   1.3806403e+10   1.3354673e+10   7.9259289e+09   1.2734395e+10   1.2013270e+09   3.8535445e+09   6.7541293e+09   1.0258389e+10   1.1090489e+10   1.2109744e+10   9.4752072e+09   7.2410626e+08   2.3401060e+09   8.6768405e+09   2.4354973e+09   1.2723915e+10   1.1725873e+10   3.2565228e+09   1.1866025e+10   1.0314528e+10
   5.0007056e+09   1.3470900e+09   8.3739722e+08   4.6547654e+08   6.1380494e+08   4.8936612e+08   1.4039129e+09   8.0551548e+09   5.1735175e+09   2.2369762e+09   7.4139683e+09   8.2195955e+07   1.0820375e+08   1.0470686e+09   8.8906463e+08   3.8535445e+09   5.1915913e+09   1.9105459e+09   3.2803547e+08   2.8140096e+09   1.7328486e+09   7.2410626e+08   1.5224287e+08   9.4309367e+08   1.2893501e+08   2.9221589e+08   1.5797516e+08   4.4946822e+08   3.0595455e+08   1.3380937e+08
   2.3786202e+06   3.3236073e+06   5.8989647e+06   9.4134023e+06   1.0413209e+07   4.7449375e+07   4.4431373e+06   1.2497366e+07   4.1366752e+06   3.6543702e+06   2.9352098e+07   2.2357164e+07   9.2472395e+06   6.5762351e+06   2.4960945e+06   1.6627727e+06   5.4295017e+06   2.8285782e+07   5.2101865e+07   2.8954204e+07   2.5372862e+07   4.5728194e+06   3.2177012e+07   1.4679643e+07   3.7464884e+06   2.4282643e+07   2.7313880e+07   1.9662070e+07   6.2682960e+06   2.4703006e+07
   3.6876106e+04   6.2028002e+03   2.0009313e+04   7.8451634e+03   1.3539793e+04   1.8541012e+04   6.2534892e+03   4.2326315e+04   2.8064868e+03   5.7107767e+03   5.3495603e+04   8.8309055e+03   4.1942422e+03   2.9747051e+04   1.7787873e+04   6.9476799e+03   8.3082603e+03   1.0042749e+05   3.4765973e+04   1.3250442e+04   2.8094681e+03   2.5339484e+04   8.7727587e+03   1.4847493e+04   1.7434767e+04   1.6615955e+04   2.2677010e+04   1.4869982e+04   1.8051111e+04   3.5291014e+04
   8.3614045e-01   2.7464180e-01   9.8674979e-01   1.2292044e+00   3.0601585e-01   5.0274944e-01   2.5707886e-01   6.4786661e-01   1.7752717e-01   1.1314033e-01   5.3186859e-01   2.1721365e+00   1.9259113e-01   1.1935465e+00   3.3445294e-01   5.8047545e-01   1.0067302e-01   3.3307402e-01   8.8765672e-01   1.6973701e-01   1.0487833e-01   1.0153207e-01   3.2560753e-01   1.7236998e-01   1.2623361e+00   2.5663805e-02   2.2598136e-01   1.6682055e+00   5.7918101e-01   7.3194213e-01
   0.0000000e+00   0.0000000e+00   0.0000000e+00   0.0000000e+00   0.0000000e+00   0.0000000e+00   0.0000000e+00   0.0000000e+00   0.0000000e+00   0.0000000e+00   0.0000000e+00   0.0000000e+00   0.0000000e+00   0.0000000e+00   0.0000000e+00   0.0000000e+00   0.0000000e+00   0.0000000e+00   0.0000000e+00   0.0000000e+00   0.0000000e+00   0.0000000e+00   0.0000000e+00   0.0000000e+00   0.0000000e+00   0.0000000e+00   0.0000000e+00   0.0000000e+00   0.0000000e+00   0.0000000e+00
   0.0000000e+00   0.0000000e+00   0.0000000e+00   0.0000000e+00   0.0000000e+00   0.0000000e+00   0.0000000e+00   0.0000000e+00   0.0000000e+00   0.0000000e+00   0.0000000e+00   0.0000000e+00   0.0000000e+00   0.0000000e+00   0.0000000e+00   0.0000000e+00   0.0000000e+00   0.0000000e+00   0.0000000e+00   0.0000000e+00   0.0000000e+00   0.0000000e+00   0.0000000e+00   0.0000000e+00   0.0000000e+00   0.0000000e+00   0.0000000e+00   0.0000000e+00   0.0000000e+00   0.0000000e+00
   0.0000000e+00   0.0000000e+00   0.0000000e+00   0.0000000e+00   0.0000000e+00   0.0000000e+00   0.0000000e+00   0.0000000e+00   0.0000000e+00   0.0000000e+00   0.0000000e+00   0.0000000e+00   0.0000000e+00   0.0000000e+00   0.0000000e+00   0.0000000e+00   0.0000000e+00   0.0000000e+00   0.0000000e+00   0.0000000e+00   0.0000000e+00   0.0000000e+00   0.0000000e+00   0.0000000e+00   0.0000000e+00   0.0000000e+00   0.0000000e+00   0.0000000e+00   0.0000000e+00   0.0000000e+00
