   4.2379341e+02   5.0568814e+02   4.4419760e+02   3.9389905e+02   4.9958747e+02   2.0108084e+02   3.8635397e+02   3.2509598e+02   3.8351792e+02   3.3274788e+02   2.9908262e+02   3.4122414e+02   3.1048523e+02   2.9216039e+02   4.2102329e+02   4.2299995e+02   3.4990649e+02   3.6987529e+02   4.6223317e+02   4.3781046e+02   4.8093977e+02   3.3264617e+02   3.5289318e+02   3.4711313e+02   2.0529084e+02   4.1746871e+02   3.7280447e+02   4.1367640e+02   3.5084194e+02   5.1255777e+02
   4.2379341e+02   5.0568814e+02   4.4419760e+02   3.9389905e+02   4.9958747e+02   2.0108084e+02   3.8635397e+02   3.2509598e+02   3.8351792e+02   3.3274788e+02   2.9908262e+02   3.4122414e+02   3.1048523e+02   2.9216039e+02   4.2102329e+02   4.2299995e+02   3.4990649e+02   3.6987529e+02   4.6223317e+02   4.3781046e+02   4.8093977e+02   3.3264617e+02   3.5289318e+02   3.4711313e+02   2.0529084e+02   4.1746871e+02   3.7280447e+02   4.1367640e+02   3.5084194e+02   5.1255777e+02
   4.2379341e+02   5.0568814e+02   4.4419760e+02   3.9389905e+02   4.9958747e+02   2.0108084e+02   3.8635397e+02   3.2509598e+02   3.8351792e+02   3.3274788e+02   2.9908262e+02   3.4122414e+02   3.1048523e+02   2.9216039e+02   4.2102329e+02   4.2299995e+02   3.4990649e+02   3.6987529e+02   4.6223317e+02   4.3781046e+02   4.8093977e+02   3.3264617e+02   3.5289318e+02   3.4711313e+02   2.0529084e+02   4.1746871e+02   3.7280447e+02   4.1367640e+02   3.5084194e+02   5.1255777e+02
   4.2379341e+02   5.0568814e+02   4.4419760e+02   3.9389905e+02   4.9958747e+02   2.0108084e+02   3.8635397e+02   3.2509598e+02   3.8351792e+02   3.3274788e+02   2.9908262e+02   3.4122414e+02   3.1048523e+02   2.9216039e+02   4.2102329e+02   4.2299995e+02   3.4990649e+02   3.6987529e+02   4.6223317e+02   4.3781046e+02   4.8093977e+02   3.3264617e+02   3.5289318e+02   3.4711313e+02   2.0529084e+02   4.1746871e+02   3.7280447e+02   4.1367640e+02   3.5084194e+02   5.1255777e+02
   4.2379341e+02   5.0568814e+02   4.4419760e+02   3.9389905e+02   4.9958747e+02   2.0108084e+02   3.8635397e+02   3.2509598e+02   3.8351792e+02   3.3274788e+02   2.9908262e+02   3.4122414e+02   3.1048523e+02   2.9216039e+02   4.2102329e+02   4.2299995e+02   3.4990649e+02   3.6987529e+02   4.6223317e+02   4.3781046e+02   4.8093977e+02   3.3264617e+02   3.5289318e+02   3.4711313e+02   2.0529084e+02   4.1746871e+02   3.7280447e+02   4.1367640e+02   3.5084194e+02   5.1255777e+02
   3.0276464e+02   5.0568814e+02   4.4419760e+02   3.9389905e+02   4.9958747e+02   2.0108084e+02   3.8635397e+02   3.2509598e+02   3.8351792e+02   3.3274788e+02   2.9908262e+02   3.4122414e+02   3.1048523e+02   2.9216039e+02   4.2102329e+02   4.2299995e+02   3.4990649e+02   3.6987529e+02   4.6223317e+02   4.3781046e+02   4.8093977e+02   3.3264617e+02   3.5289318e+02   3.4711313e+02   2.0529084e+02   4.1746871e+02   3.7280447e+02   4.1367640e+02   3.5084194e+02   5.1255777e+02
   3.0276464e+02   5.0568814e+02   4.4419760e+02   3.9389905e+02   4.9958747e+02   2.0108084e+02   3.8635397e+02   3.2509598e+02   3.8351792e+02   3.3274788e+02   2.9908262e+02   3.4122414e+02   3.1048523e+02   2.9216039e+02   4.2102329e+02   4.2299995e+02   3.4990649e+02   3.6987529e+02   4.6223317e+02   4.3781046e+02   4.8093977e+02   3.3264617e+02   3.5289318e+02   3.4711313e+02   2.0529084e+02   4.1746871e+02   3.7280447e+02   4.1367640e+02   3.5084194e+02   5.1255777e+02
   3.0276464e+02   5.0568814e+02   4.4419760e+02   3.9389905e+02   4.9958747e+02   2.0108084e+02   1.8592338e+02   3.2509598e+02   3.8351792e+02   3.3274788e+02   2.9908262e+02   3.4122414e+02   3.1048523e+02   2.9216039e+02   4.2102329e+02   4.2299995e+02   2.5782485e+02   3.6987529e+02   4.6223317e+02   4.3781046e+02   4.8093977e+02   3.3264617e+02   3.3846171e+02   3.4711313e+02   2.0529084e+02   4.1746871e+02   3.7280447e+02   4.1367640e+02   3.5084194e+02   3.8901062e+02
   3.0276464e+02   2.1477294e+02   4.3079446e+02   3.9389905e+02   2.7046010e+02   2.0108084e+02   1.7413004e+02   3.2509598e+02   3.2668648e+02   3.3274788e+02   2.7026441e+02   2.0505805e+02   3.1048523e+02   2.9216039e+02   4.2102329e+02   3.1657743e+02   2.0791888e+02   2.2137692e+02   2.2174683e+02   2.6515432e+02   1.1567391e+02   2.3295484e+02   3.3846171e+02   3.0439776e+02   2.0529084e+02   4.1746871e+02   2.5233077e+02   2.5808648e+02   3.5084194e+02   2.2066627e+02
   1.7846779e+02   2.0218813e+02   1.0626503e+02   1.6400570e+02   1.9244975e+02   8.4640614e+01   1.1879570e+02   2.1491896e+02   2.1114446e+02   2.2571848e+02   1.8677163e+02   1.8162735e+02   1.2221811e+02   1.8401609e+02   2.1104400e+02   1.9370552e+02   1.2380439e+02   1.8864450e+02   1.0021530e+02   1.9179617e+02   1.1567391e+02   2.2381375e+02   1.6352729e+02   1.0363303e+02   2.0350579e+02   1.3241031e+02   1.4949112e+02   1.5299147e+02   1.4981677e+02   1.2912958e+02
   1.0748055e+02   9.6670350e+01   9.1230098e+01   1.0352237e+02   1.0683563e+02   8.4640614e+01   6.2502990e+01   8.9276553e+01   9.9761148e+01   9.9841965e+01   9.9751838e+01   8.7073178e+01   1.0606920e+02   9.1142877e+01   1.1635620e+02   5.1347188e+01   9.8208544e+01   9.2834498e+01   5.4743320e+01   8.5680954e+01   8.4440138e+01   1.0880954e+02   6.2835355e+01   9.5552111e+01   8.0041263e+01   9.2743639e+01   7.8492488e+01   9.7099611e+01   9.3933193e+01   9.0031145e+01
   6.2020021e+01   6.0944268e+01   4.6031539e+01   7.5143365e+01   5.4353106e+01   5.9757565e+01   6.2502990e+01   6.5821274e+01   5.6523760e+01   5.2332314e+01   2.7502898e+01   7.0611190e+01   3.6205815e+01   4.9777407e+01   3.7423191e+01   5.1347188e+01   6.2793444e+01   7.0307464e+01   4.8778304e+01   5.6882811e+01   6.9634961e+01   6.6414050e+01   5.1408610e+01   7.0760059e+01   5.1541494e+01   5.2649491e+01   5.5566342e+01   5.4138329e+01   5.1259733e+01   2.4812539e+01
   2.4748054e+01   3.3146667e+01   2.0964357e+01   3.8652756e+01   2.9142174e+01   1.6570913e+01   4.1968512e+01   2.5269621e+01   1.9189965e+01   3.0903041e+01   2.5584553e+01   3.1920733e+01   2.1300372e+01   2.5531694e+01   1.7405821e+01   2.0831450e+01   3.1411735e+01   3.0048658e+01   2.1902434e+01   2.8893477e+01   2.6883168e+01   3.0577249e+01   2.7184803e+01   3.1042314e+01   3.3690706e+01   4.0928081e+01   1.9473419e+01   2.7440358e+01   1.5267220e+01   2.1794765e+01
   1.0873680e+01   1.0873696e+01   1.0873691e+01   1.8793463e+01   1.2202189e+01   1.0873682e+01   1.9022815e+01   1.0873685e+01   9.2993203e+00   1.7490326e+01   1.0348025e+01   1.0873681e+01   1.0873681e+01   1.0873680e+01   1.2567567e+01   1.2951599e+01   1.0873691e+01   1.0873701e+01   1.0873681e+01   1.4650737e+01   1.5118738e+01   1.0873744e+01   1.4749250e+01   1.3195467e+01   1.7502822e+01   1.5863335e+01   1.0873680e+01   1.7853046e+01   1.4626779e+01   1.5619746e+01
   1.0873679e+01   1.0873679e+01   1.0873679e+01   1.0874972e+01   1.0873689e+01   1.0873679e+01   3.3574408e-07   1.0873679e+01   9.2993203e+00   7.5096844e-07   0.0000000e+00   1.0873679e+01   1.0873679e+01   1.0873679e+01   7.4662431e+00   0.0000000e+00   1.0873679e+01   1.0873679e+01   1.0873679e+01   4.3416501e-08   2.3001760e-03   1.0873679e+01   4.3504172e-07   1.0873685e+01   4.0152469e-03   9.4208701e-07   1.0873679e+01   1.2734054e+00   1.9899426e+00   9.3003263e-08
   1.0873679e+01   1.0873679e+01   1.0873679e+01   0.0000000e+00   0.0000000e+00   1.0873679e+01   0.0000000e+00   1.0873679e+01   9.9495906e-01   0.0000000e+00   0.0000000e+00   1.0873679e+01   1.0873679e+01   1.0873679e+01   0.0000000e+00   0.0000000e+00   1.0873679e+01   1.0873679e+01   1.0873679e+01   0.0000000e+00   0.0000000e+00   1.0873679e+01   0.0000000e+00   0.0000000e+00   0.0000000e+00   0.0000000e+00   1.0873679e+01   0.0000000e+00   1.9899181e+00   0.0000000e+00
