   1.6366545e+05   2.2428418e+05   2.9950123e+05   4.3227127e+05   2.5043666e+05   3.4111844e+05   1.9628693e+05   4.4044795e+05   7.2248845e+04   2.4376639e+05   1.4191788e+05   2.5220975e+05   1.8270660e+05   2.1948588e+05   1.5721507e+05   1.8313161e+05   2.3772505e+05   1.7227138e+05   1.1052117e+05   3.5784815e+05   4.5282254e+04   7.9124561e+04   2.0067719e+05   1.6309576e+05   2.7510700e+05   9.9769798e+04   1.9553913e+05   2.6722225e+05   1.3704656e+05   3.5143712e+05
   1.6366545e+05   2.2428418e+05   2.9950123e+05   4.3227127e+05   2.5043666e+05   3.4111844e+05   1.9628693e+05   4.4044795e+05   7.2248845e+04   2.4376639e+05   1.4191788e+05   2.5220975e+05   1.8270660e+05   2.1948588e+05   1.5721507e+05   1.8313161e+05   2.3772505e+05   1.7227138e+05   1.1052117e+05   3.5784815e+05   4.5282254e+04   7.9124561e+04   2.0067719e+05   1.6309576e+05   2.7510700e+05   9.9769798e+04   1.9553913e+05   2.6722225e+05   1.3704656e+05   3.5143712e+05
   1.6366545e+05   2.2428418e+05   2.9950123e+05   4.3227127e+05   2.5043666e+05   3.4111844e+05   1.9628693e+05   4.4044795e+05   7.2248845e+04   2.4376639e+05   1.4191788e+05   2.5220975e+05   1.8270660e+05   2.1948588e+05   1.5721507e+05   1.8313161e+05   2.3772505e+05   1.7227138e+05   1.1052117e+05   3.5784815e+05   4.5282254e+04   7.9124561e+04   2.0067719e+05   1.6309576e+05   2.7510700e+05   9.9769798e+04   1.9553913e+05   2.6722225e+05   1.3704656e+05   3.5143712e+05
   1.6366545e+05   2.2428418e+05   2.9950123e+05   4.3227127e+05   2.5043666e+05   3.4111844e+05   1.9628693e+05   4.4044795e+05   7.2248845e+04   2.4376639e+05   1.4191788e+05   2.5220975e+05   1.8270660e+05   2.1948588e+05   1.5721507e+05   1.8313161e+05   2.3772505e+05   1.7227138e+05   1.1052117e+05   3.5784815e+05   4.5282254e+04   7.9124561e+04   2.0067719e+05   1.6309576e+05   2.7510700e+05   9.9769798e+04   1.9553913e+05   2.6722225e+05   1.3704656e+05   3.5143712e+05
   1.6366545e+05   2.2428418e+05   2.9950123e+05   4.3227127e+05   2.5043666e+05   3.4111844e+05   1.9628693e+05   4.4044795e+05   7.2248845e+04   1.1528965e+05   1.4191788e+05   2.5220975e+05   1.8270660e+05   2.1948588e+05   1.5721507e+05   1.8313161e+05   2.3772505e+05   1.7227138e+05   1.1052117e+05   3.5784815e+05   4.5282254e+04   7.9124561e+04   2.0067719e+05   1.6309576e+05   2.7510700e+05   9.9769798e+04   1.9553913e+05   2.6722225e+05   1.3704656e+05   3.5143712e+05
   1.6366545e+05   2.2428418e+05   1.0613670e+05   4.3227127e+05   2.5043666e+05   3.4111844e+05   1.9628693e+05   4.4044795e+05   7.2248845e+04   1.1528965e+05   1.4191788e+05   2.5220975e+05   1.8270660e+05   2.1948588e+05   1.5721507e+05   1.8313161e+05   2.3772505e+05   1.7227138e+05   1.1052117e+05   3.5784815e+05   4.5282254e+04   7.9124561e+04   2.0067719e+05   1.6309576e+05   2.7510700e+05   9.9769798e+04   1.9553913e+05   2.6722225e+05   1.3704656e+05   3.5143712e+05
   1.6366545e+05   2.2428418e+05   1.0613670e+05   4.3227127e+05   2.5043666e+05   3.4111844e+05   1.9628693e+05   4.1513458e+05   7.2248845e+04   1.1528965e+05   1.4191788e+05   2.5220975e+05   1.8270660e+05   2.1948588e+05   1.5721507e+05   1.8313161e+05   2.3772505e+05   1.7227138e+05   1.1052117e+05   3.5784815e+05   4.5282254e+04   7.9124561e+04   2.0067719e+05   1.6309576e+05   2.7510700e+05   9.9769798e+04   1.9553913e+05   2.6722225e+05   8.5587740e+04   3.5143712e+05
   1.6366545e+05   2.2428418e+05   1.0613670e+05   4.3227127e+05   2.5043666e+05   3.4111844e+05   1.9628693e+05   4.1513458e+05   7.2248845e+04   1.1528965e+05   1.4191788e+05   2.5220975e+05   1.8270660e+05   2.1948588e+05   1.5721507e+05   1.8313161e+05   2.3772505e+05   1.7227138e+05   1.1052117e+05   3.5784815e+05   4.5282254e+04   7.9124561e+04   2.0067719e+05   1.6309576e+05   2.7510700e+05   9.9769798e+04   1.9553913e+05   2.6722225e+05   8.5587740e+04   3.5143712e+05
   1.6366545e+05   9.4978477e+04   7.6999855e+04   4.3227127e+05   2.5043666e+05   8.8033829e+04   1.9628693e+05   4.1513458e+05   7.2248845e+04   1.1528965e+05   1.4191788e+05   2.5220975e+05   1.8270660e+05   2.1948588e+05   1.5721507e+05   1.8313161e+05   2.3772505e+05   1.7227138e+05   1.1052117e+05   3.5784815e+05   4.5282254e+04   7.9124561e+04   2.0067719e+05   1.6309576e+05   2.7510700e+05   9.9769798e+04   1.6709308e+05   1.8712966e+05   8.5587740e+04   6.3586760e+04
   1.5786481e+05   7.6258577e+04   7.3369844e+04   1.3900300e+05   1.5968559e+05   5.7278002e+02   1.9628693e+05   3.9975656e+04   5.9296287e+04   2.6316296e+03   3.5143980e+04   8.2458924e+04   1.8270660e+05   1.7114371e+04   1.1830521e+05   1.8313161e+05   6.0135661e+04   5.0562629e+04   1.1052117e+05   1.5764790e+05   4.5282254e+04   7.9124561e+04   1.2964910e+04   1.6309576e+05   2.4923181e+04   7.3373653e+04   1.2238772e+05   1.8712966e+05   8.5587740e+04   1.1370845e+04
   1.2224500e+02   7.8231046e+03   4.0838988e+03   1.4137740e+02   1.2645301e+03   2.8973331e+02   1.0608674e+03   8.2548018e+01   1.6483708e+03   9.3295828e+02   9.2285606e+03   9.2639508e+02   3.8052156e+03   3.3943405e+03   6.7198744e+01   1.4495639e+03   3.0220550e+02   2.8062135e+04   4.6010438e+03   1.7920006e+04   1.7233990e+02   2.0603001e+03   1.2964910e+04   1.6096487e+04   1.4188487e+04   8.4979728e+03   2.6674665e+03   1.5805434e+03   8.2777552e+03   1.7155307e+03
   2.5212232e+01   3.8227421e+01   2.9618920e+01   2.2392800e+01   2.3886045e+01   2.1012726e+01   2.3279563e+01   2.2499555e+01   1.9691413e+01   1.3853949e+01   2.1023896e+01   1.5534920e+01   2.4604151e+01   2.2892057e+01   2.3580363e+01   2.5700620e+01   2.9157038e+01   1.9875302e+01   3.2058987e+01   2.6447803e+01   3.0619063e+01   1.9886597e+01   3.3610820e+01   2.6090493e+01   3.0896736e+01   2.0925790e+01   3.0490999e+01   2.5780847e+01   3.1049736e+01   2.7522999e+01
   8.0732071e+00   1.3496742e+01   1.2707511e+01   1.3327773e+01   1.2531583e+01   1.3601207e+01   5.6164321e+00   1.3169221e+01   1.1052508e+01   1.2623653e+01   1.3073471e+01   1.4317441e+01   1.3081775e+01   1.2618921e+01   1.2976845e+01   1.3252657e+01   1.1194552e+01   1.1695563e+01   1.2698484e+01   1.3899368e+01   1.3339175e+01   1.3942685e+01   1.2016183e+01   1.1503729e+01   1.3242276e+01   1.3847678e+01   1.2782756e+01   1.2170099e+01   1.3549340e+01   1.3406294e+01
   5.5742628e+00   6.2010553e+00   5.3864929e+00   6.2910621e+00   6.5146031e+00   6.0993837e+00   5.6164321e+00   5.8979270e+00   6.1784062e+00   6.1641448e+00   3.0792998e+00   6.5734052e+00   6.3311071e+00   5.7831038e+00   5.5066592e+00   5.9929548e+00   6.5253341e+00   6.5666627e+00   6.2208754e+00   6.4359969e+00   6.2441429e+00   6.4523627e+00   5.9535520e+00   4.7865475e+00   6.1339456e+00   6.8901483e+00   6.2410999e+00   6.4448861e+00   7.2757182e+00   6.3113041e+00
   2.3143378e+00   2.1552758e+00   2.2555865e+00   1.9863056e+00   2.2100041e+00   2.1187884e+00   2.2594181e+00   2.1489973e+00   2.1421622e+00   2.1811088e+00   2.1485250e+00   2.1361387e+00   2.1625761e+00   2.1427860e+00   1.9772982e+00   2.1257988e+00   2.0399489e+00   2.0132715e+00   1.9934988e+00   1.5694132e+00   2.1490233e+00   2.2992331e+00   2.2873801e+00   2.0958361e+00   2.1556916e+00   2.1944714e+00   2.1526784e+00   2.0940758e+00   2.1471375e+00   2.2184905e+00
   2.4861492e-01   1.7896090e-01   4.4226404e-01   5.2993907e-01   2.8075908e-01   4.8739266e-01   4.6363959e-01   4.5351635e-01   4.3385787e-01   4.8875590e-01   5.3257496e-01   4.2158679e-01   3.6972378e-01   3.1974368e-01   4.3663495e-01   2.4891274e-01   5.3157798e-01   5.2744111e-01   4.3560460e-01   4.0201776e-01   1.4844242e-01   3.8085140e-01   4.9075430e-01   1.8327744e-01   3.4408759e-01   4.5048769e-01   4.6937014e-01   4.7568615e-01   3.2509661e-01   4.5855794e-01
