   1.0128958e+03   1.3129326e+03   1.2061835e+03   1.1481521e+03   1.4155528e+03   1.3023081e+03   1.2311995e+03   1.3881118e+03   8.8959472e+02   1.2068523e+03   1.4376958e+03   1.2791120e+03   1.1329847e+03   1.0826304e+03   1.2673649e+03   1.0490036e+03   9.8716445e+02   1.0000747e+03   9.1492267e+02   1.3985140e+03   1.2089222e+03   1.3550803e+03   1.1888572e+03   1.0855838e+03   1.3307601e+03   7.5154999e+02   1.2138507e+03   1.2847696e+03   1.1922181e+03   1.4571353e+03
   1.0128958e+03   1.3129326e+03   1.2061835e+03   1.1481521e+03   1.4155528e+03   1.3023081e+03   1.2311995e+03   1.3881118e+03   8.8959472e+02   1.2068523e+03   1.4376958e+03   1.2791120e+03   1.1329847e+03   1.0826304e+03   1.2673649e+03   1.0490036e+03   9.8716445e+02   1.0000747e+03   9.1492267e+02   1.3985140e+03   1.2089222e+03   1.3550803e+03   1.1888572e+03   1.0855838e+03   1.3307601e+03   7.5154999e+02   1.2138507e+03   1.2847696e+03   1.1922181e+03   1.4571353e+03
   1.0128958e+03   1.2697900e+03   1.2061835e+03   1.1481521e+03   1.4155528e+03   1.3023081e+03   1.2311995e+03   1.3881118e+03   8.8959472e+02   1.2068523e+03   1.4376958e+03   1.2791120e+03   1.1329847e+03   1.0826304e+03   1.2673649e+03   1.0490036e+03   9.8716445e+02   1.0000747e+03   9.1492267e+02   1.3985140e+03   1.2089222e+03   1.3550803e+03   1.1888572e+03   1.0855838e+03   1.3307601e+03   7.5154999e+02   1.2138507e+03   1.2847696e+03   1.1922181e+03   1.4571353e+03
   1.0128958e+03   1.2697900e+03   1.2061835e+03   1.1481521e+03   1.4155528e+03   1.3023081e+03   1.2311995e+03   1.2784364e+03   8.8959472e+02   1.2068523e+03   1.4376958e+03   1.2791120e+03   1.1329847e+03   1.0826304e+03   1.2673649e+03   1.0490036e+03   9.8716445e+02   1.0000747e+03   9.1492267e+02   1.3985140e+03   1.2089222e+03   1.3550803e+03   1.1888572e+03   1.0855838e+03   1.3307601e+03   7.5154999e+02   1.2138507e+03   1.2847696e+03   1.1922181e+03   1.4571353e+03
   1.0128958e+03   1.2697900e+03   1.2061835e+03   1.1481521e+03   1.4155528e+03   1.3023081e+03   1.2311995e+03   1.2784364e+03   8.8959472e+02   1.2068523e+03   1.4376958e+03   1.2791120e+03   1.1329847e+03   1.0826304e+03   1.2673649e+03   1.0490036e+03   9.8716445e+02   1.0000747e+03   9.1492267e+02   1.3985140e+03   1.2089222e+03   1.3550803e+03   1.1888572e+03   1.0855838e+03   1.3307601e+03   7.5154999e+02   1.2138507e+03   1.2847696e+03   1.1922181e+03   1.4571353e+03
   1.0128958e+03   1.2697900e+03   1.2061835e+03   1.1481521e+03   1.4155528e+03   1.3023081e+03   1.2311995e+03   1.2784364e+03   8.8959472e+02   1.2068523e+03   1.4376958e+03   1.2791120e+03   1.1329847e+03   1.0826304e+03   1.2673649e+03   1.0490036e+03   9.8716445e+02   1.0000747e+03   9.1492267e+02   1.3985140e+03   1.2089222e+03   1.3550803e+03   1.1888572e+03   1.0855838e+03   1.3307601e+03   7.5154999e+02   1.2138507e+03   1.2847696e+03   1.1922181e+03   1.4571353e+03
   1.0128958e+03   1.2697900e+03   1.2061835e+03   1.1481521e+03   1.4155528e+03   1.3023081e+03   1.2311995e+03   1.2784364e+03   8.8959472e+02   1.2068523e+03   1.3106462e+03   1.2791120e+03   1.1329847e+03   1.0826304e+03   1.2673649e+03   1.0490036e+03   9.8716445e+02   1.0000747e+03   9.1492267e+02   1.3985140e+03   1.2037553e+03   1.3550803e+03   1.1888572e+03   1.0855838e+03   1.3307601e+03   7.5154999e+02   1.2138507e+03   1.2847696e+03   1.1922181e+03   1.4571353e+03
   1.0128958e+03   1.2697900e+03   1.2061835e+03   1.1481521e+03   1.4155528e+03   1.3023081e+03   1.2311995e+03   1.2784364e+03   8.8959472e+02   1.2068523e+03   1.3106462e+03   1.2791120e+03   1.1329847e+03   8.5657730e+02   1.2673649e+03   1.0490036e+03   9.8716445e+02   1.0000747e+03   9.1492267e+02   1.3985140e+03   1.2037553e+03   1.3550803e+03   1.1888572e+03   1.0855838e+03   1.3307601e+03   7.5154999e+02   1.2138507e+03   1.2847696e+03   1.1711738e+03   1.4571353e+03
   9.6959109e+02   9.8223987e+02   1.2061835e+03   1.1481521e+03   1.3761904e+03   1.0143348e+03   1.2311995e+03   1.2784364e+03   8.8959472e+02   1.2068523e+03   8.6779351e+02   1.0455777e+03   1.1329847e+03   8.5657730e+02   1.2673649e+03   1.0490036e+03   9.8716445e+02   1.0000747e+03   9.1492267e+02   1.2853376e+03   1.1328077e+03   1.3550803e+03   1.1888572e+03   1.0855838e+03   1.3307601e+03   7.5154999e+02   1.2138507e+03   8.7450879e+02   1.1711738e+03   1.4571353e+03
   7.3867419e+02   8.2605362e+02   5.3211291e+02   8.6376878e+02   7.6926981e+02   5.0729181e+02   4.3250202e+02   5.0211616e+02   6.2424529e+02   8.6125608e+02   7.0168298e+02   7.7148941e+02   9.2871665e+02   6.7176431e+02   7.8423090e+02   9.3244706e+02   9.2207401e+02   7.8369517e+02   8.5739768e+02   5.1402360e+02   6.9409289e+02   6.5835540e+02   9.4901367e+02   7.6778922e+02   8.2064094e+02   7.5154999e+02   2.8943933e+02   8.7450879e+02   8.4182517e+02   8.2647996e+02
   3.3449410e+02   3.4011896e+02   3.3706600e+02   2.3576790e+02   2.8304755e+02   3.3766369e+02   2.3440788e+02   2.7038311e+02   3.1643951e+02   3.6568431e+02   2.8922993e+02   3.7375654e+02   3.3337691e+02   3.2744519e+02   3.6934904e+02   3.7362876e+02   4.0483892e+02   3.5974062e+02   3.2349067e+02   2.5454155e+02   3.2294815e+02   2.6123289e+02   3.0811304e+02   3.2526343e+02   3.3486707e+02   3.4448134e+02   2.8555347e+02   3.7539001e+02   2.5418107e+02   2.4561674e+02
   2.0386701e+02   1.6365985e+02   1.7973168e+02   1.6463510e+02   1.9306669e+02   1.8260242e+02   1.8979628e+02   1.8900525e+02   1.4135922e+02   1.5697880e+02   1.9277079e+02   1.7506346e+02   1.8425946e+02   1.9366315e+02   1.8014303e+02   1.8061537e+02   1.7342468e+02   1.4348329e+02   1.9399410e+02   1.7413567e+02   1.4098953e+02   1.8699815e+02   1.9481015e+02   1.9285980e+02   1.8417028e+02   1.7695827e+02   1.7295246e+02   2.0025069e+02   1.7641733e+02   1.8962342e+02
   9.2880687e+01   7.2864118e+01   7.4459868e+01   8.9441116e+01   8.5476346e+01   6.2061391e+01   8.4210025e+01   7.5549585e+01   6.7479120e+01   7.9637853e+01   7.8519323e+01   6.8669109e+01   7.7001591e+01   4.4849502e+01   4.6101953e+01   6.6172261e+01   9.4691945e+01   8.5817935e+01   7.4372646e+01   7.8398649e+01   7.9603675e+01   9.0230501e+01   8.9814844e+01   8.3729672e+01   7.0313479e+01   1.0059232e+02   5.4926211e+01   7.4998085e+01   9.0602328e+01   7.6798725e+01
   2.0161882e+01   2.0161784e+01   2.0161813e+01   2.0161756e+01   2.0161779e+01   3.1790275e+01   2.0162233e+01   2.5656917e+01   2.0161952e+01   3.0473672e+01   4.2056056e+01   2.0161905e+01   2.0162078e+01   2.1889347e+01   2.0162057e+01   2.0161817e+01   2.0161859e+01   2.0161744e+01   2.0162066e+01   1.6958980e+01   2.0162383e+01   2.0162100e+01   2.0161817e+01   3.1440034e+01   2.0161962e+01   2.0161949e+01   2.0162190e+01   2.0161838e+01   2.0162475e+01   2.0162070e+01
   2.0161728e+01   2.0161728e+01   2.0161728e+01   2.0161728e+01   2.0161728e+01   0.0000000e+00   2.0161728e+01   9.9495906e-01   2.0161728e+01   9.9495906e-01   0.0000000e+00   2.0161728e+01   2.0161728e+01   0.0000000e+00   2.0161728e+01   2.0161728e+01   2.0161728e+01   2.0161728e+01   2.0161728e+01   2.9848772e+00   2.0161728e+01   2.0161728e+01   2.0161728e+01   0.0000000e+00   2.0161728e+01   2.0161728e+01   2.0161728e+01   2.0161728e+01   2.0161728e+01   2.0161728e+01
   2.0161728e+01   2.0161728e+01   2.0161728e+01   2.0161728e+01   2.0161728e+01   0.0000000e+00   2.0161728e+01   9.9495906e-01   2.0161728e+01   9.9495906e-01   0.0000000e+00   2.0161728e+01   2.0161728e+01   0.0000000e+00   2.0161728e+01   2.0161728e+01   2.0161728e+01   2.0161728e+01   2.0161728e+01   2.9848772e+00   2.0161728e+01   2.0161728e+01   2.0161728e+01   0.0000000e+00   2.0161728e+01   2.0161728e+01   2.0161728e+01   2.0161728e+01   2.0161728e+01   2.0161728e+01
