   1.5255453e+03   2.2384079e+03   2.8750479e+03   2.6629026e+03   1.2304764e+03   1.8022833e+03   1.7972057e+03   2.9036619e+03   1.3615107e+03   2.7506123e+03   2.2462223e+03   9.4741482e+02   1.8947295e+03   2.3295219e+03   1.9061801e+03   3.4579533e+03   1.6020642e+03   1.8299340e+03   3.1160795e+03   1.8184858e+03   2.6946441e+03   3.2227083e+03   2.3439486e+03   1.7060978e+03   2.1325997e+03   1.9380457e+03   3.3627001e+03   1.8411460e+03   1.5245537e+03   1.9651697e+03
   1.5255453e+03   2.2384079e+03   2.8750479e+03   2.6629026e+03   1.2304764e+03   1.8022833e+03   1.7972057e+03   2.9036619e+03   1.3615107e+03   2.4238615e+03   2.2462223e+03   9.4741482e+02   1.8947295e+03   2.3295219e+03   1.9061801e+03   3.4579533e+03   1.6020642e+03   1.8299340e+03   3.1160795e+03   1.8184858e+03   2.6946441e+03   3.2227083e+03   2.3439486e+03   1.7060978e+03   2.1325997e+03   1.9380457e+03   3.3627001e+03   1.8411460e+03   1.5245537e+03   1.9651697e+03
   1.5255453e+03   2.2384079e+03   2.8750479e+03   2.6629026e+03   1.2304764e+03   1.8022833e+03   1.7972057e+03   2.9036619e+03   1.3615107e+03   2.4238615e+03   2.2462223e+03   9.4741482e+02   1.8947295e+03   2.3295219e+03   1.5157194e+03   3.4579533e+03   1.6020642e+03   1.8299340e+03   3.1160795e+03   1.8184858e+03   2.6946441e+03   3.2227083e+03   2.3439486e+03   1.7060978e+03   2.1325997e+03   1.9380457e+03   3.3627001e+03   1.8411460e+03   1.5245537e+03   1.9651697e+03
   1.5255453e+03   2.2384079e+03   2.8750479e+03   2.6629026e+03   1.2304764e+03   1.8022833e+03   1.7972057e+03   2.9036619e+03   1.3615107e+03   2.4238615e+03   2.2462223e+03   9.4741482e+02   1.8947295e+03   2.3295219e+03   1.5157194e+03   3.4579533e+03   1.6020642e+03   1.8299340e+03   3.1160795e+03   1.8184858e+03   2.6946441e+03   3.2227083e+03   2.3439486e+03   1.7060978e+03   2.1325997e+03   1.9380457e+03   3.3627001e+03   1.8411460e+03   1.5245537e+03   1.9651697e+03
   1.5255453e+03   2.2384079e+03   2.8750479e+03   2.3320078e+03   1.2304764e+03   1.8022833e+03   1.7972057e+03   2.9036619e+03   1.3615107e+03   2.4238615e+03   2.2462223e+03   9.4741482e+02   1.8947295e+03   2.3295219e+03   1.5157194e+03   3.4579533e+03   1.6020642e+03   1.8299340e+03   3.1160795e+03   1.8184858e+03   2.6946441e+03   3.2227083e+03   2.3439486e+03   1.7060978e+03   2.1325997e+03   1.9380457e+03   3.3627001e+03   1.8411460e+03   1.5245537e+03   1.9651697e+03
   1.5255453e+03   2.2384079e+03   2.8750479e+03   2.3320078e+03   1.2304764e+03   1.8022833e+03   1.7972057e+03   2.9036619e+03   1.3615107e+03   2.4238615e+03   2.2462223e+03   9.4741482e+02   1.8947295e+03   2.3295219e+03   1.5157194e+03   3.4579533e+03   1.6020642e+03   1.8299340e+03   3.1160795e+03   1.8184858e+03   2.6946441e+03   3.2227083e+03   2.3439486e+03   1.7060978e+03   2.1325997e+03   1.9380457e+03   3.3627001e+03   1.8411460e+03   1.5245537e+03   1.9651697e+03
   1.5255453e+03   2.2384079e+03   2.8750479e+03   2.3320078e+03   1.2304764e+03   1.8022833e+03   1.7972057e+03   2.9036619e+03   1.3615107e+03   2.4238615e+03   2.2462223e+03   9.4741482e+02   1.8947295e+03   2.3295219e+03   1.5157194e+03   3.4579533e+03   1.6020642e+03   1.8299340e+03   3.1160795e+03   1.8184858e+03   2.6946441e+03   3.2227083e+03   2.3439486e+03   1.7060978e+03   2.1325997e+03   1.9380457e+03   3.3627001e+03   1.8411460e+03   1.5245537e+03   1.9651697e+03
   1.5255453e+03   2.2384079e+03   2.8750479e+03   2.3320078e+03   1.2304764e+03   1.8022833e+03   1.7972057e+03   2.9036619e+03   1.3615107e+03   2.4238615e+03   2.2462223e+03   9.4741482e+02   1.8947295e+03   2.3295219e+03   1.5157194e+03   3.4579533e+03   1.6020642e+03   1.8299340e+03   3.1160795e+03   1.8184858e+03   2.6946441e+03   3.2227083e+03   2.3439486e+03   1.7060978e+03   2.1325997e+03   1.9380457e+03   3.3627001e+03   1.8411460e+03   1.5245537e+03   1.9651697e+03
   1.5255453e+03   1.5802930e+03   2.8750479e+03   2.3320078e+03   1.2304764e+03   1.8022833e+03   1.7972057e+03   2.9036619e+03   1.3615107e+03   2.4238615e+03   2.2462223e+03   9.4741482e+02   1.8947295e+03   2.3295219e+03   1.5157194e+03   3.4086857e+03   1.6020642e+03   1.8299340e+03   6.5840627e+02   1.0552322e+03   1.4879961e+03   3.2227083e+03   2.3439486e+03   1.7060978e+03   1.5050403e+03   1.9380457e+03   3.3627001e+03   1.8411460e+03   1.5245537e+03   1.9651697e+03
   1.3564613e+03   2.3798811e+02   9.8552653e+02   6.5603312e+02   1.2090608e+03   1.2229766e+03   3.8095493e+02   1.6044679e+03   1.3615107e+03   1.1327829e+03   1.3811522e+03   4.7747546e+02   1.3970625e+03   3.6194901e+02   1.5157194e+03   1.1573157e+03   8.9732674e+02   5.8480920e+02   5.6112448e+02   4.9584801e+02   1.4243839e+03   2.4102655e+03   2.0850292e+02   1.3805500e+03   4.7394821e+02   4.9242308e+02   6.4901412e+02   1.5813858e+03   9.8328995e+02   7.6133434e+02
   3.4596219e+02   2.0740239e+02   1.2084165e+02   2.5775636e+02   1.4898498e+02   1.0128767e+02   2.0110527e+02   2.8377442e+02   1.9286323e+02   1.9360450e+02   3.1365339e+02   1.7603352e+02   2.8533073e+02   2.7297680e+02   2.1603081e+02   2.6186082e+02   4.0944396e+02   3.3091323e+02   2.2322594e+02   1.4840336e+02   2.6133522e+02   3.7214827e+02   2.0850292e+02   1.5415324e+02   2.2297624e+02   2.7753053e+02   2.0491119e+02   2.3700007e+02   1.4614566e+02   2.8302354e+02
   7.1173486e+01   1.0877021e+02   1.1217508e+02   1.1420881e+02   1.1813260e+02   6.6502628e+01   1.1266150e+02   5.6914770e+01   1.0944872e+02   6.5295846e+01   1.1739889e+02   1.1169184e+02   7.4980200e+01   1.1529532e+02   1.1549059e+02   1.2060472e+02   5.7760680e+01   8.0519370e+01   7.7969610e+01   1.1620905e+02   1.0812834e+02   1.1134730e+02   1.0347193e+02   1.1593921e+02   5.5362591e+01   5.5297394e+01   1.2099868e+02   9.4784405e+01   7.0585623e+01   1.1635156e+02
   5.1373905e+01   5.0294156e+01   5.0952418e+01   5.1496280e+01   5.1999200e+01   5.1401919e+01   5.1310470e+01   5.1679376e+01   5.0522108e+01   5.1756133e+01   5.4315732e+01   5.2040429e+01   5.1133794e+01   5.1855327e+01   5.1633051e+01   5.1874547e+01   5.1551978e+01   5.1804206e+01   5.1547055e+01   5.1475592e+01   5.1568162e+01   5.1386045e+01   5.1681230e+01   5.2080950e+01   5.1572101e+01   5.1371989e+01   5.1660845e+01   5.1375760e+01   5.1521859e+01   5.1761786e+01
   4.9459057e+01   4.9281558e+01   4.9172607e+01   4.9152627e+01   4.9197799e+01   4.9255911e+01   4.9219591e+01   4.9406920e+01   4.9216036e+01   4.9290825e+01   4.9231971e+01   4.9217512e+01   4.9323269e+01   4.9285454e+01   4.9390772e+01   4.9266840e+01   4.9244162e+01   4.9238557e+01   4.9115218e+01   4.9247758e+01   4.9354546e+01   4.9255913e+01   4.9400142e+01   4.9194821e+01   4.9309087e+01   4.9092607e+01   4.9415918e+01   4.9327088e+01   4.9345165e+01   4.9373685e+01
   4.8753223e+01   4.8753221e+01   4.8753325e+01   4.8753221e+01   4.8753325e+01   4.8753221e+01   4.8753221e+01   4.8775636e+01   4.8753325e+01   4.8847523e+01   4.8753221e+01   4.8753221e+01   4.8753330e+01   4.8753221e+01   4.8753221e+01   4.8759677e+01   4.8831580e+01   4.8824292e+01   4.8753325e+01   4.8775636e+01   4.8818852e+01   4.8753221e+01   4.8770077e+01   4.8753221e+01   4.8753350e+01   4.8753221e+01   4.8755284e+01   4.8782813e+01   4.8776830e+01   4.8753221e+01
   4.8753221e+01   4.8753221e+01   4.8753325e+01   4.8753221e+01   4.8753325e+01   4.8753221e+01   4.8753221e+01   4.8775636e+01   4.8753325e+01   4.8753325e+01   4.8753221e+01   4.8753221e+01   4.8753325e+01   4.8753221e+01   4.8753221e+01   4.8753325e+01   4.8753221e+01   4.8753221e+01   4.8753325e+01   4.8775636e+01   4.8753325e+01   4.8753221e+01   4.8753221e+01   4.8753221e+01   4.8753325e+01   4.8753221e+01   4.8753221e+01   4.8753221e+01   4.8753221e+01   4.8753221e+01
