   3.0893792e+06   4.2871115e+06   1.7320625e+06   4.3346244e+05   1.3295964e+06   1.5804629e+06   7.2283689e+06   3.7076895e+06   1.5018707e+06   2.2580496e+06   8.7621866e+05   4.6533037e+06   1.0584922e+06   3.5846187e+06   1.3018619e+05   6.9987092e+05   4.7827791e+05   5.9440425e+06   9.7148586e+05   7.8615333e+05   4.0993984e+06   4.6409474e+06   4.1832819e+06   5.2746699e+05   1.4139095e+06   4.3186013e+05   6.7610019e+06   2.4356471e+06   4.5243303e+05   1.9744476e+06
   3.0893792e+06   4.2871115e+06   1.7320625e+06   4.3346244e+05   1.3295964e+06   1.5804629e+06   7.2283689e+06   3.7076895e+06   1.5018707e+06   2.2580496e+06   8.7621866e+05   4.6533037e+06   1.0584922e+06   3.5846187e+06   1.3018619e+05   6.9987092e+05   4.7827791e+05   5.9440425e+06   9.7148586e+05   7.8615333e+05   4.0993984e+06   4.6409474e+06   4.1832819e+06   5.2746699e+05   1.4139095e+06   4.3186013e+05   6.7610019e+06   2.4356471e+06   4.5243303e+05   1.9744476e+06
   3.0893792e+06   4.2871115e+06   1.7320625e+06   4.3346244e+05   1.3295964e+06   1.5804629e+06   7.2283689e+06   3.7076895e+06   1.5018707e+06   2.2580496e+06   8.7621866e+05   4.6533037e+06   1.0584922e+06   3.5846187e+06   1.3018619e+05   6.9987092e+05   4.7827791e+05   5.9440425e+06   9.7148586e+05   7.8615333e+05   4.0993984e+06   4.6409474e+06   4.1832819e+06   5.2746699e+05   1.4139095e+06   4.3186013e+05   6.7610019e+06   2.4356471e+06   4.5243303e+05   1.9744476e+06
   3.0893792e+06   4.2871115e+06   1.7320625e+06   4.3346244e+05   1.3295964e+06   1.5804629e+06   7.2283689e+06   3.7076895e+06   1.5018707e+06   2.2580496e+06   8.7621866e+05   4.6533037e+06   1.0584922e+06   3.5846187e+06   1.3018619e+05   6.9987092e+05   4.7827791e+05   5.9440425e+06   9.7148586e+05   7.8615333e+05   4.0993984e+06   4.6409474e+06   4.1832819e+06   5.2746699e+05   1.4139095e+06   4.3186013e+05   6.7610019e+06   2.4356471e+06   4.5243303e+05   1.9744476e+06
   3.0893792e+06   4.2871115e+06   1.7320625e+06   4.3346244e+05   1.3295964e+06   1.5804629e+06   7.2283689e+06   3.7076895e+06   1.5018707e+06   2.2580496e+06   8.7621866e+05   4.6533037e+06   1.0584922e+06   3.5846187e+06   1.3018619e+05   6.9987092e+05   4.7827791e+05   5.9440425e+06   9.7148586e+05   7.8615333e+05   4.0993984e+06   4.6409474e+06   4.1832819e+06   5.2746699e+05   1.4139095e+06   4.3186013e+05   6.7610019e+06   2.4356471e+06   4.5243303e+05   1.9744476e+06
   3.0893792e+06   4.2871115e+06   1.7320625e+06   4.3346244e+05   1.3295964e+06   1.5804629e+06   7.2283689e+06   3.7076895e+06   6.8006625e+05   2.2580496e+06   8.7621866e+05   4.6533037e+06   1.0584922e+06   3.5846187e+06   1.3018619e+05   6.9987092e+05   4.7827791e+05   5.9440425e+06   9.7148586e+05   7.8615333e+05   4.0993984e+06   4.6409474e+06   4.1832819e+06   5.2746699e+05   1.4139095e+06   4.3186013e+05   6.7610019e+06   2.4356471e+06   4.5243303e+05   1.9744476e+06
   3.0893792e+06   4.2871115e+06   1.7320625e+06   4.3346244e+05   1.3295964e+06   1.5804629e+06   7.2283689e+06   3.7076895e+06   6.8006625e+05   2.2580496e+06   8.7621866e+05   4.6533037e+06   1.0584922e+06   3.5846187e+06   1.3018619e+05   6.9987092e+05   4.7827791e+05   5.9440425e+06   9.7148586e+05   7.8615333e+05   4.0993984e+06   4.6409474e+06   4.1832819e+06   5.2746699e+05   1.4139095e+06   4.3186013e+05   6.7610019e+06   2.4356471e+06   4.5243303e+05   1.9744476e+06
   3.0893792e+06   4.2871115e+06   1.7320625e+06   4.3346244e+05   1.3295964e+06   1.5804629e+06   7.2283689e+06   3.7076895e+06   6.8006625e+05   2.2580496e+06   8.7621866e+05   4.6533037e+06   1.0584922e+06   3.5846187e+06   2.9089162e+04   6.9987092e+05   4.7827791e+05   4.2590424e+04   9.7148586e+05   7.8615333e+05   4.0993984e+06   4.6409474e+06   4.1832819e+06   8.3716424e+04   1.4139095e+06   4.3186013e+05   6.7610019e+06   2.4356471e+06   4.5243303e+05   1.9744476e+06
   3.0893792e+06   4.2871115e+06   1.7320625e+06   4.3346244e+05   1.3295964e+06   1.5804629e+06   7.2283689e+06   3.7076895e+06   6.8006625e+05   2.2580496e+06   8.7621866e+05   4.6533037e+06   1.0584922e+06   1.7065623e+06   2.9089162e+04   6.9987092e+05   4.7827791e+05   4.2590424e+04   9.7148586e+05   7.8615333e+05   4.0993984e+06   4.6409474e+06   4.1832819e+06   8.3716424e+04   1.4139095e+06   4.3186013e+05   6.7610019e+06   1.0279700e+06   4.5243303e+05   1.9744476e+06
   3.0893792e+06   4.2871115e+06   1.7320625e+06   4.3346244e+05   1.3295964e+06   1.5804629e+06   1.2792928e+05   3.7076895e+06   6.8006625e+05   2.2580496e+06   8.7621866e+05   4.6533037e+06   1.0584922e+06   1.7065623e+06   2.9089162e+04   2.6486977e+04   3.0816540e+05   4.2590424e+04   9.7148586e+05   7.8615333e+05   4.0993984e+06   4.6409474e+06   9.7936523e+03   8.3716424e+04   4.9773340e+05   4.3186013e+05   3.9819783e+05   1.0279700e+06   4.5243303e+05   1.9744476e+06
   1.9549192e+06   4.2871115e+06   4.8731042e+05   4.3346244e+05   4.3749673e+04   5.5858499e+04   1.2792928e+05   3.2564998e+06   6.8006625e+05   4.9452181e+03   8.7621866e+05   1.4002218e+06   1.0584922e+06   1.7065623e+06   2.9089162e+04   1.0923202e+04   3.0816540e+05   4.2590424e+04   9.7148586e+05   1.8729043e+04   7.4099470e+05   3.4908886e+03   9.7936523e+03   8.3716424e+04   4.9773340e+05   4.3186013e+05   3.9819783e+05   8.4732312e+04   4.5243303e+05   1.2662158e+06
   3.3355407e+04   1.8534563e+04   2.0718867e+03   1.4551978e+03   4.3749673e+04   1.8736851e+04   1.2792928e+05   1.3954403e+03   8.1910695e+02   2.8348139e+03   4.2514504e+03   1.1043968e+03   1.8446293e+03   8.1021134e+04   2.9089162e+04   1.8646041e+03   5.4371549e+02   6.3934337e+03   1.1681156e+03   6.7701959e+03   1.7673936e+03   8.9980986e+02   1.7233351e+03   6.7492507e+03   1.6432913e+03   2.1601856e+04   4.8244250e+04   2.2485628e+03   1.1587779e+03   4.3806072e+04
   9.5571700e+02   7.0005199e+02   3.8425774e+02   1.9020198e+02   1.4102249e+02   7.8754230e+02   4.9999752e+02   5.7974071e+02   5.4167270e+02   3.7831320e+02   6.1465635e+02   4.1226372e+02   8.1781374e+02   4.7947440e+02   1.1784392e+03   9.1921754e+02   5.4371549e+02   1.4035589e+03   6.2710981e+02   1.1318259e+03   1.2512005e+03   6.7156154e+02   5.7761970e+02   8.1058592e+02   1.2128704e+03   3.5263866e+02   3.9619960e+02   4.7757094e+02   6.9959674e+02   1.0690390e+03
   2.0513016e+02   1.7991505e+02   4.2357688e+01   4.9401896e+01   1.4102249e+02   1.8271570e+02   2.4579291e+02   1.4974236e+02   1.7988815e+02   2.0747687e+02   2.3980193e+02   1.9579106e+02   1.6643454e+02   8.3709912e+01   2.8481334e+02   5.9482524e+01   2.3800960e+02   7.9003756e+01   2.4745632e+02   5.6690702e+01   7.8449513e+01   2.4863143e+02   8.3771473e+01   4.4714313e+01   2.0407551e+02   1.4171479e+02   1.9642665e+02   1.3188404e+02   2.9225222e+02   6.3231884e+01
   2.0515426e+00   1.7338642e+00   3.8855810e-01   2.6191195e-01   1.3524993e+00   1.2586169e+00   6.7236039e-01   9.8990282e-01   1.0677704e+00   1.9865114e+00   1.1399201e+00   1.0500643e+00   1.5242715e+00   8.3998339e-01   1.8536948e+00   1.4513792e+00   1.1589339e+00   3.6320327e-01   2.0804792e+00   2.8372596e+00   1.7780494e+00   7.6598001e-01   5.6446318e-01   8.8554581e-01   9.5835416e-01   1.5735902e+00   1.1491305e+00   4.5795732e-01   3.5154945e+00   2.3016285e+00
   3.7177872e-01   2.5894394e-04   7.4800532e-06   1.2771569e-02   3.1473488e-01   5.4227167e-04   3.1632929e-01   1.0599381e-02   3.1512781e-01   9.8947104e-03   2.1425702e-01   5.1833700e-03   4.6878726e-05   3.1260268e-01   2.1140535e-03   3.3573828e-01   3.1389964e-01   3.1633952e-03   7.6580712e-04   7.0751594e-07   4.0812580e-01   1.6700743e-02   9.6084618e-03   6.1078313e-01   6.2570324e-01   1.7146507e-01   3.1942956e-01   4.1454433e-03   1.5619337e-03   1.7574376e-03
