   5.4486607e+07   2.4995623e+07   5.6028197e+07   1.3682592e+07   3.0334439e+07   9.2317545e+07   1.7100918e+07   2.3120020e+07   3.6844041e+07   3.9702839e+07   6.2200826e+07   5.4869129e+07   3.4564194e+07   2.2814801e+07   4.8080544e+07   7.2016845e+07   7.4003297e+07   7.2883169e+07   1.1902616e+07   4.1585480e+07   4.6196313e+07   9.1659665e+07   9.4021772e+07   2.3151682e+07   4.1585480e+07   4.5527299e+07   1.3390675e+08   6.1023243e+07   4.2009390e+07   3.7591370e+07
   5.4486607e+07   2.4995623e+07   5.6028197e+07   1.3682592e+07   3.0334439e+07   9.2317545e+07   1.7100918e+07   2.3120020e+07   3.6844041e+07   3.9702839e+07   6.2200826e+07   5.4869129e+07   3.4564194e+07   2.2814801e+07   4.8080544e+07   7.2016845e+07   7.4003297e+07   7.2883169e+07   1.1902616e+07   4.1585480e+07   4.6196313e+07   9.1659665e+07   9.4021772e+07   2.3151682e+07   4.1585480e+07   4.5527299e+07   1.3390675e+08   6.1023243e+07   4.2009390e+07   3.7591370e+07
   5.4486607e+07   2.4995623e+07   5.6028197e+07   1.3682592e+07   3.0334439e+07   9.2317545e+07   1.7100918e+07   2.3120020e+07   3.6844041e+07   3.9702839e+07   6.2200826e+07   5.4869129e+07   3.4564194e+07   2.2814801e+07   4.8080544e+07   7.2016845e+07   7.4003297e+07   7.2883169e+07   1.1902616e+07   4.1585480e+07   4.6196313e+07   9.1659665e+07   9.4021772e+07   2.3151682e+07   4.1585480e+07   4.5527299e+07   1.3390675e+08   6.1023243e+07   4.2009390e+07   3.7591370e+07
   5.4486607e+07   2.4995623e+07   5.6028197e+07   1.3682592e+07   3.0334439e+07   9.2317545e+07   1.7100918e+07   2.3120020e+07   3.6844041e+07   3.9702839e+07   6.2200826e+07   5.4869129e+07   3.4564194e+07   2.2814801e+07   4.8080544e+07   7.2016845e+07   7.4003297e+07   7.2883169e+07   1.1902616e+07   4.1585480e+07   4.6196313e+07   9.1659665e+07   9.4021772e+07   2.3151682e+07   4.1585480e+07   4.5527299e+07   1.3390675e+08   6.1023243e+07   4.2009390e+07   3.7591370e+07
   5.4486607e+07   2.4995623e+07   5.6028197e+07   1.3682592e+07   3.0334439e+07   9.2317545e+07   1.7100918e+07   2.3120020e+07   3.6844041e+07   3.9702839e+07   6.2200826e+07   5.4869129e+07   3.4564194e+07   2.2814801e+07   4.8080544e+07   7.2016845e+07   7.4003297e+07   7.2883169e+07   1.1902616e+07   4.1585480e+07   4.6196313e+07   9.1659665e+07   9.4021772e+07   2.3151682e+07   4.1585480e+07   4.5527299e+07   1.3390675e+08   6.1023243e+07   4.2009390e+07   3.7591370e+07
   5.4486607e+07   2.4995623e+07   5.6028197e+07   1.3682592e+07   3.0334439e+07   9.2317545e+07   1.7100918e+07   2.3120020e+07   3.6844041e+07   3.9702839e+07   6.2200826e+07   5.4869129e+07   3.4564194e+07   2.2814801e+07   4.8080544e+07   7.2016845e+07   7.4003297e+07   7.2883169e+07   1.1902616e+07   4.1585480e+07   4.6196313e+07   9.1659665e+07   9.4021772e+07   2.3151682e+07   4.1585480e+07   4.5527299e+07   1.3390675e+08   6.1023243e+07   4.2009390e+07   3.7591370e+07
   5.4486607e+07   2.4995623e+07   5.6028197e+07   1.3682592e+07   3.0334439e+07   9.2317545e+07   1.7100918e+07   2.3120020e+07   3.6844041e+07   3.9702839e+07   6.2200826e+07   5.4869129e+07   3.4564194e+07   2.2814801e+07   4.8080544e+07   7.2016845e+07   7.4003297e+07   7.2883169e+07   1.1902616e+07   4.1585480e+07   4.6196313e+07   9.1659665e+07   9.4021772e+07   2.3151682e+07   4.1585480e+07   4.5527299e+07   1.3390675e+08   6.1023243e+07   4.2009390e+07   3.7591370e+07
   5.4486607e+07   2.4995623e+07   5.6028197e+07   1.3682592e+07   3.0334439e+07   9.2317545e+07   1.7100918e+07   2.3120020e+07   3.6844041e+07   3.9702839e+07   6.2200826e+07   5.4869129e+07   3.4564194e+07   2.2814801e+07   4.8080544e+07   7.2016845e+07   7.4003297e+07   7.2883169e+07   1.1902616e+07   4.1585480e+07   4.6196313e+07   9.1659665e+07   9.4021772e+07   2.3151682e+07   4.1585480e+07   4.5527299e+07   4.2309598e+07   6.1023243e+07   4.2009390e+07   3.7591370e+07
   8.8069579e+06   2.4995623e+07   5.6028197e+07   1.3682592e+07   3.0334439e+07   9.2317545e+07   1.7100918e+07   2.3120020e+07   1.8240797e+07   3.9702839e+07   6.2200826e+07   7.3046804e+06   3.4564194e+07   2.2814801e+07   4.8080544e+07   1.3404848e+07   7.4003297e+07   2.0120966e+07   1.1902616e+07   4.1585480e+07   4.6196313e+07   9.1659665e+07   9.4021772e+07   1.6372518e+07   4.1585480e+07   4.5527299e+07   4.2309598e+07   6.1023243e+07   4.2009390e+07   3.7591370e+07
   9.4197131e+04   2.4995623e+07   7.5390633e+05   1.8846170e+06   1.1765392e+06   4.3382983e+06   8.6435494e+06   1.7042994e+06   1.8240797e+07   3.9702839e+07   5.8024126e+06   1.1130866e+06   3.0461024e+07   1.5803774e+06   2.0105616e+06   2.0143144e+06   2.1923594e+06   4.1132903e+05   1.1048679e+06   6.1983259e+06   9.8326391e+05   1.9870455e+06   7.4684036e+05   1.6372518e+07   6.1983259e+06   1.7551945e+06   4.5459929e+05   1.6114164e+06   1.1105576e+07   3.7591370e+07
   2.2993206e+04   6.9068539e+04   1.8847357e+05   1.9474339e+05   1.7325664e+04   4.3302491e+04   2.6251501e+04   9.4489840e+04   4.5109072e+04   1.2233775e+04   1.8105992e+04   1.7330277e+04   3.8343923e+04   2.1482501e+04   1.1996324e+05   2.3463281e+05   6.0967118e+03   5.7112387e+04   1.8552339e+04   1.6577156e+05   4.3982045e+04   1.8928538e+04   1.7734761e+05   4.0698044e+04   1.6577156e+05   6.8549959e+04   6.7255252e+04   3.0067212e+04   1.6014945e+04   1.8089020e+04
   1.4371056e+03   1.5950811e+03   1.8947056e+03   1.8139336e+03   1.6100596e+03   1.3489016e+03   1.6435192e+03   1.8920359e+03   2.0561278e+03   1.7799464e+03   1.7189508e+03   1.6336961e+03   4.4178236e+02   1.7568607e+03   1.5777974e+03   1.7212357e+03   1.2769881e+03   1.7490107e+03   1.9882713e+03   1.6697799e+03   2.1601838e+03   1.5111432e+03   1.8872433e+03   1.7339122e+03   1.6697799e+03   1.7638036e+03   1.9501596e+03   1.7704896e+03   1.3409741e+03   1.9107707e+03
   1.9150306e+02   2.9796542e+02   2.9570584e+02   2.4110218e+02   4.0874244e+02   4.5080260e+02   3.6887287e+02   1.8361594e+02   1.8351711e+02   3.8367336e+02   3.2734128e+02   4.8074435e+02   2.4540778e+02   1.6117497e+02   2.0557528e+02   1.7685941e+02   3.6818059e+02   2.7298883e+02   8.2905289e+01   2.7980529e+02   3.8381204e+02   3.0913992e+02   5.0370559e+02   3.3799667e+02   2.7980529e+02   2.8975092e+02   2.7117305e+02   3.5628878e+02   2.0598472e+02   4.4750090e+02
   7.5132813e-02   8.4449653e-01   9.3669322e-04   1.3999421e-01   1.7254982e-02   1.3953767e-02   1.0373588e-01   9.2430095e-02   3.0312791e-02   3.1798429e+00   1.4035562e-01   9.3273286e-04   3.8006209e-02   7.1027521e-03   1.2081492e-02   1.1723475e+00   1.4125786e+00   4.9023876e-02   5.5829870e-02   1.9244107e-03   1.7338769e-01   2.7994944e-03   2.7780299e+00   1.6078063e+00   1.9244107e-03   1.1326664e-02   1.6546469e-04   1.0273010e-03   1.7896556e-01   1.3010020e-01
   0.0000000e+00   0.0000000e+00   0.0000000e+00   0.0000000e+00   0.0000000e+00   0.0000000e+00   0.0000000e+00   0.0000000e+00   0.0000000e+00   0.0000000e+00   0.0000000e+00   0.0000000e+00   0.0000000e+00   0.0000000e+00   0.0000000e+00   0.0000000e+00   0.0000000e+00   0.0000000e+00   0.0000000e+00   0.0000000e+00   0.0000000e+00   0.0000000e+00   0.0000000e+00   0.0000000e+00   0.0000000e+00   0.0000000e+00   0.0000000e+00   0.0000000e+00   0.0000000e+00   0.0000000e+00
   0.0000000e+00   0.0000000e+00   0.0000000e+00   0.0000000e+00   0.0000000e+00   0.0000000e+00   0.0000000e+00   0.0000000e+00   0.0000000e+00   0.0000000e+00   0.0000000e+00   0.0000000e+00   0.0000000e+00   0.0000000e+00   0.0000000e+00   0.0000000e+00   0.0000000e+00   0.0000000e+00   0.0000000e+00   0.0000000e+00   0.0000000e+00   0.0000000e+00   0.0000000e+00   0.0000000e+00   0.0000000e+00   0.0000000e+00   0.0000000e+00   0.0000000e+00   0.0000000e+00   0.0000000e+00
