   1.0318719e+03   1.2324805e+03   1.3710005e+03   1.6824816e+03   1.7699730e+03   1.2577573e+03   1.2602947e+03   1.1231825e+03   1.7023372e+03   1.7825813e+03   1.7474870e+03   1.5523511e+03   1.3872501e+03   1.6560238e+03   2.1263261e+03   1.8864379e+03   1.1343136e+03   1.5312224e+03   2.3064395e+03   1.6917011e+03   1.7151410e+03   1.4326677e+03   1.5672587e+03   1.7677353e+03   1.6917011e+03   1.5255921e+03   2.0842146e+03   1.5102581e+03   9.6287107e+02   1.4636293e+03
   1.0318719e+03   1.2324805e+03   1.3300597e+03   1.6824816e+03   1.7699730e+03   1.2577573e+03   1.2602947e+03   1.1231825e+03   1.7023372e+03   1.7825813e+03   1.7474870e+03   1.5523511e+03   1.3872501e+03   1.6560238e+03   2.1263261e+03   1.8864379e+03   1.1343136e+03   1.5312224e+03   2.3064395e+03   1.6917011e+03   1.7151410e+03   1.4326677e+03   1.5672587e+03   1.7677353e+03   1.6917011e+03   1.5255921e+03   2.0842146e+03   1.5102581e+03   9.6287107e+02   1.4636293e+03
   1.0318719e+03   1.2324805e+03   1.3300597e+03   1.6824816e+03   1.7699730e+03   1.2577573e+03   1.2602947e+03   1.1231825e+03   1.7023372e+03   1.7825813e+03   1.7474870e+03   1.5523511e+03   1.3872501e+03   1.6560238e+03   2.1263261e+03   1.8864379e+03   1.1343136e+03   1.5312224e+03   2.3064395e+03   1.6917011e+03   1.7151410e+03   1.4326677e+03   1.5672587e+03   1.7677353e+03   1.6917011e+03   1.5255921e+03   2.0842146e+03   1.5102581e+03   9.6287107e+02   1.4636293e+03
   1.0318719e+03   1.2324805e+03   1.3300597e+03   1.6824816e+03   1.7699730e+03   1.2577573e+03   1.2602947e+03   1.1231825e+03   1.7023372e+03   1.7825813e+03   1.7474870e+03   1.5523511e+03   1.3872501e+03   1.6560238e+03   2.1263261e+03   1.8864379e+03   1.1343136e+03   1.5312224e+03   2.3064395e+03   1.6917011e+03   1.7151410e+03   1.4326677e+03   1.5672587e+03   1.7677353e+03   1.6917011e+03   1.5255921e+03   2.0842146e+03   1.5102581e+03   9.6287107e+02   1.4636293e+03
   1.0318719e+03   1.2324805e+03   1.3300597e+03   1.6824816e+03   1.7699730e+03   1.2577573e+03   1.2602947e+03   1.1231825e+03   1.7023372e+03   1.7825813e+03   1.7474870e+03   1.5523511e+03   1.3872501e+03   1.6560238e+03   2.1263261e+03   1.8864379e+03   1.1343136e+03   1.5312224e+03   2.3064395e+03   1.6917011e+03   1.7151410e+03   1.4326677e+03   1.5672587e+03   1.7677353e+03   1.6917011e+03   1.5255921e+03   2.0842146e+03   1.5102581e+03   9.6287107e+02   1.4636293e+03
   1.0318719e+03   1.2324805e+03   1.3300597e+03   1.6824816e+03   1.7699730e+03   1.2577573e+03   1.2602947e+03   1.1231825e+03   1.7023372e+03   1.7825813e+03   1.7474870e+03   1.5523511e+03   1.3872501e+03   1.6560238e+03   2.1263261e+03   1.8864379e+03   1.1343136e+03   1.5312224e+03   2.3064395e+03   1.6917011e+03   1.7151410e+03   1.4326677e+03   1.5672587e+03   1.7677353e+03   1.6917011e+03   1.5255921e+03   2.0842146e+03   1.5102581e+03   9.6287107e+02   1.4636293e+03
   1.0318719e+03   1.2324805e+03   1.3300597e+03   1.6824816e+03   1.7699730e+03   1.2577573e+03   1.2602947e+03   1.1231825e+03   1.7023372e+03   1.7825813e+03   1.7474870e+03   1.5523511e+03   1.3872501e+03   1.6560238e+03   2.1263261e+03   1.8864379e+03   1.1343136e+03   1.5312224e+03   2.3064395e+03   1.6917011e+03   1.7151410e+03   1.4326677e+03   1.5672587e+03   1.7677353e+03   1.6917011e+03   1.5255921e+03   2.0842146e+03   1.5102581e+03   9.6287107e+02   1.4636293e+03
   1.0318719e+03   1.2324805e+03   1.3300597e+03   1.6824816e+03   1.7699730e+03   1.2577573e+03   1.2602947e+03   1.1231825e+03   1.6012549e+03   1.7825813e+03   1.7474870e+03   1.5523511e+03   1.3872501e+03   1.6560238e+03   2.1263261e+03   1.8864379e+03   1.1343136e+03   1.5312224e+03   1.8430687e+03   1.6917011e+03   1.7151410e+03   1.4326677e+03   1.5672587e+03   1.7677353e+03   1.6917011e+03   1.5255921e+03   2.0842146e+03   1.5102581e+03   9.6287107e+02   1.4636293e+03
   7.4349245e+02   1.2324805e+03   1.3300597e+03   1.6824816e+03   1.7699730e+03   1.2577573e+03   1.2602947e+03   1.1231825e+03   1.6012549e+03   1.7825813e+03   1.7474870e+03   9.1743938e+02   1.3872501e+03   1.6560238e+03   2.1263261e+03   1.8864379e+03   6.5870017e+02   1.5312224e+03   1.8430687e+03   1.6917011e+03   1.7151410e+03   1.4326677e+03   9.6210349e+02   1.7677353e+03   1.6917011e+03   1.1157153e+03   1.5359404e+03   1.5102581e+03   9.6287107e+02   1.4636293e+03
   7.4349245e+02   1.2324805e+03   1.3300597e+03   1.5277709e+03   1.6266886e+03   1.2577573e+03   1.2602947e+03   1.1231825e+03   7.0592103e+02   1.5302917e+03   1.3400525e+03   9.1743938e+02   5.3643417e+02   1.6560238e+03   1.5830139e+03   1.8864379e+03   5.9094515e+02   1.4952505e+03   5.2240970e+02   1.6482495e+03   1.0990186e+03   8.0335323e+02   9.6210349e+02   1.5783468e+03   1.6482495e+03   1.1157153e+03   1.3880911e+03   1.5102581e+03   9.6287107e+02   1.4636293e+03
   7.0505191e+02   6.4872153e+02   4.6273105e+02   6.3573554e+02   7.2142729e+02   7.5454048e+02   6.7072027e+02   7.1343637e+02   7.0592103e+02   6.4436226e+02   7.0613463e+02   5.2119302e+02   5.3643417e+02   6.6747624e+02   5.5528973e+02   7.1918966e+02   5.9033574e+02   6.7348976e+02   5.2240970e+02   9.4525636e+02   6.3883529e+02   5.9494810e+02   6.3377549e+02   6.5696038e+02   9.4525636e+02   6.5882719e+02   1.0041794e+03   6.6436288e+02   6.0084080e+02   7.6624707e+02
   4.3041487e+02   4.6140319e+02   4.6273105e+02   5.0150465e+02   4.0331880e+02   5.0550783e+02   5.2410698e+02   5.2644760e+02   4.2529297e+02   5.0222401e+02   5.1882674e+02   4.1514457e+02   5.0281017e+02   5.2523550e+02   5.1896266e+02   5.1551954e+02   5.0850321e+02   5.0670974e+02   4.2369641e+02   5.0818309e+02   4.2818553e+02   5.1481967e+02   4.8201636e+02   4.7587554e+02   5.0818309e+02   4.2797828e+02   4.1878319e+02   4.4812759e+02   5.2282586e+02   5.2375652e+02
   4.0000645e+02   4.0001555e+02   4.0000995e+02   4.0000448e+02   4.0001203e+02   4.0002705e+02   4.0000545e+02   4.0003459e+02   4.0000709e+02   4.0002087e+02   4.0009726e+02   4.0004487e+02   4.0037447e+02   4.0000362e+02   4.0003874e+02   2.0509070e+02   4.0003946e+02   4.0001152e+02   4.0001624e+02   4.0003658e+02   4.0001437e+02   4.0000970e+02   4.0000582e+02   4.0000853e+02   4.0003658e+02   4.0000878e+02   4.0000358e+02   4.0002655e+02   4.0002102e+02   4.0001163e+02
   4.0000000e+02   4.0000000e+02   4.0000000e+02   4.0000000e+02   4.0000000e+02   4.0000000e+02   4.0000000e+02   4.0000000e+02   4.0000000e+02   4.0000000e+02   2.0074677e+02   4.0000000e+02   1.0015581e+02   4.0000000e+02   4.0000000e+02   1.5478262e+02   4.0000000e+02   4.0000000e+02   4.0000000e+02   4.0000000e+02   4.0000000e+02   4.0000000e+02   4.0000000e+02   4.0000000e+02   4.0000000e+02   4.0000000e+02   4.0000000e+02   4.0000000e+02   4.0000000e+02   4.0000000e+02
   4.0000000e+02   4.0000000e+02   4.0000000e+02   4.0000000e+02   4.0000000e+02   4.0000000e+02   4.0000000e+02   4.0000000e+02   4.0000000e+02   4.0000000e+02   2.0000000e+02   4.0000000e+02   1.0000009e+02   4.0000000e+02   4.0000000e+02   1.0000188e+02   4.0000000e+02   4.0000000e+02   4.0000000e+02   4.0000000e+02   4.0000000e+02   4.0000000e+02   4.0000000e+02   4.0000000e+02   4.0000000e+02   4.0000000e+02   4.0000000e+02   4.0000000e+02   4.0000000e+02   4.0000000e+02
   4.0000000e+02   4.0000000e+02   4.0000000e+02   4.0000000e+02   4.0000000e+02   4.0000000e+02   4.0000000e+02   4.0000000e+02   4.0000000e+02   4.0000000e+02   2.0000000e+02   4.0000000e+02   1.0000000e+02   4.0000000e+02   4.0000000e+02   1.0000032e+02   4.0000000e+02   4.0000000e+02   4.0000000e+02   4.0000000e+02   4.0000000e+02   4.0000000e+02   4.0000000e+02   4.0000000e+02   4.0000000e+02   4.0000000e+02   4.0000000e+02   4.0000000e+02   4.0000000e+02   4.0000000e+02
