   5.6337285e+07   4.2331337e+07   2.5503642e+07   1.5975722e+07   5.1506433e+07   1.0950204e+07   5.6670588e+07   2.6491143e+07   3.1991626e+07   5.4964700e+07   2.5018071e+07   9.8958967e+06   2.6588967e+07   7.6883821e+07   3.0711617e+07   1.3637960e+07   3.1828186e+07   2.2857804e+07   2.2049666e+07   4.2282419e+07   4.0203590e+07   7.8767271e+07   4.6877150e+07   6.1132663e+07   4.2282419e+07   3.0462814e+07   4.7191916e+07   5.5595284e+07   5.3886083e+07   5.2893546e+07
   5.6337285e+07   4.2331337e+07   2.5503642e+07   1.5975722e+07   5.1506433e+07   1.0950204e+07   5.6670588e+07   2.6491143e+07   3.1991626e+07   5.4964700e+07   2.5018071e+07   9.8958967e+06   2.6588967e+07   7.6883821e+07   3.0711617e+07   1.3637960e+07   3.1828186e+07   2.2857804e+07   2.2049666e+07   4.2282419e+07   4.0203590e+07   7.8767271e+07   4.6877150e+07   6.1132663e+07   4.2282419e+07   3.0462814e+07   4.7191916e+07   5.5595284e+07   5.3886083e+07   5.2893546e+07
   5.6337285e+07   4.2331337e+07   2.5503642e+07   1.5975722e+07   5.1506433e+07   1.0950204e+07   5.6670588e+07   2.6491143e+07   3.1991626e+07   5.4964700e+07   2.5018071e+07   9.8958967e+06   2.6588967e+07   7.6883821e+07   3.0711617e+07   1.3637960e+07   3.1828186e+07   2.2857804e+07   2.2049666e+07   4.2282419e+07   4.0203590e+07   7.8767271e+07   4.6877150e+07   6.1132663e+07   4.2282419e+07   3.0462814e+07   4.7191916e+07   5.5595284e+07   5.3886083e+07   5.2893546e+07
   5.6337285e+07   4.2331337e+07   2.5503642e+07   1.5975722e+07   5.1506433e+07   1.0950204e+07   5.6670588e+07   2.6491143e+07   3.1991626e+07   5.4964700e+07   2.5018071e+07   9.8958967e+06   2.6588967e+07   7.6883821e+07   3.0711617e+07   1.3637960e+07   3.1828186e+07   2.2857804e+07   2.2049666e+07   4.2282419e+07   4.0203590e+07   7.8767271e+07   4.6877150e+07   6.1132663e+07   4.2282419e+07   3.0462814e+07   4.7191916e+07   5.5595284e+07   5.3886083e+07   5.2893546e+07
   5.6337285e+07   4.2331337e+07   2.5503642e+07   1.5975722e+07   5.1506433e+07   1.0950204e+07   5.6670588e+07   2.6491143e+07   3.1991626e+07   5.4964700e+07   2.5018071e+07   9.8958967e+06   2.6588967e+07   7.6883821e+07   3.0711617e+07   1.3637960e+07   3.1828186e+07   2.2857804e+07   2.2049666e+07   4.2282419e+07   4.0203590e+07   7.8767271e+07   4.6877150e+07   6.1132663e+07   4.2282419e+07   3.0462814e+07   4.7191916e+07   5.5595284e+07   5.3886083e+07   5.2893546e+07
   5.6337285e+07   4.2331337e+07   2.5503642e+07   1.5975722e+07   5.1506433e+07   1.0950204e+07   5.6670588e+07   2.6491143e+07   3.1991626e+07   5.4964700e+07   2.5018071e+07   9.8958967e+06   2.6588967e+07   7.6883821e+07   3.0711617e+07   1.3637960e+07   3.1828186e+07   2.2857804e+07   2.2049666e+07   4.2282419e+07   4.0203590e+07   7.8767271e+07   4.6877150e+07   6.1132663e+07   4.2282419e+07   3.0462814e+07   4.7191916e+07   5.5595284e+07   5.3886083e+07   5.2893546e+07
   5.6337285e+07   4.2331337e+07   2.5503642e+07   1.5975722e+07   5.1506433e+07   1.0950204e+07   5.6670588e+07   2.6491143e+07   3.1991626e+07   5.4964700e+07   2.5018071e+07   9.8958967e+06   2.6588967e+07   7.6883821e+07   3.0711617e+07   1.3637960e+07   3.1828186e+07   2.2857804e+07   2.2049666e+07   4.2282419e+07   4.0203590e+07   7.8767271e+07   4.6877150e+07   6.1132663e+07   4.2282419e+07   3.0462814e+07   4.7191916e+07   5.5595284e+07   5.3886083e+07   5.2893546e+07
   5.6337285e+07   4.2331337e+07   2.5503642e+07   1.5975722e+07   5.1506433e+07   1.0950204e+07   5.6670588e+07   2.6491143e+07   3.1991626e+07   5.4964700e+07   2.5018071e+07   9.8958967e+06   2.6588967e+07   7.6883821e+07   3.0711617e+07   1.3637960e+07   3.1828186e+07   2.2857804e+07   2.2049666e+07   4.2282419e+07   4.0203590e+07   7.8767271e+07   4.6877150e+07   6.1132663e+07   4.2282419e+07   3.0462814e+07   4.7191916e+07   5.5595284e+07   5.3886083e+07   5.2893546e+07
   5.6337285e+07   4.2331337e+07   2.4546162e+07   1.5975722e+07   5.1506433e+07   1.0950204e+07   5.6670588e+07   2.6491143e+07   3.1991626e+07   2.0898578e+07   2.5018071e+07   9.8958967e+06   2.6588967e+07   7.6883821e+07   3.0711617e+07   1.3637960e+07   3.1828186e+07   2.2857804e+07   2.2049666e+07   4.2282419e+07   4.0203590e+07   7.8767271e+07   4.6877150e+07   5.4968715e+07   4.2282419e+07   3.0462814e+07   4.7191916e+07   5.5595284e+07   5.3886083e+07   5.2893546e+07
   5.6337285e+07   4.2331337e+07   1.2971371e+07   1.5975722e+07   5.1506433e+07   1.0950204e+07   5.6670588e+07   2.6491143e+07   3.1991626e+07   2.8387752e+06   1.5599923e+07   9.8958967e+06   2.6588967e+07   7.6883821e+07   3.0711617e+07   1.3637960e+07   2.6100503e+07   4.6069695e+06   2.2049666e+07   4.2282419e+07   4.0203590e+07   2.1388078e+07   4.6877150e+07   5.4968715e+07   4.2282419e+07   3.0462814e+07   4.7191916e+07   3.0139220e+07   5.3886083e+07   5.2893546e+07
   4.8692881e+07   3.9068600e+06   1.2971371e+07   1.5975722e+07   1.2096685e+06   1.0950204e+07   5.2726797e+07   2.6491143e+07   3.1991626e+07   2.8387752e+06   1.5599923e+07   9.8958967e+06   7.3702479e+06   3.4551082e+07   3.0711617e+07   1.3637960e+07   2.5570419e+07   4.1569268e+06   2.2049666e+07   2.1560913e+07   4.0203590e+07   2.1388078e+07   3.9711422e+07   5.4968715e+07   2.1560913e+07   3.0462814e+07   4.7191916e+07   3.0139220e+07   5.1752266e+07   1.6680010e+07
   5.1002535e+06   2.7341313e+05   1.2971371e+07   1.5955512e+07   1.2096685e+06   1.0950204e+07   1.6419009e+07   2.0320730e+07   9.3925502e+06   2.8387752e+06   2.2146542e+06   9.8958967e+06   1.7257838e+06   1.3031822e+07   3.6440216e+06   1.3637960e+07   1.4039075e+07   4.1569268e+06   1.0977237e+07   7.5700595e+06   1.5592766e+07   8.8151517e+06   9.8547569e+05   1.5506238e+07   7.5700595e+06   1.8984595e+07   1.6387262e+07   1.4937721e+07   1.3180121e+07   1.6680010e+07
   1.1165025e+04   2.7341313e+05   2.0335144e+05   1.9392082e+06   6.2842678e+04   1.6691357e+06   1.0327498e+05   1.6191886e+05   8.7845256e+05   6.0190441e+04   1.1373201e+06   3.8418597e+06   1.3165920e+04   1.7221951e+05   6.4281589e+04   3.1585373e+05   4.1335834e+04   1.6235105e+05   9.7788447e+05   2.5066181e+06   2.0013756e+06   2.8310177e+06   9.8547569e+05   1.2652811e+05   2.5066181e+06   2.5376586e+06   5.4604939e+05   1.4617615e+05   2.1082019e+06   4.6597374e+05
   4.1596932e+03   1.0350505e+03   6.6492184e+03   3.4293955e+03   2.0036320e+03   3.4505153e+03   2.6388670e+03   1.2072474e+03   1.8256068e+03   3.1980977e+03   6.7606284e+03   2.0824484e+03   2.4232435e+03   1.7632180e+03   2.9273173e+03   2.6572364e+03   3.5512950e+03   2.5285074e+03   2.2850757e+03   2.4330147e+03   1.6812158e+03   2.3040811e+03   1.4122253e+03   1.2749544e+03   2.4330147e+03   1.9517126e+03   2.0089284e+03   3.2079740e+03   4.2170989e+03   3.3985173e+03
   9.3746359e+02   1.6355719e+02   1.1939494e+01   1.3324750e+02   2.7306539e+02   2.5455357e+02   1.4466421e+02   1.4457642e+02   1.1034385e+03   9.7078443e+02   2.7489275e+02   1.4272344e+02   1.4224800e+02   6.6619114e+02   2.5471585e+02   5.4182070e+02   7.4123478e+02   7.9460396e+02   2.5478388e+01   1.4646742e+01   1.3358529e+02   9.4181516e+02   1.3568660e+02   2.6655078e+02   1.4646742e+01   2.8783484e+01   3.4670526e+02   1.7221982e+02   5.9828220e+02   1.3220466e+02
   2.5849749e+02   1.6355719e+02   1.1939494e+01   1.3324750e+02   2.7301915e+02   2.5454489e+02   1.4427999e+02   1.4457448e+02   2.7779599e+02   2.7143193e+02   2.7489275e+02   1.4269435e+02   1.6843990e+01   1.3382209e+02   2.5471564e+02   1.1765140e+01   7.2769641e+00   2.7455990e+02   2.5476413e+01   1.4645922e+01   3.2162672e+01   6.0738345e+00   1.3568660e+02   1.6045636e+02   1.4645922e+01   2.8783484e+01   2.6212199e+02   1.3270173e+02   2.6575457e+01   1.3219339e+02
