3.91E+03	3.48E+03	2.93E+03	1.43E+03	2.51E+03	3.30E+03	3.77E+03	2.04E+03	2.67E+03	3.51E+03	2.35E+03	3.22E+03	2.28E+03	3.61E+03	2.02E+03	3.61E+03	3.02E+03	2.83E+03	3.41E+03	2.91E+03	3.52E+03	2.59E+03	3.06E+03	1.72E+03	2.61E+03	1.83E+03	2.60E+03	3.03E+03	2.48E+03	2.74E+03
3.91E+03	3.48E+03	2.93E+03	1.43E+03	2.51E+03	3.30E+03	3.77E+03	2.04E+03	2.67E+03	3.51E+03	2.35E+03	3.22E+03	2.28E+03	3.61E+03	2.02E+03	3.61E+03	3.02E+03	2.83E+03	3.41E+03	2.91E+03	3.52E+03	2.59E+03	3.06E+03	1.72E+03	2.61E+03	1.83E+03	2.60E+03	3.03E+03	2.48E+03	2.74E+03
3.91E+03	3.48E+03	2.93E+03	1.43E+03	2.51E+03	3.30E+03	3.77E+03	2.04E+03	2.67E+03	3.51E+03	2.35E+03	3.22E+03	2.28E+03	3.61E+03	2.02E+03	3.61E+03	3.02E+03	2.83E+03	3.41E+03	2.91E+03	3.52E+03	2.59E+03	3.06E+03	1.72E+03	2.61E+03	1.83E+03	2.60E+03	3.03E+03	2.48E+03	2.74E+03
3.91E+03	3.48E+03	2.93E+03	1.43E+03	2.51E+03	3.30E+03	3.77E+03	2.04E+03	2.67E+03	3.51E+03	2.35E+03	3.22E+03	2.28E+03	3.61E+03	2.02E+03	3.61E+03	3.02E+03	2.83E+03	3.41E+03	2.91E+03	3.52E+03	2.59E+03	3.06E+03	1.72E+03	2.61E+03	1.83E+03	2.60E+03	3.03E+03	2.48E+03	2.74E+03
3.91E+03	3.48E+03	2.93E+03	1.43E+03	2.51E+03	3.30E+03	3.77E+03	2.04E+03	2.67E+03	3.51E+03	2.35E+03	3.22E+03	2.28E+03	3.61E+03	2.02E+03	3.61E+03	3.02E+03	2.83E+03	3.41E+03	2.91E+03	3.52E+03	2.59E+03	3.06E+03	1.72E+03	2.61E+03	1.83E+03	2.60E+03	3.03E+03	2.48E+03	2.74E+03
3.91E+03	3.48E+03	2.93E+03	1.43E+03	2.51E+03	3.30E+03	3.77E+03	2.04E+03	2.67E+03	3.51E+03	2.35E+03	3.22E+03	2.28E+03	3.61E+03	2.02E+03	3.61E+03	3.02E+03	2.83E+03	3.41E+03	2.91E+03	3.52E+03	2.59E+03	3.06E+03	1.72E+03	2.61E+03	1.83E+03	2.60E+03	3.03E+03	2.48E+03	2.74E+03
3.91E+03	3.48E+03	2.93E+03	1.43E+03	2.51E+03	3.30E+03	3.77E+03	2.04E+03	2.67E+03	3.01E+03	2.35E+03	3.22E+03	2.28E+03	3.61E+03	2.02E+03	3.61E+03	3.02E+03	2.83E+03	3.41E+03	2.91E+03	3.52E+03	2.59E+03	3.06E+03	1.72E+03	2.61E+03	1.83E+03	2.60E+03	2.34E+03	2.48E+03	2.74E+03
3.91E+03	3.48E+03	2.93E+03	1.43E+03	2.51E+03	3.30E+03	3.77E+03	2.04E+03	2.67E+03	3.01E+03	2.35E+03	3.22E+03	2.28E+03	3.61E+03	2.02E+03	3.61E+03	1.47E+03	2.83E+03	3.41E+03	2.91E+03	9.19E+02	2.59E+03	3.06E+03	1.72E+03	2.61E+03	1.83E+03	2.60E+03	2.34E+03	2.48E+03	2.74E+03
3.91E+03	3.48E+03	2.93E+03	9.83E+02	2.51E+03	3.30E+03	3.77E+03	2.04E+03	2.67E+03	3.01E+03	2.35E+03	3.22E+03	2.28E+03	3.31E+03	2.02E+03	3.61E+03	1.47E+03	2.83E+03	3.41E+03	2.91E+03	9.19E+02	2.59E+03	3.06E+03	1.72E+03	2.61E+03	1.83E+03	2.60E+03	2.34E+03	2.48E+03	2.74E+03
1.68E+03	1.50E+03	1.29E+03	9.83E+02	7.45E+02	7.66E+02	2.28E+03	1.64E+03	1.16E+03	1.14E+03	1.86E+03	6.25E+02	7.86E+02	1.68E+03	2.02E+03	3.33E+02	1.47E+03	2.25E+03	1.36E+03	9.34E+02	9.19E+02	2.07E+03	2.27E+03	7.76E+02	1.37E+03	1.73E+03	1.74E+03	1.94E+03	6.17E+02	1.40E+03
1.85E+02	2.86E+02	5.09E+02	5.94E+02	5.62E+02	2.56E+02	3.11E+02	5.70E+02	1.53E+02	3.75E+02	3.81E+02	4.25E+02	2.94E+02	6.12E+02	2.69E+02	3.33E+02	5.05E+02	1.83E+02	4.45E+02	5.01E+02	3.92E+02	2.80E+02	4.74E+02	4.26E+02	4.19E+02	4.48E+02	2.24E+02	5.09E+02	4.24E+02	4.46E+02
1.63E+02	9.99E+01	1.81E+02	1.64E+02	1.99E+02	1.61E+02	1.69E+02	1.39E+02	9.38E+01	1.48E+02	1.66E+02	1.87E+02	1.58E+02	1.12E+02	1.43E+02	1.05E+02	1.65E+02	1.00E+02	9.90E+01	1.88E+02	1.06E+02	1.87E+02	1.61E+02	1.67E+02	9.10E+01	1.55E+02	1.50E+02	1.66E+02	1.71E+02	1.21E+02
1.05E+02	7.91E+01	9.50E+01	6.68E+01	9.23E+01	8.84E+01	9.79E+01	7.12E+01	9.38E+01	8.68E+01	9.74E+01	6.99E+01	9.11E+01	6.71E+01	6.80E+01	8.13E+01	8.90E+01	6.71E+01	7.38E+01	7.64E+01	6.81E+01	7.17E+01	8.02E+01	8.10E+01	6.79E+01	8.47E+01	7.09E+01	8.50E+01	6.74E+01	6.88E+01
6.55E+01	6.52E+01	6.53E+01	6.54E+01	6.53E+01	6.55E+01	6.54E+01	6.55E+01	6.55E+01	6.54E+01	6.56E+01	6.54E+01	6.55E+01	6.57E+01	6.54E+01	6.50E+01	6.51E+01	6.38E+01	6.53E+01	6.56E+01	6.54E+01	6.55E+01	6.51E+01	6.53E+01	6.51E+01	6.54E+01	6.58E+01	6.49E+01	6.49E+01	6.55E+01
6.38E+01	6.39E+01	6.36E+01	6.32E+01	6.37E+01	6.40E+01	6.38E+01	6.39E+01	6.39E+01	6.38E+01	6.38E+01	6.38E+01	6.39E+01	6.39E+01	6.37E+01	6.37E+01	6.34E+01	6.37E+01	6.39E+01	6.37E+01	6.38E+01	6.38E+01	6.35E+01	6.40E+01	6.38E+01	6.38E+01	6.39E+01	6.39E+01	6.38E+01	6.38E+01
6.25E+01	6.26E+01	6.26E+01	6.26E+01	6.25E+01	6.26E+01	6.26E+01	6.28E+01	6.27E+01	6.26E+01	6.26E+01	6.26E+01	6.27E+01	6.26E+01	6.25E+01	6.25E+01	6.26E+01	6.25E+01	6.26E+01	6.27E+01	6.26E+01	6.26E+01	6.26E+01	6.27E+01	6.26E+01	6.26E+01	6.26E+01	6.27E+01	6.27E+01	6.26E+01
