   1.6194351e+03   1.6139379e+03   1.3859338e+03   6.3019436e+02   1.8082021e+03   9.5838523e+02   1.5381968e+03   1.1650955e+03   1.8069153e+03   1.0657543e+03   1.0498192e+03   1.4254221e+03   1.1311542e+03   1.1067724e+03   1.2685639e+03   1.0513923e+03   1.5657335e+03   1.1567619e+03   7.7196706e+02   1.7797845e+03   1.1798285e+03   1.1629796e+03   1.5308689e+03   1.4159701e+03   1.1656385e+03   8.9207250e+02   4.6428659e+02   1.6088066e+03   1.8619051e+03   9.2307568e+02
   1.6194351e+03   1.6139379e+03   1.3859338e+03   6.3019436e+02   1.8082021e+03   9.5838523e+02   1.5381968e+03   1.1650955e+03   1.8069153e+03   1.0657543e+03   1.0498192e+03   1.4254221e+03   1.1311542e+03   1.1067724e+03   1.2685639e+03   1.0513923e+03   1.5657335e+03   1.1567619e+03   7.7196706e+02   1.7797845e+03   1.1798285e+03   1.1629796e+03   1.5308689e+03   1.4159701e+03   1.1656385e+03   8.9207250e+02   4.6428659e+02   1.6088066e+03   1.8619051e+03   9.2307568e+02
   1.6194351e+03   1.6139379e+03   1.3859338e+03   6.3019436e+02   1.8082021e+03   9.5838523e+02   1.5381968e+03   1.1650955e+03   1.8069153e+03   1.0657543e+03   1.0498192e+03   1.4254221e+03   1.1311542e+03   1.1067724e+03   1.2685639e+03   1.0513923e+03   1.5657335e+03   1.1567619e+03   7.7196706e+02   1.7797845e+03   8.5997325e+02   1.1629796e+03   1.5308689e+03   1.4159701e+03   1.1656385e+03   8.9207250e+02   4.6428659e+02   1.6088066e+03   1.8619051e+03   9.2307568e+02
   1.6194351e+03   1.6139379e+03   1.3859338e+03   6.3019436e+02   1.8082021e+03   9.5838523e+02   1.5381968e+03   1.1650955e+03   1.8069153e+03   1.0657543e+03   1.0498192e+03   1.4254221e+03   1.1311542e+03   1.1067724e+03   1.2685639e+03   1.0513923e+03   1.5657335e+03   1.1567619e+03   7.7196706e+02   1.7797845e+03   8.5997325e+02   1.1629796e+03   1.5308689e+03   1.4159701e+03   1.1656385e+03   8.9207250e+02   4.6428659e+02   1.6088066e+03   1.8619051e+03   9.2307568e+02
   1.6194351e+03   1.6139379e+03   1.3859338e+03   6.3019436e+02   1.8082021e+03   9.5838523e+02   1.5381968e+03   1.1650955e+03   1.8069153e+03   1.0657543e+03   1.0498192e+03   1.4254221e+03   1.1311542e+03   1.1067724e+03   1.2685639e+03   1.0513923e+03   1.5657335e+03   1.1567619e+03   7.7196706e+02   1.7797845e+03   8.5997325e+02   1.1629796e+03   1.5308689e+03   1.4159701e+03   1.1656385e+03   8.9207250e+02   4.6428659e+02   1.6088066e+03   1.8619051e+03   9.2307568e+02
   1.6194351e+03   1.6139379e+03   1.3859338e+03   6.3019436e+02   1.6239839e+03   9.5838523e+02   1.5381968e+03   1.1650955e+03   1.8069153e+03   1.0657543e+03   1.0498192e+03   1.4254221e+03   1.1311542e+03   1.1067724e+03   1.2685639e+03   1.0513923e+03   1.5657335e+03   1.1567619e+03   7.7196706e+02   1.7797845e+03   8.5997325e+02   1.1629796e+03   1.5308689e+03   1.4159701e+03   1.1656385e+03   8.9207250e+02   4.6428659e+02   1.6088066e+03   1.8619051e+03   9.2307568e+02
   1.6194351e+03   1.6139379e+03   1.3859338e+03   6.3019436e+02   1.3135026e+03   9.5838523e+02   1.5381968e+03   1.1650955e+03   1.8069153e+03   1.0657543e+03   1.0498192e+03   1.4254221e+03   1.1311542e+03   1.1067724e+03   1.2685639e+03   1.0513923e+03   1.5657335e+03   1.1567619e+03   7.7196706e+02   1.7797845e+03   8.5997325e+02   1.1629796e+03   1.5308689e+03   1.4159701e+03   1.1526960e+03   8.9207250e+02   4.6428659e+02   1.6088066e+03   1.8619051e+03   9.2307568e+02
   1.6194351e+03   1.6139379e+03   1.2734016e+03   6.3019436e+02   1.3135026e+03   9.5838523e+02   1.5381968e+03   1.1650955e+03   1.8069153e+03   1.0657543e+03   1.0498192e+03   1.4254221e+03   1.1311542e+03   1.1067724e+03   5.4258796e+02   1.0513923e+03   1.5657335e+03   1.1567619e+03   6.9030798e+02   1.7797845e+03   8.5997325e+02   1.1629796e+03   1.5308689e+03   1.4159701e+03   5.1993183e+02   8.9207250e+02   4.6428659e+02   1.6088066e+03   1.5987216e+03   9.2307568e+02
   1.6194351e+03   1.6139379e+03   4.4433884e+02   6.3019436e+02   1.3135026e+03   9.5838523e+02   1.1641204e+03   2.8330780e+02   2.2032582e+02   5.9742601e+02   1.0498192e+03   3.2223888e+02   1.1311542e+03   1.1067724e+03   5.4258796e+02   1.0513923e+03   1.5657335e+03   1.1567619e+03   6.9030798e+02   1.7797845e+03   7.3194501e+02   1.1629796e+03   1.5308689e+03   1.4159701e+03   5.1993183e+02   8.9207250e+02   4.6428659e+02   1.1420477e+03   1.5987216e+03   4.0140453e+02
   5.1414531e+02   5.5791335e+02   4.4433884e+02   6.3019436e+02   1.3135026e+03   9.5838523e+02   7.2014940e+02   2.8330780e+02   2.2032582e+02   5.9742601e+02   5.5862501e+02   3.2223888e+02   1.1311542e+03   1.1067724e+03   5.4258796e+02   1.0513923e+03   1.5657335e+03   1.1567619e+03   6.9030798e+02   1.7572637e+02   7.3194501e+02   1.1629796e+03   1.5308689e+03   2.2785633e+02   5.1993183e+02   1.2554404e+02   4.6428659e+02   1.6211971e+02   8.0216882e+02   3.9072308e+02
   5.1414531e+02   5.5791335e+02   4.4433884e+02   6.3019436e+02   1.3135026e+03   9.5838523e+02   1.0864302e+02   2.8330780e+02   2.2032582e+02   5.9742601e+02   5.5862501e+02   3.2223888e+02   1.1311542e+03   1.1067724e+03   5.4258796e+02   1.0513923e+03   4.4622214e+02   1.1102647e+02   6.9030798e+02   1.7572637e+02   7.3194501e+02   1.1629796e+03   3.2455217e+02   2.2785633e+02   8.6226467e+01   1.2554404e+02   4.6428659e+02   1.6211971e+02   8.0216882e+02   3.9072308e+02
   5.1414531e+02   5.5791335e+02   1.0657376e+02   4.1861613e+01   1.1104450e+02   6.3514807e+02   1.0864302e+02   4.3119447e+01   1.0838395e+02   1.1069913e+02   8.5900338e+01   1.1036091e+02   4.2125913e+02   9.9949918e+01   1.1534748e+02   3.4814945e+01   5.2299700e+01   1.1036398e+02   1.1194576e+02   1.0948554e+02   5.2061962e+02   7.9913122e+02   1.1109950e+02   1.1765716e+02   8.6226467e+01   1.1093111e+02   4.6428659e+02   1.4294146e+02   5.2068262e+01   1.1104368e+02
   1.0870457e+02   1.1048243e+02   3.2373307e+00   2.2512413e+01   1.0410903e+02   4.7024489e-02   1.0833315e+02   4.3119447e+01   1.0431858e+02   3.6348362e+01   8.8923829e+00   1.0156747e+02   1.1027599e+02   9.9949918e+01   1.0873733e+02   1.2562489e-01   5.2299700e+01   1.0344229e+02   1.0691611e+02   1.0341357e+02   1.0230360e+00   1.0931199e+02   1.0849039e+02   1.1035067e+02   8.6226467e+01   1.0705907e+02   1.1067102e+02   2.6156674e+00   8.2721282e-01   5.0636844e+00
   8.0342625e-07   1.0190761e-06   3.8149151e-05   1.8970416e+01   2.8174397e-01   2.0092330e-07   1.7357815e-03   5.7598800e-07   1.0000004e+02   3.6348362e+01   1.0464498e-05   1.0000002e+02   3.4747382e-07   5.3466874e-07   5.8805244e-07   1.4861830e-06   9.6473286e-08   1.0000006e+02   1.6405513e-05   1.0000034e+02   1.1002521e-06   4.7743164e-05   2.0820157e-04   1.8668970e-06   1.0358281e-04   1.6002301e+01   6.1986430e-07   5.4842621e-07   3.6944220e-07   1.2151784e-05
   0.0000000e+00   0.0000000e+00   0.0000000e+00   1.8970416e+01   0.0000000e+00   0.0000000e+00   0.0000000e+00   0.0000000e+00   1.0000000e+02   0.0000000e+00   0.0000000e+00   1.0000000e+02   0.0000000e+00   0.0000000e+00   0.0000000e+00   0.0000000e+00   0.0000000e+00   1.0000000e+02   0.0000000e+00   1.0000000e+02   0.0000000e+00   0.0000000e+00   0.0000000e+00   0.0000000e+00   0.0000000e+00   0.0000000e+00   0.0000000e+00   0.0000000e+00   0.0000000e+00   0.0000000e+00
   0.0000000e+00   0.0000000e+00   0.0000000e+00   1.8970416e+01   0.0000000e+00   0.0000000e+00   0.0000000e+00   0.0000000e+00   1.0000000e+02   0.0000000e+00   0.0000000e+00   1.0000000e+02   0.0000000e+00   0.0000000e+00   0.0000000e+00   0.0000000e+00   0.0000000e+00   1.0000000e+02   0.0000000e+00   1.0000000e+02   0.0000000e+00   0.0000000e+00   0.0000000e+00   0.0000000e+00   0.0000000e+00   0.0000000e+00   0.0000000e+00   0.0000000e+00   0.0000000e+00   0.0000000e+00
