   4.4410030e+02   4.5816184e+02   4.2619110e+02   3.7004475e+02   4.7328464e+02   2.0633839e+02   3.8467389e+02   3.0693887e+02   4.2597660e+02   2.9554592e+02   3.2840785e+02   2.9301073e+02   3.1728350e+02   2.9278958e+02   4.1208656e+02   4.1628051e+02   3.3603724e+02   3.3264335e+02   4.6376018e+02   4.7374010e+02   4.9603538e+02   3.5011593e+02   3.9856944e+02   4.2990540e+02   2.1824214e+02   4.2317797e+02   3.6759915e+02   4.3303796e+02   2.9150089e+02   4.3381042e+02
   4.4410030e+02   4.5816184e+02   4.2619110e+02   3.7004475e+02   4.7328464e+02   2.0633839e+02   3.8467389e+02   3.0693887e+02   4.2597660e+02   2.9554592e+02   3.2840785e+02   2.9301073e+02   3.1728350e+02   2.9278958e+02   4.1208656e+02   4.1628051e+02   3.3603724e+02   3.3264335e+02   4.6376018e+02   4.7374010e+02   4.9603538e+02   3.5011593e+02   3.9856944e+02   4.2990540e+02   2.1824214e+02   4.2317797e+02   3.6759915e+02   4.3303796e+02   2.9150089e+02   4.3381042e+02
   4.4410030e+02   4.5816184e+02   4.2619110e+02   3.7004475e+02   4.7328464e+02   2.0633839e+02   3.8467389e+02   3.0693887e+02   4.2597660e+02   2.9554592e+02   3.2840785e+02   2.9301073e+02   3.1728350e+02   2.9278958e+02   4.1208656e+02   4.1628051e+02   3.3603724e+02   3.3264335e+02   4.6376018e+02   4.7374010e+02   4.9603538e+02   3.5011593e+02   3.9856944e+02   4.2990540e+02   2.1824214e+02   4.2317797e+02   3.6759915e+02   4.3303796e+02   2.9150089e+02   4.3381042e+02
   4.4410030e+02   4.5816184e+02   4.2619110e+02   3.7004475e+02   4.7328464e+02   2.0633839e+02   3.8467389e+02   3.0693887e+02   4.2597660e+02   2.9554592e+02   3.2840785e+02   2.9301073e+02   3.1728350e+02   2.9278958e+02   4.1208656e+02   4.1628051e+02   3.3603724e+02   3.3264335e+02   4.6376018e+02   4.7374010e+02   4.9603538e+02   3.5011593e+02   3.9856944e+02   4.2990540e+02   2.1824214e+02   4.2317797e+02   3.6759915e+02   4.3303796e+02   2.9150089e+02   4.3381042e+02
   4.4410030e+02   4.5816184e+02   4.2619110e+02   3.7004475e+02   4.7328464e+02   2.0633839e+02   3.8467389e+02   3.0693887e+02   4.2597660e+02   2.9554592e+02   3.2840785e+02   2.9301073e+02   3.1728350e+02   2.9278958e+02   4.1208656e+02   4.1628051e+02   3.3603724e+02   3.3264335e+02   4.6376018e+02   4.7374010e+02   4.9603538e+02   3.5011593e+02   3.9856944e+02   4.2990540e+02   2.1824214e+02   4.2317797e+02   3.6759915e+02   4.3303796e+02   2.9150089e+02   4.3381042e+02
   4.4410030e+02   4.5816184e+02   4.2619110e+02   3.7004475e+02   4.7328464e+02   2.0633839e+02   3.8467389e+02   3.0693887e+02   4.2597660e+02   2.9554592e+02   3.2840785e+02   2.9301073e+02   3.1728350e+02   2.9278958e+02   4.1208656e+02   4.1628051e+02   3.3603724e+02   3.3264335e+02   4.6376018e+02   4.7374010e+02   4.9603538e+02   3.5011593e+02   3.9856944e+02   4.2990540e+02   2.1824214e+02   4.2317797e+02   3.6759915e+02   4.3303796e+02   2.9150089e+02   4.3381042e+02
   4.4410030e+02   4.5816184e+02   4.2619110e+02   3.7004475e+02   3.7470665e+02   2.0633839e+02   3.8467389e+02   3.0693887e+02   4.2597660e+02   2.9554592e+02   3.2840785e+02   2.9301073e+02   3.1728350e+02   2.9278958e+02   4.1208656e+02   3.2005002e+02   3.3603724e+02   3.3264335e+02   4.6376018e+02   4.7374010e+02   4.9603538e+02   3.5011593e+02   3.9856944e+02   4.0553460e+02   2.1824214e+02   4.2317797e+02   3.6759915e+02   4.3303796e+02   2.9150089e+02   4.0165476e+02
   4.4410030e+02   4.5816184e+02   4.2619110e+02   3.5023212e+02   3.1683090e+02   2.0633839e+02   3.0632618e+02   3.0693887e+02   3.9928799e+02   2.9554592e+02   3.1478758e+02   2.9301073e+02   3.1728350e+02   2.9278958e+02   4.1208656e+02   3.2005002e+02   3.3603724e+02   1.6547912e+02   4.6376018e+02   4.5791022e+02   4.9603538e+02   3.5011593e+02   3.1750076e+02   4.0553460e+02   2.1824214e+02   4.2317797e+02   3.6759915e+02   4.3303796e+02   2.9150089e+02   4.0165476e+02
   3.5165148e+02   4.5816184e+02   4.2619110e+02   3.5023212e+02   1.7376387e+02   2.0633839e+02   3.0632618e+02   3.0693887e+02   3.7323803e+02   2.9554592e+02   3.1478758e+02   2.9301073e+02   3.1728350e+02   2.9278958e+02   3.0747750e+02   3.2005002e+02   3.3603724e+02   1.6547912e+02   2.8988604e+02   2.9162985e+02   4.9603538e+02   1.5610036e+02   3.1750076e+02   2.5859909e+02   2.1824214e+02   3.7006568e+02   3.6759915e+02   2.3465120e+02   1.9895332e+02   4.0165476e+02
   2.3693718e+02   1.1779788e+02   1.6916910e+02   1.9377322e+02   1.4717756e+02   1.8212517e+02   2.1673081e+02   2.5331273e+02   1.2059832e+02   2.1987549e+02   1.7845096e+02   2.4437405e+02   2.1209219e+02   1.8070600e+02   2.6388989e+02   1.3523890e+02   1.5172064e+02   1.6547912e+02   2.5881468e+02   1.1071575e+02   2.3585028e+02   1.5610036e+02   1.8220755e+02   1.0389798e+02   2.1824214e+02   1.8135295e+02   2.8529711e+02   1.7152676e+02   1.8989154e+02   2.2798668e+02
   1.2780194e+02   1.1568580e+02   1.3936071e+02   1.3160972e+02   1.2996247e+02   1.1488964e+02   1.2278777e+02   1.1724138e+02   1.2059832e+02   1.2792219e+02   1.1575034e+02   1.1434389e+02   9.8629459e+01   1.0197168e+02   1.2711888e+02   1.3523890e+02   1.3226747e+02   1.2056655e+02   1.5014533e+02   1.1071575e+02   1.3902172e+02   1.3144877e+02   1.1136103e+02   1.0389798e+02   1.3825871e+02   1.1232982e+02   1.2801604e+02   9.7339688e+01   1.2515275e+02   1.1465523e+02
   1.0464463e+02   1.0050479e+02   9.8466353e+01   9.0815452e+01   9.7070095e+01   8.2815458e+01   9.6016747e+01   8.6905159e+01   8.7833875e+01   8.4464365e+01   9.9630415e+01   9.4008535e+01   8.5636960e+01   9.3876462e+01   9.4450333e+01   1.0165710e+02   7.6535974e+01   1.0195734e+02   9.7708367e+01   9.5416192e+01   9.7760731e+01   9.8698082e+01   9.1192556e+01   8.9209699e+01   8.8375202e+01   7.7299652e+01   8.1158252e+01   9.7339688e+01   8.4365066e+01   7.6200186e+01
   7.5971051e+01   7.5922588e+01   6.7097133e+01   6.1890273e+01   6.5346253e+01   6.9708354e+01   5.9310862e+01   7.8043877e+01   6.4426537e+01   5.5841213e+01   7.8081090e+01   7.1556572e+01   6.5301048e+01   7.4466873e+01   6.5833764e+01   6.7600358e+01   6.1500263e+01   7.0852268e+01   5.7300569e+01   7.4157262e+01   6.8921454e+01   7.3630892e+01   6.9998677e+01   6.8271660e+01   7.3175819e+01   7.3969489e+01   7.5075420e+01   7.9068403e+01   7.6266087e+01   6.6204828e+01
   5.5704360e+01   5.2474954e+01   5.4385327e+01   4.1894163e+01   4.9729573e+01   4.9061537e+01   4.8358602e+01   6.0513010e+01   4.7004457e+01   4.9386004e+01   4.3432261e+01   5.1257882e+01   5.1509942e+01   5.3224413e+01   4.6373539e+01   5.1986940e+01   5.2397173e+01   5.0382697e+01   4.6690874e+01   4.5514626e+01   4.7633378e+01   5.1944719e+01   4.9754590e+01   4.3530954e+01   4.0629129e+01   4.6068274e+01   5.4577046e+01   4.3796695e+01   5.0884603e+01   4.3954484e+01
   3.5221943e+01   3.2139175e+01   3.3794771e+01   3.0882593e+01   2.9320696e+01   3.2562528e+01   3.0542002e+01   3.5266258e+01   3.3775656e+01   3.0186859e+01   3.1316388e+01   2.9841793e+01   3.3056693e+01   3.1032437e+01   2.9788312e+01   2.8608793e+01   3.1910555e+01   3.0846713e+01   3.0577237e+01   3.0809949e+01   3.1455764e+01   2.7927375e+01   3.2706876e+01   3.1335069e+01   2.0846247e+01   2.9357862e+01   3.3202836e+01   3.1328917e+01   2.8718509e+01   3.0519136e+01
   8.4690534e+00   6.9884895e+00   1.1756818e+01   1.1079942e+01   1.2729221e+01   1.2184520e+01   1.3472127e+01   8.1281213e+00   1.0561772e+01   1.1713185e+01   1.3464334e+01   1.2792553e+01   1.4907467e+01   1.2823585e+01   1.2217960e+01   1.2003619e+01   1.1825807e+01   1.2904008e+01   1.2159025e+01   1.3655403e+01   7.5936786e+00   1.0546211e+01   1.3310103e+01   6.5819405e+00   1.3281795e+01   1.2312448e+01   1.1090239e+01   1.1158700e+01   1.3019603e+01   1.2040477e+01
