   4.0233527e+02   4.3442919e+02   5.7379300e+02   1.0328023e+03   3.3992808e+02   4.0158939e+02   3.2919832e+02   4.9957606e+02   4.5300683e+02   3.4105005e+02   5.8335315e+02   5.4680640e+02   4.0679304e+02   5.2004269e+02   4.7609434e+02   3.7164031e+02   3.8457094e+02   6.5912329e+02   6.4153639e+02   3.5200454e+02   4.5912834e+02   3.9558907e+02   4.2110877e+02   3.8908135e+02   3.5200454e+02   3.6824053e+02   6.1227321e+02   5.8406662e+02   5.1041627e+02   3.5152951e+02
   4.0233527e+02   4.3442919e+02   5.7379300e+02   1.0328023e+03   3.3992808e+02   4.0158939e+02   3.2919832e+02   4.9957606e+02   4.5300683e+02   3.4105005e+02   5.8335315e+02   5.4680640e+02   4.0679304e+02   5.2004269e+02   4.7609434e+02   3.7164031e+02   3.8457094e+02   6.5912329e+02   6.4153639e+02   3.5200454e+02   4.5912834e+02   3.9558907e+02   4.2110877e+02   3.8908135e+02   3.5200454e+02   3.6824053e+02   6.1227321e+02   5.8406662e+02   5.1041627e+02   3.5152951e+02
   4.0233527e+02   4.3442919e+02   5.7379300e+02   1.0328023e+03   3.3992808e+02   4.0158939e+02   3.2919832e+02   4.9957606e+02   4.5300683e+02   3.4105005e+02   5.8335315e+02   5.4680640e+02   4.0679304e+02   5.2004269e+02   4.7609434e+02   3.7164031e+02   3.8457094e+02   6.5912329e+02   6.4153639e+02   3.5200454e+02   4.5912834e+02   3.9558907e+02   4.2110877e+02   3.8908135e+02   3.5200454e+02   3.6824053e+02   6.1227321e+02   5.8406662e+02   5.1041627e+02   3.5152951e+02
   4.0233527e+02   4.3442919e+02   5.7379300e+02   1.0328023e+03   3.3992808e+02   4.0158939e+02   3.2919832e+02   4.9957606e+02   4.5300683e+02   3.4105005e+02   5.8335315e+02   5.4680640e+02   4.0679304e+02   5.2004269e+02   4.7609434e+02   3.7164031e+02   3.8457094e+02   6.5912329e+02   6.4153639e+02   3.5200454e+02   4.5912834e+02   3.9558907e+02   4.2110877e+02   3.8908135e+02   3.5200454e+02   3.6824053e+02   6.1227321e+02   5.8406662e+02   5.1041627e+02   3.5152951e+02
   4.0233527e+02   4.3442919e+02   5.7379300e+02   1.0328023e+03   3.3992808e+02   4.0158939e+02   3.2919832e+02   4.9957606e+02   4.5300683e+02   3.4105005e+02   5.8335315e+02   5.4680640e+02   4.0679304e+02   5.2004269e+02   4.7609434e+02   3.7164031e+02   3.8457094e+02   6.5912329e+02   6.4153639e+02   3.5200454e+02   4.5912834e+02   3.9558907e+02   4.2110877e+02   3.8908135e+02   3.5200454e+02   3.6824053e+02   6.1227321e+02   5.8406662e+02   5.1041627e+02   3.5152951e+02
   4.0233527e+02   4.3442919e+02   5.7379300e+02   1.0328023e+03   3.3992808e+02   4.0158939e+02   3.2919832e+02   4.9957606e+02   4.5300683e+02   3.4105005e+02   5.5400944e+02   5.4680640e+02   4.0679304e+02   5.2004269e+02   4.7609434e+02   3.7164031e+02   3.8457094e+02   6.5912329e+02   6.4153639e+02   3.5200454e+02   4.5912834e+02   3.9558907e+02   2.9031440e+02   3.8908135e+02   3.5200454e+02   3.6824053e+02   6.1227321e+02   5.8406662e+02   5.1041627e+02   3.5152951e+02
   4.0233527e+02   4.3442919e+02   5.7379300e+02   1.0328023e+03   3.3992808e+02   4.0158939e+02   3.2919832e+02   4.9957606e+02   4.5300683e+02   3.4105005e+02   5.5400944e+02   5.4680640e+02   4.0679304e+02   5.2004269e+02   4.7609434e+02   3.7164031e+02   3.8457094e+02   6.5912329e+02   6.4153639e+02   3.5200454e+02   4.5912834e+02   3.9558907e+02   2.9031440e+02   3.8908135e+02   3.5200454e+02   3.6824053e+02   6.1227321e+02   5.8406662e+02   5.1041627e+02   3.5152951e+02
   4.0233527e+02   4.3442919e+02   5.7379300e+02   8.0946345e+02   3.3992808e+02   4.0158939e+02   3.2919832e+02   4.9957606e+02   3.3211181e+02   3.4105005e+02   5.0338920e+02   5.4680640e+02   4.0679304e+02   4.3954400e+02   4.7609434e+02   3.7164031e+02   3.8457094e+02   6.5912329e+02   6.4153639e+02   3.5200454e+02   4.5912834e+02   3.9558907e+02   2.9031440e+02   3.8908135e+02   3.5200454e+02   3.6824053e+02   6.1227321e+02   5.8406662e+02   5.1041627e+02   3.5152951e+02
   4.0233527e+02   4.1912096e+02   5.7379300e+02   8.0946345e+02   3.3992808e+02   4.0158939e+02   3.2919832e+02   2.1961416e+02   1.0085454e+02   3.4105005e+02   1.9961039e+02   5.4680640e+02   4.0679304e+02   2.6113292e+02   1.7641173e+02   1.3562431e+02   3.8127465e+02   6.5912329e+02   5.7207205e+02   3.5200454e+02   4.1181011e+02   3.9558907e+02   2.9031440e+02   3.8908135e+02   3.5200454e+02   2.9017355e+02   6.1227321e+02   4.1817721e+02   5.1041627e+02   3.5152951e+02
   1.5420973e+02   1.8860243e+02   2.8056632e+02   2.5686288e+02   1.5471549e+02   1.3265389e+02   1.4359912e+02   1.1833826e+02   1.0085454e+02   1.6445611e+02   1.9961039e+02   2.9851953e+02   1.2797321e+02   1.1154721e+02   1.7641173e+02   1.2763681e+02   2.0308867e+02   2.6661906e+02   2.6940149e+02   2.8364313e+02   1.4710600e+02   3.3174892e+02   2.5658483e+02   2.5329694e+02   2.8364313e+02   1.3491414e+02   1.6081478e+02   3.0159218e+02   2.4030028e+02   3.4297962e+02
   1.3124639e+02   1.2809662e+02   1.1622064e+02   1.2746906e+02   1.2967538e+02   8.3412644e+01   1.1578231e+02   1.1833826e+02   1.0085454e+02   1.2709219e+02   1.2296706e+02   1.2683265e+02   9.4914267e+01   1.1154721e+02   9.7577969e+01   1.0439368e+02   1.1450509e+02   1.1772876e+02   1.1861421e+02   1.2477684e+02   1.2176491e+02   1.1001643e+02   1.0754161e+02   8.5730017e+01   1.2477684e+02   1.1977929e+02   8.1215650e+01   9.5204437e+01   9.9582920e+01   9.6008997e+01
   7.2330760e+01   9.2087441e+01   9.3986059e+01   9.0748506e+01   9.1545336e+01   8.3412644e+01   1.0312154e+02   8.5779623e+01   9.1545104e+01   8.7690552e+01   8.5654422e+01   9.6019737e+01   9.4914267e+01   8.2596754e+01   9.2459959e+01   9.3777110e+01   7.0253519e+01   9.1129464e+01   8.9784671e+01   9.2519405e+01   8.8242235e+01   9.5082899e+01   9.4490866e+01   8.5730017e+01   9.2519405e+01   9.7694620e+01   8.1215650e+01   9.3511213e+01   9.1241394e+01   6.2061522e+01
   7.2330760e+01   8.0483597e+01   8.2620322e+01   8.1290838e+01   5.7696387e+01   6.3757562e+01   6.8998185e+01   7.8565600e+01   7.9423870e+01   7.9567589e+01   8.0107635e+01   7.8296413e+01   6.2925835e+01   7.9174882e+01   8.0663948e+01   8.2061423e+01   7.0253519e+01   7.7715793e+01   7.9013621e+01   6.7778429e+01   7.9536223e+01   6.7684447e+01   7.9967418e+01   6.1110950e+01   6.7778429e+01   7.8187345e+01   7.9694498e+01   5.5993775e+01   5.5265385e+01   5.5390931e+01
   5.5889107e+01   5.5111644e+01   5.5611311e+01   7.6474484e+01   5.4496946e+01   5.5657695e+01   5.6345439e+01   5.4095868e+01   5.5800726e+01   5.4081523e+01   5.5928567e+01   5.4466607e+01   5.4661369e+01   5.4863814e+01   5.3525003e+01   7.6162136e+01   5.5637125e+01   5.4444809e+01   5.4395212e+01   6.7778429e+01   5.4310060e+01   6.7684447e+01   6.4235641e+01   5.5760102e+01   6.7778429e+01   5.3883066e+01   5.4747663e+01   5.4247119e+01   5.3817300e+01   5.4370216e+01
   5.1785245e+01   5.2101907e+01   5.2434403e+01   5.2444186e+01   5.2674743e+01   5.2479349e+01   5.2617444e+01   5.2493415e+01   5.2668894e+01   5.2114300e+01   5.2474320e+01   5.2525915e+01   5.2517784e+01   5.2670348e+01   5.2063009e+01   5.2686578e+01   5.2522802e+01   5.2435481e+01   5.2301144e+01   5.2585430e+01   5.2410182e+01   5.2524122e+01   5.2429177e+01   5.1645805e+01   5.2585430e+01   5.2493258e+01   5.2696339e+01   5.2379404e+01   5.2368772e+01   5.2039967e+01
   5.1487071e+01   5.1510718e+01   5.1459751e+01   5.1538046e+01   5.1357429e+01   5.1411026e+01   5.1260722e+01   5.1290790e+01   5.1457582e+01   5.1376237e+01   5.1368904e+01   5.1352024e+01   5.1507880e+01   5.1308615e+01   5.1387268e+01   5.1409906e+01   5.1398974e+01   5.1363961e+01   5.1552730e+01   5.1410355e+01   5.1359760e+01   5.1427500e+01   5.1370543e+01   5.1336558e+01   5.1410355e+01   5.1508965e+01   5.1259399e+01   5.1551620e+01   5.1406267e+01   5.1350259e+01
