   7.3115426e+05   6.9655358e+05   1.5064971e+06   1.0039451e+06   3.0933285e+06   4.6327331e+05   8.5766535e+06   3.7312582e+06   4.3615824e+06   3.4889899e+06   5.9275249e+05   1.0297920e+06   1.5670501e+05   9.0908013e+05   2.1991241e+06   1.8812390e+06   7.6371763e+06   8.4714347e+04   2.5901803e+07   1.7660503e+06   2.7960178e+06   1.2262155e+06   6.1889836e+06   2.3215278e+06   2.8506915e+05   6.4930955e+05   6.3585105e+06   1.7886422e+06   1.2001336e+06   4.4449503e+06
   7.3115426e+05   6.9655358e+05   1.5064971e+06   1.0039451e+06   3.0933285e+06   4.6327331e+05   8.5766535e+06   3.7312582e+06   4.3615824e+06   3.4889899e+06   5.9275249e+05   1.0297920e+06   1.5670501e+05   9.0908013e+05   2.1991241e+06   1.8812390e+06   7.6371763e+06   8.4714347e+04   2.5901803e+07   1.7660503e+06   2.7960178e+06   1.2262155e+06   6.1889836e+06   2.3215278e+06   2.8506915e+05   6.4930955e+05   6.3585105e+06   1.7886422e+06   1.2001336e+06   4.4449503e+06
   7.3115426e+05   6.9655358e+05   1.5064971e+06   1.0039451e+06   3.0933285e+06   4.6327331e+05   8.5766535e+06   3.7312582e+06   4.3615824e+06   3.4889899e+06   5.9275249e+05   1.0297920e+06   1.5670501e+05   9.0908013e+05   2.1991241e+06   3.3566470e+05   7.6371763e+06   8.4714347e+04   2.5901803e+07   1.7660503e+06   2.7960178e+06   1.2262155e+06   4.4810089e+06   2.3215278e+06   2.8506915e+05   6.4930955e+05   6.3585105e+06   1.7886422e+06   1.2001336e+06   4.4449503e+06
   7.3115426e+05   6.9655358e+05   1.5064971e+06   1.0039451e+06   3.0933285e+06   4.6327331e+05   8.5766535e+06   3.7312582e+06   4.3615824e+06   3.4889899e+06   5.9275249e+05   1.0297920e+06   1.5670501e+05   9.0908013e+05   2.1991241e+06   3.3566470e+05   7.6371763e+06   8.4714347e+04   2.5901803e+07   1.7660503e+06   2.7960178e+06   1.2262155e+06   4.4810089e+06   2.3215278e+06   2.8506915e+05   6.4930955e+05   6.3585105e+06   1.7886422e+06   1.2001336e+06   4.4449503e+06
   7.3115426e+05   6.9655358e+05   1.5064971e+06   1.0039451e+06   3.0933285e+06   4.6327331e+05   8.5766535e+06   3.7312582e+06   4.3615824e+06   3.4889899e+06   5.9275249e+05   1.0297920e+06   1.5670501e+05   9.0908013e+05   2.1991241e+06   3.3566470e+05   7.6371763e+06   8.4714347e+04   2.5901803e+07   1.7660503e+06   2.7960178e+06   1.2262155e+06   4.4810089e+06   2.3215278e+06   2.8506915e+05   6.4930955e+05   6.3585105e+06   1.7886422e+06   1.2001336e+06   4.4449503e+06
   7.3115426e+05   6.9655358e+05   1.5064971e+06   1.0039451e+06   3.0933285e+06   4.6327331e+05   6.7944672e+05   3.7312582e+06   4.3615824e+06   3.4889899e+06   5.9275249e+05   1.0297920e+06   1.5670501e+05   9.0908013e+05   2.1991241e+06   3.3566470e+05   7.6371763e+06   8.4714347e+04   2.0108005e+07   1.7660503e+06   2.7960178e+06   1.2262155e+06   4.4810089e+06   2.3215278e+06   2.8506915e+05   6.4930955e+05   6.3585105e+06   1.7886422e+06   1.2001336e+06   4.4449503e+06
   7.3115426e+05   6.9655358e+05   1.5064971e+06   1.0039451e+06   3.0933285e+06   4.6327331e+05   6.7944672e+05   3.7312582e+06   4.3615824e+06   3.4889899e+06   5.9275249e+05   1.0297920e+06   1.5670501e+05   9.0908013e+05   2.1991241e+06   3.3566470e+05   7.6371763e+06   8.4714347e+04   2.0108005e+07   1.7660503e+06   2.7960178e+06   1.2262155e+06   4.4810089e+06   2.3215278e+06   2.8506915e+05   6.4930955e+05   6.3585105e+06   1.7886422e+06   1.2001336e+06   4.4449503e+06
   7.3115426e+05   6.9655358e+05   1.5064971e+06   1.0039451e+06   3.0933285e+06   4.6327331e+05   6.7944672e+05   6.2897031e+03   4.3615824e+06   3.4889899e+06   5.9275249e+05   1.0297920e+06   1.5670501e+05   9.0908013e+05   6.4290166e+05   3.3566470e+05   7.6371763e+06   8.4714347e+04   1.1204186e+06   1.7660503e+06   2.7960178e+06   1.2262155e+06   4.4810089e+06   2.3215278e+06   2.8506915e+05   6.4930955e+05   6.3585105e+06   1.7886422e+06   1.2001336e+06   1.0785850e+06
   7.3115426e+05   6.9655358e+05   5.8313233e+05   1.0039451e+06   6.5717416e+04   8.4506158e+04   3.6200294e+03   5.8825634e+03   1.7555725e+04   3.9106445e+05   5.9275249e+05   2.1731344e+03   1.5670501e+05   1.2206811e+05   6.4290166e+05   2.2620030e+05   6.0789302e+05   9.2782992e+03   1.1204186e+06   1.7660503e+06   2.7960178e+06   9.9812120e+05   3.4284083e+04   1.1615864e+05   1.8212764e+05   4.7856692e+05   3.3282492e+05   1.7886422e+06   3.1763200e+05   1.0785850e+06
   5.0563046e+04   2.7641075e+03   1.9045732e+05   7.0768328e+03   3.5434637e+03   1.3391062e+03   3.6200294e+03   5.8825634e+03   2.8021878e+03   1.7415046e+04   5.9275249e+05   2.1731344e+03   1.5582958e+04   8.5867016e+04   3.5668969e+03   2.2620030e+05   1.5473197e+03   3.1822573e+03   2.2311212e+05   1.0960888e+05   1.0138627e+04   9.2205165e+03   2.9349595e+04   1.0561225e+03   1.4201006e+04   4.2905489e+02   3.3282492e+05   2.3842192e+03   3.1763200e+05   1.0785850e+06
   3.8219028e+02   4.4203378e+02   5.5259754e+02   6.0818754e+02   4.1367510e+01   4.5520635e+02   1.0519260e+03   4.7799594e+02   6.8765681e+02   3.3498896e+02   1.0230484e+03   1.3001007e+02   5.8990128e+02   2.7441481e+02   3.5120775e+02   8.6027634e+02   7.0128765e+02   8.5438777e+02   3.0616263e+02   3.0566993e+02   4.8749307e+02   7.4832190e+02   3.3990382e+02   2.2899180e+02   6.6458706e+02   4.2905489e+02   3.7203159e+02   6.3906756e+02   4.2249718e+02   6.9948354e+02
   1.8268211e+02   7.4100300e+01   5.0123497e+01   1.1210379e+01   3.9120389e+01   9.1956703e+01   8.5402427e+00   1.4139058e+01   7.6968685e+01   1.0668379e+02   1.7184405e+01   1.0688841e+02   7.0867763e+01   2.5017936e+02   8.8858179e+01   4.2614053e+01   1.4536857e+01   2.4125374e+01   1.5528122e+01   2.2530505e+01   1.1770276e+02   1.3682420e+02   3.1583215e+01   9.3923765e+01   9.7513071e+00   8.5010624e+00   1.9518123e+02   2.9999575e+01   2.2289566e+01   8.5815639e+01
   1.5343770e+00   3.1748179e+00   8.6771205e-01   6.6768201e+00   2.8340315e+00   1.6658452e+00   1.0166938e+00   4.3447025e+00   9.8078513e-01   3.5897841e+00   5.1540503e+00   1.4566515e+00   2.2390667e+00   3.6294916e+00   2.9692182e+00   1.3418296e+00   2.1170222e+00   1.6557349e+00   1.7349610e+00   1.9172659e+00   3.2401602e+00   2.3526995e+00   3.3753840e+00   7.3728213e-01   2.3738327e+00   8.5010624e+00   4.2965427e+00   2.0366626e+00   1.5423616e+00   2.5838300e+00
   4.2816089e-01   1.3859972e-01   4.2565637e-01   2.1429482e-01   4.8819504e-01   5.0882136e-01   3.2761280e-01   3.1424443e-01   3.5906928e-01   5.6690065e-01   3.0487271e-01   4.1083642e-01   5.8790473e-01   4.8616216e-01   3.3793109e-01   5.2246658e-02   5.6705673e-01   3.9938240e-01   3.9564906e-01   3.9282451e-01   9.7340755e-02   4.9794920e-01   5.3182367e-01   3.3814861e-01   3.4722058e-01   2.9641327e-01   2.7131149e-01   2.5047833e-01   5.5377697e-01   3.3423231e-01
   9.1791006e-03   6.2922609e-03   6.9304258e-03   6.0861250e-03   6.7952095e-03   4.8127320e-02   4.2334458e-02   2.2584781e-02   1.5878339e-02   6.6786021e-03   8.6924964e-03   5.6896848e-03   2.7584194e-02   3.5127966e-02   1.7943820e-02   9.3388848e-03   6.7042958e-03   1.2530810e-02   3.3250908e-03   1.6555314e-03   2.1119965e-02   2.3646727e-02   4.9469512e-03   1.5836638e-02   3.5657442e-03   2.1956824e-02   6.3169591e-03   3.8390317e-02   1.5552975e-03   7.1613745e-03
   2.9347245e-07   2.1934124e-03   1.8704128e-04   1.1568370e-04   1.1226668e-03   8.0582481e-04   6.9771057e-04   4.6862190e-04   3.8832100e-06   4.5432967e-04   1.2841335e-03   9.0552481e-06   8.9620597e-04   8.4293369e-05   1.8248320e-04   2.9288347e-03   1.2153970e-04   4.7822194e-05   1.4109890e-04   4.3494671e-04   3.6585227e-06   1.1476831e-04   2.5213026e-04   1.8032731e-04   4.0152454e-05   4.4995539e-06   4.0145403e-05   8.7976126e-04   3.2925171e-06   1.6147965e-03
