   5.5100835e+03   5.7513125e+03   5.5904764e+03   5.1949289e+03   5.8528574e+03   5.8773860e+03   5.9051810e+03   5.6216431e+03   5.2717985e+03   5.8222234e+03   5.5958224e+03   5.8336935e+03   5.1378158e+03   5.3764869e+03   5.2529280e+03   5.8734680e+03   6.0714732e+03   5.3504345e+03   5.9383153e+03   5.4223152e+03   5.6209150e+03   5.3501259e+03   4.5712251e+03   5.7764542e+03   5.6031169e+03   5.4014444e+03   5.6229365e+03   6.1152624e+03   5.0997952e+03   5.5055318e+03
   5.5100835e+03   5.7513125e+03   5.5904764e+03   5.1949289e+03   5.8528574e+03   5.8773860e+03   5.9051810e+03   5.6216431e+03   5.2717985e+03   5.8222234e+03   5.5958224e+03   5.8336935e+03   5.1378158e+03   5.3764869e+03   5.2529280e+03   5.8734680e+03   5.9771939e+03   5.3504345e+03   5.9383153e+03   5.4223152e+03   5.6209150e+03   5.3501259e+03   4.5712251e+03   5.7764542e+03   5.6031169e+03   5.4014444e+03   5.6229365e+03   6.1152624e+03   5.0997952e+03   5.5055318e+03
   5.5100835e+03   5.7513125e+03   5.5904764e+03   5.1949289e+03   5.8528574e+03   5.8773860e+03   5.9051810e+03   5.6216431e+03   5.2717985e+03   5.8222234e+03   5.5958224e+03   5.8336935e+03   5.1378158e+03   5.3764869e+03   5.2529280e+03   5.8734680e+03   5.9771939e+03   5.3504345e+03   5.9383153e+03   5.4223152e+03   5.6209150e+03   5.3501259e+03   4.5712251e+03   5.7764542e+03   5.6031169e+03   5.4014444e+03   5.6229365e+03   6.1152624e+03   5.0997952e+03   5.5055318e+03
   5.5100835e+03   5.7513125e+03   5.5904764e+03   5.1949289e+03   5.8528574e+03   5.8773860e+03   5.9051810e+03   5.6216431e+03   5.2717985e+03   5.8222234e+03   5.5958224e+03   5.8336935e+03   5.1378158e+03   5.3764869e+03   5.2529280e+03   5.8734680e+03   5.9771939e+03   5.3504345e+03   5.9383153e+03   5.4223152e+03   5.6209150e+03   5.3501259e+03   4.5712251e+03   5.5022900e+03   5.6031169e+03   5.4014444e+03   5.6229365e+03   6.1152624e+03   5.0997952e+03   5.5055318e+03
   5.5100835e+03   5.7513125e+03   5.5904764e+03   5.1949289e+03   5.8528574e+03   5.8773860e+03   5.9051810e+03   5.6216431e+03   5.2717985e+03   5.8222234e+03   5.5958224e+03   5.8336935e+03   5.1378158e+03   5.3764869e+03   5.2529280e+03   5.8734680e+03   5.9771939e+03   5.3504345e+03   5.9383153e+03   5.4223152e+03   5.6209150e+03   5.3501259e+03   4.5712251e+03   5.5022900e+03   5.6031169e+03   5.4014444e+03   5.6229365e+03   6.1152624e+03   5.0997952e+03   5.5055318e+03
   5.5100835e+03   5.7513125e+03   5.5904764e+03   5.1949289e+03   5.8528574e+03   5.8773860e+03   5.9051810e+03   5.6216431e+03   5.2717985e+03   5.8222234e+03   5.5958224e+03   5.8336935e+03   5.1378158e+03   5.3764869e+03   5.2529280e+03   5.8734680e+03   5.9771939e+03   5.3504345e+03   5.9383153e+03   5.4223152e+03   5.6209150e+03   5.3501259e+03   4.5712251e+03   5.5022900e+03   5.6031169e+03   5.4014444e+03   5.6229365e+03   6.1152624e+03   5.0997952e+03   5.5055318e+03
   5.5100835e+03   5.7513125e+03   5.5904764e+03   5.1949289e+03   5.8528574e+03   5.8773860e+03   5.9051810e+03   5.6216431e+03   5.2717985e+03   5.8222234e+03   5.5958224e+03   5.8336935e+03   5.1378158e+03   5.3764869e+03   5.2529280e+03   5.8734680e+03   5.9771939e+03   5.3504345e+03   5.9383153e+03   5.4223152e+03   5.6209150e+03   5.3501259e+03   4.5712251e+03   5.5022900e+03   5.6031169e+03   5.4014444e+03   5.6229365e+03   6.1152624e+03   5.0997952e+03   5.5011158e+03
   5.5100835e+03   5.7513125e+03   5.5904764e+03   5.1949289e+03   5.8528574e+03   5.8773860e+03   5.9051810e+03   5.6216431e+03   5.2717985e+03   5.8222234e+03   5.5958224e+03   5.8336935e+03   5.1378158e+03   5.3764869e+03   5.2529280e+03   5.8734680e+03   5.9771939e+03   5.3504345e+03   5.9383153e+03   5.4223152e+03   5.6209150e+03   5.3501259e+03   4.5712251e+03   5.5022900e+03   5.6031169e+03   5.4014444e+03   5.6229365e+03   6.1152624e+03   5.0997952e+03   5.5011158e+03
   5.5100835e+03   5.7513125e+03   5.5904764e+03   5.1949289e+03   5.8528574e+03   5.8773860e+03   5.6874328e+03   5.0608589e+03   5.2717985e+03   5.8222234e+03   5.5958224e+03   5.8336935e+03   5.1378158e+03   5.3764869e+03   5.2529280e+03   5.8734680e+03   5.9771939e+03   5.3504345e+03   5.9383153e+03   5.4223152e+03   5.6209150e+03   5.3501259e+03   4.5712251e+03   5.5022900e+03   5.6031169e+03   5.4014444e+03   5.6229365e+03   6.1152624e+03   5.0997952e+03   5.5011158e+03
   5.5100835e+03   5.7112706e+03   5.5904764e+03   5.1949289e+03   5.2336581e+03   5.8773860e+03   5.6316943e+03   5.0608589e+03   5.2717985e+03   5.8222234e+03   5.5958224e+03   5.8336935e+03   5.1378158e+03   5.3764869e+03   5.2529280e+03   5.8734680e+03   4.6775783e+03   5.0207098e+03   5.9383153e+03   5.4223152e+03   5.6209150e+03   5.3501259e+03   4.5712251e+03   5.5022900e+03   5.5052046e+03   5.4014444e+03   5.6229365e+03   5.4288249e+03   5.0997952e+03   5.5011158e+03
   4.8212329e+03   5.1710376e+03   5.5904764e+03   5.1949289e+03   5.0205302e+03   5.4803555e+03   4.8045098e+03   4.7835413e+03   5.2717985e+03   5.7917246e+03   5.5958224e+03   4.9330526e+03   5.1378158e+03   5.3764869e+03   5.2529280e+03   5.4248966e+03   4.6775783e+03   5.0207098e+03   5.9383153e+03   5.4223152e+03   5.6209150e+03   5.3501259e+03   4.5712251e+03   5.2322753e+03   5.2041151e+03   5.4014444e+03   4.8921991e+03   5.4288249e+03   5.0997952e+03   5.5011158e+03
   4.8212329e+03   4.4335511e+03   5.3380044e+03   5.1949289e+03   5.0205302e+03   5.0073985e+03   4.8045098e+03   4.7835413e+03   5.2717985e+03   4.5939715e+03   5.0924164e+03   4.9330526e+03   5.1378158e+03   5.0261738e+03   4.7929865e+03   5.4248966e+03   4.6775783e+03   5.0207098e+03   5.4098050e+03   5.4223152e+03   5.4538063e+03   5.2918115e+03   4.5712251e+03   5.1846252e+03   5.2041151e+03   4.8939042e+03   4.8921991e+03   3.7563110e+03   5.0997952e+03   5.3523756e+03
   4.4870756e+03   4.4335511e+03   4.1357556e+03   4.6054761e+03   4.6101593e+03   4.6149726e+03   4.4604072e+03   4.2180745e+03   4.0773493e+03   4.5122282e+03   4.4620426e+03   4.7235687e+03   4.5107730e+03   3.0182347e+03   4.5820182e+03   4.1991475e+03   4.1054832e+03   4.4018205e+03   4.7106564e+03   4.0716128e+03   4.5348924e+03   4.3256148e+03   4.5324754e+03   4.5877269e+03   4.6271980e+03   3.7760864e+03   4.3140865e+03   3.7563110e+03   3.9824669e+03   4.3964810e+03
   3.4319789e+03   3.5554510e+03   3.0794822e+03   2.6119134e+03   2.3421776e+03   3.0752869e+03   3.4546209e+03   2.9103000e+03   3.4763780e+03   3.3621118e+03   3.4922866e+03   3.6604891e+03   3.4099746e+03   3.0182347e+03   3.3295994e+03   3.4790436e+03   3.4931248e+03   3.4622703e+03   3.5064681e+03   3.6442749e+03   3.6141369e+03   1.9184620e+03   3.6751936e+03   2.8824578e+03   3.5856706e+03   1.3658640e+03   3.6084474e+03   3.4813360e+03   3.5197198e+03   3.3780562e+03
   5.5347144e+02   1.9628328e+03   4.3952080e+02   1.2654460e+02   1.0185040e+02   8.7392475e+01   1.0620021e+02   1.2443229e+02   6.0626464e+02   8.7027218e+02   8.7272881e+02   1.2119691e+03   8.2681571e+02   8.6027245e+02   6.9303200e+02   6.0529808e+02   5.3429531e+02   3.8648397e+02   7.1712632e+02   2.2398638e+03   3.5148758e+02   5.5753128e+01   1.7348007e+03   1.2616491e+02   1.9692167e+03   4.4363151e+02   5.8826482e+02   9.9323269e+01   6.0992594e+02   1.0520386e+03
   7.7065079e+01   6.5180763e+01   3.3773522e+01   1.0756640e+02   5.1858793e+01   8.7224547e+01   1.0603496e+02   1.2443229e+02   4.6185163e+01   1.0741468e+02   9.3541296e+01   7.5025885e+01   9.9917197e+01   9.4507794e+01   7.7607615e+01   9.7356563e+01   8.5448590e+01   8.9104568e+01   1.1556736e+02   8.1688335e+01   7.8659473e+01   5.2357918e+01   8.1981791e+01   1.2616491e+02   1.7578726e+02   8.1816691e+01   1.1891312e+02   9.9323258e+01   7.5163918e+01   3.0095143e+01
