   3.8255594e+02   3.8256223e+02   3.9760207e+02   3.2885162e+02   4.5312588e+02   3.5585736e+02   2.9378554e+02   4.9214319e+02   3.3986812e+02   2.1159717e+02   4.6187745e+02   4.5819240e+02   3.9930640e+02   3.6625992e+02   3.7736501e+02   3.9683963e+02   3.9831641e+02   4.4745488e+02   3.2356352e+02   3.4614605e+02   3.5191793e+02   4.0759687e+02   3.8804000e+02   4.1906625e+02   2.7007517e+02   3.6847773e+02   4.1711444e+02   3.6359355e+02   4.1389011e+02   4.2145683e+02
   3.8255594e+02   3.8256223e+02   3.9760207e+02   3.2885162e+02   4.5312588e+02   3.5585736e+02   2.9378554e+02   4.9214319e+02   3.3986812e+02   2.1159717e+02   4.6187745e+02   4.5819240e+02   3.9930640e+02   3.6625992e+02   3.7736501e+02   3.9683963e+02   3.9831641e+02   4.4745488e+02   3.2356352e+02   3.4614605e+02   3.5191793e+02   4.0759687e+02   3.8804000e+02   4.1906625e+02   2.7007517e+02   3.6847773e+02   4.1711444e+02   3.6359355e+02   4.1389011e+02   4.2145683e+02
   3.8255594e+02   3.8256223e+02   3.9760207e+02   3.2885162e+02   2.3601607e+02   3.5585736e+02   2.9378554e+02   4.9214319e+02   3.3986812e+02   2.1159717e+02   4.6187745e+02   4.5819240e+02   3.9930640e+02   3.6625992e+02   3.7736501e+02   3.9683963e+02   3.9831641e+02   4.4745488e+02   3.2356352e+02   3.3574561e+02   3.5191793e+02   4.0759687e+02   3.8804000e+02   4.1906625e+02   2.7007517e+02   3.6847773e+02   4.1711444e+02   3.6359355e+02   4.1389011e+02   4.2145683e+02
   3.8255594e+02   3.8256223e+02   3.9760207e+02   3.2885162e+02   2.3601607e+02   3.5585736e+02   2.9378554e+02   4.9214319e+02   3.3986812e+02   2.1159717e+02   4.6187745e+02   4.5819240e+02   3.9930640e+02   3.6625992e+02   3.7736501e+02   3.9683963e+02   3.9831641e+02   4.4745488e+02   3.2356352e+02   3.3574561e+02   3.5191793e+02   4.0759687e+02   3.8804000e+02   4.1906625e+02   2.7007517e+02   3.6847773e+02   4.1711444e+02   3.6359355e+02   4.1389011e+02   4.2145683e+02
   3.8255594e+02   3.8256223e+02   3.9760207e+02   3.2885162e+02   2.3601607e+02   3.5585736e+02   2.9378554e+02   4.9214319e+02   3.3986812e+02   2.1159717e+02   4.6187745e+02   4.5819240e+02   3.9930640e+02   3.6625992e+02   3.7736501e+02   3.9683963e+02   3.9831641e+02   4.4745488e+02   3.2356352e+02   3.3574561e+02   3.5191793e+02   4.0759687e+02   3.8804000e+02   4.1906625e+02   2.7007517e+02   3.6847773e+02   4.1711444e+02   3.6359355e+02   4.1389011e+02   4.2145683e+02
   3.8255594e+02   3.8256223e+02   3.9760207e+02   3.2885162e+02   2.3601607e+02   3.5585736e+02   2.9378554e+02   4.9214319e+02   3.3986812e+02   2.1159717e+02   4.3787054e+02   4.5819240e+02   3.9930640e+02   3.6625992e+02   3.7736501e+02   3.9683963e+02   3.9831641e+02   4.4745488e+02   3.2356352e+02   3.3574561e+02   3.5191793e+02   4.0759687e+02   3.8804000e+02   4.1906625e+02   2.7007517e+02   3.6847773e+02   4.1711444e+02   3.6359355e+02   4.1389011e+02   4.2145683e+02
   3.8255594e+02   3.8256223e+02   3.9760207e+02   3.2885162e+02   2.3601607e+02   3.5585736e+02   2.9378554e+02   4.9214319e+02   3.3986812e+02   2.1159717e+02   4.3787054e+02   4.5819240e+02   3.9930640e+02   3.6625992e+02   3.7736501e+02   3.9683963e+02   3.9831641e+02   4.4745488e+02   3.2356352e+02   3.3574561e+02   3.5191793e+02   4.0759687e+02   3.8804000e+02   4.1906625e+02   2.7007517e+02   3.6847773e+02   4.1711444e+02   3.6359355e+02   4.1389011e+02   4.2145683e+02
   3.8255594e+02   3.8256223e+02   3.9760207e+02   3.2885162e+02   2.3601607e+02   3.5585736e+02   2.9378554e+02   4.9214319e+02   3.3986812e+02   2.1159717e+02   4.3787054e+02   4.5819240e+02   3.9930640e+02   3.6625992e+02   3.7736501e+02   3.2725059e+02   3.1440556e+02   4.4745488e+02   3.2356352e+02   3.3574561e+02   3.5191793e+02   4.0759687e+02   3.8804000e+02   4.1906625e+02   2.7007517e+02   3.6847773e+02   4.1711444e+02   3.6359355e+02   3.6190763e+02   4.2145683e+02
   2.6798471e+02   3.8256223e+02   3.9760207e+02   3.2885162e+02   2.3601607e+02   2.8496539e+02   2.9378554e+02   2.8850848e+02   3.3986812e+02   2.1159717e+02   2.3151391e+02   3.5728949e+02   3.9930640e+02   3.6625992e+02   3.7736501e+02   3.2725059e+02   3.1440556e+02   2.9002138e+02   3.2356352e+02   2.3485681e+02   3.5191793e+02   2.9845107e+02   3.8804000e+02   4.1906625e+02   2.6113713e+02   2.2094359e+02   3.7621786e+02   2.7062866e+02   2.9529828e+02   4.2145683e+02
   1.1467673e+02   2.1223983e+02   3.3538588e+02   2.2112248e+02   2.2149526e+02   2.4874799e+02   2.0966595e+02   2.0071242e+02   2.1590470e+02   2.1159717e+02   1.3695476e+02   2.2030620e+02   1.4298176e+02   1.9235934e+02   1.8958169e+02   1.1335751e+02   1.8133679e+02   2.0546160e+02   2.0662043e+02   2.3485681e+02   2.3859188e+02   2.1160637e+02   1.9580890e+02   2.4029924e+02   1.6973583e+02   1.4129373e+02   2.0197229e+02   2.0423306e+02   1.8761899e+02   2.5776897e+02
   1.1467673e+02   1.2470071e+02   6.9550891e+01   8.9521785e+01   1.5133117e+02   1.1803196e+02   1.3070592e+02   1.4351775e+02   1.1285526e+02   1.1236168e+02   1.3695476e+02   1.1985341e+02   1.3979598e+02   1.4686593e+02   1.3957088e+02   9.4737107e+01   9.8498122e+01   9.7725098e+01   1.1779944e+02   1.0898895e+02   1.2687166e+02   1.3598399e+02   1.1886097e+02   1.3725068e+02   1.3749252e+02   9.6536282e+01   1.4495665e+02   1.4569635e+02   1.1043999e+02   1.3602988e+02
   9.7099182e+01   1.1237086e+02   6.9550891e+01   8.1259788e+01   9.3806664e+01   9.7762639e+01   8.1687996e+01   1.0895560e+02   7.7812730e+01   1.0204780e+02   9.8097056e+01   8.2998944e+01   1.0512547e+02   1.0189221e+02   9.5770474e+01   7.5865353e+01   8.6643105e+01   9.6388026e+01   9.6623620e+01   9.5068700e+01   9.9637765e+01   1.0842620e+02   9.7610126e+01   9.9463696e+01   8.6779969e+01   8.9459149e+01   8.7176640e+01   1.0765754e+02   9.0513165e+01   1.0262652e+02
   7.5266958e+01   6.8132341e+01   5.6321676e+01   6.9239213e+01   5.2223322e+01   7.6952689e+01   5.7485431e+01   7.2762599e+01   6.7793269e+01   6.4251925e+01   8.3745902e+01   6.9098293e+01   7.5294225e+01   7.9379561e+01   7.8011583e+01   6.0185190e+01   6.9685681e+01   7.3791646e+01   6.8575379e+01   6.3374424e+01   7.7368722e+01   6.2419531e+01   7.0644370e+01   6.2951984e+01   6.7069154e+01   6.8413396e+01   7.5111070e+01   5.8722177e+01   7.4032361e+01   7.3542383e+01
   4.8262618e+01   5.4506096e+01   3.9389082e+01   4.2220478e+01   5.2223322e+01   4.1431292e+01   4.8184086e+01   4.0101691e+01   5.0415430e+01   4.8684579e+01   5.4864285e+01   4.9721398e+01   5.3104265e+01   5.8590766e+01   5.2108387e+01   5.1153541e+01   5.1187628e+01   3.8368217e+01   4.6729179e+01   4.9629235e+01   5.3009345e+01   5.1563925e+01   4.6233865e+01   4.8489103e+01   4.9409593e+01   5.1608402e+01   5.5882596e+01   5.6137164e+01   4.7467336e+01   4.3753952e+01
   3.0271226e+01   3.2423811e+01   2.9750931e+01   3.0046022e+01   2.8047462e+01   3.3012081e+01   3.1454532e+01   3.2089701e+01   3.5899332e+01   2.9071074e+01   3.7766061e+01   2.9389765e+01   3.5583207e+01   3.7105362e+01   3.5001758e+01   3.0087778e+01   3.5199877e+01   3.2019148e+01   1.7025114e+01   3.2041258e+01   3.2905078e+01   2.9294020e+01   3.0852428e+01   2.9886515e+01   3.0173196e+01   3.2150806e+01   3.3825663e+01   3.2126234e+01   2.9945720e+01   3.1787145e+01
   1.3118008e+01   4.6310618e+00   1.2294672e+01   1.0944540e+01   1.1775367e+01   4.5299376e+00   4.5973434e+00   8.5720353e+00   9.9495806e+00   1.2046804e+01   5.4121490e+00   1.1111826e+01   1.4263712e+01   4.6264721e+00   5.6061361e+00   1.1320545e+01   7.9389642e+00   1.3314545e+01   9.5512519e+00   1.1246703e+01   1.2847073e+01   1.1628711e+01   1.2556137e+01   1.2690029e+01   1.2591859e+01   2.6206061e+00   8.6456042e+00   6.6163902e+00   1.4503180e+01   1.2925607e+01
