   7.0169571e+02   6.0284895e+02   5.5925156e+02   3.7909845e+02   6.0714663e+02   6.7218136e+02   6.1152277e+02   5.8348941e+02   6.6279932e+02   3.0228724e+02   6.3551272e+02   5.4939446e+02   6.6757565e+02   5.6347488e+02   4.4445176e+02   5.8265568e+02   5.7456422e+02   4.7160623e+02   5.1921277e+02   5.3357952e+02   7.1730715e+02   5.5862183e+02   8.4721987e+02   7.6441305e+02   1.2151373e+02   5.6269231e+02   5.3429181e+02   4.8071935e+02   6.4854274e+02   4.1192678e+02
   7.0169571e+02   6.0284895e+02   5.5925156e+02   3.7909845e+02   6.0714663e+02   6.7218136e+02   6.1152277e+02   5.8348941e+02   6.6279932e+02   3.0228724e+02   6.3551272e+02   5.4939446e+02   6.6757565e+02   5.6347488e+02   4.4445176e+02   5.8265568e+02   5.7456422e+02   4.7160623e+02   5.1921277e+02   5.3357952e+02   7.1730715e+02   5.5862183e+02   3.5423134e+02   7.6441305e+02   1.2151373e+02   5.6269231e+02   5.3429181e+02   4.8071935e+02   6.4854274e+02   4.1192678e+02
   7.0169571e+02   6.0284895e+02   5.5925156e+02   3.7909845e+02   6.0714663e+02   6.7218136e+02   6.1152277e+02   5.8348941e+02   6.4945058e+02   3.0228724e+02   6.3551272e+02   5.4939446e+02   6.6757565e+02   5.6347488e+02   4.4445176e+02   5.8265568e+02   5.7456422e+02   4.7160623e+02   5.1921277e+02   5.3357952e+02   7.1730715e+02   5.5862183e+02   3.5423134e+02   7.6441305e+02   1.2151373e+02   5.6269231e+02   5.3429181e+02   4.8071935e+02   6.4854274e+02   4.1192678e+02
   7.0169571e+02   6.0284895e+02   5.5925156e+02   3.7909845e+02   6.0714663e+02   6.7218136e+02   6.1152277e+02   5.8348941e+02   6.4945058e+02   3.0228724e+02   6.3551272e+02   5.4939446e+02   6.6757565e+02   5.6347488e+02   4.4445176e+02   5.8265568e+02   5.7456422e+02   4.7160623e+02   5.1921277e+02   5.3357952e+02   7.1730715e+02   5.5862183e+02   3.5423134e+02   7.6441305e+02   1.2151373e+02   5.6269231e+02   5.3429181e+02   4.8071935e+02   6.4854274e+02   4.1192678e+02
   7.0169571e+02   6.0284895e+02   5.5925156e+02   3.7909845e+02   6.0714663e+02   6.7218136e+02   6.1152277e+02   5.8348941e+02   6.4945058e+02   3.0228724e+02   6.3551272e+02   5.4939446e+02   6.6757565e+02   5.6347488e+02   4.4445176e+02   5.8265568e+02   5.7456422e+02   4.7160623e+02   5.1921277e+02   5.3357952e+02   7.1730715e+02   5.5862183e+02   3.5423134e+02   7.6441305e+02   1.2151373e+02   5.6269231e+02   5.3429181e+02   4.8071935e+02   6.4854274e+02   4.1192678e+02
   7.0169571e+02   6.0284895e+02   5.5925156e+02   3.7909845e+02   6.0714663e+02   6.7218136e+02   6.1152277e+02   5.8348941e+02   6.4945058e+02   3.0228724e+02   6.3551272e+02   5.4939446e+02   6.6757565e+02   5.6347488e+02   4.4445176e+02   5.8265568e+02   5.7456422e+02   4.7160623e+02   5.1921277e+02   5.3357952e+02   7.1730715e+02   5.5862183e+02   3.5423134e+02   7.6441305e+02   1.2151373e+02   5.6269231e+02   5.3429181e+02   4.8071935e+02   6.4854274e+02   4.1192678e+02
   7.0169571e+02   6.0284895e+02   5.5925156e+02   3.7909845e+02   6.0714663e+02   6.7218136e+02   6.1152277e+02   5.8348941e+02   6.4945058e+02   3.0228724e+02   6.3551272e+02   5.4939446e+02   6.6757565e+02   5.6347488e+02   4.4445176e+02   5.8265568e+02   5.7456422e+02   4.7160623e+02   5.1921277e+02   5.3357952e+02   7.1730715e+02   5.5862183e+02   3.5423134e+02   7.6441305e+02   1.2151373e+02   5.6269231e+02   5.3429181e+02   4.8071935e+02   6.4854274e+02   4.1192678e+02
   7.0169571e+02   6.0284895e+02   5.5925156e+02   3.7909845e+02   6.0714663e+02   6.7218136e+02   6.1152277e+02   5.8348941e+02   6.4945058e+02   3.0228724e+02   6.3551272e+02   5.4939446e+02   6.6757565e+02   5.6347488e+02   4.4445176e+02   5.8265568e+02   5.7456422e+02   4.7160623e+02   5.1921277e+02   5.3357952e+02   3.4843361e+02   5.5701352e+02   3.5423134e+02   7.6441305e+02   1.2151373e+02   5.6269231e+02   5.3429181e+02   4.8071935e+02   6.4854274e+02   4.1192678e+02
   7.0169571e+02   6.0284895e+02   5.5925156e+02   3.7909845e+02   6.0714663e+02   6.7218136e+02   6.1152277e+02   5.8348941e+02   6.4945058e+02   3.0228724e+02   6.3551272e+02   5.4939446e+02   6.6757565e+02   5.6347488e+02   4.4445176e+02   3.2974512e+02   5.7456422e+02   4.7160623e+02   5.1921277e+02   5.3357952e+02   3.4843361e+02   5.5701352e+02   3.5423134e+02   7.6441305e+02   1.2151373e+02   5.6269231e+02   5.3429181e+02   4.8071935e+02   6.4854274e+02   4.1192678e+02
   7.0169571e+02   6.0284895e+02   5.5925156e+02   3.7909845e+02   6.0714663e+02   6.7218136e+02   6.0045705e+02   5.8348941e+02   6.4945058e+02   3.0228724e+02   6.3551272e+02   5.4939446e+02   5.3705910e+02   5.6347488e+02   4.4445176e+02   3.2974512e+02   5.7456422e+02   4.7160623e+02   5.1921277e+02   5.3357952e+02   3.4843361e+02   5.5701352e+02   3.5423134e+02   4.9849510e+02   1.2151373e+02   5.6269231e+02   5.3429181e+02   4.3694980e+02   6.4854274e+02   4.1192678e+02
   5.6832179e+02   6.0284895e+02   5.5925156e+02   3.7909845e+02   6.0714663e+02   6.7218136e+02   6.0045705e+02   5.8348941e+02   5.7951976e+02   3.0228724e+02   3.6997992e+02   2.2155472e+02   1.3180852e+02   5.6347488e+02   4.4445176e+02   3.2974512e+02   4.3925279e+02   4.7160623e+02   2.5557284e+02   5.3357952e+02   3.4843361e+02   5.5701352e+02   3.5423134e+02   2.6312811e+02   1.2151373e+02   5.6269231e+02   5.3429181e+02   4.3694980e+02   4.2722882e+02   4.1192678e+02
   3.9360225e+02   4.9073102e+02   3.1138161e+02   3.6676568e+02   4.7289511e+02   5.0698379e+02   4.9133711e+02   4.1347545e+02   4.2212926e+02   3.0228724e+02   1.3572452e+02   9.8293010e+01   1.3180852e+02   4.5982078e+02   3.5517267e+02   3.2974512e+02   4.3925279e+02   4.7160623e+02   1.3707437e+02   4.6355699e+02   3.4843361e+02   3.3004822e+02   6.7388366e+01   2.6312811e+02   1.2151373e+02   4.7802694e+02   4.9718185e+02   4.3694980e+02   4.2722882e+02   3.7066130e+02
   2.6720212e+02   3.5616166e+02   2.9303129e+02   3.1068143e+02   2.1984393e+02   3.0724713e+02   2.7680014e+02   3.3598052e+02   3.1385628e+02   2.5970834e+02   1.0771491e+02   9.8293010e+01   1.3180852e+02   2.8107816e+02   2.5906787e+02   3.0449024e+02   3.5662503e+02   3.7682006e+02   1.3707437e+02   3.0138858e+02   3.4843361e+02   3.3004822e+02   6.3291910e+01   2.0202609e+02   4.8583971e+01   3.0418518e+02   3.0578405e+02   3.5558761e+02   3.2384483e+02   1.3446797e+02
   1.6808168e+02   8.9703023e+01   1.9543173e+02   1.4404672e+02   1.3731693e+02   1.4690125e+02   1.5106867e+02   1.3598110e+02   1.4673549e+02   1.6310739e+02   1.0771491e+02   9.8293010e+01   1.3180852e+02   1.0284368e+01   3.4056089e+01   1.6272250e+02   2.5211786e+02   1.9076915e+02   1.3707437e+02   1.4384565e+02   2.2161145e+02   1.5128787e+02   6.2334972e+01   1.7847722e+02   4.8583971e+01   1.4738869e+02   5.5958109e+01   1.7144633e+02   1.3901994e+02   1.3446797e+02
   7.4300089e+00   5.5666715e+00   1.7430847e+01   4.5057920e+00   1.6288242e+01   1.4788172e+01   1.8246929e+01   1.8394995e+01   1.3940581e+01   1.6364408e+01   1.5616626e+01   1.7028802e+01   1.3507886e+01   6.1050834e+00   8.6447210e+00   1.0498195e+01   1.0746401e+01   1.3810631e+01   1.8285384e+01   5.9889541e+00   1.7788858e+01   6.6890419e+00   1.3482893e+01   2.5617996e+01   7.0430081e+00   9.3170761e+00   1.5879139e+01   1.6290948e+01   1.0975679e+01   1.5201694e+01
   6.7463016e-01   5.0256054e-01   1.0964005e-01   4.0016640e-01   1.1497946e-01   1.0458503e+00   3.9460119e-01   5.9784857e-02   1.0012241e+00   1.1746999e-01   2.4291812e-01   2.1354531e-01   2.2336811e-01   3.0938619e-01   2.8446454e-01   4.0301681e-02   2.8694308e-01   2.6938801e-01   6.0031971e-02   2.6475562e-01   1.0230241e+00   5.0896187e-01   2.7861046e-01   2.3250128e-01   3.9382081e-01   3.4739643e-01   7.2277354e-01   2.6619032e-01   3.4564763e-01   4.9121118e-01
