   1.6933558e+05   7.2636694e+04   1.4254294e+04   9.3849964e+03   6.1254903e+04   2.4423349e+04   1.6557621e+05   5.9853974e+04   1.3845729e+05   9.5555901e+04   6.2867149e+04   9.3966272e+04   2.7377501e+04   2.2006692e+04   2.6119670e+04   3.5673952e+04   4.4073276e+04   1.1186879e+05   1.4529223e+04   7.5052836e+04   3.7513536e+05   2.7992639e+04   8.7928108e+04   4.2689083e+04   6.2375504e+04   5.3220593e+04   2.8464563e+04   2.4692707e+05   1.0305953e+05   2.4141175e+04
   1.6933558e+05   7.2636694e+04   1.4254294e+04   9.3849964e+03   6.1254903e+04   2.4423349e+04   1.6557621e+05   5.9853974e+04   1.3845729e+05   9.5555901e+04   6.2867149e+04   9.3966272e+04   2.7377501e+04   2.2006692e+04   2.6119670e+04   3.5673952e+04   4.4073276e+04   1.1186879e+05   1.4529223e+04   7.5052836e+04   3.7513536e+05   2.7992639e+04   8.7928108e+04   4.2689083e+04   6.2375504e+04   5.3220593e+04   2.8464563e+04   2.4692707e+05   1.0305953e+05   2.4141175e+04
   1.6933558e+05   7.2636694e+04   1.4254294e+04   9.3849964e+03   6.1254903e+04   2.4423349e+04   1.6557621e+05   5.9853974e+04   1.3845729e+05   9.5555901e+04   6.2867149e+04   9.3966272e+04   2.7377501e+04   2.2006692e+04   2.6119670e+04   3.5673952e+04   4.4073276e+04   1.1186879e+05   1.4529223e+04   7.5052836e+04   3.5378325e+05   2.7992639e+04   8.7928108e+04   4.2689083e+04   6.2375504e+04   5.3220593e+04   2.8464563e+04   2.4692707e+05   1.0305953e+05   2.4141175e+04
   1.6933558e+05   7.2636694e+04   1.4254294e+04   9.3849964e+03   6.1254903e+04   2.4423349e+04   1.6557621e+05   5.9853974e+04   1.3845729e+05   9.5555901e+04   6.2867149e+04   9.3966272e+04   2.7377501e+04   2.2006692e+04   2.6119670e+04   3.5673952e+04   4.4073276e+04   1.1186879e+05   1.4529223e+04   7.5052836e+04   3.5378325e+05   2.7992639e+04   8.7928108e+04   4.2689083e+04   6.2375504e+04   5.3220593e+04   2.8464563e+04   2.4692707e+05   1.0305953e+05   2.4141175e+04
   1.6933558e+05   7.2636694e+04   1.4254294e+04   9.3849964e+03   6.1254903e+04   2.4423349e+04   1.6557621e+05   5.9853974e+04   1.3845729e+05   9.5555901e+04   6.2867149e+04   9.3966272e+04   2.7377501e+04   2.2006692e+04   2.6119670e+04   3.5673952e+04   4.4073276e+04   1.1186879e+05   1.4529223e+04   7.5052836e+04   3.5378325e+05   2.7992639e+04   8.7928108e+04   4.2689083e+04   6.2375504e+04   5.3220593e+04   2.8464563e+04   2.4692707e+05   1.0305953e+05   2.4141175e+04
   1.6933558e+05   7.2636694e+04   1.4254294e+04   9.3849964e+03   6.1254903e+04   2.4423349e+04   1.6557621e+05   5.9853974e+04   1.3845729e+05   9.5555901e+04   6.2867149e+04   9.3966272e+04   2.7377501e+04   2.2006692e+04   2.6119670e+04   3.5673952e+04   4.4073276e+04   1.1186879e+05   1.4529223e+04   7.5052836e+04   3.5378325e+05   2.7992639e+04   8.7928108e+04   4.2689083e+04   6.2375504e+04   5.3220593e+04   2.8464563e+04   2.4692707e+05   1.0305953e+05   2.4141175e+04
   1.6933558e+05   7.2636694e+04   1.4254294e+04   9.3849964e+03   6.1254903e+04   2.4423349e+04   1.6557621e+05   5.9853974e+04   1.3845729e+05   9.5555901e+04   6.2867149e+04   9.3966272e+04   2.7377501e+04   2.2006692e+04   2.6119670e+04   3.5673952e+04   4.4073276e+04   1.1186879e+05   1.4529223e+04   7.5052836e+04   3.5378325e+05   2.7992639e+04   8.7928108e+04   4.2689083e+04   6.2375504e+04   5.3220593e+04   2.8464563e+04   2.4692707e+05   1.0305953e+05   2.4141175e+04
   1.6933558e+05   7.2636694e+04   1.4254294e+04   9.3849964e+03   6.1254903e+04   2.4423349e+04   1.6557621e+05   2.9707366e+03   1.3845729e+05   9.5555901e+04   6.2867149e+04   9.3966272e+04   2.7377501e+04   2.2006692e+04   2.6119670e+04   3.5673952e+04   4.4073276e+04   6.7937637e+04   1.4529223e+04   7.5052836e+04   3.5378325e+05   1.0750670e+03   8.7928108e+04   4.2689083e+04   6.2375504e+04   5.3220593e+04   2.8464563e+04   2.4692707e+05   3.1639422e+04   2.4141175e+04
   3.1591603e+02   6.9085168e+04   1.4254294e+04   9.3849964e+03   6.1254903e+04   2.4423349e+04   1.3947894e+05   2.9707366e+03   1.3845729e+05   9.5555901e+04   6.2867149e+04   9.3966272e+04   2.7377501e+04   2.2006692e+04   2.6119670e+04   1.5593834e+03   1.8438146e+03   1.1879823e+03   1.4529223e+04   6.3978310e+04   3.5378325e+05   1.0750670e+03   8.7928108e+04   4.2689083e+04   4.7539893e+04   5.3220593e+04   2.8464563e+04   2.4692707e+05   3.1639422e+04   2.4141175e+04
   3.1591603e+02   1.9196118e+04   1.4254294e+04   9.3849964e+03   4.0752028e+03   9.9458855e+03   2.3808375e+04   2.9707366e+03   3.2340813e+03   5.8902250e+04   5.9773181e+03   9.2719271e+03   1.8043942e+04   4.8971042e+03   2.6119670e+04   1.5593834e+03   2.0729130e+02   1.1879823e+03   3.0094464e+01   2.5370556e+04   9.9871648e+03   4.2208813e+02   1.0894743e+04   2.1676283e+02   8.2666376e+03   1.7072076e+02   2.8464563e+04   1.3107742e+04   3.1833510e+03   7.0251062e+01
   2.3007745e+02   1.4573952e+01   3.6247879e+01   4.2414750e+01   1.2769217e+02   1.2120546e+01   3.5837440e+02   2.3976993e+01   2.2483285e+01   2.5661619e+01   2.0413356e+01   3.0788662e+01   8.0549753e+01   4.2965284e+01   6.8533127e+02   9.9680603e+00   1.0096093e+02   1.1252423e+01   2.7800006e+01   1.3314324e+02   7.1511506e+01   7.2725680e+00   1.8732191e+02   2.6337477e+01   1.0407418e+01   1.9956705e+01   6.8272960e+01   9.5551944e+00   2.2549830e+02   7.0251062e+01
   9.5200797e+00   4.2110981e+00   6.0503898e+00   6.1402522e+00   9.0031375e+00   8.2330452e+00   7.9436809e+00   3.8805972e+00   9.0639464e+00   9.2517209e+00   9.0584710e+00   9.0194484e+00   9.8632092e+00   9.4257268e+00   9.7747591e+00   9.8274940e+00   8.5914852e+00   1.0167708e+01   8.5862253e+00   9.6584400e+00   7.7801744e+00   7.2725680e+00   9.3937309e+00   4.3938051e+00   7.5354005e+00   7.1895065e+00   6.9182172e+00   7.6876357e+00   7.1025203e+00   6.6069110e+00
   4.4950638e+00   4.2110981e+00   6.0503898e+00   6.1402522e+00   4.5725166e+00   6.2719111e+00   5.3531613e+00   3.8805972e+00   5.3502380e+00   6.1526869e+00   5.5359035e+00   5.7230458e+00   5.5812899e+00   6.5088456e+00   6.1880428e+00   4.2070318e+00   5.6807336e+00   6.3625007e+00   6.1140092e+00   4.1250134e+00   6.5146901e+00   6.1747650e+00   3.7780463e+00   4.3938051e+00   5.4070339e+00   6.2470878e+00   5.7580350e+00   4.9701574e+00   5.8198348e+00   4.8249699e+00
   3.9288595e+00   4.2110981e+00   4.7658126e+00   4.5585019e+00   4.2664457e+00   4.1567260e+00   4.6017153e+00   3.8805972e+00   4.1597495e+00   4.7693918e+00   4.9827635e+00   3.3313556e+00   4.5458430e+00   4.5856505e+00   4.4202549e+00   4.2070318e+00   4.0681059e+00   4.5327653e+00   4.7973138e+00   4.1250134e+00   3.9339217e+00   4.5017574e+00   3.7780463e+00   4.2635998e+00   4.3950785e+00   4.7701393e+00   4.9464074e+00   4.4350814e+00   4.4720985e+00   4.3294106e+00
   2.5420707e+00   2.2837104e+00   2.7337384e+00   2.7213347e+00   2.7759298e+00   2.7598996e+00   2.8813154e+00   2.8040717e+00   2.7948719e+00   2.1882409e+00   2.0440599e+00   2.7572179e+00   2.7713612e+00   2.8292656e+00   2.8593939e+00   2.7406380e+00   2.7755941e+00   2.8000976e+00   2.6844777e+00   2.8066400e+00   2.6361138e+00   2.5622661e+00   2.6366034e+00   2.6203292e+00   2.2815437e+00   2.8062260e+00   2.7128809e+00   2.8625285e+00   2.6553785e+00   2.3454145e+00
   4.7073510e-01   3.4365140e-01   4.2115907e-01   4.7059423e-01   3.9569112e-01   4.7852817e-01   2.9881112e-01   4.6846985e-01   2.7621082e-01   5.1958802e-01   4.3830445e-01   4.8194301e-01   5.3960281e-01   3.8212521e-01   3.9571664e-01   3.4068645e-01   5.3570177e-01   4.4498796e-01   4.8049446e-01   6.2532096e-01   3.6382607e-01   3.9706924e-01   3.0275630e-01   6.5258146e-01   5.0309827e-01   4.6493210e-01   3.3859797e-01   4.0574522e-01   4.3211128e-01   6.0237224e-01
