   1.4050413e+03   1.1271246e+03   1.0301199e+03   2.0382755e+03   1.1035895e+03   1.5397785e+03   1.2325849e+03   2.4043635e+03   1.7147880e+03   1.9668994e+03   1.6573241e+03   1.3267852e+03   2.0889477e+03   1.0743608e+03   1.0212653e+03   1.2994897e+03   1.4324968e+03   9.4802985e+02   1.0350353e+03   1.1724275e+03   2.3443920e+03   1.1428757e+03   1.4916703e+03   1.3458515e+03   1.1724275e+03   7.0549954e+02   1.3940953e+03   1.5007854e+03   1.6716502e+03   1.4693813e+03
   1.4050413e+03   1.1271246e+03   1.0301199e+03   2.0382755e+03   1.1035895e+03   1.4568138e+03   1.2325849e+03   2.4043635e+03   1.7147880e+03   1.9668994e+03   1.6573241e+03   1.3267852e+03   2.0889477e+03   1.0743608e+03   1.0212653e+03   1.2994897e+03   1.4324968e+03   9.4802985e+02   1.0350353e+03   1.1724275e+03   2.3443920e+03   1.1428757e+03   1.4916703e+03   1.3458515e+03   1.1724275e+03   7.0549954e+02   1.3940953e+03   1.5007854e+03   1.5817764e+03   1.4693813e+03
   1.4050413e+03   1.1271246e+03   1.0301199e+03   2.0382755e+03   1.1035895e+03   1.4568138e+03   1.2325849e+03   2.4043635e+03   1.7147880e+03   1.9668994e+03   1.6573241e+03   1.3267852e+03   2.0889477e+03   1.0743608e+03   1.0212653e+03   1.2994897e+03   1.4324968e+03   9.4802985e+02   1.0350353e+03   1.1724275e+03   2.3443920e+03   1.1428757e+03   1.4916703e+03   1.3458515e+03   1.1724275e+03   7.0549954e+02   1.3940953e+03   1.5007854e+03   1.5817764e+03   1.4693813e+03
   1.4050413e+03   1.1271246e+03   1.0301199e+03   2.0382755e+03   1.1035895e+03   1.4568138e+03   1.2325849e+03   2.4043635e+03   1.7147880e+03   1.9668994e+03   1.6573241e+03   1.3267852e+03   2.0889477e+03   1.0743608e+03   1.0212653e+03   1.2994897e+03   1.4324968e+03   9.4802985e+02   1.0350353e+03   1.1724275e+03   2.3443920e+03   1.1428757e+03   1.4916703e+03   1.3458515e+03   1.1724275e+03   7.0549954e+02   1.3940953e+03   1.5007854e+03   1.5817764e+03   1.4693813e+03
   1.4050413e+03   1.1271246e+03   1.0301199e+03   2.0382755e+03   1.1035895e+03   1.4568138e+03   1.2325849e+03   2.4043635e+03   1.7147880e+03   1.9668994e+03   1.6573241e+03   1.3267852e+03   2.0889477e+03   1.0743608e+03   1.0212653e+03   1.2994897e+03   1.4324968e+03   9.4802985e+02   1.0350353e+03   1.1724275e+03   2.3443920e+03   1.1428757e+03   1.4916703e+03   1.3458515e+03   1.1724275e+03   7.0549954e+02   1.3940953e+03   1.5007854e+03   1.5817764e+03   1.4693813e+03
   1.4050413e+03   1.1271246e+03   1.0301199e+03   2.0382755e+03   1.1035895e+03   1.4568138e+03   1.2325849e+03   2.4043635e+03   1.7147880e+03   1.9668994e+03   1.6573241e+03   1.3267852e+03   2.0889477e+03   1.0743608e+03   1.0212653e+03   1.2994897e+03   1.4324968e+03   9.4802985e+02   1.0350353e+03   1.1724275e+03   2.3443920e+03   1.1428757e+03   1.4916703e+03   1.3458515e+03   1.1724275e+03   7.0549954e+02   1.3940953e+03   1.5007854e+03   1.5817764e+03   1.0919535e+03
   1.4050413e+03   1.1271246e+03   9.9755399e+02   2.0382755e+03   1.1035895e+03   1.4568138e+03   1.2325849e+03   2.4043635e+03   1.7147880e+03   1.9668994e+03   1.6573241e+03   1.3267852e+03   2.0889477e+03   1.0743608e+03   1.0212653e+03   1.2994897e+03   1.4324968e+03   9.4802985e+02   1.0350353e+03   1.1724275e+03   2.3443920e+03   1.1428757e+03   1.4916703e+03   1.3458515e+03   1.1724275e+03   7.0549954e+02   1.3940953e+03   1.5007854e+03   1.5817764e+03   1.0919535e+03
   1.4050413e+03   1.1271246e+03   9.4512589e+02   2.0382755e+03   1.1035895e+03   1.4568138e+03   1.2325849e+03   2.4043635e+03   1.7147880e+03   1.9668994e+03   1.6573241e+03   1.3267852e+03   1.6624718e+03   1.0743608e+03   1.0212653e+03   1.0492892e+03   1.4324968e+03   7.8056281e+02   9.3286221e+02   1.1724275e+03   2.3443920e+03   1.0331802e+03   1.4916703e+03   1.3458515e+03   1.1724275e+03   7.0549954e+02   1.3940953e+03   1.5007854e+03   1.5817764e+03   1.0919535e+03
   1.4050413e+03   6.3550606e+02   9.4512589e+02   1.9129019e+03   1.1035895e+03   1.4568138e+03   1.2325849e+03   2.4043635e+03   1.1957438e+03   1.9668994e+03   1.0962333e+03   1.3267852e+03   1.6624718e+03   8.4600661e+02   1.0212653e+03   5.9161164e+02   1.4324968e+03   7.8056281e+02   9.3286221e+02   1.1724275e+03   2.3443920e+03   7.8696569e+02   7.6961994e+02   1.3458515e+03   1.1724275e+03   7.0549954e+02   1.3940953e+03   1.5007854e+03   1.5817764e+03   1.0919535e+03
   9.3466807e+02   4.8323325e+02   9.4512589e+02   6.5381553e+02   8.3300489e+02   9.0321000e+02   8.8185297e+02   1.1015693e+03   8.8772200e+02   9.0043284e+02   7.1488074e+02   1.2262770e+03   8.8794711e+02   4.8494943e+02   9.2212369e+02   5.9161164e+02   8.0302927e+02   6.9245980e+02   9.3286221e+02   1.0943423e+03   8.4359008e+02   6.9118437e+02   7.6961994e+02   1.1423994e+03   1.0943423e+03   7.0549954e+02   1.0720560e+03   8.7196321e+02   8.4259074e+02   8.2052846e+02
   5.8567214e+02   4.8323325e+02   5.3932443e+02   5.5030472e+02   5.3776570e+02   5.6943790e+02   4.9202144e+02   4.6455860e+02   5.3163701e+02   4.9005874e+02   4.8744351e+02   5.2781920e+02   5.0570197e+02   4.8494943e+02   4.6806185e+02   5.0499638e+02   4.8960164e+02   5.4309401e+02   5.3811234e+02   5.3294057e+02   5.4956208e+02   5.0906220e+02   5.1383197e+02   4.2207129e+02   5.3294057e+02   5.3887047e+02   6.2826756e+02   5.1913159e+02   5.0456377e+02   5.2238174e+02
   4.0153312e+02   4.7743054e+02   4.6950898e+02   4.6260845e+02   4.3828760e+02   4.0782587e+02   4.2159739e+02   4.3318232e+02   4.2245750e+02   4.6081645e+02   4.6575543e+02   4.6535604e+02   4.6224849e+02   4.6640428e+02   4.6124062e+02   4.3690635e+02   4.6259580e+02   4.7014949e+02   4.5236352e+02   4.0630637e+02   4.7351272e+02   4.5904921e+02   4.6808479e+02   4.2207129e+02   4.0630637e+02   4.6325808e+02   4.7888830e+02   4.6286035e+02   4.0418432e+02   4.6285417e+02
   3.9814489e+02   4.5061124e+02   4.1142616e+02   3.9786186e+02   4.3828760e+02   4.0782587e+02   4.2159739e+02   4.3318232e+02   4.2245750e+02   4.5242046e+02   4.4983971e+02   4.5094590e+02   4.4897511e+02   4.5250700e+02   3.9923449e+02   4.3690635e+02   4.3648140e+02   4.4352680e+02   4.5123703e+02   4.0630637e+02   4.5088256e+02   4.4674427e+02   4.2585176e+02   4.2207129e+02   4.0630637e+02   4.5076964e+02   4.4181573e+02   4.5195128e+02   4.0418432e+02   4.4984203e+02
   3.9774287e+02   3.9941832e+02   3.9873379e+02   3.9774287e+02   3.9774287e+02   3.9849630e+02   3.9819572e+02   3.9854616e+02   3.9835667e+02   4.1119059e+02   3.9844647e+02   3.9774287e+02   3.9830594e+02   3.9855243e+02   3.9846184e+02   3.9774287e+02   3.9851518e+02   3.9827261e+02   3.9864540e+02   3.9856977e+02   3.9833022e+02   3.9871675e+02   3.9893012e+02   3.9830405e+02   3.9856977e+02   3.9774569e+02   4.4181573e+02   3.9774454e+02   3.9774287e+02   3.9841395e+02
   3.9774287e+02   1.0000123e+02   3.9800899e+02   3.9774287e+02   3.9774287e+02   3.9800907e+02   3.9800899e+02   3.9811914e+02   3.9803578e+02   1.0000743e+02   3.9803578e+02   3.9774287e+02   3.9800899e+02   3.9803423e+02   3.9803196e+02   3.9774287e+02   3.9800899e+02   3.9803578e+02   3.9800899e+02   3.9800899e+02   3.9800899e+02   3.9800899e+02   3.9800899e+02   3.9800899e+02   3.9800899e+02   3.9774567e+02   1.0000717e+02   3.9774287e+02   3.9774287e+02   3.9800899e+02
   3.9774287e+02   1.0000012e+02   3.9800899e+02   3.9774287e+02   3.9774287e+02   3.9800899e+02   3.9800899e+02   3.9800899e+02   3.9803578e+02   1.0000037e+02   3.9803578e+02   3.9774287e+02   3.9800899e+02   3.9800899e+02   3.9803196e+02   3.9774287e+02   3.9800899e+02   3.9803578e+02   3.9800899e+02   3.9800899e+02   3.9800899e+02   3.9800899e+02   3.9800899e+02   3.9800899e+02   3.9800899e+02   3.9774567e+02   1.0000002e+02   3.9774287e+02   3.9774287e+02   3.9800899e+02
