   1.1961367e+10   1.1293755e+10   7.5182567e+09   1.1269761e+10   7.3571155e+09   1.2551938e+10   8.1349202e+09   5.9358252e+09   6.2469997e+09   5.8420020e+09   1.1867814e+10   1.0615109e+10   5.0123419e+09   8.7014313e+09   5.7863101e+09   1.1173152e+10   7.0537811e+09   9.1884892e+09   7.0757785e+09   1.3343804e+10   7.5831553e+09   1.2450178e+10   1.0103987e+10   6.5080249e+09   1.0464548e+10   9.7922038e+09   4.9813163e+09   1.2456315e+10   8.1218325e+09   5.8799883e+09
   1.1961367e+10   1.1293755e+10   7.5182567e+09   1.1269761e+10   7.3571155e+09   1.2551938e+10   8.1349202e+09   5.9358252e+09   6.2469997e+09   5.8420020e+09   1.1867814e+10   1.0615109e+10   5.0123419e+09   8.7014313e+09   5.7863101e+09   1.1173152e+10   7.0537811e+09   9.1884892e+09   7.0757785e+09   1.3343804e+10   7.5831553e+09   1.2450178e+10   1.0103987e+10   6.5080249e+09   1.0464548e+10   9.7922038e+09   4.9813163e+09   1.2456315e+10   8.1218325e+09   5.8799883e+09
   1.1961367e+10   1.1293755e+10   7.5182567e+09   1.1269761e+10   7.3571155e+09   1.2551938e+10   8.1349202e+09   5.9358252e+09   6.2469997e+09   5.8420020e+09   1.1867814e+10   1.0615109e+10   5.0123419e+09   8.7014313e+09   5.7863101e+09   1.1173152e+10   7.0537811e+09   9.1884892e+09   7.0757785e+09   1.3343804e+10   7.5831553e+09   1.2450178e+10   1.0103987e+10   6.5080249e+09   1.0464548e+10   9.7922038e+09   4.9813163e+09   1.2456315e+10   8.1218325e+09   5.8799883e+09
   1.1961367e+10   1.1293755e+10   7.5182567e+09   1.1269761e+10   7.3571155e+09   1.2551938e+10   8.1349202e+09   5.9358252e+09   6.2469997e+09   5.8420020e+09   1.1867814e+10   1.0615109e+10   5.0123419e+09   8.7014313e+09   5.7863101e+09   1.1173152e+10   7.0537811e+09   9.1884892e+09   7.0757785e+09   1.3343804e+10   7.5831553e+09   1.2450178e+10   1.0103987e+10   6.5080249e+09   1.0464548e+10   9.7922038e+09   4.9813163e+09   1.2456315e+10   8.1218325e+09   5.8799883e+09
   1.1961367e+10   1.1293755e+10   7.5182567e+09   1.1269761e+10   7.3571155e+09   1.2551938e+10   8.1349202e+09   5.9358252e+09   6.2469997e+09   5.8420020e+09   1.1867814e+10   1.0615109e+10   5.0123419e+09   8.7014313e+09   5.7863101e+09   1.1173152e+10   7.0537811e+09   9.1884892e+09   7.0757785e+09   1.3343804e+10   7.5831553e+09   1.2450178e+10   1.0103987e+10   6.5080249e+09   1.0464548e+10   9.7922038e+09   4.9813163e+09   1.2456315e+10   8.1218325e+09   5.8799883e+09
   1.1961367e+10   1.1293755e+10   7.5182567e+09   1.1269761e+10   7.3571155e+09   1.2551938e+10   8.1349202e+09   5.9358252e+09   6.2469997e+09   5.8420020e+09   1.1867814e+10   1.0615109e+10   5.0123419e+09   8.7014313e+09   5.7863101e+09   1.1173152e+10   7.0537811e+09   9.1884892e+09   7.0757785e+09   1.3343804e+10   7.5831553e+09   1.2450178e+10   1.0103987e+10   6.5080249e+09   1.0464548e+10   9.7922038e+09   4.9813163e+09   1.2456315e+10   8.1218325e+09   5.8799883e+09
   1.1961367e+10   1.1293755e+10   7.5182567e+09   1.1269761e+10   7.3571155e+09   1.2551938e+10   8.1349202e+09   5.3037853e+09   6.2469997e+09   5.8420020e+09   1.1208643e+10   1.0615109e+10   5.0123419e+09   8.7014313e+09   5.3727965e+09   1.1173152e+10   7.0537811e+09   9.1884892e+09   7.0757785e+09   1.3343804e+10   7.5831553e+09   1.2450178e+10   1.0103987e+10   6.5080249e+09   1.0464548e+10   9.7922038e+09   4.9813163e+09   1.2456315e+10   8.1218325e+09   5.8799883e+09
   1.1961367e+10   1.1293755e+10   7.5182567e+09   6.5508183e+09   7.3571155e+09   1.2551938e+10   8.1349202e+09   5.3037853e+09   6.2469997e+09   2.8256967e+09   1.1208643e+10   1.0615109e+10   5.0123419e+09   8.7014313e+09   5.3727965e+09   1.1173152e+10   7.0537811e+09   9.1884892e+09   7.0757785e+09   1.3343804e+10   7.5831553e+09   1.2450178e+10   1.0103987e+10   6.5080249e+09   1.0464548e+10   9.3572300e+09   4.9813163e+09   1.2456315e+10   8.1218325e+09   5.8799883e+09
   9.2295551e+09   1.1293755e+10   7.5182567e+09   6.2998944e+09   7.3571155e+09   1.1596583e+10   4.0630812e+09   5.3037853e+09   6.2469997e+09   2.5426907e+09   8.2460678e+09   7.3650572e+09   5.0123419e+09   8.7014313e+09   5.3727965e+09   3.6804280e+09   4.6587508e+09   7.0644759e+09   6.3183250e+09   5.1185002e+09   7.5831553e+09   9.8928887e+09   1.0103987e+10   3.7830529e+09   7.6693466e+09   1.6545659e+09   4.9813163e+09   4.2260538e+09   5.9535957e+09   5.8799883e+09
   2.2987362e+09   8.2858106e+08   1.7813125e+09   6.7335708e+08   2.3516056e+09   6.6901338e+08   1.3773648e+09   2.7032668e+08   3.6375778e+09   2.4238499e+09   4.6749747e+09   4.0008737e+08   2.2416366e+09   1.1576188e+09   6.1219278e+08   1.1169264e+09   7.6199423e+07   3.8115083e+09   3.2572313e+09   4.8415019e+08   3.3103170e+09   1.4431652e+08   1.7151212e+09   4.6272298e+08   1.5129490e+09   1.5874308e+08   1.1025801e+09   2.0450290e+09   3.5730866e+08   3.5089582e+09
   1.3224170e+07   3.7203455e+07   2.0390276e+07   4.3068274e+07   5.1317014e+06   2.2726825e+07   3.3818047e+07   6.3451633e+06   5.0227989e+07   6.6106948e+06   6.1977140e+06   2.1986950e+07   1.7727537e+07   1.4934073e+07   2.5353762e+06   1.2761253e+07   1.7161439e+07   1.8251033e+06   8.2724180e+06   1.0147291e+07   2.9703543e+06   1.0650953e+08   2.2017284e+07   2.3677120e+06   1.8728478e+07   1.3758527e+07   7.1747475e+06   2.5296147e+07   9.5213728e+06   1.0361402e+08
   6.4997784e+04   9.5973613e+04   8.8648903e+03   1.3476853e+04   6.6057115e+04   3.1391969e+04   8.7412227e+03   2.9364004e+04   6.8759522e+03   1.1142209e+04   6.4194741e+03   1.1031926e+04   2.9383707e+03   7.0539092e+03   1.8591256e+04   6.6797371e+04   2.3467968e+04   4.6752198e+03   7.0386936e+03   1.3662457e+04   8.3201534e+04   5.8960115e+04   4.7726274e+04   5.1996408e+04   2.0290869e+04   9.5023299e+03   5.3936296e+03   1.3491810e+04   1.1677523e+04   2.3396223e+04
   1.9374504e-01   1.3092418e+00   1.0791314e-01   4.2479078e-01   2.5275018e-01   2.0180426e-01   5.7313532e-01   1.6691346e-01   1.0526449e-01   5.5080447e-02   3.3101480e-01   1.7241049e-01   1.2013022e-01   9.7027428e-02   2.4389383e-01   4.3905534e-01   1.2888656e+00   1.4114531e+00   2.5854477e-01   7.3399999e-02   2.3161238e-01   2.2668600e-01   9.3978400e-02   1.4767696e-01   6.1241548e-02   1.5632769e-01   1.9807166e-01   2.1458209e-01   1.5390707e+00   1.9288901e-01
   0.0000000e+00   0.0000000e+00   0.0000000e+00   0.0000000e+00   0.0000000e+00   0.0000000e+00   0.0000000e+00   0.0000000e+00   0.0000000e+00   0.0000000e+00   0.0000000e+00   0.0000000e+00   0.0000000e+00   0.0000000e+00   0.0000000e+00   0.0000000e+00   0.0000000e+00   0.0000000e+00   0.0000000e+00   0.0000000e+00   0.0000000e+00   0.0000000e+00   0.0000000e+00   0.0000000e+00   0.0000000e+00   0.0000000e+00   0.0000000e+00   0.0000000e+00   0.0000000e+00   0.0000000e+00
   0.0000000e+00   0.0000000e+00   0.0000000e+00   0.0000000e+00   0.0000000e+00   0.0000000e+00   0.0000000e+00   0.0000000e+00   0.0000000e+00   0.0000000e+00   0.0000000e+00   0.0000000e+00   0.0000000e+00   0.0000000e+00   0.0000000e+00   0.0000000e+00   0.0000000e+00   0.0000000e+00   0.0000000e+00   0.0000000e+00   0.0000000e+00   0.0000000e+00   0.0000000e+00   0.0000000e+00   0.0000000e+00   0.0000000e+00   0.0000000e+00   0.0000000e+00   0.0000000e+00   0.0000000e+00
   0.0000000e+00   0.0000000e+00   0.0000000e+00   0.0000000e+00   0.0000000e+00   0.0000000e+00   0.0000000e+00   0.0000000e+00   0.0000000e+00   0.0000000e+00   0.0000000e+00   0.0000000e+00   0.0000000e+00   0.0000000e+00   0.0000000e+00   0.0000000e+00   0.0000000e+00   0.0000000e+00   0.0000000e+00   0.0000000e+00   0.0000000e+00   0.0000000e+00   0.0000000e+00   0.0000000e+00   0.0000000e+00   0.0000000e+00   0.0000000e+00   0.0000000e+00   0.0000000e+00   0.0000000e+00
