   5.9256713e+02   6.5039431e+02   3.6921506e+02   6.2152138e+02   5.8034637e+02   4.3391022e+02   5.0804869e+02   4.8993783e+02   5.5376031e+02   6.0787453e+02   5.2729792e+02   5.8823132e+02   6.1663535e+02   5.9043582e+02   5.7039683e+02   5.8807982e+02   4.3087029e+02   5.2549057e+02   5.5297866e+02   4.3124284e+02   4.6053256e+02   5.7609496e+02   6.1558643e+02   6.5244748e+02   5.9241190e+02   4.5222753e+02   3.7993761e+02   4.3408702e+02   5.4334441e+02   4.8001405e+02
   5.9256713e+02   6.5039431e+02   3.6921506e+02   6.2152138e+02   5.8034637e+02   4.3391022e+02   5.0804869e+02   4.8993783e+02   5.5376031e+02   6.0787453e+02   5.2729792e+02   5.8823132e+02   6.1663535e+02   5.9043582e+02   5.7039683e+02   5.8807982e+02   4.3087029e+02   5.2549057e+02   5.5297866e+02   4.3124284e+02   4.6053256e+02   5.7609496e+02   6.1558643e+02   6.5244748e+02   5.9241190e+02   4.5222753e+02   3.7993761e+02   4.3408702e+02   5.4334441e+02   4.8001405e+02
   5.9256713e+02   6.5039431e+02   3.6921506e+02   6.2152138e+02   5.6253445e+02   4.3391022e+02   5.0804869e+02   4.8993783e+02   5.5376031e+02   6.0787453e+02   5.2729792e+02   5.8823132e+02   6.1663535e+02   5.9043582e+02   5.7039683e+02   5.8807982e+02   4.3087029e+02   5.2549057e+02   5.5297866e+02   4.3124284e+02   4.6053256e+02   5.7609496e+02   6.1558643e+02   6.5244748e+02   5.9241190e+02   4.5222753e+02   3.7993761e+02   4.3408702e+02   5.4334441e+02   4.8001405e+02
   5.9256713e+02   6.5039431e+02   3.6921506e+02   6.2152138e+02   5.6253445e+02   4.3391022e+02   5.0804869e+02   4.8993783e+02   5.5376031e+02   6.0787453e+02   5.2729792e+02   5.8823132e+02   6.1663535e+02   5.9043582e+02   5.7039683e+02   5.8807982e+02   4.3087029e+02   5.2549057e+02   5.5297866e+02   4.3124284e+02   4.6053256e+02   5.7609496e+02   6.1558643e+02   6.5244748e+02   5.9241190e+02   4.5222753e+02   3.7993761e+02   4.3408702e+02   5.4334441e+02   4.8001405e+02
   5.9256713e+02   6.5039431e+02   3.6921506e+02   6.2152138e+02   5.6253445e+02   4.3391022e+02   5.0804869e+02   4.8993783e+02   5.5376031e+02   6.0787453e+02   5.2729792e+02   5.8823132e+02   6.1663535e+02   5.9043582e+02   5.7039683e+02   5.8807982e+02   4.3087029e+02   5.2549057e+02   5.5297866e+02   4.3124284e+02   4.6053256e+02   5.7609496e+02   6.1558643e+02   6.5244748e+02   5.9241190e+02   4.5222753e+02   3.7993761e+02   4.3408702e+02   5.4334441e+02   4.8001405e+02
   5.9256713e+02   6.5039431e+02   3.6921506e+02   6.2152138e+02   5.6253445e+02   4.3391022e+02   5.0804869e+02   4.8993783e+02   5.5376031e+02   6.0787453e+02   5.2729792e+02   5.8823132e+02   6.1663535e+02   5.9043582e+02   5.7039683e+02   5.8807982e+02   4.3087029e+02   5.2549057e+02   5.5297866e+02   4.3124284e+02   4.6053256e+02   5.7609496e+02   6.1558643e+02   6.5244748e+02   5.9241190e+02   4.5222753e+02   3.7993761e+02   4.3408702e+02   5.4334441e+02   4.8001405e+02
   5.9256713e+02   6.5039431e+02   3.6921506e+02   6.2152138e+02   5.6253445e+02   4.3391022e+02   5.0804869e+02   4.8993783e+02   5.5376031e+02   6.0787453e+02   5.2729792e+02   5.8823132e+02   6.1663535e+02   5.9043582e+02   5.7039683e+02   5.8807982e+02   4.3087029e+02   5.2549057e+02   5.5297866e+02   4.3124284e+02   4.6053256e+02   5.7609496e+02   6.1558643e+02   6.5244748e+02   5.9241190e+02   4.5222753e+02   3.7993761e+02   4.3408702e+02   5.4334441e+02   4.8001405e+02
   5.9256713e+02   5.0702603e+02   3.6921506e+02   6.2152138e+02   4.8930514e+02   4.3391022e+02   5.0804869e+02   4.8993783e+02   5.5376031e+02   6.0787453e+02   5.2729792e+02   5.8823132e+02   6.1663535e+02   5.9043582e+02   5.7039683e+02   5.8807982e+02   4.3087029e+02   5.2549057e+02   5.5297866e+02   4.3124284e+02   4.6053256e+02   5.7609496e+02   6.1558643e+02   6.5244748e+02   5.9241190e+02   4.5222753e+02   3.7993761e+02   4.3408702e+02   4.3524409e+02   4.8001405e+02
   4.0809936e+02   4.9325302e+02   3.6921506e+02   6.2152138e+02   3.5465512e+02   3.8627360e+02   4.8707107e+02   1.7853916e+02   5.2282667e+02   4.4282729e+02   5.1965601e+02   5.0346741e+02   5.6280406e+02   4.0122536e+02   5.7039683e+02   5.8514632e+02   4.3087029e+02   5.2549057e+02   5.5297866e+02   4.3124284e+02   4.6053256e+02   5.7609496e+02   3.6506459e+02   6.3699709e+02   2.2524364e+02   4.5222753e+02   3.7993761e+02   4.3408702e+02   4.3524409e+02   4.8001405e+02
   1.6881100e+02   1.7787078e+02   2.8353458e+02   2.3021489e+02   8.5428476e+01   1.1079624e+02   3.0779466e+02   1.7853916e+02   2.0523890e+02   3.0745823e+02   2.8606904e+02   1.2171189e+02   3.6696095e+02   1.7184488e+02   1.7487335e+02   2.9488826e+02   2.0253112e+02   4.3404307e+02   2.9635641e+02   2.2999191e+02   2.2558360e+02   2.4951005e+02   3.6506459e+02   3.7132407e+02   8.6364358e+01   2.4047088e+02   2.4550631e+02   2.9224430e+02   3.4337818e+02   1.3855739e+02
   4.9290735e+01   1.0485084e+02   9.6487767e+01   4.2028802e+01   5.9785379e+01   9.5811538e+01   5.6718555e+01   9.4114773e+01   9.5597826e+01   9.5092347e+01   9.3877379e+01   8.4725290e+01   8.0561801e+01   1.2618349e+02   9.8999779e+01   8.5223466e+01   9.5721070e+01   1.2422369e+02   9.5044122e+01   8.8649014e+01   9.3503163e+01   1.0226812e+02   4.6687373e+01   3.9269794e+01   8.6364358e+01   4.7532664e+01   1.0539144e+02   8.5338588e+01   1.0571494e+02   6.8046906e+01
   1.6362363e+01   3.5412817e+01   5.9428377e+01   2.1971115e+01   1.2767359e+01   5.8177609e+01   2.0958010e+01   1.9480535e+01   3.1359011e+01   2.1675620e+01   3.0125545e+01   6.5061834e+01   1.7617598e+01   5.4846921e+01   4.5114521e+01   6.0530377e+00   3.1575782e+01   4.4410168e+01   1.9541027e+01   1.3588929e+01   9.6712223e+00   5.5934002e+01   1.7493035e+01   3.9269794e+01   5.8082327e+01   8.9665976e+00   8.5646820e+00   4.5816992e+01   1.8116244e+01   4.7346941e+01
   5.8991088e-02   1.0995700e-02   7.8627661e-03   1.0872460e-02   3.0030893e-02   1.1714384e-02   3.4751942e-02   7.7004153e-03   8.1271375e-03   1.6570950e-02   1.3190695e-02   9.0946720e-03   2.8326437e-02   3.1332584e-02   2.0763330e-02   1.3168513e-02   1.7078891e-02   1.3334401e-02   1.9897614e-02   2.0386372e-02   2.4805600e-02   2.5583848e-02   5.4823610e-02   4.8720956e-03   3.7751008e-02   6.1222885e-02   2.4589106e-02   1.5374940e-02   1.0794977e-01   2.1168739e-02
   1.4695006e-07   9.6563789e-08   5.7788456e-08   3.5403463e-07   7.5208015e-08   1.9675302e-08   1.7179421e-07   3.2128115e-08   6.2369477e-08   1.7715122e-07   1.2104143e-07   1.0656448e-07   8.9602053e-08   1.2430614e-07   1.2991359e-07   5.3261836e-08   6.3699192e-08   6.4821645e-08   3.6710956e-08   7.2367384e-08   3.5444876e-07   2.0558311e-08   6.0027825e-08   9.9927142e-08   5.9402992e-08   1.4645660e-07   2.0041903e-07   4.8954657e-08   4.2219599e-08   8.3246535e-08
   0.0000000e+00   0.0000000e+00   0.0000000e+00   0.0000000e+00   0.0000000e+00   0.0000000e+00   0.0000000e+00   0.0000000e+00   0.0000000e+00   0.0000000e+00   0.0000000e+00   0.0000000e+00   0.0000000e+00   0.0000000e+00   0.0000000e+00   0.0000000e+00   0.0000000e+00   0.0000000e+00   0.0000000e+00   0.0000000e+00   0.0000000e+00   0.0000000e+00   0.0000000e+00   0.0000000e+00   0.0000000e+00   0.0000000e+00   0.0000000e+00   0.0000000e+00   0.0000000e+00   0.0000000e+00
   0.0000000e+00   0.0000000e+00   0.0000000e+00   0.0000000e+00   0.0000000e+00   0.0000000e+00   0.0000000e+00   0.0000000e+00   0.0000000e+00   0.0000000e+00   0.0000000e+00   0.0000000e+00   0.0000000e+00   0.0000000e+00   0.0000000e+00   0.0000000e+00   0.0000000e+00   0.0000000e+00   0.0000000e+00   0.0000000e+00   0.0000000e+00   0.0000000e+00   0.0000000e+00   0.0000000e+00   0.0000000e+00   0.0000000e+00   0.0000000e+00   0.0000000e+00   0.0000000e+00   0.0000000e+00
