   1.1445972e+07   6.9321478e+06   7.7491652e+06   8.5246527e+06   3.7030134e+06   6.7440837e+06   1.1121434e+06   4.3384368e+05   1.3539942e+07   1.7209642e+07   3.6020457e+06   1.1816906e+07   6.5227278e+06   1.0665365e+07   6.0524223e+06   4.4564390e+06   7.0408769e+06   1.8407217e+07   1.7321686e+07   7.2189165e+06   6.1119234e+06   9.0276267e+05   2.1134610e+06   7.3739822e+05   6.9243919e+05   6.9425670e+06   3.8042353e+06   4.0805595e+05   4.1307248e+06   4.7974836e+06
   1.1445972e+07   6.9321478e+06   7.7491652e+06   8.5246527e+06   3.6370513e+06   6.7440837e+06   1.1121434e+06   4.3384368e+05   1.3539942e+07   1.7209642e+07   3.6020457e+06   1.1816906e+07   6.5227278e+06   1.0665365e+07   6.0524223e+06   4.4564390e+06   7.0408769e+06   1.8407217e+07   1.7321686e+07   7.2189165e+06   6.1119234e+06   9.0276267e+05   2.1134610e+06   7.3739822e+05   6.9243919e+05   6.9425670e+06   3.8042353e+06   4.0805595e+05   4.1307248e+06   4.7974836e+06
   1.1445972e+07   6.9321478e+06   7.7491652e+06   8.5246527e+06   3.6370513e+06   6.7440837e+06   1.1121434e+06   4.3384368e+05   1.3539942e+07   1.7209642e+07   3.6020457e+06   1.1816906e+07   6.5227278e+06   1.0665365e+07   6.0524223e+06   4.4564390e+06   7.0408769e+06   1.8407217e+07   1.7321686e+07   7.2189165e+06   6.1119234e+06   9.0276267e+05   2.1134610e+06   7.3739822e+05   6.9243919e+05   6.9425670e+06   3.8042353e+06   4.0805595e+05   4.1307248e+06   4.7974836e+06
   1.1445972e+07   6.9321478e+06   7.7491652e+06   8.5246527e+06   3.6370513e+06   6.7440837e+06   1.1121434e+06   4.3384368e+05   1.3539942e+07   1.7209642e+07   3.6020457e+06   1.1816906e+07   6.5227278e+06   1.0665365e+07   6.0524223e+06   4.4564390e+06   7.0408769e+06   1.8407217e+07   1.7321686e+07   7.2189165e+06   6.1119234e+06   9.0276267e+05   2.1134610e+06   7.3739822e+05   6.9243919e+05   6.9425670e+06   3.8042353e+06   4.0805595e+05   4.1307248e+06   4.7974836e+06
   1.1445972e+07   6.9321478e+06   7.7491652e+06   8.5246527e+06   3.6370513e+06   6.7440837e+06   1.1121434e+06   4.3384368e+05   1.3539942e+07   1.7209642e+07   3.6020457e+06   1.1816906e+07   6.5227278e+06   1.0665365e+07   6.0524223e+06   4.4564390e+06   7.0408769e+06   1.8407217e+07   1.7321686e+07   7.2189165e+06   6.1119234e+06   9.0276267e+05   2.1134610e+06   7.3739822e+05   6.9243919e+05   6.9425670e+06   3.8042353e+06   4.0805595e+05   4.1307248e+06   4.7974836e+06
   1.1445972e+07   6.9321478e+06   7.7491652e+06   8.5246527e+06   3.6370513e+06   6.7440837e+06   1.1121434e+06   4.3384368e+05   1.3539942e+07   1.7209642e+07   3.6020457e+06   1.1816906e+07   6.5227278e+06   1.0665365e+07   6.0524223e+06   4.4564390e+06   7.0408769e+06   1.8407217e+07   1.7321686e+07   7.2189165e+06   6.1119234e+06   9.0276267e+05   2.1134610e+06   7.3739822e+05   6.9243919e+05   6.9425670e+06   3.8042353e+06   4.0805595e+05   4.1307248e+06   4.7974836e+06
   1.1445972e+07   6.9321478e+06   7.7491652e+06   8.5246527e+06   3.6370513e+06   6.7440837e+06   1.1121434e+06   4.3384368e+05   1.3539942e+07   1.7209642e+07   3.6020457e+06   1.1816906e+07   6.5227278e+06   1.0665365e+07   6.0524223e+06   4.4564390e+06   7.0408769e+06   1.8407217e+07   1.2693652e+07   7.2189165e+06   6.1119234e+06   9.0276267e+05   2.1134610e+06   7.3739822e+05   6.9243919e+05   6.9425670e+06   3.8042353e+06   4.0805595e+05   4.1307248e+06   4.7974836e+06
   1.1445972e+07   6.9321478e+06   7.7491652e+06   2.1193499e+06   3.6370513e+06   6.7440837e+06   1.1121434e+06   4.3384368e+05   1.3539942e+07   1.7209642e+07   3.6020457e+06   1.1816906e+07   6.5227278e+06   1.0665365e+07   6.0524223e+06   4.4564390e+06   7.0408769e+06   1.8407217e+07   1.2693652e+07   7.2189165e+06   6.1119234e+06   9.0276267e+05   2.1134610e+06   7.3739822e+05   6.9243919e+05   6.9425670e+06   2.0077170e+06   4.0805595e+05   4.1307248e+06   4.7974836e+06
   1.1445972e+07   7.0580016e+05   8.2802608e+05   2.1193499e+06   3.6370513e+06   6.7440837e+06   1.1121434e+06   4.3384368e+05   1.6999562e+06   1.7209642e+07   3.1804084e+06   1.1816906e+07   6.5227278e+06   9.4235370e+06   6.0524223e+06   4.4564390e+06   7.0408769e+06   1.8407217e+07   1.2693652e+07   7.2189165e+06   6.1119234e+06   9.0276267e+05   2.1134610e+06   7.3739822e+05   6.9243919e+05   6.9425670e+06   2.0077170e+06   4.0805595e+05   4.1307248e+06   4.7974836e+06
   1.1445972e+07   7.0580016e+05   8.2802608e+05   2.1193499e+06   3.6370513e+06   6.7440837e+06   1.1121434e+06   4.3384368e+05   1.6999562e+06   4.2081949e+06   9.1821961e+05   1.1816906e+07   6.5227278e+06   9.4235370e+06   2.1796948e+05   4.3599791e+06   7.0408769e+06   1.8407217e+07   1.2693652e+07   1.7690197e+06   6.1119234e+06   9.0276267e+05   2.1134610e+06   7.3739822e+05   6.9243919e+05   6.9425670e+06   2.0077170e+06   4.0805595e+05   5.4448807e+05   4.7974836e+06
   6.4991127e+06   7.0580016e+05   8.2802608e+05   2.1193499e+06   3.6370513e+06   9.7861251e+05   1.6448954e+05   4.3384368e+05   1.6999562e+06   4.2081949e+06   2.6700151e+05   1.1816906e+07   1.9661594e+05   3.3647309e+06   2.1796948e+05   4.3599791e+06   3.9800044e+06   2.1189342e+05   1.2693652e+07   1.3941280e+06   3.0934269e+06   9.0276267e+05   2.1134610e+06   7.3739822e+05   3.2713387e+04   6.9425670e+06   2.0077170e+06   4.0805595e+05   5.4448807e+05   4.7974836e+06
   4.6418971e+05   7.0580016e+05   4.4732124e+03   1.9085401e+06   2.8464407e+06   7.2698019e+04   5.8532068e+04   4.7114654e+03   2.9243494e+05   7.8507023e+04   5.3334504e+03   1.7901763e+05   1.9661594e+05   7.1772424e+04   2.1796948e+05   2.7848526e+04   1.8057687e+06   1.7451202e+04   6.3149191e+04   3.7964629e+05   3.6729912e+05   9.0276267e+05   1.0989213e+04   3.5584054e+05   3.2713387e+04   1.2251959e+06   2.9747873e+04   4.0805595e+05   5.4448807e+05   6.8220466e+04
   6.5465874e+04   2.1479175e+03   4.4732124e+03   1.8033948e+03   4.3533168e+04   2.0859755e+04   1.7540496e+03   4.7114654e+03   8.2452272e+04   7.8039509e+02   1.4477625e+03   1.4118348e+03   1.6983045e+04   6.9874954e+03   2.2535696e+04   1.9431849e+04   2.8478456e+03   1.1203299e+03   1.8978373e+03   8.9725550e+03   8.7265486e+03   2.2458673e+03   1.6074948e+03   1.2887697e+04   3.2713387e+04   9.2244459e+02   1.7702838e+03   2.9317139e+03   2.3517876e+04   1.1591244e+03
   4.3088701e+02   6.8317627e+02   6.0298595e+02   1.8834929e+02   6.5132232e+02   5.3592163e+02   6.6325231e+02   5.9972172e+02   3.6838617e+02   4.0319676e+02   6.9998881e+01   3.1780677e+02   3.9425942e+02   5.9400173e+02   6.7683135e+02   5.3045386e+02   5.0956611e+02   6.5331430e+02   8.1746986e+02   6.4529309e+02   4.9043724e+02   5.5312450e+02   5.0544475e+02   7.2136979e+02   8.7338894e+02   5.7382254e+02   5.2500899e+02   2.0084944e+02   6.6332379e+02   6.1699952e+02
   1.9620437e+02   7.1973332e+01   2.0951599e+01   5.1829333e+00   4.4005330e+00   1.2412496e+02   3.4069393e+00   1.1071049e+01   2.5578551e+01   1.6147752e+01   1.4260555e+00   2.6143535e+00   5.8216243e+01   1.0007585e+02   8.7249414e+01   2.9588586e+01   6.7640599e+01   8.0834868e+01   7.7243225e+01   5.1447826e+00   1.4853707e+01   1.4133237e+00   2.1083149e+01   1.5783098e+01   1.1238634e+02   4.1629458e-01   8.4035950e+00   1.4364440e+00   3.1036651e+00   4.6155523e+01
   2.0814298e-01   6.2442895e-01   1.2031020e+00   5.1829332e+00   2.4062041e+00   4.1628597e-01   3.4011631e+00   2.0814298e-01   1.9899181e+00   1.6147745e+01   1.4112450e+00   2.6143471e+00   5.3910762e+00   2.6143471e+00   3.1930202e+00   1.1381098e+01   1.2584200e+01   1.4112450e+00   4.1628597e-01   4.9747902e+00   4.9747902e+00   1.4112450e+00   2.4062041e+00   1.9899181e+00   1.3371016e+01   4.1628597e-01   4.1628597e-01   1.4112450e+00   2.9848772e+00   2.0814298e-01
