   7.5291041e+02   4.9669288e+02   3.2950994e+02   5.8806875e+02   7.1207364e+02   7.1280850e+02   7.0398698e+02   7.3979815e+02   4.6903318e+02   7.1241577e+02   5.8679087e+02   5.5702755e+02   4.5030021e+02   5.0087477e+02   5.8374648e+02   5.4103648e+02   4.1098273e+02   8.0219047e+02   3.1088306e+02   5.7523500e+02   4.5143808e+02   6.1914308e+02   6.8524377e+02   4.2661893e+02   6.0506737e+02   9.5515504e+02   6.1191295e+02   5.0261353e+02   7.7772089e+02   7.8790786e+02
   7.5291041e+02   4.9669288e+02   3.2950994e+02   5.8806875e+02   7.1207364e+02   7.1280850e+02   7.0398698e+02   7.3979815e+02   4.6903318e+02   7.1241577e+02   5.8679087e+02   5.5702755e+02   4.5030021e+02   5.0087477e+02   5.8374648e+02   5.4103648e+02   4.1098273e+02   8.0219047e+02   3.1088306e+02   5.7523500e+02   4.5143808e+02   6.1914308e+02   5.8074978e+02   4.2661893e+02   6.0506737e+02   9.5515504e+02   6.1191295e+02   5.0261353e+02   7.7772089e+02   7.8790786e+02
   7.5291041e+02   4.9669288e+02   3.2950994e+02   5.8806875e+02   7.1207364e+02   7.1280850e+02   7.0398698e+02   7.3979815e+02   4.6903318e+02   7.1241577e+02   5.8679087e+02   5.5702755e+02   4.5030021e+02   5.0087477e+02   5.8374648e+02   5.4103648e+02   4.1098273e+02   8.0219047e+02   3.1088306e+02   5.7523500e+02   4.5143808e+02   6.1914308e+02   3.5784583e+02   4.2661893e+02   6.0506737e+02   9.5515504e+02   6.1191295e+02   5.0261353e+02   7.7772089e+02   7.8790786e+02
   7.5291041e+02   4.9669288e+02   3.2950994e+02   5.8806875e+02   7.1207364e+02   7.1280850e+02   7.0398698e+02   7.3979815e+02   4.6903318e+02   7.1241577e+02   5.8679087e+02   5.5702755e+02   4.5030021e+02   5.0087477e+02   5.8374648e+02   5.4103648e+02   4.1098273e+02   8.0219047e+02   3.1088306e+02   5.7523500e+02   4.5143808e+02   6.1914308e+02   3.5784583e+02   4.2661893e+02   6.0506737e+02   9.5515504e+02   6.1191295e+02   5.0261353e+02   7.7772089e+02   7.8790786e+02
   7.5291041e+02   4.9669288e+02   3.2950994e+02   5.8806875e+02   7.1207364e+02   7.1280850e+02   7.0398698e+02   7.3979815e+02   4.6903318e+02   7.1241577e+02   5.8679087e+02   5.5702755e+02   4.5030021e+02   5.0087477e+02   5.8374648e+02   5.4103648e+02   4.1098273e+02   8.0219047e+02   3.1088306e+02   5.7523500e+02   4.5143808e+02   6.1914308e+02   3.5784583e+02   4.2661893e+02   6.0506737e+02   9.5515504e+02   6.1191295e+02   5.0261353e+02   7.7772089e+02   7.8790786e+02
   7.5291041e+02   4.9669288e+02   3.2950994e+02   5.8806875e+02   7.1207364e+02   7.1280850e+02   7.0398698e+02   7.3979815e+02   4.6903318e+02   7.1241577e+02   5.8679087e+02   5.5702755e+02   4.5030021e+02   5.0087477e+02   5.8374648e+02   5.4103648e+02   4.1098273e+02   8.0219047e+02   3.1088306e+02   5.7523500e+02   4.5143808e+02   6.1914308e+02   3.5784583e+02   4.2661893e+02   6.0506737e+02   9.5515504e+02   6.1191295e+02   5.0261353e+02   7.7772089e+02   7.8790786e+02
   7.5291041e+02   4.9669288e+02   3.2950994e+02   5.8806875e+02   7.1207364e+02   7.1280850e+02   7.0398698e+02   7.3979815e+02   4.6903318e+02   7.1241577e+02   5.8679087e+02   5.5702755e+02   4.5030021e+02   5.0087477e+02   5.8374648e+02   5.4103648e+02   4.1098273e+02   8.0219047e+02   3.1088306e+02   5.7523500e+02   4.5143808e+02   6.1914308e+02   3.5784583e+02   4.2661893e+02   6.0506737e+02   9.5515504e+02   6.1191295e+02   5.0261353e+02   7.7772089e+02   7.8790786e+02
   7.5291041e+02   4.9669288e+02   3.2950994e+02   5.8806875e+02   7.1207364e+02   7.1280850e+02   7.0398698e+02   7.3979815e+02   4.6903318e+02   7.1241577e+02   5.8679087e+02   5.5702755e+02   4.5030021e+02   5.0087477e+02   5.5100722e+02   5.4103648e+02   4.1098273e+02   8.0219047e+02   3.1088306e+02   5.7523500e+02   4.5143808e+02   6.1914308e+02   3.5784583e+02   4.2661893e+02   6.0506737e+02   9.5515504e+02   6.1191295e+02   5.0261353e+02   7.7772089e+02   7.8790786e+02
   7.5291041e+02   4.9669288e+02   3.2950994e+02   5.8806875e+02   5.6512180e+02   7.1280850e+02   7.0398698e+02   7.3979815e+02   4.6903318e+02   7.1241577e+02   5.8679087e+02   5.5702755e+02   4.5030021e+02   5.0087477e+02   4.5342879e+02   2.6360966e+02   4.1098273e+02   7.5468444e+02   3.1088306e+02   4.9239191e+02   4.5143808e+02   6.1914308e+02   3.5784583e+02   4.2661893e+02   6.0506737e+02   9.3956838e+02   6.1191295e+02   5.0261353e+02   7.7772089e+02   7.8790786e+02
   5.9118199e+02   4.9669288e+02   3.2950994e+02   5.8806875e+02   5.1060291e+02   7.1280850e+02   4.3772152e+02   6.0689154e+02   4.6903318e+02   3.0457587e+02   5.8679087e+02   5.5702755e+02   4.5030021e+02   4.2593491e+02   4.5342879e+02   2.6360966e+02   4.1098273e+02   7.3511167e+02   2.0864862e+02   4.9239191e+02   4.5143808e+02   3.0076676e+02   3.5784583e+02   4.2661893e+02   4.9916069e+02   6.1102287e+02   5.2609746e+02   5.0261353e+02   5.5325370e+02   7.0643609e+02
   3.2642317e+02   4.9669288e+02   3.2950994e+02   3.0375614e+02   5.0508618e+02   4.7835500e+02   2.1538303e+02   4.5385935e+02   4.2231348e+02   1.7255103e+02   4.5425500e+02   4.3010190e+02   4.5030021e+02   1.7305453e+02   4.1912184e+02   2.6360966e+02   2.0045357e+02   2.6567775e+02   2.0864862e+02   4.5728598e+02   4.5143808e+02   2.9194435e+02   3.5784583e+02   2.4481037e+02   4.9916069e+02   5.0863938e+02   2.8174454e+02   3.6166796e+02   1.1528124e+02   3.2157715e+02
   1.3183902e+02   1.0608989e+02   1.5842333e+02   9.7513579e+01   1.5726743e+02   1.6319460e+02   8.8597266e+00   1.6182517e+01   2.7155071e+02   1.1826659e+02   1.8771922e+01   1.3684625e+02   6.9659276e+01   1.5881058e+02   1.6749520e+02   1.4868243e+02   4.7340298e+01   4.9412922e+01   1.4791887e+02   8.7242030e+01   1.3985452e+02   1.3999034e+02   2.1552554e+02   1.7882735e+02   1.7158692e+02   6.0086860e+01   2.5193845e+01   1.3811042e+02   1.1528124e+02   7.9167170e+01
   8.1322162e+00   1.2987681e+01   8.0293581e+00   9.5241635e+00   2.1326322e+01   1.7119483e+01   8.8597266e+00   3.1131408e+00   2.5009930e+01   4.0413839e+00   1.7269375e+01   1.9965114e+01   6.9118369e+00   7.8301635e+00   7.4012329e+00   2.0224197e+01   1.0635295e+01   2.7843701e+00   1.3139496e+01   3.9635682e+00   2.3231599e+00   1.2091284e+01   1.7778118e+01   1.3714889e+01   8.8853949e+00   1.7684450e+01   2.2768299e+00   1.4479809e+01   2.5805067e+00   1.1644754e+01
   4.1205057e-01   7.7838827e-01   7.6606725e-01   9.6719831e-01   1.0132692e+00   6.1301186e-01   1.0221037e+00   9.0807709e-01   7.4002226e-01   5.3539172e-01   9.8295277e-01   7.8833897e-01   8.3944060e-01   4.6898601e-01   1.1408584e+00   8.2485137e-01   7.2505784e-01   1.2726129e+00   5.8416121e-01   5.2333473e-01   1.0442506e+00   8.9622559e-01   8.7055934e-01   1.0839686e+00   1.0283335e+00   9.0394574e-01   4.7584498e-01   1.0671067e+00   8.3372596e-01   1.3073116e+00
   1.7822948e-01   1.9451767e-01   2.1030818e-01   2.2993771e-01   1.4246003e-01   6.5117480e-02   1.2860954e-01   1.4524438e-01   5.0309650e-02   6.5436908e-02   1.5803223e-01   1.2149779e-01   2.5516699e-01   1.1771780e-01   1.5919691e-01   6.9283044e-02   1.1645992e-01   1.9516695e-01   1.9555203e-01   1.6634356e-01   2.0853462e-01   1.7619619e-01   1.2867777e-01   2.2564925e-01   2.0769059e-01   1.8708080e-01   1.7006800e-01   2.2795489e-01   1.9366684e-01   2.3120817e-01
   2.9476635e-03   1.0575353e-02   2.2259900e-02   7.9125024e-04   3.9319555e-05   6.4739745e-06   1.9964039e-02   7.4889711e-04   1.1096382e-03   2.1579830e-04   2.3167675e-03   8.1046100e-04   3.1595647e-03   1.9785540e-02   2.4868189e-06   2.9497724e-05   6.4370999e-04   6.0932658e-05   1.1131888e-03   2.8450899e-03   2.0038959e-02   1.5110587e-04   2.0173568e-02   1.3768721e-03   1.8871173e-03   2.2819290e-02   3.0794265e-03   6.0414004e-07   3.2102194e-05   4.1819304e-04
