   2.0850819e+03   2.4525184e+03   2.2692549e+03   2.3022271e+03   1.8184689e+03   2.8120403e+03   2.1387865e+03   2.8086922e+03   2.1493189e+03   2.2166201e+03   2.4953837e+03   2.8471853e+03   2.7111696e+03   2.5384318e+03   2.0468472e+03   2.3808027e+03   2.1332376e+03   2.6909940e+03   2.9332069e+03   2.3391424e+03   2.2936597e+03   2.0934894e+03   2.6606336e+03   2.5108830e+03   2.1973245e+03   2.5384318e+03   2.2403607e+03   2.3886582e+03   2.2968975e+03   2.4967910e+03
   2.0850819e+03   2.4525184e+03   2.2692549e+03   2.3022271e+03   1.8184689e+03   2.8120403e+03   2.1387865e+03   2.8086922e+03   2.1493189e+03   2.2166201e+03   2.4953837e+03   2.8471853e+03   2.7111696e+03   2.5384318e+03   2.0468472e+03   2.3808027e+03   2.1332376e+03   2.6909940e+03   2.9332069e+03   2.3391424e+03   2.2936597e+03   2.0934894e+03   2.6606336e+03   2.5108830e+03   2.1973245e+03   2.5384318e+03   2.2403607e+03   2.3886582e+03   2.2968975e+03   2.4967910e+03
   2.0850819e+03   2.4525184e+03   2.2692549e+03   2.3022271e+03   1.8184689e+03   2.8120403e+03   2.1387865e+03   2.8086922e+03   2.1493189e+03   2.2166201e+03   2.4953837e+03   2.8471853e+03   2.7111696e+03   2.5384318e+03   2.0468472e+03   2.3808027e+03   2.1332376e+03   2.6909940e+03   2.9332069e+03   2.3391424e+03   2.2936597e+03   2.0934894e+03   2.6606336e+03   2.5108830e+03   2.1973245e+03   2.5384318e+03   2.2403607e+03   2.3886582e+03   2.2968975e+03   2.4967910e+03
   2.0850819e+03   2.4525184e+03   2.2692549e+03   2.3022271e+03   1.8184689e+03   2.8120403e+03   2.1387865e+03   2.8086922e+03   2.1493189e+03   2.2166201e+03   2.4953837e+03   2.8471853e+03   2.7111696e+03   2.5384318e+03   2.0468472e+03   2.3808027e+03   2.1332376e+03   2.6909940e+03   2.9332069e+03   2.3391424e+03   2.2936597e+03   2.0934894e+03   2.6606336e+03   2.5108830e+03   2.1973245e+03   2.5384318e+03   2.2403607e+03   2.3886582e+03   2.2968975e+03   2.4967910e+03
   2.0850819e+03   2.4525184e+03   2.2692549e+03   2.3022271e+03   1.8184689e+03   2.8120403e+03   2.1387865e+03   2.6627101e+03   2.1493189e+03   2.2166201e+03   2.4953837e+03   2.8471853e+03   2.7111696e+03   2.5384318e+03   2.0468472e+03   2.3808027e+03   2.1332376e+03   2.6909940e+03   2.9332069e+03   2.3391424e+03   2.2936597e+03   2.0934894e+03   2.6606336e+03   2.5108830e+03   2.1973245e+03   2.5384318e+03   2.2403607e+03   2.3886582e+03   2.2968975e+03   2.4967910e+03
   2.0850819e+03   2.4525184e+03   2.2692549e+03   2.3022271e+03   1.8184689e+03   2.8120403e+03   2.1387865e+03   2.6627101e+03   2.1493189e+03   2.2166201e+03   2.4953837e+03   2.8471853e+03   2.7111696e+03   2.5384318e+03   2.0468472e+03   2.3808027e+03   2.1332376e+03   2.6909940e+03   2.9332069e+03   2.3391424e+03   2.2936597e+03   2.0934894e+03   2.6606336e+03   2.5108830e+03   2.1973245e+03   2.5384318e+03   2.2403607e+03   2.3886582e+03   2.2968975e+03   2.4967910e+03
   2.0850819e+03   2.4525184e+03   2.2692549e+03   2.3022271e+03   1.8184689e+03   2.8120403e+03   2.1387865e+03   2.6627101e+03   2.1493189e+03   2.2166201e+03   2.4953837e+03   2.8471853e+03   2.7111696e+03   2.5384318e+03   2.0468472e+03   2.3808027e+03   2.1332376e+03   2.6909940e+03   2.9332069e+03   2.3391424e+03   2.2936597e+03   2.0934894e+03   2.6606336e+03   2.5108830e+03   2.1973245e+03   2.5384318e+03   2.2403607e+03   2.3886582e+03   2.2968975e+03   2.4967910e+03
   2.0850819e+03   2.4525184e+03   2.2692549e+03   2.3022271e+03   1.8184689e+03   2.8120403e+03   2.1387865e+03   2.6627101e+03   2.1493189e+03   2.2166201e+03   2.4953837e+03   2.8471853e+03   2.7111696e+03   2.5384318e+03   2.0468472e+03   2.3808027e+03   2.1332376e+03   2.6909940e+03   2.9332069e+03   2.3391424e+03   2.2936597e+03   2.0934894e+03   2.6606336e+03   2.5108830e+03   2.1973245e+03   2.5384318e+03   2.2403607e+03   2.3886582e+03   2.2968975e+03   2.4967910e+03
   2.0850819e+03   2.4525184e+03   2.2692549e+03   1.4287238e+03   1.8184689e+03   2.8120403e+03   2.1387865e+03   2.6627101e+03   2.1493189e+03   2.1814015e+03   2.4953837e+03   2.8471853e+03   2.7111696e+03   2.5384318e+03   2.0468472e+03   2.2024200e+03   2.1332376e+03   2.6909940e+03   2.9332069e+03   2.3391424e+03   2.2936597e+03   2.0934894e+03   2.6606336e+03   2.5108830e+03   2.1973245e+03   2.5384318e+03   2.2403607e+03   2.3886582e+03   2.2968975e+03   2.4967910e+03
   1.5614925e+03   1.6997875e+03   2.2692549e+03   1.4287238e+03   1.4708062e+03   2.1760336e+03   1.6812783e+03   1.7787884e+03   2.1493189e+03   1.9545257e+03   2.0943534e+03   2.2209085e+03   1.9920849e+03   1.6799983e+03   2.0468472e+03   1.9477351e+03   1.8201325e+03   2.6909940e+03   2.9332069e+03   2.3391424e+03   2.2936597e+03   2.0882837e+03   1.8327146e+03   2.1440495e+03   2.1973245e+03   1.6799983e+03   2.2403607e+03   1.3844661e+03   1.9337421e+03   2.4967910e+03
   5.5057055e+02   1.0940037e+03   1.2116763e+03   1.1400818e+03   1.3822425e+03   1.1526270e+03   1.4161725e+03   1.5687164e+03   1.5999819e+03   1.2608555e+03   1.2572319e+03   1.0464148e+03   1.1938427e+03   9.5996581e+02   1.2129527e+03   1.3398679e+03   1.6545930e+03   9.6470524e+02   8.9229555e+02   1.5417154e+03   4.0648693e+02   1.3263801e+03   1.1340735e+03   1.5882887e+03   1.2003084e+03   9.5996581e+02   1.5979202e+03   1.3652819e+03   7.0027513e+02   1.6208960e+03
   5.5057055e+02   7.4212084e+02   6.5354420e+02   6.5279425e+02   7.2844301e+02   9.7900093e+02   6.8296717e+02   8.0119203e+02   8.7992453e+02   6.5985814e+02   9.4661562e+02   9.0201826e+02   8.4126520e+02   8.2837166e+02   8.3107745e+02   7.0319719e+02   5.6155192e+02   8.2251751e+02   7.6846091e+02   6.2792370e+02   4.0648693e+02   8.3031202e+02   3.2896755e+02   8.5219883e+02   8.8288784e+02   8.2837166e+02   8.5336086e+02   7.4474688e+02   2.8917956e+02   9.6573349e+02
   1.6510719e+02   7.1870407e+01   7.4195215e+01   1.9678303e+02   2.2390630e+02   1.3029426e+02   2.1792650e+02   3.6286689e+01   1.2970916e+02   4.9525158e+01   1.2756428e+02   1.1437511e+02   1.7182227e+02   1.3963545e+02   1.4897527e+02   2.3993842e+02   1.1950682e+02   1.5837898e+02   1.4025501e+02   1.3905306e+02   1.7573894e+02   1.0178244e+02   1.9323899e+02   1.6203197e+02   1.9492989e+02   1.3963545e+02   1.9737697e+02   9.8340349e+01   1.9431233e+02   1.0946486e+01
   4.9680923e+00   4.5465705e+00   4.5509200e+00   4.8625133e+00   5.8482438e+00   4.2188954e+00   4.2976314e+00   4.5225463e+00   5.1208217e+00   6.4581662e+00   3.9367159e+00   4.6401790e+00   6.1977833e+00   5.2033120e+00   5.7288609e+00   7.3127835e+00   2.4486276e+00   2.2209723e+00   2.2160657e+00   6.5989052e+00   7.3286917e+00   3.9582624e+00   3.3254458e+00   7.0254878e+00   1.7147324e+00   5.2033120e+00   9.0682290e+00   1.3438169e+00   5.1078172e+00   6.9237688e+00
   7.1848705e-01   6.4964262e-01   6.3729909e-01   7.4289648e-01   6.9451444e-01   6.8789953e-01   4.4023778e-01   7.9232028e-01   7.0835314e-01   6.8399794e-01   6.6931445e-01   7.2394384e-01   6.8774009e-01   7.6968904e-01   7.1688473e-01   6.9876341e-01   7.9781984e-01   6.5871287e-01   6.5927360e-01   6.7694741e-01   7.0172046e-01   6.6597725e-01   6.1011412e-01   7.2456723e-01   7.9228500e-01   7.6968904e-01   4.6989036e-01   6.7823235e-01   7.4529717e-01   1.0374816e+00
   2.0249746e-02   2.4085161e-03   4.3876786e-02   5.7395026e-02   3.0989667e-02   2.0773716e-02   1.4603596e-02   2.7006594e-02   1.3708921e-02   3.2830031e-03   2.4955290e-03   4.7047533e-02   4.6125949e-02   5.5125498e-03   2.0272460e-02   2.3937311e-02   4.8114324e-02   4.2263776e-02   6.7987130e-03   2.5622393e-03   4.5745762e-02   4.1965854e-02   5.3120615e-02   1.6262039e-02   9.3707513e-03   5.5125498e-03   1.7185353e-02   4.6018072e-02   9.5263280e-03   1.4289366e-02
