   3.9510545e+02   3.6020455e+02   3.7284796e+02   4.0768501e+02   4.4801196e+02   3.4734186e+02   3.8800048e+02   5.0909156e+02   3.2934899e+02   1.9406387e+02   4.6954368e+02   4.1418153e+02   4.4859764e+02   4.0820657e+02   3.5725629e+02   3.8142823e+02   4.3015262e+02   4.4516188e+02   2.7874348e+02   3.9310605e+02   3.0293058e+02   4.4336844e+02   4.6219572e+02   4.2047437e+02   3.0219581e+02   3.8240918e+02   3.7967078e+02   3.9183580e+02   4.2321635e+02   4.5383513e+02
   3.9510545e+02   3.6020455e+02   3.7284796e+02   4.0768501e+02   4.4801196e+02   3.4734186e+02   3.8800048e+02   5.0909156e+02   3.2934899e+02   1.9406387e+02   4.6954368e+02   4.1418153e+02   4.4859764e+02   4.0820657e+02   3.5725629e+02   3.6672004e+02   4.3015262e+02   4.4516188e+02   2.7874348e+02   3.9310605e+02   3.0293058e+02   4.4336844e+02   4.6219572e+02   4.2047437e+02   3.0219581e+02   3.8240918e+02   3.7967078e+02   3.9183580e+02   4.2321635e+02   4.5383513e+02
   3.9510545e+02   3.6020455e+02   3.7284796e+02   4.0768501e+02   4.4801196e+02   3.4734186e+02   3.8800048e+02   5.0909156e+02   3.2934899e+02   1.9406387e+02   4.6954368e+02   4.1418153e+02   4.4859764e+02   4.0820657e+02   3.5725629e+02   3.6672004e+02   4.3015262e+02   4.4516188e+02   2.7874348e+02   3.9310605e+02   3.0293058e+02   4.4336844e+02   4.6219572e+02   4.2047437e+02   3.0219581e+02   3.8240918e+02   3.7967078e+02   3.9183580e+02   4.2321635e+02   4.5383513e+02
   3.9510545e+02   3.6020455e+02   3.7284796e+02   4.0768501e+02   4.4801196e+02   3.4734186e+02   3.8800048e+02   5.0909156e+02   3.2934899e+02   1.9406387e+02   4.6954368e+02   4.1418153e+02   4.4859764e+02   4.0820657e+02   3.5725629e+02   3.6672004e+02   4.3015262e+02   4.4516188e+02   2.7874348e+02   3.9310605e+02   3.0293058e+02   4.4336844e+02   4.6219572e+02   4.2047437e+02   3.0219581e+02   3.8240918e+02   3.7967078e+02   3.9183580e+02   4.2321635e+02   4.5383513e+02
   3.9510545e+02   3.6020455e+02   3.7284796e+02   4.0768501e+02   4.4801196e+02   3.4734186e+02   3.8800048e+02   5.0909156e+02   3.2934899e+02   1.9406387e+02   4.6954368e+02   4.1418153e+02   4.4859764e+02   4.0820657e+02   3.5725629e+02   3.6672004e+02   4.3015262e+02   4.4516188e+02   2.7874348e+02   3.9310605e+02   3.0293058e+02   4.4336844e+02   4.6219572e+02   4.2047437e+02   3.0219581e+02   3.8240918e+02   3.7967078e+02   3.9183580e+02   4.2321635e+02   4.5383513e+02
   3.9510545e+02   3.6020455e+02   3.7284796e+02   4.0768501e+02   4.4801196e+02   3.4734186e+02   3.8800048e+02   5.0909156e+02   3.2934899e+02   1.9406387e+02   4.6954368e+02   4.1418153e+02   4.4859764e+02   4.0820657e+02   3.5725629e+02   3.6672004e+02   4.3015262e+02   4.4516188e+02   2.7874348e+02   3.9310605e+02   3.0293058e+02   4.4336844e+02   4.6219572e+02   4.2047437e+02   3.0219581e+02   3.8240918e+02   3.7967078e+02   3.9183580e+02   3.5965385e+02   4.5383513e+02
   3.9510545e+02   3.6020455e+02   3.7284796e+02   4.0768501e+02   4.4801196e+02   3.4734186e+02   3.8800048e+02   5.0909156e+02   3.2934899e+02   1.9406387e+02   4.6954368e+02   4.1418153e+02   4.4859764e+02   4.0820657e+02   3.5725629e+02   3.6672004e+02   4.3015262e+02   4.4516188e+02   2.7874348e+02   3.9310605e+02   3.0293058e+02   4.4336844e+02   4.6219572e+02   4.2047437e+02   3.0219581e+02   3.8240918e+02   3.7967078e+02   3.9183580e+02   3.5965385e+02   4.5383513e+02
   3.9510545e+02   3.6020455e+02   3.7284796e+02   4.0768501e+02   4.4801196e+02   3.4734186e+02   3.8800048e+02   5.0909156e+02   2.9881861e+02   1.9406387e+02   4.6829161e+02   4.1418153e+02   2.5669046e+02   4.0820657e+02   3.5725629e+02   3.6672004e+02   4.3015262e+02   4.4516188e+02   2.7874348e+02   3.9310605e+02   3.0293058e+02   4.4336844e+02   4.6219572e+02   4.2047437e+02   3.0219581e+02   3.8240918e+02   3.7967078e+02   3.9183580e+02   3.5965385e+02   4.5383513e+02
   3.9510545e+02   2.9345764e+02   2.2741718e+02   2.2458855e+02   3.7019363e+02   3.1435749e+02   2.7744051e+02   3.3683608e+02   2.9881861e+02   1.9406387e+02   4.4935649e+02   4.1418153e+02   2.5669046e+02   4.0820657e+02   3.5725629e+02   1.8723509e+02   2.0492258e+02   2.7385545e+02   2.7874348e+02   3.2072665e+02   3.0293058e+02   3.5337117e+02   4.6219572e+02   3.4334768e+02   3.0219581e+02   2.3154844e+02   3.7967078e+02   3.9183580e+02   3.5965385e+02   3.5026363e+02
   2.4487059e+02   1.8433923e+02   2.1030481e+02   1.2874102e+02   2.4504447e+02   2.0105501e+02   8.0813087e+01   1.1726017e+02   1.1909957e+02   1.7373455e+02   1.4163575e+02   1.7502520e+02   1.2728156e+02   2.2844130e+02   1.9235901e+02   1.8723509e+02   1.8789399e+02   1.8820218e+02   2.4738596e+02   1.7039567e+02   1.0927029e+02   1.5361587e+02   2.5948269e+02   1.9544520e+02   2.0610174e+02   1.9774482e+02   2.2696496e+02   2.0776529e+02   1.4094688e+02   1.7297412e+02
   1.0337461e+02   9.3300646e+01   8.9866234e+01   1.1041421e+02   1.0675608e+02   1.1377790e+02   8.0813087e+01   1.0739387e+02   1.0704212e+02   1.1190987e+02   8.4308748e+01   1.0219537e+02   1.0219825e+02   1.1337897e+02   1.0179326e+02   1.0375135e+02   9.4187604e+01   7.9263672e+01   1.0643324e+02   9.0518517e+01   1.0125767e+02   8.4754521e+01   1.1936660e+02   9.7147372e+01   1.0789674e+02   8.1450284e+01   1.1317650e+02   9.1929059e+01   1.0802525e+02   9.2434841e+01
   6.7538793e+01   5.7121440e+01   6.9680147e+01   5.5886301e+01   4.8198870e+01   4.1811243e+01   4.2159428e+01   6.2320150e+01   6.2614266e+01   5.7005273e+01   5.4547119e+01   6.6582444e+01   3.8528613e+01   7.8589829e+01   6.5879741e+01   5.8784282e+01   5.5830126e+01   4.3079534e+01   5.1633329e+01   6.7136415e+01   5.6048779e+01   5.9647631e+01   6.5760166e+01   5.2988527e+01   6.0880400e+01   6.3782283e+01   6.3963548e+01   6.1657976e+01   3.7993588e+01   6.5164112e+01
   2.9415284e+01   3.0501300e+01   2.7235270e+01   2.0387638e+01   2.8884799e+01   3.9730417e+01   2.5106891e+01   3.9153597e+01   2.9339807e+01   4.2428856e+01   3.3555882e+01   2.7799017e+01   3.0077152e+01   4.6239739e+01   2.4579213e+01   3.1315753e+01   2.7127900e+01   2.7600139e+01   2.6448311e+01   2.3368385e+01   2.7639220e+01   2.5822131e+01   2.7297725e+01   2.6980330e+01   3.3359411e+01   3.3378445e+01   3.3755288e+01   2.7587820e+01   3.6517853e+01   4.4055143e+01
   1.0873683e+01   1.3411116e+01   1.5009799e+01   1.2426352e+01   1.3120915e+01   8.9935799e+00   1.0881943e+01   1.7695123e+01   1.6319082e+01   1.8956699e+01   1.4726764e+01   1.0873681e+01   1.7463529e+01   7.5745778e+00   1.3360098e+01   1.2183764e+01   1.1857323e+01   1.0873693e+01   1.4261801e+01   1.3451247e+01   1.5238945e+01   1.2581941e+01   1.0873679e+01   1.5666470e+01   1.7743425e+01   1.2803396e+01   1.6203971e+01   1.0873692e+01   1.6777184e+01   1.9769359e+01
   1.0873679e+01   0.0000000e+00   0.0000000e+00   3.0168615e+00   9.9495906e-01   0.0000000e+00   9.9495906e-01   1.0873997e+01   2.1032922e-02   0.0000000e+00   0.0000000e+00   1.0873679e+01   1.0874159e+01   7.5745778e+00   9.9501986e-01   1.0873716e+01   2.9895589e+00   1.0873679e+01   3.9798927e+00   0.0000000e+00   0.0000000e+00   1.9899181e+00   1.0873679e+01   0.0000000e+00   0.0000000e+00   0.0000000e+00   2.4147397e-03   1.0873679e+01   1.0873740e+01   1.0874038e+01
   1.0873679e+01   0.0000000e+00   0.0000000e+00   0.0000000e+00   9.9495906e-01   0.0000000e+00   9.9495906e-01   0.0000000e+00   0.0000000e+00   0.0000000e+00   0.0000000e+00   1.0873679e+01   0.0000000e+00   0.0000000e+00   0.0000000e+00   0.0000000e+00   2.9848772e+00   1.0873679e+01   2.9848772e+00   0.0000000e+00   0.0000000e+00   1.9899181e+00   1.0873679e+01   0.0000000e+00   0.0000000e+00   0.0000000e+00   0.0000000e+00   1.0873679e+01   0.0000000e+00   0.0000000e+00
