   1.8712853e+03   1.4624859e+03   1.1778728e+03   7.0948690e+02   1.2463470e+03   1.0218409e+03   1.5985990e+03   1.2114473e+03   1.8429784e+03   1.1718067e+03   1.5715518e+03   6.1601008e+02   1.1624500e+03   1.1491109e+03   1.2534460e+03   1.1926824e+03   1.8482631e+03   1.1174721e+03   7.1919925e+02   1.7579481e+03   1.0335483e+03   1.2422898e+03   1.4945711e+03   1.5235105e+03   1.1078752e+03   8.5920101e+02   5.1835065e+02   1.6537687e+03   1.1164627e+03   1.1304284e+03
   1.8712853e+03   1.4624859e+03   1.1778728e+03   7.0948690e+02   1.2463470e+03   1.0218409e+03   1.5985990e+03   1.2114473e+03   1.8429784e+03   1.1718067e+03   1.5715518e+03   6.1601008e+02   1.1624500e+03   1.1491109e+03   1.2534460e+03   1.1926824e+03   1.8482631e+03   1.1174721e+03   7.1919925e+02   1.7579481e+03   1.0335483e+03   1.2422898e+03   1.1975250e+03   1.5235105e+03   1.1078752e+03   8.5920101e+02   5.1835065e+02   1.6537687e+03   1.1164627e+03   1.1304284e+03
   1.8712853e+03   1.4624859e+03   1.1778728e+03   7.0948690e+02   1.2463470e+03   1.0218409e+03   1.5985990e+03   1.2114473e+03   1.8429784e+03   1.1718067e+03   1.5715518e+03   6.1601008e+02   1.1624500e+03   1.1491109e+03   1.2534460e+03   1.1926824e+03   1.8482631e+03   1.1174721e+03   7.1919925e+02   1.7579481e+03   1.0335483e+03   1.2422898e+03   1.1975250e+03   1.5235105e+03   1.1078752e+03   8.5920101e+02   5.1835065e+02   1.6537687e+03   1.1164627e+03   1.1304284e+03
   1.8712853e+03   1.4624859e+03   1.1778728e+03   7.0948690e+02   1.2463470e+03   1.0218409e+03   1.5985990e+03   1.2114473e+03   1.8429784e+03   1.1718067e+03   1.5715518e+03   6.1601008e+02   1.1624500e+03   1.1491109e+03   1.2534460e+03   1.1926824e+03   1.8482631e+03   1.1174721e+03   7.1919925e+02   1.7579481e+03   1.0335483e+03   1.2422898e+03   1.1975250e+03   1.5235105e+03   1.1078752e+03   8.5920101e+02   5.1835065e+02   1.6537687e+03   1.1164627e+03   1.1304284e+03
   1.8712853e+03   1.4624859e+03   1.1778728e+03   7.0948690e+02   1.2463470e+03   1.0218409e+03   1.5985990e+03   1.2114473e+03   1.8429784e+03   1.1718067e+03   1.5715518e+03   6.1601008e+02   1.1624500e+03   1.1491109e+03   1.2534460e+03   1.1926824e+03   1.8482631e+03   1.1174721e+03   7.1919925e+02   1.7579481e+03   1.0335483e+03   1.2422898e+03   1.1975250e+03   1.5235105e+03   1.1078752e+03   8.5920101e+02   5.1835065e+02   1.6537687e+03   1.1164627e+03   1.1304284e+03
   1.8712853e+03   1.4624859e+03   1.1778728e+03   7.0948690e+02   1.2463470e+03   1.0218409e+03   1.5985990e+03   1.2114473e+03   1.8429784e+03   1.1718067e+03   1.5715518e+03   6.1601008e+02   1.1624500e+03   1.1491109e+03   1.2534460e+03   1.1926824e+03   1.8482631e+03   1.1174721e+03   7.1919925e+02   1.7579481e+03   1.0335483e+03   1.2422898e+03   1.1758550e+03   1.5235105e+03   1.1078752e+03   8.5920101e+02   5.1835065e+02   1.6537687e+03   1.1164627e+03   1.1304284e+03
   1.8712853e+03   1.4624859e+03   1.1778728e+03   7.0948690e+02   1.2463470e+03   1.0218409e+03   1.5985990e+03   1.2114473e+03   1.8429784e+03   1.1718067e+03   1.5715518e+03   6.1601008e+02   1.1624500e+03   1.1491109e+03   1.2534460e+03   1.1926824e+03   1.8482631e+03   1.1174721e+03   7.1919925e+02   1.7579481e+03   1.0335483e+03   1.2422898e+03   1.1758550e+03   1.5235105e+03   1.1078752e+03   8.5920101e+02   5.1835065e+02   1.6537687e+03   1.1164627e+03   1.1304284e+03
   1.8712853e+03   1.4624859e+03   1.1778728e+03   7.0948690e+02   1.2463470e+03   1.0218409e+03   8.8151739e+02   1.2114473e+03   3.5248195e+02   1.1718067e+03   1.5715518e+03   6.1601008e+02   1.1624500e+03   1.1491109e+03   1.0232551e+03   1.1926824e+03   1.8482631e+03   1.1174721e+03   7.1919925e+02   1.7579481e+03   1.0335483e+03   1.2422898e+03   1.1758550e+03   1.5235105e+03   1.1078752e+03   8.5920101e+02   5.1835065e+02   1.6537687e+03   1.1164627e+03   1.1304284e+03
   1.8712853e+03   1.4624859e+03   1.1778728e+03   7.0948690e+02   1.2463470e+03   1.0218409e+03   8.8151739e+02   1.2114473e+03   3.5248195e+02   1.1718067e+03   1.5715518e+03   6.1601008e+02   1.1624500e+03   1.1491109e+03   7.6543267e+02   8.2455579e+02   1.8482631e+03   1.1174721e+03   7.1919925e+02   1.7579481e+03   9.6672610e+02   1.2422898e+03   1.1758550e+03   1.5235105e+03   1.1078752e+03   8.5920101e+02   5.1835065e+02   1.6537687e+03   1.1164627e+03   1.1304284e+03
   1.8712853e+03   1.4624859e+03   1.1778728e+03   7.0948690e+02   1.2463470e+03   5.1535209e+02   8.8151739e+02   1.2114473e+03   3.5248195e+02   1.1718067e+03   1.5715518e+03   6.1601008e+02   1.3420668e+02   3.4409884e+02   7.6543267e+02   8.2455579e+02   1.8482631e+03   1.1174721e+03   7.1919925e+02   1.5747115e+03   5.2281574e+02   1.2422898e+03   1.1758550e+03   1.2431218e+03   2.0908756e+02   8.5920101e+02   5.1835065e+02   1.6537687e+03   1.1164627e+03   1.3477798e+02
   1.8712853e+03   1.3590854e+02   1.1778728e+03   7.0948690e+02   1.9421000e+02   1.9399269e+02   8.8151739e+02   1.2114473e+03   3.5248195e+02   1.1718067e+03   9.0251069e+02   6.1601008e+02   1.3420668e+02   3.4409884e+02   7.6543267e+02   4.7898482e+02   1.8482631e+03   1.1174721e+03   1.2480616e+02   1.5747115e+03   5.2281574e+02   6.4804469e+02   1.1758550e+03   1.2431218e+03   2.0908756e+02   8.5920101e+02   3.7124657e+02   9.2583907e+02   1.1164627e+03   1.3477798e+02
   1.4241703e+03   1.3590854e+02   9.1445778e+02   7.0948690e+02   1.1822334e+02   1.9399269e+02   1.1212370e+02   1.3113022e+02   3.5248195e+02   1.1098146e+02   1.1280736e+02   1.1118799e+02   1.3420668e+02   3.4409884e+02   1.1532768e+02   4.7898482e+02   1.3078462e+03   1.1902123e+02   1.2480616e+02   2.3906736e+02   5.2281574e+02   1.1174107e+02   1.0969401e+02   1.2332542e+03   1.4224040e+02   8.2981502e+02   3.7124657e+02   9.2583907e+02   1.1192568e+02   1.1662122e+02
   1.0859606e+02   1.0861540e+02   1.1114740e+02   9.5519287e+01   1.0784056e+02   8.2268724e+01   1.0963103e+02   1.1101733e+02   1.1053876e+02   1.0879386e+02   1.0739732e+02   1.0469080e+02   1.0837705e+02   1.1043201e+02   1.0835354e+02   1.1321227e+02   1.1147405e+02   1.0737805e+02   1.0788012e+02   6.2752331e+01   1.0554014e+02   1.0661959e+02   1.0765962e+02   1.1075974e+02   1.0736491e+02   1.0431680e+02   1.1294270e+02   1.1428103e+02   1.0721530e+02   1.0658498e+02
   1.0549356e+02   1.0303283e+02   1.4814810e-05   7.5737314e+01   1.0339195e+02   1.1563159e+01   1.0645238e+02   2.7110181e-05   1.0699233e+02   1.0383180e+02   1.0266399e+02   1.0235382e+02   4.1938818e+01   4.7769506e+01   1.2659845e-01   1.1563115e+01   1.1563361e+01   1.0062277e+02   1.0176150e+02   4.2099512e+01   1.0006262e+02   1.0310052e+02   1.0347403e+02   1.1396527e+01   4.1395175e+01   1.0331548e+02   1.6785334e+01   5.6898353e-02   1.0327204e+02   1.0300595e+02
   6.2782032e+01   1.0000000e+02   0.0000000e+00   5.0661134e+01   1.0000000e+02   1.1563057e+01   1.8076236e+01   0.0000000e+00   1.5834642e+01   1.0000000e+02   1.0000000e+02   1.0000001e+02   4.1703683e+01   2.5956214e+01   0.0000000e+00   1.1563057e+01   1.1563057e+01   1.0000000e+02   1.0000000e+02   4.2099511e+01   1.0000000e+02   1.0000002e+02   1.0086946e+02   1.1396522e+01   4.0245725e+01   1.0000000e+02   0.0000000e+00   0.0000000e+00   1.0127462e+02   1.0000000e+02
   6.2782032e+01   1.0000000e+02   0.0000000e+00   5.0661134e+01   1.0000000e+02   1.1563057e+01   1.8076236e+01   0.0000000e+00   1.5834642e+01   1.0000000e+02   1.0000000e+02   1.0000000e+02   4.1703682e+01   2.5956214e+01   0.0000000e+00   1.1563057e+01   1.1563057e+01   1.0000000e+02   1.0000000e+02   4.2099511e+01   1.0000000e+02   1.0000000e+02   1.0000000e+02   1.1396522e+01   4.0245725e+01   1.0000000e+02   0.0000000e+00   0.0000000e+00   1.0000000e+02   1.0000000e+02
