   2.6243058e+04   6.8074591e+03   4.5093943e+04   1.5199106e+04   6.2318346e+04   9.7483740e+03   3.0980664e+04   2.1733935e+04   1.1945613e+04   1.6565561e+04   5.0803929e+04   2.3894621e+04   9.3783935e+04   3.4790463e+04   7.8392013e+03   6.5723463e+03   8.0558941e+03   6.3705162e+03   3.2402298e+04   4.8551208e+04   3.9685798e+04   4.6946740e+04   3.4568563e+04   2.0810812e+04   2.3346879e+04   9.4298015e+03   1.7077988e+04   5.5791474e+04   1.0875258e+04   6.1904527e+04
   2.6243058e+04   6.8074591e+03   4.5093943e+04   1.5199106e+04   6.2318346e+04   9.7483740e+03   3.0980664e+04   2.1733935e+04   1.1945613e+04   1.6565561e+04   5.0803929e+04   2.3894621e+04   9.3783935e+04   3.4790463e+04   7.8392013e+03   6.5723463e+03   8.0558941e+03   6.3705162e+03   3.2402298e+04   4.8551208e+04   3.9685798e+04   4.6946740e+04   3.4568563e+04   2.0810812e+04   2.3346879e+04   9.4298015e+03   1.7077988e+04   5.5791474e+04   1.0875258e+04   6.1904527e+04
   2.6243058e+04   6.8074591e+03   4.5093943e+04   1.5199106e+04   6.2318346e+04   9.7483740e+03   3.0980664e+04   2.1733935e+04   1.1945613e+04   1.6565561e+04   5.0803929e+04   2.3894621e+04   9.3783935e+04   3.4790463e+04   7.8392013e+03   6.5723463e+03   8.0558941e+03   6.3705162e+03   3.2402298e+04   4.8551208e+04   3.9685798e+04   4.6946740e+04   3.4568563e+04   2.0810812e+04   2.3346879e+04   9.4298015e+03   1.7077988e+04   5.5791474e+04   1.0875258e+04   6.1904527e+04
   2.6243058e+04   6.8074591e+03   4.5093943e+04   1.5199106e+04   6.2318346e+04   9.7483740e+03   3.0980664e+04   2.1733935e+04   1.1945613e+04   1.6565561e+04   5.0803929e+04   2.3894621e+04   9.3783935e+04   3.4790463e+04   7.8392013e+03   6.5723463e+03   8.0558941e+03   6.3705162e+03   3.2402298e+04   4.8551208e+04   3.9685798e+04   4.6946740e+04   3.4568563e+04   2.0810812e+04   2.3346879e+04   9.4298015e+03   1.7077988e+04   5.5791474e+04   1.0875258e+04   6.1904527e+04
   2.6243058e+04   6.8074591e+03   4.5093943e+04   1.5199106e+04   6.2318346e+04   9.7483740e+03   3.0980664e+04   2.1733935e+04   1.1945613e+04   1.6565561e+04   5.0803929e+04   2.3894621e+04   9.3783935e+04   3.4790463e+04   7.8392013e+03   6.5723463e+03   8.0558941e+03   6.3705162e+03   3.2402298e+04   4.8551208e+04   3.9685798e+04   4.6946740e+04   3.4568563e+04   2.0810812e+04   2.3346879e+04   9.4298015e+03   1.7077988e+04   5.5791474e+04   1.0875258e+04   6.1904527e+04
   2.6243058e+04   6.8074591e+03   4.5093943e+04   1.5199106e+04   6.2318346e+04   9.7483740e+03   3.0980664e+04   2.1733935e+04   1.1945613e+04   1.6565561e+04   5.0803929e+04   2.3894621e+04   9.3783935e+04   3.4790463e+04   7.8392013e+03   6.5723463e+03   8.0558941e+03   6.3705162e+03   3.2402298e+04   4.8551208e+04   1.1390641e+04   4.6946740e+04   3.4568563e+04   2.0810812e+04   2.3346879e+04   9.4298015e+03   1.7077988e+04   5.5791474e+04   1.0875258e+04   6.1904527e+04
   2.6243058e+04   6.8074591e+03   4.5093943e+04   1.5199106e+04   4.7698255e+04   9.7483740e+03   3.0980664e+04   2.1733935e+04   1.1945613e+04   1.6565561e+04   5.0803929e+04   2.3894621e+04   9.3783935e+04   3.4790463e+04   7.8392013e+03   6.5723463e+03   8.0558941e+03   6.3705162e+03   3.2402298e+04   4.8551208e+04   4.2354057e+03   4.6946740e+04   3.4568563e+04   2.0810812e+04   2.3346879e+04   9.4298015e+03   1.7077988e+04   5.5791474e+04   1.0875258e+04   6.1904527e+04
   2.6243058e+04   6.8074591e+03   2.8391154e+04   1.5199106e+04   4.7698255e+04   9.7483740e+03   3.0980664e+04   2.1733935e+04   1.1945613e+04   1.6565561e+04   5.0803929e+04   2.0961500e+03   3.0189609e+03   3.4790463e+04   7.8392013e+03   6.5723463e+03   8.0558941e+03   6.3705162e+03   3.2402298e+04   4.8551208e+04   4.2354057e+03   4.6946740e+04   3.4568563e+04   2.0810812e+04   7.4875460e+01   9.4298015e+03   1.7077988e+04   5.5791474e+04   1.0875258e+04   1.7852529e+04
   4.1880895e+02   6.8074591e+03   2.8391154e+04   1.5199106e+04   4.7698255e+04   9.7483740e+03   3.0980664e+04   3.6400255e+02   1.1945613e+04   7.8942017e+03   2.2986809e+03   2.0961500e+03   3.0189609e+03   3.4790463e+04   7.8392013e+03   1.9977213e+03   8.0558941e+03   2.0106772e+03   4.2764810e+03   4.8551208e+04   4.2354057e+03   4.6946740e+04   3.4568563e+04   2.0810812e+04   7.4875460e+01   9.4298015e+03   1.7077988e+04   5.5415720e+03   1.0875258e+04   1.7852529e+04
   2.5085156e+02   6.8074591e+03   5.1553245e+02   4.1810457e+02   1.9976179e+04   4.3947194e+01   4.6824297e+03   3.6400255e+02   1.8486458e+01   1.7969334e+03   2.2986809e+03   2.0961500e+03   1.4700248e+02   1.3611211e+03   1.5278962e+03   1.9977213e+03   5.6316437e+03   2.5078761e+02   4.2764810e+03   5.2146041e+03   6.8824219e+01   5.6873225e+01   7.6929931e+02   9.0994187e+03   7.4875460e+01   7.7015247e+03   1.3191956e+04   1.1074501e+01   7.8938319e+01   4.5196716e+01
   7.3648211e+00   2.0696720e+01   3.2884498e+01   2.6986957e+01   1.1707889e+01   8.7515218e+00   3.0585777e+01   8.9097837e+00   1.5331680e+01   2.2468237e+01   3.8146699e+01   1.1318250e+01   1.1987145e+01   9.6300976e+00   4.0150789e+01   7.7376183e+00   1.3406590e+02   2.9765176e+01   1.5460945e+01   2.9703455e+01   3.1522897e+01   1.5585555e+01   1.9494471e+01   1.6475997e+01   2.5923115e+01   2.2589702e+01   1.7818061e+01   1.1074501e+01   1.9272427e+01   1.2356694e+01
   7.3648211e+00   3.7690026e+00   7.4833097e+00   6.1206784e+00   4.5715244e+00   7.1147078e+00   7.6187498e+00   5.0351780e+00   6.4054067e+00   7.4505978e+00   7.2786936e+00   7.5120168e+00   4.1315080e+00   6.3761141e+00   4.8014753e+00   5.7908204e+00   5.8195194e+00   4.8050122e+00   5.5530033e+00   6.3482668e+00   7.4491682e+00   7.3584785e+00   5.0295974e+00   5.5661679e+00   6.4737210e+00   7.1450674e+00   5.3545393e+00   6.9034143e+00   5.9810870e+00   5.8767331e+00
   4.1117724e+00   3.7690026e+00   4.4101983e+00   4.7591584e+00   4.3685698e+00   4.0965013e+00   3.3801658e+00   4.9951976e+00   4.9410582e+00   4.7624541e+00   5.3940705e+00   4.9947271e+00   4.1315080e+00   4.8791985e+00   3.2289783e+00   4.3219798e+00   5.0060033e+00   4.5290629e+00   3.9869334e+00   3.1285393e+00   4.9100802e+00   4.5883323e+00   3.2952347e+00   4.8426603e+00   4.0661629e+00   4.5777976e+00   3.8161719e+00   4.9147043e+00   5.0221186e+00   4.4539163e+00
   2.2696523e+00   2.2049371e+00   2.2151069e+00   2.3076986e+00   2.5288881e+00   1.8069045e+00   8.4838026e-01   2.0015725e+00   2.2816943e+00   2.2717345e+00   2.2151169e+00   2.8485402e+00   2.3746632e+00   2.3822381e+00   2.1599721e+00   1.9387596e+00   2.0919385e+00   2.2617333e+00   2.0351779e+00   2.1388183e+00   2.2907461e+00   2.1739546e+00   2.1531566e+00   2.5071409e+00   1.6530552e+00   2.6164679e+00   2.2254181e+00   2.2650004e+00   2.1099081e+00   1.7466075e+00
   9.7083607e-01   6.4693485e-01   8.3211239e-01   9.3845602e-01   9.9058396e-01   9.0591382e-01   6.7541358e-01   8.7594129e-01   9.8974586e-01   7.6396101e-01   9.1309012e-01   1.0560909e+00   9.4194373e-01   9.8989448e-01   9.0871471e-01   1.0296390e+00   1.0172124e+00   9.7541944e-01   1.0309682e+00   9.3644829e-01   9.8207328e-01   9.3400796e-01   9.0934588e-01   9.0520079e-01   8.1497363e-01   1.0743266e+00   9.1177323e-01   9.1182610e-01   7.5699857e-01   1.0058613e+00
   2.3268989e-01   3.9703625e-02   1.5783475e-01   2.9674015e-02   1.8704335e-01   1.9887001e-01   1.5785692e-01   1.0897941e-01   1.5783475e-01   9.8772642e-03   7.9719845e-02   3.0673874e-01   2.1126872e-01   5.9259920e-02   1.2944001e-01   2.1784986e-01   6.0023070e-02   5.9345804e-02   6.0887383e-02   6.9500398e-02   1.9778628e-02   2.8354390e-01   2.0793889e-01   1.5189359e-01   4.1370702e-02   1.2829109e-01   1.9915553e-02   2.9594020e-02   1.7017989e-01   2.3702330e-01
