   1.2383982e+03   1.2543772e+03   1.1421752e+03   1.2215809e+03   1.1545728e+03   1.3165960e+03   8.0524794e+02   1.3422912e+03   1.1184898e+03   1.1548079e+03   1.2347277e+03   1.1617775e+03   1.2893207e+03   1.1374729e+03   1.3853885e+03   1.2198066e+03   9.2335541e+02   1.3920075e+03   1.0919677e+03   1.2420027e+03   1.0265149e+03   1.2310259e+03   1.2654237e+03   1.3893368e+03   1.0409466e+03   1.2115347e+03   1.3851320e+03   1.1893177e+03   1.1626590e+03   1.2912531e+03
   1.2383982e+03   1.2543772e+03   1.1421752e+03   1.2215809e+03   1.1545728e+03   1.3165960e+03   8.0524794e+02   1.3422912e+03   1.1184898e+03   1.1548079e+03   1.2347277e+03   1.1617775e+03   1.2893207e+03   1.1374729e+03   1.3853885e+03   1.2198066e+03   9.2335541e+02   1.3920075e+03   1.0919677e+03   1.2420027e+03   1.0265149e+03   1.2310259e+03   1.2654237e+03   1.3893368e+03   1.0409466e+03   1.2115347e+03   1.3851320e+03   1.1893177e+03   1.1626590e+03   1.2912531e+03
   1.2383982e+03   1.2543772e+03   1.1421752e+03   1.2215809e+03   1.1545728e+03   1.3165960e+03   8.0524794e+02   1.3422912e+03   1.1184898e+03   1.1548079e+03   1.2347277e+03   1.1617775e+03   1.2893207e+03   1.1374729e+03   1.3853885e+03   1.2198066e+03   9.2335541e+02   1.2827042e+03   1.0919677e+03   1.2420027e+03   1.0265149e+03   1.2310259e+03   1.2654237e+03   1.3893368e+03   1.0409466e+03   1.2115347e+03   1.3851320e+03   1.1893177e+03   1.1626590e+03   1.2912531e+03
   1.2383982e+03   1.2543772e+03   1.1421752e+03   1.2215809e+03   1.1545728e+03   1.3165960e+03   8.0524794e+02   1.3422912e+03   1.1184898e+03   1.1548079e+03   1.2347277e+03   1.1617775e+03   1.2893207e+03   1.1374729e+03   1.3853885e+03   1.2198066e+03   9.2335541e+02   1.2827042e+03   1.0919677e+03   1.2420027e+03   1.0265149e+03   1.2310259e+03   1.2654237e+03   1.3893368e+03   1.0409466e+03   1.2115347e+03   1.3851320e+03   1.1893177e+03   1.1626590e+03   1.2912531e+03
   1.2383982e+03   1.2543772e+03   1.1421752e+03   1.2215809e+03   1.1545728e+03   1.3165960e+03   8.0524794e+02   1.3422912e+03   1.1162907e+03   1.1548079e+03   1.2347277e+03   1.1617775e+03   1.2893207e+03   1.1374729e+03   1.3853885e+03   1.2198066e+03   9.2335541e+02   1.2827042e+03   1.0919677e+03   1.2420027e+03   1.0265149e+03   1.2310259e+03   1.2654237e+03   1.3893368e+03   1.0409466e+03   1.2115347e+03   1.3851320e+03   1.1893177e+03   1.1626590e+03   1.2912531e+03
   1.2383982e+03   1.2543772e+03   1.1421752e+03   1.2215809e+03   1.1545728e+03   1.3165960e+03   8.0524794e+02   1.3422912e+03   1.1162907e+03   1.1548079e+03   1.2347277e+03   1.1617775e+03   1.2893207e+03   1.1374729e+03   1.3853885e+03   1.2198066e+03   9.2335541e+02   1.2827042e+03   1.0919677e+03   1.2420027e+03   1.0265149e+03   1.2310259e+03   1.2654237e+03   1.3893368e+03   1.0409466e+03   1.2115347e+03   1.3851320e+03   1.1893177e+03   1.1626590e+03   1.2912531e+03
   1.2383982e+03   1.2543772e+03   1.1421752e+03   1.2215809e+03   1.1545728e+03   1.3165960e+03   8.0524794e+02   1.3422912e+03   1.1162907e+03   1.1548079e+03   1.2347277e+03   1.1617775e+03   1.2893207e+03   1.1374729e+03   1.3853885e+03   1.2198066e+03   9.2335541e+02   1.2827042e+03   1.0919677e+03   1.2420027e+03   9.2675617e+02   1.2310259e+03   1.2654237e+03   1.3893368e+03   1.0409466e+03   1.2115347e+03   1.3851320e+03   1.1893177e+03   1.1626590e+03   1.2912531e+03
   1.2383982e+03   1.2543772e+03   1.1421752e+03   1.2215809e+03   1.1545728e+03   1.3165960e+03   8.0524794e+02   1.3422912e+03   1.1162907e+03   1.1548079e+03   1.2347277e+03   8.8770720e+02   1.2893207e+03   1.1374729e+03   1.3853885e+03   1.2198066e+03   9.2335541e+02   1.2381860e+03   1.0919677e+03   1.2420027e+03   9.2675617e+02   1.1063745e+03   8.6983623e+02   1.3893368e+03   1.0409466e+03   1.2115347e+03   1.3851320e+03   1.1893177e+03   1.1626590e+03   1.2912531e+03
   1.2383982e+03   1.2543772e+03   9.6207877e+02   1.2215809e+03   7.7655495e+02   1.3165960e+03   8.0524794e+02   1.2303628e+03   1.0397101e+03   1.1548079e+03   1.2347277e+03   8.8770720e+02   1.2893207e+03   1.1374729e+03   1.0729903e+03   1.2198066e+03   9.2335541e+02   1.2381860e+03   9.2177532e+02   1.2420027e+03   9.2675617e+02   1.1063745e+03   8.1069948e+02   1.3450892e+03   1.0409466e+03   1.2115347e+03   1.3851320e+03   1.1893177e+03   1.1626590e+03   1.2912531e+03
   9.7030142e+02   5.3709335e+02   6.8072702e+02   9.0985688e+02   5.2852142e+02   5.5926238e+02   8.0524794e+02   6.4429407e+02   8.4721045e+02   7.3142559e+02   9.0595869e+02   8.4975001e+02   4.9385900e+02   7.4260935e+02   8.7112478e+02   6.4871903e+02   8.2836643e+02   1.0346705e+03   7.7069277e+02   8.3856352e+02   6.8033795e+02   7.8171034e+02   8.1069948e+02   7.5036995e+02   6.0422852e+02   5.0184582e+02   1.1294016e+03   8.2619062e+02   8.9462466e+02   9.7009431e+02
   4.8194224e+02   3.5830102e+02   3.5061711e+02   3.5037580e+02   4.3056706e+02   4.6678377e+02   3.5561641e+02   3.9406697e+02   4.2544486e+02   3.7639990e+02   3.2349793e+02   3.8762211e+02   3.5317070e+02   4.1382997e+02   3.5779819e+02   4.6472957e+02   3.6251852e+02   4.5542238e+02   3.3659344e+02   4.2401103e+02   4.5177641e+02   3.2341410e+02   3.2415453e+02   4.1009863e+02   4.2009497e+02   2.3842634e+02   4.8374861e+02   3.9318854e+02   3.3713526e+02   2.8317471e+02
   2.2559873e+02   2.1574745e+02   2.1794212e+02   2.3863699e+02   1.5913266e+02   2.0924380e+02   2.0030026e+02   2.2444511e+02   2.3084358e+02   1.9568905e+02   2.2394538e+02   2.2247261e+02   2.0577336e+02   2.4078411e+02   1.7386961e+02   2.3565027e+02   2.2013123e+02   2.1219653e+02   2.2068227e+02   2.0059282e+02   2.3047615e+02   2.3698213e+02   2.2255075e+02   2.4460425e+02   2.0000415e+02   1.9573234e+02   1.8900959e+02   2.2561518e+02   2.3718356e+02   2.2459640e+02
   1.1770338e+02   1.3418091e+02   1.4937243e+02   1.3175297e+02   1.5467612e+02   1.2813054e+02   1.0343353e+02   1.4651224e+02   1.3884774e+02   1.5474686e+02   1.4924007e+02   1.1116344e+02   1.6109451e+02   1.3953464e+02   1.2996685e+02   1.5248637e+02   1.2409957e+02   1.4387440e+02   1.5746384e+02   1.4805769e+02   1.1638590e+02   1.4728736e+02   1.3570001e+02   1.3786890e+02   1.3008449e+02   1.5469443e+02   1.4164815e+02   1.1612789e+02   1.4152086e+02   1.1369278e+02
   8.1610374e+01   6.6478675e+01   6.9980974e+01   6.5095349e+01   6.7864028e+01   7.1963767e+01   8.0258824e+01   7.3829241e+01   6.9451141e+01   6.6425387e+01   6.8561227e+01   7.1483417e+01   7.0920309e+01   7.0205574e+01   7.5869488e+01   6.2022048e+01   6.4287693e+01   7.1289695e+01   9.6474320e+01   8.5001838e+01   7.8800755e+01   8.2385955e+01   6.7625773e+01   7.3935402e+01   6.1614709e+01   8.6260532e+01   7.1255725e+01   6.5229780e+01   7.2390505e+01   6.6105082e+01
   4.4242619e+01   3.9517092e+01   4.0049754e+01   4.2744158e+01   4.0613482e+01   3.8810042e+01   4.4501591e+01   3.8584600e+01   4.0946977e+01   4.0620229e+01   3.9127842e+01   4.5378510e+01   4.3843704e+01   2.9849851e+01   4.0852630e+01   4.1198422e+01   4.1543454e+01   3.8727524e+01   4.7060644e+01   4.6295170e+01   4.0986136e+01   4.2062638e+01   3.9942666e+01   3.9202022e+01   4.0794638e+01   4.4659295e+01   3.9548723e+01   4.3094221e+01   3.9904749e+01   4.0701155e+01
   2.0715440e+01   2.0951801e+01   2.0771334e+01   3.4311926e+00   2.2034530e+01   2.1308135e+01   4.5749083e+00   2.1484047e+01   1.2400140e+01   2.1570143e+01   2.7868015e+00   9.2291725e+00   3.5433837e+00   2.1184364e+01   6.6413121e+00   4.2543823e+00   2.0570132e+01   2.2097972e+01   4.3788998e+00   4.5383427e+00   2.1295066e+01   3.5799493e+00   2.2338831e+01   2.1090612e+01   2.1818533e+01   8.2306391e+00   2.1288554e+01   4.8274435e+00   2.0974688e+01   2.5484246e+00
