   1.2131708e+10   1.7496719e+10   1.4379064e+10   1.5193665e+10   1.4222703e+10   8.1926130e+09   1.3263887e+10   1.3855085e+10   1.8727111e+10   1.1342144e+10   1.7703732e+10   1.5039140e+10   6.8273731e+09   2.2899997e+10   1.9911386e+10   1.5746252e+10   1.5544386e+10   7.4204190e+09   1.1483057e+10   2.0186210e+10   1.1591367e+10   9.0504162e+09   1.4598228e+10   1.8461932e+10   1.1322917e+10   2.2159037e+10   1.3956703e+10   1.1499362e+10   1.4281354e+10   7.0796581e+09
   1.2131708e+10   1.7496719e+10   1.4379064e+10   1.5193665e+10   1.4222703e+10   8.1926130e+09   1.3263887e+10   1.3855085e+10   1.8727111e+10   1.1342144e+10   1.7703732e+10   1.5039140e+10   6.8273731e+09   2.2899997e+10   1.9911386e+10   1.5746252e+10   1.5544386e+10   7.4204190e+09   1.1483057e+10   2.0186210e+10   1.1591367e+10   9.0504162e+09   1.4598228e+10   1.8461932e+10   1.1322917e+10   2.2159037e+10   1.3956703e+10   1.1499362e+10   1.4281354e+10   7.0796581e+09
   1.2131708e+10   1.7496719e+10   1.4379064e+10   1.5193665e+10   1.4222703e+10   8.1926130e+09   1.3263887e+10   1.3855085e+10   1.8727111e+10   1.1342144e+10   1.7703732e+10   1.5039140e+10   6.8273731e+09   2.2899997e+10   1.9911386e+10   1.5746252e+10   1.5544386e+10   7.4204190e+09   1.1483057e+10   2.0186210e+10   1.1591367e+10   9.0504162e+09   1.4598228e+10   1.8461932e+10   1.1322917e+10   2.2159037e+10   1.3956703e+10   1.1499362e+10   1.4281354e+10   7.0796581e+09
   1.2131708e+10   1.7496719e+10   1.4379064e+10   1.5193665e+10   1.4222703e+10   8.1926130e+09   1.3263887e+10   1.3855085e+10   1.8727111e+10   1.1342144e+10   1.7703732e+10   1.5039140e+10   6.8273731e+09   2.2899997e+10   1.9911386e+10   1.5746252e+10   1.5544386e+10   7.4204190e+09   1.1483057e+10   2.0186210e+10   1.1591367e+10   9.0504162e+09   1.4598228e+10   1.8461932e+10   1.1322917e+10   2.2159037e+10   1.3956703e+10   1.1499362e+10   1.4281354e+10   7.0796581e+09
   1.2131708e+10   1.7496719e+10   1.4379064e+10   1.5193665e+10   1.4222703e+10   8.1926130e+09   1.3263887e+10   1.3855085e+10   1.8727111e+10   1.1342144e+10   1.7703732e+10   1.5039140e+10   6.8273731e+09   2.2899997e+10   1.9911386e+10   1.5746252e+10   1.5544386e+10   7.4204190e+09   1.1483057e+10   2.0186210e+10   1.1591367e+10   9.0504162e+09   1.4598228e+10   1.8461932e+10   1.1322917e+10   2.2159037e+10   1.3956703e+10   1.1499362e+10   1.4281354e+10   7.0796581e+09
   1.2131708e+10   1.7496719e+10   1.4379064e+10   1.5193665e+10   1.4222703e+10   8.1926130e+09   1.3263887e+10   1.3855085e+10   1.8727111e+10   1.1342144e+10   1.7703732e+10   1.5039140e+10   6.8273731e+09   1.2397923e+10   1.9911386e+10   1.5746252e+10   1.5544386e+10   7.4204190e+09   1.1483057e+10   2.0186210e+10   1.1591367e+10   9.0504162e+09   1.4598228e+10   1.8461932e+10   1.1322917e+10   2.2159037e+10   1.3956703e+10   1.1499362e+10   1.4281354e+10   7.0796581e+09
   1.2131708e+10   1.7496719e+10   1.4379064e+10   9.8080784e+09   1.4222703e+10   8.1926130e+09   1.3263887e+10   5.9547966e+09   1.8727111e+10   1.1342144e+10   1.7703732e+10   1.5039140e+10   6.8273731e+09   1.2397923e+10   1.9911386e+10   1.5746252e+10   1.5544386e+10   7.4204190e+09   1.1483057e+10   2.0186210e+10   1.1591367e+10   9.0504162e+09   1.4598228e+10   1.8461932e+10   1.1322917e+10   2.2159037e+10   1.3956703e+10   1.1499362e+10   1.4281354e+10   7.0796581e+09
   1.0799053e+10   1.7496719e+10   1.4379064e+10   9.8080784e+09   1.4222703e+10   8.1926130e+09   1.3263887e+10   5.9547966e+09   1.8727111e+10   2.0935406e+09   1.7703732e+10   1.5039140e+10   6.8273731e+09   1.2397923e+10   1.9911386e+10   1.5746252e+10   1.5544386e+10   7.4204190e+09   1.1483057e+10   1.9952849e+10   1.1591367e+10   9.0504162e+09   1.4598228e+10   1.8461932e+10   1.1322917e+10   2.2159037e+10   1.3956703e+10   1.1499362e+10   1.4281354e+10   2.6256711e+09
   1.0799053e+10   1.7496719e+10   5.0686468e+09   9.8080784e+09   1.2429055e+10   5.1433583e+09   1.2760966e+10   5.9547966e+09   1.8727111e+10   2.0935406e+09   1.7703732e+10   1.5039140e+10   6.8273731e+09   1.2397923e+10   1.9559119e+10   1.5746252e+10   1.5544386e+10   7.4204190e+09   1.1483057e+10   9.9058999e+09   1.1591367e+10   9.0504162e+09   1.4598228e+10   1.8461932e+10   1.1322917e+10   2.2159037e+10   4.3944555e+09   1.1499362e+10   6.5880805e+09   2.6256711e+09
   3.7748181e+09   9.2348285e+08   4.3591351e+09   2.7342334e+09   3.5870416e+09   4.9451382e+09   1.2760966e+10   2.8264012e+09   3.5744985e+09   2.0935406e+09   7.1089752e+09   2.8960208e+09   4.0196203e+09   3.3525242e+09   6.2081916e+08   1.3800257e+09   6.2061340e+08   4.4925021e+09   4.4215156e+09   7.9369894e+08   4.0780868e+09   9.0504162e+09   7.9622945e+09   7.1235723e+09   1.2739532e+09   4.0316032e+09   2.8411940e+08   4.0419040e+09   3.0723205e+08   2.6256711e+09
   2.3871911e+08   2.9064038e+08   8.3855016e+07   1.0872655e+08   4.2620830e+07   1.4829388e+08   1.0716190e+07   1.5781263e+08   6.4927618e+07   4.6818781e+07   5.8322377e+07   3.4237096e+08   6.0530084e+07   1.4227458e+08   1.1405385e+08   1.3072541e+08   4.7845408e+07   1.3309928e+08   2.8896542e+08   3.3437549e+07   2.0636669e+08   1.7542795e+08   1.1665916e+08   2.2044038e+08   2.3371007e+08   4.8627307e+07   4.6496903e+07   7.1374532e+07   4.7956719e+07   1.5895523e+08
   3.3044818e+06   2.3464605e+06   1.0322575e+05   2.3441607e+06   1.3155539e+06   5.1048707e+05   6.5124040e+06   1.0575160e+07   7.3519485e+06   4.7301619e+06   7.6852380e+06   5.6874655e+05   6.2491400e+05   4.4192648e+06   2.2698829e+06   1.1575567e+06   8.7486481e+05   8.2835235e+06   1.0571169e+05   7.4947260e+05   1.3835448e+06   1.6236972e+06   4.3346418e+06   7.4910280e+06   2.2706633e+06   5.9543107e+05   1.5011377e+06   4.3298787e+06   3.7244729e+06   2.7958470e+06
   3.1186503e+04   2.3452147e+04   1.0803896e+04   7.1478477e+04   2.7568182e+04   5.0885980e+03   2.7538843e+03   1.1391898e+03   1.9785415e+04   6.5233312e+04   1.7432759e+03   1.7548042e+04   4.0866478e+03   8.8214656e+03   7.6875869e+03   3.3046476e+04   9.9335319e+03   1.8629241e+04   2.8724299e+03   3.4211860e+04   2.5230641e+04   2.1626394e+04   8.6188812e+03   3.1030509e+03   1.7443375e+04   2.9311066e+03   2.8497350e+04   9.0714921e+03   3.4362190e+03   6.9462427e+03
   1.4266923e-01   9.7911585e-02   9.7457810e-03   6.5730541e+00   6.1972287e-01   5.1115520e-01   3.2246736e-01   2.6130549e-03   4.9435350e-01   5.6468844e+00   1.0913692e+00   3.3624254e+01   1.1761315e-02   7.1052310e-03   9.9980663e-01   9.9493730e-02   2.2533706e-02   5.6412310e-02   1.1738378e+00   6.4605642e+00   1.6161942e-02   4.6644017e-01   1.0191445e-01   2.8371163e-01   6.5775652e-02   2.6380580e-02   4.6790272e-02   5.4171321e-01   1.1341111e+00   1.8022610e+00
   0.0000000e+00   0.0000000e+00   0.0000000e+00   0.0000000e+00   0.0000000e+00   0.0000000e+00   0.0000000e+00   0.0000000e+00   0.0000000e+00   0.0000000e+00   0.0000000e+00   0.0000000e+00   0.0000000e+00   0.0000000e+00   0.0000000e+00   0.0000000e+00   0.0000000e+00   0.0000000e+00   0.0000000e+00   0.0000000e+00   0.0000000e+00   0.0000000e+00   0.0000000e+00   0.0000000e+00   0.0000000e+00   0.0000000e+00   0.0000000e+00   0.0000000e+00   0.0000000e+00   0.0000000e+00
   0.0000000e+00   0.0000000e+00   0.0000000e+00   0.0000000e+00   0.0000000e+00   0.0000000e+00   0.0000000e+00   0.0000000e+00   0.0000000e+00   0.0000000e+00   0.0000000e+00   0.0000000e+00   0.0000000e+00   0.0000000e+00   0.0000000e+00   0.0000000e+00   0.0000000e+00   0.0000000e+00   0.0000000e+00   0.0000000e+00   0.0000000e+00   0.0000000e+00   0.0000000e+00   0.0000000e+00   0.0000000e+00   0.0000000e+00   0.0000000e+00   0.0000000e+00   0.0000000e+00   0.0000000e+00
