   4.8219054e+02   4.9460372e+02   6.3946987e+02   5.8088793e+02   4.3027289e+02   4.4482508e+02   5.3559126e+02   5.8674505e+02   5.2801659e+02   5.2918543e+02   5.7686590e+02   5.7829475e+02   4.9031867e+02   5.9843947e+02   4.8155199e+02   6.0914071e+02   4.7271836e+02   5.1339865e+02   5.2442541e+02   5.4365365e+02   5.2666331e+02   5.5542778e+02   4.7746800e+02   4.9028453e+02   5.6804149e+02   5.2944147e+02   5.8968083e+02   5.5749055e+02   6.0012909e+02   5.5167543e+02
   4.8219054e+02   4.9460372e+02   6.3946987e+02   5.8088793e+02   4.3027289e+02   4.4482508e+02   5.3559126e+02   5.8674505e+02   5.2801659e+02   5.2918543e+02   5.7686590e+02   5.7829475e+02   4.9031867e+02   5.9843947e+02   4.8155199e+02   6.0914071e+02   4.7271836e+02   5.1339865e+02   5.2442541e+02   5.4365365e+02   5.2666331e+02   5.5542778e+02   4.7746800e+02   4.9028453e+02   5.6804149e+02   5.2944147e+02   5.8968083e+02   5.5749055e+02   6.0012909e+02   5.5167543e+02
   4.8219054e+02   4.9460372e+02   6.3946987e+02   5.8088793e+02   4.3027289e+02   4.4482508e+02   5.3559126e+02   5.8674505e+02   5.2801659e+02   5.2918543e+02   5.7686590e+02   5.7829475e+02   4.9031867e+02   5.9843947e+02   4.8155199e+02   6.0914071e+02   4.7271836e+02   5.1339865e+02   5.2442541e+02   5.4365365e+02   5.2666331e+02   5.5542778e+02   4.7746800e+02   4.9028453e+02   5.6804149e+02   5.2944147e+02   5.8968083e+02   5.5749055e+02   6.0012909e+02   5.5167543e+02
   4.8219054e+02   4.9460372e+02   6.3946987e+02   5.8088793e+02   4.3027289e+02   4.4482508e+02   5.3559126e+02   5.8674505e+02   5.2801659e+02   5.2918543e+02   5.7686590e+02   5.7829475e+02   4.9031867e+02   5.9843947e+02   4.8155199e+02   6.0914071e+02   4.7271836e+02   5.1339865e+02   5.2442541e+02   5.4365365e+02   5.2666331e+02   5.5542778e+02   4.7746800e+02   4.9028453e+02   5.6804149e+02   5.2944147e+02   5.8968083e+02   5.5749055e+02   6.0012909e+02   5.5167543e+02
   4.8219054e+02   4.9460372e+02   6.3946987e+02   5.8088793e+02   4.3027289e+02   4.4482508e+02   5.3559126e+02   5.8674505e+02   5.2801659e+02   5.2918543e+02   5.7686590e+02   5.7829475e+02   4.9031867e+02   5.9843947e+02   4.8155199e+02   6.0914071e+02   4.7271836e+02   5.1339865e+02   5.2442541e+02   5.4365365e+02   5.2666331e+02   5.5542778e+02   4.7746800e+02   4.9028453e+02   5.6804149e+02   5.2944147e+02   5.8968083e+02   5.5749055e+02   6.0012909e+02   5.5167543e+02
   4.8219054e+02   4.9460372e+02   4.9455828e+02   5.8088793e+02   4.3027289e+02   4.4482508e+02   5.3559126e+02   5.8674505e+02   5.2801659e+02   5.2918543e+02   5.7686590e+02   5.7829475e+02   4.9031867e+02   5.9843947e+02   4.8155199e+02   6.0914071e+02   4.7271836e+02   5.1339865e+02   5.2442541e+02   5.4365365e+02   5.2666331e+02   5.5542778e+02   4.7746800e+02   4.9028453e+02   5.6804149e+02   5.2944147e+02   5.8968083e+02   5.5749055e+02   5.0789457e+02   5.5167543e+02
   4.8219054e+02   4.9460372e+02   4.9455828e+02   5.8088793e+02   4.3027289e+02   4.4482508e+02   5.3559126e+02   5.8674505e+02   5.2801659e+02   5.2918543e+02   5.7686590e+02   5.7829475e+02   4.9031867e+02   5.9843947e+02   4.8155199e+02   6.0914071e+02   4.2311705e+02   5.1339865e+02   5.2442541e+02   5.4365365e+02   4.7384762e+02   5.5542778e+02   4.7746800e+02   4.9028453e+02   5.6804149e+02   5.2944147e+02   5.8968083e+02   5.5749055e+02   5.0789457e+02   5.5167543e+02
   4.8219054e+02   4.9460372e+02   4.9455828e+02   5.8088793e+02   4.3027289e+02   4.4482508e+02   5.3559126e+02   5.8674505e+02   5.2801659e+02   5.2918543e+02   5.7686590e+02   5.7829475e+02   4.9031867e+02   5.9843947e+02   4.8155199e+02   6.0914071e+02   4.2311705e+02   5.1339865e+02   5.2442541e+02   5.4365365e+02   4.7384762e+02   5.5542778e+02   4.7746800e+02   4.9028453e+02   5.6804149e+02   5.2944147e+02   5.8968083e+02   5.5749055e+02   5.0789457e+02   5.5167543e+02
   4.8219054e+02   4.9460372e+02   4.9455828e+02   5.8088793e+02   4.1063627e+02   4.4482508e+02   5.3559126e+02   5.4432594e+02   5.2801659e+02   5.2918543e+02   5.5400053e+02   5.5700846e+02   4.9031867e+02   5.3566068e+02   4.8155199e+02   6.0914071e+02   4.2311705e+02   5.1339865e+02   5.2442541e+02   5.4365365e+02   4.7384762e+02   5.5542778e+02   4.7746800e+02   4.9028453e+02   5.6804149e+02   5.2944147e+02   4.9898521e+02   5.5749055e+02   4.7647571e+02   5.0285852e+02
   4.3639887e+02   4.1521021e+02   4.1511119e+02   3.6001239e+02   4.1063627e+02   4.3549961e+02   3.8718411e+02   4.4282354e+02   4.2754667e+02   3.9897799e+02   3.9935244e+02   4.2689877e+02   4.5279421e+02   4.4623650e+02   4.7658261e+02   4.4644288e+02   4.2311705e+02   4.3537316e+02   4.8438612e+02   4.1119255e+02   4.2586889e+02   3.3009392e+02   4.2045284e+02   4.4034157e+02   4.3417567e+02   4.3547219e+02   4.2007877e+02   4.4356007e+02   4.5949973e+02   3.3611626e+02
   3.9147971e+02   4.0317144e+02   4.0538082e+02   3.6001239e+02   4.0651275e+02   3.9281620e+02   3.8718411e+02   4.0933310e+02   3.9317919e+02   3.9897799e+02   3.9935244e+02   3.6179812e+02   4.0145857e+02   4.0090274e+02   3.6912970e+02   3.9414521e+02   4.1516976e+02   3.8954032e+02   3.9470256e+02   3.8657098e+02   3.6758370e+02   3.3009392e+02   4.1351330e+02   3.9437391e+02   3.8264016e+02   3.8249024e+02   3.8875547e+02   3.7543185e+02   3.3263615e+02   3.3611626e+02
   3.6255558e+02   3.5997631e+02   3.7398768e+02   3.5788250e+02   3.8657912e+02   3.7527429e+02   3.7444183e+02   3.7419439e+02   3.5568111e+02   3.6804108e+02   3.7646562e+02   2.0212558e+02   3.7313389e+02   3.7892106e+02   3.6056600e+02   3.7997465e+02   3.6324739e+02   3.7410469e+02   3.6758474e+02   3.6001076e+02   3.6058504e+02   3.3009392e+02   3.7118603e+02   3.6727014e+02   3.7369298e+02   3.5192801e+02   3.6589733e+02   3.6538067e+02   3.3263615e+02   3.3611626e+02
   3.4774369e+02   3.4351227e+02   3.5013846e+02   2.0644093e+02   3.3325862e+02   3.4477669e+02   3.5149031e+02   3.5332518e+02   3.4618202e+02   1.7938746e+02   3.4651067e+02   1.9657458e+02   3.4079549e+02   3.4963447e+02   1.5738927e+02   3.4406635e+02   1.9565757e+02   3.4470363e+02   3.4574557e+02   3.4694339e+02   2.7889606e+02   3.3009392e+02   3.4995273e+02   2.8698325e+02   3.4641206e+02   1.4589042e+02   3.4417544e+02   3.4788162e+02   3.3263615e+02   3.3611626e+02
   3.2856486e+02   1.0000336e+02   1.2892018e+02   1.0003329e+02   1.0897081e+02   1.0638169e+02   3.2785390e+02   1.0145841e+02   1.0034745e+02   1.7938746e+02   1.9781429e+02   1.0000391e+02   3.2796343e+02   3.2953559e+02   1.5738927e+02   1.4745569e+02   1.9565757e+02   1.4686983e+02   1.0045123e+02   3.2823193e+02   2.7889606e+02   3.2792292e+02   2.4884345e+01   1.0014250e+02   1.0000452e+02   1.4589042e+02   1.2420709e+02   1.0563397e+02   3.2843514e+02   3.2635997e+02
   1.0000000e+02   1.0000000e+02   1.0000000e+02   1.0000000e+02   1.0000000e+02   1.0000000e+02   0.0000000e+00   1.0000000e+02   1.0000000e+02   1.0000000e+02   1.0000000e+02   1.0000000e+02   2.0000000e+02   1.0000000e+02   1.0000000e+02   1.0000000e+02   1.0000000e+02   0.0000000e+00   1.0000000e+02   1.0000000e+02   1.0000000e+02   1.0000000e+02   0.0000000e+00   1.0000000e+02   1.0000000e+02   0.0000000e+00   1.0000000e+02   1.0000000e+02   0.0000000e+00   1.0000000e+02
   1.0000000e+02   1.0000000e+02   1.0000000e+02   1.0000000e+02   1.0000000e+02   1.0000000e+02   0.0000000e+00   1.0000000e+02   1.0000000e+02   1.0000000e+02   1.0000000e+02   1.0000000e+02   2.0000000e+02   1.0000000e+02   1.0000000e+02   1.0000000e+02   1.0000000e+02   0.0000000e+00   1.0000000e+02   1.0000000e+02   1.0000000e+02   1.0000000e+02   0.0000000e+00   1.0000000e+02   1.0000000e+02   0.0000000e+00   1.0000000e+02   1.0000000e+02   0.0000000e+00   1.0000000e+02
