   2.2401998e+03   2.3213308e+03   2.6202436e+03   2.1356237e+03   2.0818725e+03   2.3793446e+03   2.3811515e+03   2.4347413e+03   2.6465081e+03   2.5231546e+03   2.2834321e+03   2.1553930e+03   2.3931712e+03   2.5021596e+03   2.2730715e+03   2.0995758e+03   1.9080800e+03   2.2691460e+03   2.5313738e+03   2.6713908e+03   2.4146943e+03   2.2202217e+03   2.0827509e+03   2.5710780e+03   2.5777615e+03   2.5901455e+03   2.4757361e+03   2.6865394e+03   2.4745237e+03   2.0501202e+03
   2.2401998e+03   2.3213308e+03   2.6202436e+03   2.1356237e+03   2.0818725e+03   2.3793446e+03   2.3811515e+03   2.3121514e+03   2.6465081e+03   2.5231546e+03   2.2834321e+03   2.1553930e+03   2.3931712e+03   2.5021596e+03   2.2730715e+03   2.0995758e+03   1.9080800e+03   2.2691460e+03   2.5313738e+03   2.6713908e+03   2.4146943e+03   2.2202217e+03   2.0827509e+03   2.5710780e+03   2.5777615e+03   2.5901455e+03   2.4757361e+03   2.6865394e+03   2.4745237e+03   2.0501202e+03
   2.2401998e+03   2.3213308e+03   2.6202436e+03   2.1356237e+03   2.0818725e+03   2.3793446e+03   2.3811515e+03   2.3121514e+03   2.6465081e+03   2.5231546e+03   2.2834321e+03   2.1553930e+03   2.3931712e+03   2.5021596e+03   2.2730715e+03   2.0995758e+03   1.9080800e+03   2.2691460e+03   2.5313738e+03   2.6713908e+03   2.4146943e+03   2.2202217e+03   2.0827509e+03   2.5710780e+03   2.5777615e+03   2.5901455e+03   2.4757361e+03   2.6865394e+03   2.4745237e+03   2.0501202e+03
   2.2401998e+03   2.3213308e+03   2.6202436e+03   2.1356237e+03   2.0818725e+03   2.3793446e+03   2.3811515e+03   2.3121514e+03   2.6465081e+03   2.5231546e+03   2.2834321e+03   2.1553930e+03   2.3931712e+03   2.5021596e+03   2.2730715e+03   2.0995758e+03   1.9080800e+03   2.2691460e+03   2.5313738e+03   2.6713908e+03   2.4146943e+03   2.2202217e+03   2.0827509e+03   2.5710780e+03   2.5777615e+03   2.5901455e+03   2.4757361e+03   2.6865394e+03   2.4745237e+03   2.0501202e+03
   2.2401998e+03   2.3213308e+03   2.6202436e+03   2.1356237e+03   2.0818725e+03   2.3793446e+03   2.3811515e+03   2.3121514e+03   2.6465081e+03   2.5231546e+03   2.2834321e+03   2.1553930e+03   2.3931712e+03   2.5021596e+03   2.2730715e+03   2.0995758e+03   1.9080800e+03   2.2691460e+03   2.5313738e+03   2.6713908e+03   2.4146943e+03   2.2202217e+03   2.0827509e+03   2.5710780e+03   2.5777615e+03   2.5901455e+03   2.4757361e+03   2.6865394e+03   2.4745237e+03   2.0501202e+03
   2.2401998e+03   2.3213308e+03   2.6202436e+03   2.1356237e+03   2.0818725e+03   2.3793446e+03   2.3811515e+03   2.3121514e+03   2.6465081e+03   2.5231546e+03   2.2834321e+03   2.1553930e+03   2.3931712e+03   2.5021596e+03   2.2730715e+03   2.0995758e+03   1.9080800e+03   2.2691460e+03   2.5313738e+03   2.6713908e+03   2.4146943e+03   2.2202217e+03   2.0827509e+03   2.5710780e+03   2.5777615e+03   2.5901455e+03   2.4174519e+03   2.6865394e+03   2.4745237e+03   2.0501202e+03
   2.2401998e+03   2.3213308e+03   2.6202436e+03   2.1356237e+03   2.0818725e+03   2.3793446e+03   2.3811515e+03   2.3121514e+03   2.6465081e+03   2.5231546e+03   2.2834321e+03   2.1553930e+03   2.3931712e+03   2.5021596e+03   2.2730715e+03   2.0995758e+03   1.9080800e+03   2.2691460e+03   2.5313738e+03   2.6713908e+03   2.4146943e+03   2.2202217e+03   2.0827509e+03   2.5710780e+03   2.5777615e+03   2.5901455e+03   2.4174519e+03   2.6865394e+03   2.4745237e+03   2.0501202e+03
   2.2401998e+03   2.3213308e+03   2.6202436e+03   2.1356237e+03   2.0818725e+03   2.3793446e+03   2.3811515e+03   2.3121514e+03   2.6465081e+03   2.5231546e+03   2.2834321e+03   2.1553930e+03   2.3931712e+03   2.5021596e+03   2.2730715e+03   2.0995758e+03   1.9080800e+03   2.2691460e+03   2.5313738e+03   2.6713908e+03   2.4146943e+03   2.2202217e+03   2.0827509e+03   2.5710780e+03   2.1779771e+03   2.5901455e+03   2.4174519e+03   2.4456242e+03   2.4745237e+03   2.0501202e+03
   2.2401998e+03   2.3213308e+03   2.6202436e+03   2.1356237e+03   2.0818725e+03   2.3793446e+03   2.3811515e+03   2.3121514e+03   2.6465081e+03   2.4135163e+03   2.0707969e+03   2.1553930e+03   2.3931712e+03   2.3229023e+03   2.2730715e+03   2.0995758e+03   1.9080800e+03   2.2691460e+03   2.5313738e+03   1.6530310e+03   2.3259387e+03   1.9745212e+03   2.0372816e+03   2.5710780e+03   2.1779771e+03   2.5901455e+03   1.8524371e+03   2.4456242e+03   1.5212135e+03   2.0501202e+03
   2.2401998e+03   2.3213308e+03   2.4684104e+03   2.1189939e+03   2.0818725e+03   2.2253821e+03   2.3626992e+03   2.3121514e+03   1.6667512e+03   2.1166007e+03   2.0707969e+03   2.1510449e+03   2.3304453e+03   2.1099301e+03   2.2730715e+03   1.8955336e+03   1.9080800e+03   2.2691460e+03   2.2131757e+03   1.6530310e+03   2.3259387e+03   1.9745212e+03   2.0372816e+03   2.5710780e+03   2.1779771e+03   2.5901455e+03   1.8524371e+03   2.3712187e+03   1.5212135e+03   2.0501202e+03
   2.1449944e+03   1.7120345e+03   2.0357702e+03   1.5964535e+03   2.0818725e+03   1.7112445e+03   2.1393144e+03   1.4710913e+03   1.6514759e+03   2.0673327e+03   2.0707969e+03   1.9827511e+03   1.7143639e+03   2.1099301e+03   2.1485044e+03   1.5842275e+03   1.8484665e+03   2.2482917e+03   2.0601867e+03   1.6530310e+03   1.8901396e+03   1.8727076e+03   1.8254730e+03   2.2683761e+03   2.0333662e+03   1.5746000e+03   1.7933480e+03   6.2968015e+02   1.5212135e+03   2.0501202e+03
   6.7349728e+02   1.2017876e+03   7.4402132e+02   4.2370056e+02   1.3836331e+03   1.1789965e+03   1.5047470e+03   1.4710913e+03   1.4856127e+03   1.3622575e+03   1.5008672e+03   1.4880361e+03   1.3799505e+03   1.3863304e+03   7.9694737e+02   9.6103522e+02   1.2608647e+03   1.5899646e+03   5.7347715e+02   1.4869274e+03   1.1468114e+03   1.5208799e+03   1.3816273e+03   1.1918801e+03   1.5804314e+03   6.3134259e+02   1.5069698e+03   6.2968015e+02   1.4939451e+03   1.2207118e+03
   3.1260275e+02   4.2610052e+02   4.5541841e+02   3.9712387e+02   4.7945481e+02   5.7063886e+02   3.5040797e+02   6.9296801e+02   4.3013272e+02   5.6866906e+02   1.4011756e+02   6.4132599e+02   4.5116947e+02   3.9682436e+02   4.4150221e+02   2.6968495e+02   3.3496119e+02   5.3502269e+02   3.9917913e+02   4.3117643e+02   5.2873762e+02   1.3800875e+02   6.6210781e+02   6.1476769e+02   5.6941949e+02   5.7236672e+02   5.2267076e+02   3.9968944e+02   4.5749125e+02   4.8769238e+02
   1.0830169e+01   5.3802479e+00   2.4847249e+00   5.9554639e+00   1.1973527e+01   1.6861789e+01   1.0014401e+01   7.6006665e+00   4.3366278e+00   6.5497736e-01   4.0027510e+00   1.0838691e+01   8.1757937e+00   1.9134114e+01   2.3837034e+00   1.1625111e+01   1.4998637e+00   2.3656476e+01   1.4145205e+01   3.1629893e+00   2.5151214e+01   7.5043048e+00   1.4856023e+01   3.0727155e+01   1.0549235e+00   1.1652748e+00   4.6585254e+00   2.9265377e+00   4.7030003e-01   1.1076166e+01
   0.0000000e+00   0.0000000e+00   0.0000000e+00   0.0000000e+00   0.0000000e+00   0.0000000e+00   0.0000000e+00   0.0000000e+00   0.0000000e+00   0.0000000e+00   0.0000000e+00   0.0000000e+00   0.0000000e+00   0.0000000e+00   0.0000000e+00   0.0000000e+00   0.0000000e+00   0.0000000e+00   0.0000000e+00   0.0000000e+00   0.0000000e+00   0.0000000e+00   0.0000000e+00   0.0000000e+00   0.0000000e+00   0.0000000e+00   0.0000000e+00   0.0000000e+00   0.0000000e+00   0.0000000e+00
   0.0000000e+00   0.0000000e+00   0.0000000e+00   0.0000000e+00   0.0000000e+00   0.0000000e+00   0.0000000e+00   0.0000000e+00   0.0000000e+00   0.0000000e+00   0.0000000e+00   0.0000000e+00   0.0000000e+00   0.0000000e+00   0.0000000e+00   0.0000000e+00   0.0000000e+00   0.0000000e+00   0.0000000e+00   0.0000000e+00   0.0000000e+00   0.0000000e+00   0.0000000e+00   0.0000000e+00   0.0000000e+00   0.0000000e+00   0.0000000e+00   0.0000000e+00   0.0000000e+00   0.0000000e+00
