   1.6835601e+03   2.3738991e+03   2.0641715e+03   1.9788687e+03   2.1313192e+03   2.0446128e+03   2.2498235e+03   2.2733939e+03   1.9960237e+03   1.5403734e+03   1.9318370e+03   1.6606910e+03   1.9110495e+03   1.9605063e+03   1.5748703e+03   2.1818432e+03   1.5667061e+03   2.0411896e+03   2.1590334e+03   1.7844757e+03   1.8923203e+03   1.8311639e+03   1.9510360e+03   1.9767987e+03   1.8462879e+03   1.9605063e+03   1.6823508e+03   2.3377629e+03   1.8532365e+03   1.9882494e+03
   1.6835601e+03   2.3738991e+03   2.0641715e+03   1.9788687e+03   2.1313192e+03   2.0446128e+03   2.2498235e+03   2.2733939e+03   1.9960237e+03   1.5403734e+03   1.9318370e+03   1.6606910e+03   1.9110495e+03   1.9605063e+03   1.5748703e+03   2.1818432e+03   1.5667061e+03   2.0411896e+03   2.1590334e+03   1.7844757e+03   1.8923203e+03   1.8311639e+03   1.9510360e+03   1.9767987e+03   1.8462879e+03   1.9605063e+03   1.6823508e+03   2.3377629e+03   1.8532365e+03   1.9882494e+03
   1.6835601e+03   2.3738991e+03   2.0641715e+03   1.9788687e+03   2.1313192e+03   2.0446128e+03   2.2498235e+03   2.2733939e+03   1.9960237e+03   1.5403734e+03   1.9318370e+03   1.6606910e+03   1.9110495e+03   1.9605063e+03   1.5748703e+03   2.1818432e+03   1.5667061e+03   1.7862382e+03   2.1590334e+03   1.7844757e+03   1.8923203e+03   1.8311639e+03   1.9510360e+03   1.9767987e+03   1.8462879e+03   1.9605063e+03   1.6823508e+03   2.3377629e+03   1.8532365e+03   1.9882494e+03
   1.6835601e+03   2.3738991e+03   2.0641715e+03   1.9788687e+03   2.1313192e+03   2.0446128e+03   2.2498235e+03   2.2733939e+03   1.9960237e+03   1.5403734e+03   1.9318370e+03   1.6606910e+03   1.9110495e+03   1.9605063e+03   1.5748703e+03   2.1818432e+03   1.5667061e+03   1.7862382e+03   2.1590334e+03   1.7844757e+03   1.6426153e+03   1.8311639e+03   1.9510360e+03   1.9767987e+03   1.8462879e+03   1.9605063e+03   1.6823508e+03   2.3377629e+03   1.8532365e+03   1.9882494e+03
   1.6835601e+03   2.0012409e+03   2.0641715e+03   1.9788687e+03   2.1313192e+03   2.0446128e+03   2.2498235e+03   2.2733939e+03   1.9960237e+03   1.5403734e+03   1.9318370e+03   1.6606910e+03   1.9110495e+03   1.9605063e+03   1.5748703e+03   2.1818432e+03   1.5667061e+03   1.7862382e+03   2.1590334e+03   1.7844757e+03   1.6426153e+03   1.8311639e+03   1.9510360e+03   1.9767987e+03   1.8462879e+03   1.9605063e+03   1.6823508e+03   2.3377629e+03   1.8532365e+03   1.9882494e+03
   1.6835601e+03   2.0012409e+03   2.0641715e+03   1.9788687e+03   2.1313192e+03   2.0446128e+03   2.2498235e+03   2.2733939e+03   1.9960237e+03   1.5403734e+03   1.9318370e+03   1.6606910e+03   1.9110495e+03   1.9605063e+03   1.5748703e+03   2.1818432e+03   1.5667061e+03   1.7862382e+03   2.1590334e+03   1.7844757e+03   1.6426153e+03   1.8311639e+03   1.9510360e+03   1.9767987e+03   1.8462879e+03   1.9605063e+03   1.6823508e+03   2.3377629e+03   1.8532365e+03   1.9882494e+03
   1.6835601e+03   2.0012409e+03   2.0641715e+03   1.9788687e+03   2.1313192e+03   2.0446128e+03   2.2498235e+03   2.2733939e+03   1.9960237e+03   1.5403734e+03   1.9318370e+03   1.6606910e+03   1.9110495e+03   1.9605063e+03   1.5748703e+03   2.1818432e+03   1.5667061e+03   1.7862382e+03   2.1590334e+03   1.7844757e+03   1.6426153e+03   1.8311639e+03   1.9510360e+03   1.9767987e+03   1.8462879e+03   1.9605063e+03   1.6823508e+03   2.3377629e+03   1.8532365e+03   1.9882494e+03
   1.6835601e+03   2.0012409e+03   2.0641715e+03   1.9788687e+03   2.1313192e+03   2.0446128e+03   1.8947948e+03   2.2733939e+03   1.9960237e+03   1.5403734e+03   1.9318370e+03   1.6606910e+03   1.9110495e+03   1.9605063e+03   1.5748703e+03   2.1818432e+03   1.5667061e+03   1.7862382e+03   2.1590334e+03   1.7844757e+03   1.6426153e+03   1.8311639e+03   1.9510360e+03   1.9767987e+03   1.8462879e+03   1.9605063e+03   1.6823508e+03   2.3377629e+03   1.8532365e+03   1.9882494e+03
   1.6835601e+03   2.0012409e+03   1.5085441e+03   1.4326183e+03   1.5254370e+03   1.9128106e+03   1.8947948e+03   2.2733939e+03   1.9960237e+03   1.5403734e+03   1.9318370e+03   1.6606910e+03   1.9110495e+03   1.9605063e+03   1.5748703e+03   2.1818432e+03   1.5667061e+03   1.7862382e+03   2.1022779e+03   1.7844757e+03   1.6426153e+03   1.8311639e+03   1.9510360e+03   1.9767987e+03   1.8462879e+03   1.9605063e+03   1.6823508e+03   2.3377629e+03   1.8532365e+03   1.9882494e+03
   1.6835601e+03   1.4150432e+03   9.4121859e+02   1.2929861e+03   1.5254370e+03   1.5212277e+03   1.8947948e+03   1.9065299e+03   1.9201970e+03   1.5403734e+03   1.7984791e+03   1.5243708e+03   1.5310344e+03   1.6804160e+03   1.5748703e+03   1.5075633e+03   1.5667061e+03   1.7862382e+03   2.0811257e+03   1.7844757e+03   1.5952498e+03   1.2284502e+03   1.7215659e+03   1.8418768e+03   1.4452422e+03   1.6804160e+03   1.6823508e+03   2.1854473e+03   1.8532365e+03   1.7371816e+03
   1.3778372e+03   1.1302222e+03   9.4121859e+02   1.0762286e+03   1.2328802e+03   1.0396663e+03   9.1626334e+02   1.4256750e+03   1.2068856e+03   1.1826609e+03   1.1324309e+03   1.4523824e+03   1.3826093e+03   1.4064675e+03   1.0954428e+03   1.3878837e+03   9.0133094e+02   1.3666062e+03   1.1322837e+03   1.3476427e+03   1.2511788e+03   1.0858106e+03   1.1591986e+03   1.2600052e+03   1.0850013e+03   1.4064675e+03   1.5035310e+03   1.4537909e+03   1.1791159e+03   1.1845733e+03
   4.7774514e+02   7.4764993e+02   3.6207718e+02   3.0342920e+02   5.5913254e+02   1.0084974e+02   6.0915641e+02   1.9600404e+02   6.6475681e+02   2.4690054e+02   4.5306680e+02   4.4806790e+02   5.7264436e+02   5.5711008e+02   6.7751461e+02   8.0440253e+02   7.1909534e+02   8.2777877e+02   6.4323081e+02   7.5735436e+02   5.6244624e+02   6.8021829e+02   3.7713686e+02   4.5624756e+02   3.5861338e+02   5.5711008e+02   7.5366786e+02   4.4887961e+02   6.9242269e+02   4.3500522e+02
   1.8849037e+02   1.9847969e+02   1.6938932e+02   1.5941838e+02   3.5110452e+01   8.8260192e+01   6.9176293e+01   8.3474733e+01   8.9523385e+01   1.5339933e+02   1.6947409e+02   4.2983383e+01   1.3060824e+02   9.4931671e+01   9.8430158e+01   1.1694543e+02   1.9019819e+02   7.6163160e+01   5.6433408e+01   8.0781757e+01   1.4973154e+02   2.0311557e+02   1.5476877e+02   1.8384418e+02   7.0731650e+01   9.4931671e+01   6.9710092e+01   1.5352888e+02   2.0575416e+02   6.1891682e+01
   9.1274838e+00   5.9685011e+00   8.1952049e+00   6.4742529e+00   7.0154476e+00   5.4977212e+00   7.6142623e+00   6.0468203e+00   6.7825421e+00   4.8257104e+00   8.7150218e+00   8.3517857e+00   5.6938693e+00   2.7366343e+00   8.4680135e+00   4.9610578e+00   7.4882896e+00   6.4294934e+00   7.0985100e+00   8.3483118e+00   8.3727596e+00   8.0641332e+00   7.9679246e+00   6.0318045e+00   5.8663316e+00   2.7366343e+00   6.6104787e+00   8.6537177e+00   8.3056170e+00   9.7093074e+00
   2.6972793e+00   1.6587161e+00   3.1919781e+00   2.7240672e+00   3.2453119e+00   2.3390140e+00   2.8780711e+00   2.2762864e+00   2.0717030e+00   2.9238097e+00   2.7864063e+00   2.3794038e+00   2.4458535e+00   1.8191197e+00   1.4401894e+00   1.6561239e+00   2.5243745e+00   2.7212025e+00   8.7690066e-01   2.0359527e+00   2.6999931e+00   2.3608097e+00   1.0684676e+00   2.5260895e+00   2.3606692e+00   1.8191197e+00   1.4594185e+00   6.6271094e-01   3.1348853e+00   3.0366103e+00
   6.5260692e-02   1.1412073e-02   5.9068959e-02   4.6083533e-02   4.0774126e-02   1.3954472e-02   2.8551844e-02   3.2740018e-02   3.9764545e-02   6.3690158e-02   4.5178444e-02   6.6626125e-02   2.4066917e-02   1.5975170e-02   9.2769235e-03   3.5630159e-03   2.3503235e-02   5.3371322e-02   5.7290623e-02   1.4563270e-02   8.6548755e-03   2.7145657e-02   5.2895299e-02   1.4254588e-02   7.0048224e-02   1.5975170e-02   4.9969041e-02   4.1302712e-02   5.3367131e-02   2.7489726e-02
