   1.6365243e+07   1.7779836e+07   1.7265177e+07   2.2288353e+07   2.4820930e+07   5.7539953e+06   3.4010184e+07   5.0167009e+06   2.4925189e+06   5.1942029e+06   8.6862059e+06   1.7454678e+07   1.1899721e+07   6.7976660e+06   1.8706954e+06   9.7882015e+06   1.4596937e+07   2.3665028e+07   2.8676881e+07   3.2307547e+07   2.0721182e+07   1.1811335e+07   3.7609874e+07   2.6849389e+07   1.7365024e+07   9.3281911e+06   1.2891365e+07   3.2872128e+07   9.9865089e+06   1.4748437e+07
   1.6365243e+07   1.7779836e+07   1.7265177e+07   2.2288353e+07   2.4820930e+07   5.7539953e+06   3.4010184e+07   5.0167009e+06   2.4925189e+06   5.1942029e+06   8.6862059e+06   1.7454678e+07   1.1899721e+07   6.7976660e+06   1.8706954e+06   9.7882015e+06   1.4596937e+07   2.3665028e+07   2.8676881e+07   3.2307547e+07   2.0721182e+07   1.1811335e+07   3.7609874e+07   2.6849389e+07   1.7365024e+07   9.3281911e+06   1.2891365e+07   3.2872128e+07   9.9865089e+06   1.4748437e+07
   1.6365243e+07   1.7779836e+07   1.7265177e+07   2.2288353e+07   2.4820930e+07   5.7539953e+06   3.4010184e+07   5.0167009e+06   2.4925189e+06   5.1942029e+06   8.6862059e+06   1.7454678e+07   1.1899721e+07   6.7976660e+06   1.8706954e+06   9.7882015e+06   1.4596937e+07   2.3665028e+07   2.8676881e+07   3.2307547e+07   2.0721182e+07   1.1811335e+07   3.7609874e+07   2.6849389e+07   1.7365024e+07   9.3281911e+06   1.2891365e+07   3.2872128e+07   9.9865089e+06   1.4748437e+07
   1.6365243e+07   1.7779836e+07   1.7265177e+07   2.2288353e+07   2.4820930e+07   5.7539953e+06   3.4010184e+07   5.0167009e+06   2.4925189e+06   5.1942029e+06   8.6862059e+06   1.7454678e+07   1.1899721e+07   6.7976660e+06   1.8706954e+06   9.7882015e+06   1.4596937e+07   2.3665028e+07   2.8676881e+07   3.2307547e+07   2.0721182e+07   1.1811335e+07   3.7609874e+07   2.6849389e+07   1.7365024e+07   9.3281911e+06   1.2891365e+07   3.2872128e+07   9.9865089e+06   1.4748437e+07
   1.6365243e+07   1.7779836e+07   1.7265177e+07   2.2288353e+07   2.4820930e+07   5.7539953e+06   3.4010184e+07   5.0167009e+06   2.4925189e+06   5.1942029e+06   8.6862059e+06   1.7454678e+07   1.1899721e+07   6.7976660e+06   1.8706954e+06   9.7882015e+06   1.4596937e+07   2.3665028e+07   2.8676881e+07   3.2307547e+07   2.0721182e+07   1.1811335e+07   3.7609874e+07   2.6849389e+07   1.7365024e+07   9.3281911e+06   1.2891365e+07   3.2872128e+07   9.9865089e+06   1.4748437e+07
   1.6365243e+07   1.7779836e+07   1.7265177e+07   2.2288353e+07   2.4820930e+07   5.7539953e+06   3.4010184e+07   5.0167009e+06   2.4925189e+06   5.1942029e+06   8.6862059e+06   1.7454678e+07   1.1899721e+07   6.7976660e+06   1.8706954e+06   9.7882015e+06   1.4596937e+07   2.3665028e+07   2.8676881e+07   3.2307547e+07   2.0721182e+07   1.1811335e+07   3.7609874e+07   2.6849389e+07   1.7365024e+07   9.3281911e+06   1.2891365e+07   3.2872128e+07   9.9865089e+06   1.4748437e+07
   1.6365243e+07   1.7779836e+07   1.7265177e+07   2.2288353e+07   2.4820930e+07   5.7539953e+06   3.4010184e+07   5.0167009e+06   2.4925189e+06   5.1942029e+06   8.6862059e+06   1.7454678e+07   1.1899721e+07   6.7976660e+06   1.8706954e+06   9.7882015e+06   1.4596937e+07   2.3665028e+07   2.8676881e+07   3.2307547e+07   2.0721182e+07   1.1811335e+07   3.7609874e+07   2.6849389e+07   1.7365024e+07   9.3281911e+06   1.2891365e+07   3.2872128e+07   9.9865089e+06   1.4748437e+07
   1.6365243e+07   1.7779836e+07   1.7265177e+07   2.2288353e+07   2.4820930e+07   5.7539953e+06   3.4010184e+07   5.0167009e+06   2.4925189e+06   5.1942029e+06   8.6862059e+06   1.7454678e+07   1.1899721e+07   6.7976660e+06   1.8706954e+06   9.7882015e+06   1.4596937e+07   2.3665028e+07   2.8676881e+07   3.2307547e+07   2.0721182e+07   1.1811335e+07   3.7609874e+07   2.6849389e+07   1.7365024e+07   9.3281911e+06   1.2891365e+07   3.2872128e+07   9.9865089e+06   1.4748437e+07
   1.6365243e+07   1.7779836e+07   2.1110351e+06   2.2288353e+07   2.4408609e+06   5.7539953e+06   3.4010184e+07   5.0167009e+06   2.4925189e+06   5.1942029e+06   8.6862059e+06   1.7454678e+07   1.1899721e+07   6.7976660e+06   1.8706954e+06   6.5748655e+06   1.4596937e+07   1.5301297e+07   4.1141113e+06   3.2307547e+07   2.0721182e+07   1.1811335e+07   6.0220310e+06   2.6849389e+07   1.7365024e+07   9.3281911e+06   4.9286227e+06   2.7789412e+06   9.9865089e+06   1.4748437e+07
   4.0103849e+05   1.6193171e+06   1.2370428e+05   2.2288353e+07   9.0500478e+04   1.1903729e+05   3.4010184e+07   4.7546386e+04   8.1005226e+05   1.0936004e+06   8.6862059e+06   1.5580399e+05   1.6132130e+06   1.0086375e+06   1.2561939e+06   1.0087588e+06   1.7875744e+06   1.2958095e+06   4.1126619e+06   2.5545384e+05   3.2303270e+04   1.0399444e+06   2.3320392e+06   3.8919947e+05   9.9028326e+05   1.0695584e+06   4.9286227e+06   1.0085640e+06   6.2243968e+05   1.4748437e+07
   1.1430553e+04   4.1394939e+03   3.2490803e+03   1.0287295e+05   8.6351976e+03   5.9601021e+04   1.1974174e+04   6.3626025e+03   7.1473143e+03   1.1231377e+04   4.0946525e+03   1.5725580e+04   3.8703171e+03   3.9582471e+03   3.2956879e+03   5.7181801e+03   1.0748801e+04   4.8942344e+03   6.8136657e+04   6.5218279e+03   3.0908706e+03   3.0718068e+03   3.2493566e+03   4.1644583e+03   4.9303122e+03   9.1814967e+04   3.2371404e+03   7.2544856e+03   9.7317291e+03   8.4927082e+03
   1.1613168e+03   7.7576120e+02   6.6731352e+02   6.8763656e+02   1.0470705e+03   8.8897280e+02   1.0823920e+03   7.4827768e+02   1.0623346e+03   5.1337815e+02   9.0134328e+02   1.0263814e+03   1.0202165e+03   3.5532879e+02   6.3097717e+02   9.5585319e+02   7.8863082e+02   1.0403241e+03   1.0687595e+03   8.7490266e+02   4.9845431e+02   9.0195462e+02   7.7570810e+02   4.4899942e+02   7.4978794e+02   7.5657121e+02   8.0861620e+02   1.0087816e+03   8.0593097e+02   1.0721921e+03
   6.8093138e+01   4.9243802e+01   1.1472915e+02   1.2142531e+02   7.7310539e+01   1.1193428e+01   9.5398304e+01   9.3902975e+01   8.4150115e+01   3.3990228e+01   5.0976706e+01   1.1338443e+02   3.0777737e+01   5.8812418e+01   2.8326500e+01   2.6569637e+01   8.7167559e+01   8.2578358e+00   7.3735329e+01   5.3914720e+01   7.8353713e+01   1.3238324e+02   1.2760518e+02   9.0199929e+01   7.3068452e+01   1.6465406e+01   4.3854416e+01   5.6297973e+01   6.5029402e+01   6.4110106e+01
   3.3629998e+00   3.6390347e+00   3.4555653e+00   2.1989218e+00   2.8563182e+00   3.3864867e+00   2.1878475e+00   2.5109423e+00   3.0014559e+00   2.9468811e+00   3.4381000e+00   3.3705043e+00   3.8013895e+00   2.4036865e+00   1.8112565e+00   2.5094760e+00   2.7208514e+00   1.5967152e+00   1.4386492e+00   1.4274973e+00   1.6854953e+00   3.1411581e+00   3.5366002e+00   2.2507641e+00   1.7027939e+00   2.0553981e+00   2.3413663e+00   1.6127344e+00   2.4494360e+00   2.9299940e+00
   7.0358692e-01   5.2324410e-01   5.0412541e-01   5.4142477e-01   3.2282732e-01   6.9395035e-01   8.7839457e-01   8.0329133e-01   7.1979561e-01   6.7791958e-01   7.6720979e-01   7.3220197e-01   8.5946117e-01   9.6037231e-01   5.9223159e-01   7.9692357e-01   8.6074300e-01   9.2599027e-01   7.0045751e-01   9.1750229e-01   1.1805638e+00   9.0843272e-01   5.9611941e-01   8.6375912e-01   7.9271620e-01   7.8931248e-01   8.7726350e-01   6.6158852e-01   8.1519547e-01   9.7431455e-01
   2.1109831e-03   6.3692491e-03   4.6997571e-03   6.6019497e-03   3.4329662e-02   5.9712485e-04   1.6365601e-02   2.8688696e-03   2.4640350e-02   2.3889001e-02   2.2619337e-02   2.4185989e-02   3.0152442e-02   1.1346100e-02   2.2600822e-02   1.3825600e-02   2.8476943e-02   7.4029160e-03   1.5023856e-02   2.0492618e-02   3.7346890e-03   1.1024429e-02   2.1719422e-02   7.3147795e-03   2.8853078e-02   6.7492634e-03   2.6841366e-02   2.2204066e-03   1.7798301e-02   3.4049842e-02
