   2.3607264e+03   2.4565081e+03   2.2435214e+03   1.8116622e+03   2.3831681e+03   1.9983220e+03   2.0991521e+03   2.4598752e+03   1.8946626e+03   2.3192579e+03   2.4735184e+03   2.0723810e+03   2.1096642e+03   2.2808146e+03   2.1907463e+03   2.1897791e+03   2.2489898e+03   1.9952144e+03   2.0503218e+03   2.5369090e+03   2.0705846e+03   2.3222353e+03   2.2505836e+03   2.0207867e+03   1.9785486e+03   2.2740391e+03   2.1837724e+03   2.0095955e+03   1.9938681e+03   2.2913500e+03
   2.3607264e+03   2.4565081e+03   2.2435214e+03   1.8116622e+03   2.3831681e+03   1.9983220e+03   2.0991521e+03   2.4272418e+03   1.8946626e+03   2.3192579e+03   2.4735184e+03   2.0723810e+03   2.1096642e+03   2.2808146e+03   2.1907463e+03   2.1897791e+03   2.2489898e+03   1.9952144e+03   2.0503218e+03   2.5369090e+03   2.0705846e+03   1.8705176e+03   2.1201269e+03   2.0207867e+03   1.9785486e+03   2.2740391e+03   2.1837724e+03   2.0095955e+03   1.9938681e+03   2.2913500e+03
   2.3607264e+03   2.4565081e+03   2.2435214e+03   1.8116622e+03   2.3831681e+03   1.9983220e+03   2.0991521e+03   2.4272418e+03   1.8946626e+03   2.3192579e+03   2.4735184e+03   2.0723810e+03   2.1096642e+03   2.2808146e+03   2.1907463e+03   2.1897791e+03   2.2489898e+03   1.9952144e+03   2.0503218e+03   2.5369090e+03   2.0705846e+03   1.8705176e+03   1.3934144e+03   2.0207867e+03   1.9785486e+03   2.2740391e+03   2.1837724e+03   2.0095955e+03   1.9938681e+03   2.2913500e+03
   2.3607264e+03   2.4565081e+03   2.2435214e+03   1.8116622e+03   2.3831681e+03   1.9983220e+03   2.0991521e+03   2.4272418e+03   1.8946626e+03   2.3192579e+03   2.4735184e+03   2.0723810e+03   2.1096642e+03   2.2808146e+03   2.1907463e+03   2.1897791e+03   2.2489898e+03   1.9952144e+03   2.0503218e+03   2.5369090e+03   2.0705846e+03   1.8705176e+03   1.3934144e+03   2.0207867e+03   1.9785486e+03   2.2740391e+03   2.1837724e+03   2.0095955e+03   1.9938681e+03   2.2913500e+03
   2.3607264e+03   2.4565081e+03   2.2435214e+03   1.8116622e+03   2.3831681e+03   1.9983220e+03   2.0991521e+03   2.4272418e+03   1.8946626e+03   2.3192579e+03   2.4735184e+03   2.0723810e+03   2.1096642e+03   2.2808146e+03   2.1907463e+03   2.1897791e+03   2.2489898e+03   1.9952144e+03   2.0503218e+03   2.5369090e+03   2.0705846e+03   1.8705176e+03   1.3934144e+03   2.0207867e+03   1.9785486e+03   2.2740391e+03   2.1837724e+03   2.0095955e+03   1.9938681e+03   2.2913500e+03
   2.3607264e+03   2.4565081e+03   2.2435214e+03   1.8116622e+03   2.3831681e+03   1.9983220e+03   2.0991521e+03   2.4272418e+03   1.8946626e+03   2.3192579e+03   2.4735184e+03   2.0723810e+03   2.1096642e+03   2.2808146e+03   2.1907463e+03   2.1897791e+03   2.2489898e+03   1.9952144e+03   2.0503218e+03   2.5369090e+03   2.0705846e+03   1.8705176e+03   1.3934144e+03   2.0207867e+03   1.9785486e+03   2.2740391e+03   2.1837724e+03   2.0095955e+03   1.9938681e+03   2.2913500e+03
   2.3607264e+03   2.4565081e+03   2.2435214e+03   1.8116622e+03   2.3831681e+03   1.9983220e+03   2.0991521e+03   2.4272418e+03   1.8946626e+03   2.3192579e+03   2.4735184e+03   2.0723810e+03   2.1096642e+03   2.2808146e+03   2.1907463e+03   2.1897791e+03   2.2489898e+03   1.9952144e+03   2.0503218e+03   2.5369090e+03   2.0705846e+03   1.8705176e+03   1.3934144e+03   2.0207867e+03   1.9785486e+03   2.2740391e+03   2.1837724e+03   2.0095955e+03   1.9938681e+03   2.2913500e+03
   2.3607264e+03   2.4565081e+03   2.2435214e+03   1.8116622e+03   2.3831681e+03   1.9983220e+03   2.0991521e+03   2.4272418e+03   1.8946626e+03   2.3192579e+03   2.4735184e+03   2.0723810e+03   2.1096642e+03   2.2808146e+03   2.1907463e+03   2.1897791e+03   2.2489898e+03   1.9952144e+03   2.0503218e+03   2.5369090e+03   2.0705846e+03   1.8705176e+03   1.3934144e+03   2.0207867e+03   1.9785486e+03   2.2740391e+03   2.1837724e+03   2.0095955e+03   1.9938681e+03   2.2913500e+03
   2.3607264e+03   2.4565081e+03   2.2435214e+03   1.8116622e+03   2.3831681e+03   1.9983220e+03   2.0991521e+03   2.4272418e+03   1.8946626e+03   2.3192579e+03   2.0770487e+03   2.0723810e+03   2.1096642e+03   1.4929639e+03   2.1907463e+03   2.1897791e+03   2.2489898e+03   1.9952144e+03   2.0503218e+03   2.2889344e+03   2.0705846e+03   1.8705176e+03   1.3934144e+03   2.0207867e+03   1.9785486e+03   2.2740391e+03   2.1837724e+03   2.0095955e+03   1.9938681e+03   2.2913500e+03
   2.3607264e+03   2.4176673e+03   2.2435214e+03   1.8116622e+03   2.3831681e+03   1.9983220e+03   2.0991521e+03   1.6320734e+03   1.8946626e+03   2.3192579e+03   1.9686676e+03   1.9127976e+03   2.1096642e+03   1.4929639e+03   2.1907463e+03   2.1897791e+03   2.0065161e+03   1.7966785e+03   2.0503218e+03   2.2889344e+03   1.7028847e+03   1.8705176e+03   1.3934144e+03   2.0207867e+03   1.9785486e+03   2.2740391e+03   2.1596825e+03   2.0095955e+03   1.9938681e+03   2.2255448e+03
   2.1558989e+03   2.1378944e+03   2.2435214e+03   1.8116622e+03   2.0932962e+03   1.9983220e+03   2.0991521e+03   1.2482115e+03   1.8300804e+03   1.9685261e+03   1.8480480e+03   1.8101199e+03   2.1096642e+03   1.4929639e+03   2.1907463e+03   1.5824457e+03   1.8694923e+03   1.7966785e+03   2.0503218e+03   1.9419355e+03   1.7028847e+03   1.5014469e+03   1.3934144e+03   2.0207867e+03   1.9785486e+03   2.1650052e+03   1.8227214e+03   2.0095955e+03   1.9938681e+03   2.2255448e+03
   1.9646913e+03   1.8400269e+03   1.9467865e+03   1.8116622e+03   2.0270956e+03   1.6358646e+03   1.9015243e+03   1.2482115e+03   1.8300804e+03   1.9685261e+03   1.8480480e+03   1.2167137e+03   1.9938914e+03   1.4929639e+03   1.9280937e+03   1.2907562e+03   1.8694923e+03   1.7966785e+03   1.8663999e+03   1.8884642e+03   1.3962541e+03   1.5014469e+03   1.3934144e+03   9.2304897e+02   1.9653810e+03   1.9924633e+03   1.8227214e+03   1.9029456e+03   1.7784219e+03   1.7620810e+03
   1.5202813e+03   1.5051280e+03   1.4791982e+03   1.2425135e+03   1.5209378e+03   1.5646117e+03   1.0667802e+03   1.2482115e+03   1.3915630e+03   1.4190877e+03   1.7081526e+03   1.2167137e+03   1.5102586e+03   1.4877682e+03   1.2461459e+03   1.2907562e+03   1.4927982e+03   1.4045936e+03   1.0837360e+03   1.3079863e+03   3.7024473e+02   1.1213959e+03   1.3934144e+03   7.5134720e+02   1.4016171e+03   1.5571484e+03   1.3006668e+03   1.4511492e+03   1.5533450e+03   8.5264881e+02
   7.6140124e+02   6.4828545e+02   3.8233873e+02   1.4685815e+02   7.4443956e+02   9.7054335e+02   8.1290397e+02   2.9247505e+02   5.1030071e+02   9.2067557e+02   5.4941888e+02   5.1474220e+02   7.7620940e+02   6.6889191e+02   9.9033476e+01   7.2611871e+02   3.0261551e+02   3.4808199e+02   3.9184325e+02   2.4065670e+02   5.5733578e+01   4.2727281e+01   4.7477153e+02   2.2949667e+02   5.4313892e+02   8.9941949e+02   4.9828260e+02   4.9052110e+02   4.8047640e+02   6.3189142e+02
   0.0000000e+00   3.2170943e+01   0.0000000e+00   3.1853688e-08   3.2330221e+01   6.0786078e-08   8.1224776e+01   0.0000000e+00   2.8553542e+00   4.0393495e+01   1.8691046e-03   3.5952659e+01   0.0000000e+00   3.2204528e+01   7.6349276e+01   0.0000000e+00   0.0000000e+00   0.0000000e+00   0.0000000e+00   0.0000000e+00   0.0000000e+00   0.0000000e+00   0.0000000e+00   7.0018147e+01   0.0000000e+00   7.0293660e+01   0.0000000e+00   1.7763034e-05   7.3489484e-04   4.8196607e+01
   0.0000000e+00   3.2170638e+01   0.0000000e+00   0.0000000e+00   0.0000000e+00   0.0000000e+00   0.0000000e+00   0.0000000e+00   0.0000000e+00   4.0393495e+01   0.0000000e+00   3.5952659e+01   0.0000000e+00   0.0000000e+00   0.0000000e+00   0.0000000e+00   0.0000000e+00   0.0000000e+00   0.0000000e+00   0.0000000e+00   0.0000000e+00   0.0000000e+00   0.0000000e+00   0.0000000e+00   0.0000000e+00   0.0000000e+00   0.0000000e+00   0.0000000e+00   0.0000000e+00   0.0000000e+00
