   9.2202152e+06   4.4039764e+06   2.2889206e+06   6.2150904e+05   7.1497533e+06   6.0839685e+06   2.3381552e+06   1.5205253e+07   7.7484302e+06   7.5018842e+06   2.2786506e+06   8.8723855e+06   1.1323904e+06   1.5612508e+07   8.2240242e+05   1.4452981e+07   3.6958509e+06   4.7566184e+06   1.0474111e+07   2.7695130e+06   9.8184516e+06   3.2731170e+06   1.4204103e+06   6.8763161e+05   5.3807903e+06   1.6839303e+06   2.6381423e+06   6.9770725e+06   1.0679259e+07   1.0267403e+07
   9.2202152e+06   4.4039764e+06   2.2889206e+06   6.2150904e+05   7.1497533e+06   6.0839685e+06   2.3381552e+06   1.5205253e+07   7.7484302e+06   7.5018842e+06   2.2786506e+06   8.8723855e+06   1.1323904e+06   1.5612508e+07   8.2240242e+05   1.4452981e+07   3.6958509e+06   4.7566184e+06   1.0474111e+07   2.7695130e+06   3.1423765e+06   3.2731170e+06   1.4204103e+06   6.8763161e+05   5.3807903e+06   1.6839303e+06   2.6381423e+06   6.9770725e+06   1.0679259e+07   1.0267403e+07
   9.2202152e+06   4.4039764e+06   2.2889206e+06   6.2150904e+05   7.1497533e+06   6.0839685e+06   2.3381552e+06   1.5205253e+07   7.7484302e+06   7.5018842e+06   2.2786506e+06   8.8723855e+06   1.1323904e+06   1.5612508e+07   8.2240242e+05   1.4452981e+07   3.6958509e+06   4.7566184e+06   1.0474111e+07   2.7695130e+06   3.1423765e+06   3.2731170e+06   1.4204103e+06   6.8763161e+05   5.3807903e+06   1.6839303e+06   2.6381423e+06   6.9770725e+06   1.0679259e+07   1.0267403e+07
   9.2202152e+06   4.4039764e+06   2.2889206e+06   6.2150904e+05   7.1497533e+06   6.0839685e+06   2.3381552e+06   1.5205253e+07   7.7484302e+06   7.5018842e+06   2.2786506e+06   8.8723855e+06   1.1323904e+06   1.5612508e+07   8.2240242e+05   1.4452981e+07   3.6958509e+06   4.7566184e+06   1.0474111e+07   2.7695130e+06   3.1423765e+06   3.2731170e+06   1.4204103e+06   6.8763161e+05   5.3807903e+06   1.6839303e+06   2.6381423e+06   6.9770725e+06   1.0679259e+07   1.0267403e+07
   9.2202152e+06   4.4039764e+06   2.2889206e+06   6.2150904e+05   7.1497533e+06   6.0839685e+06   2.3381552e+06   1.5205253e+07   7.7484302e+06   7.5018842e+06   2.2786506e+06   8.8723855e+06   1.1323904e+06   1.5612508e+07   8.2240242e+05   1.4452981e+07   3.6958509e+06   4.7566184e+06   1.0474111e+07   2.7695130e+06   3.1423765e+06   3.2731170e+06   1.4204103e+06   6.8763161e+05   5.3807903e+06   1.6839303e+06   2.6381423e+06   6.9770725e+06   1.0679259e+07   1.0267403e+07
   9.2202152e+06   4.4039764e+06   2.2889206e+06   6.2150904e+05   7.1497533e+06   6.0839685e+06   2.3381552e+06   1.5205253e+07   7.7484302e+06   7.5018842e+06   2.2786506e+06   8.8723855e+06   1.1323904e+06   1.5612508e+07   8.2240242e+05   1.4452981e+07   3.6958509e+06   4.7566184e+06   1.0474111e+07   2.7695130e+06   3.1423765e+06   3.2731170e+06   1.4204103e+06   6.8763161e+05   5.3807903e+06   1.6839303e+06   2.6381423e+06   6.9770725e+06   1.0679259e+07   1.0267403e+07
   9.2202152e+06   4.4039764e+06   2.2889206e+06   6.2150904e+05   7.1497533e+06   6.0839685e+06   2.3381552e+06   1.1365561e+07   7.7484302e+06   7.5018842e+06   2.2786506e+06   8.8723855e+06   1.1323904e+06   1.5612508e+07   8.2240242e+05   1.4452981e+07   3.6950266e+06   4.7566184e+06   5.7275845e+06   2.7695130e+06   3.1423765e+06   3.2731170e+06   1.4204103e+06   6.8763161e+05   5.3807903e+06   1.6839303e+06   2.6381423e+06   6.9770725e+06   1.0679259e+07   1.0267403e+07
   9.2202152e+06   4.4039764e+06   2.2889206e+06   6.2150904e+05   7.1497533e+06   6.0839685e+06   2.3381552e+06   1.1365561e+07   7.7484302e+06   7.5018842e+06   2.2786506e+06   8.8723855e+06   1.1323904e+06   1.5612508e+07   8.2240242e+05   1.4452981e+07   3.6950266e+06   4.7566184e+06   5.7275845e+06   2.7695130e+06   3.1423765e+06   3.2731170e+06   1.4204103e+06   6.8763161e+05   5.3807903e+06   1.6839303e+06   2.6381423e+06   6.9770725e+06   4.1790286e+06   1.0267403e+07
   9.2202152e+06   4.4039764e+06   2.2889206e+06   6.2150904e+05   7.1497533e+06   6.0839685e+06   2.3381552e+06   1.1365561e+07   7.7484302e+06   7.5018842e+06   2.2786506e+06   8.8723855e+06   1.1323904e+06   1.5612508e+07   8.2240242e+05   1.4452981e+07   3.6950266e+06   4.7566184e+06   5.7275845e+06   2.7695130e+06   3.1423765e+06   3.2731170e+06   1.4204103e+06   6.8763161e+05   5.3807903e+06   1.6839303e+06   2.6381423e+06   6.9770725e+06   4.1790286e+06   6.1278877e+06
   9.2202152e+06   4.4039764e+06   2.2889206e+06   6.2150904e+05   7.1497533e+06   6.0839685e+06   2.3381552e+06   1.1365561e+07   7.7484302e+06   7.5018842e+06   2.2786506e+06   8.8723855e+06   1.1323904e+06   1.5612508e+07   8.2240242e+05   1.4452981e+07   1.2211062e+06   4.7566184e+06   5.7275845e+06   2.7695130e+06   3.1423765e+06   3.2731170e+06   1.4204103e+06   6.8763161e+05   5.3807903e+06   1.6839303e+06   2.6381423e+06   6.9770725e+06   4.1790286e+06   6.1278877e+06
   3.3425768e+06   2.6454856e+06   5.3932060e+05   5.7584736e+05   7.1497533e+06   2.1489334e+05   2.3381552e+06   1.1365561e+07   7.7484302e+06   1.2826415e+06   8.7047396e+05   8.8723855e+06   1.1323904e+06   5.5099440e+04   4.4183992e+05   2.4307608e+06   1.2211062e+06   4.7566184e+06   1.1313867e+06   2.7695130e+06   3.1423765e+06   3.2731170e+06   3.0613051e+04   6.3350143e+05   5.3807903e+06   2.9063175e+05   1.4882548e+06   6.9770725e+06   2.9972225e+05   6.1278877e+06
   1.1049904e+05   4.1147192e+04   5.3932060e+05   4.7465908e+04   2.6541266e+06   2.1489334e+05   1.1718931e+04   3.6950578e+06   3.4922523e+05   1.1665316e+06   1.2115528e+03   2.6773640e+06   6.9428347e+03   5.5099440e+04   4.4183992e+05   1.1886431e+06   1.2211062e+06   5.5019549e+04   4.0130288e+03   8.6222530e+04   1.1111092e+04   1.7001260e+04   3.0613051e+04   6.3350143e+05   6.7394835e+05   2.9063175e+05   1.4882548e+06   1.3520676e+04   2.9972225e+05   1.3839730e+06
   1.2555183e+03   1.0453144e+04   1.6532596e+03   6.1477619e+03   1.2548487e+03   1.7666307e+03   1.4128048e+03   5.9145909e+03   8.4195827e+02   1.0274572e+03   1.2115528e+03   1.2073268e+04   6.9428347e+03   1.6232409e+03   1.7952746e+03   1.7143824e+03   1.1730409e+03   2.8907906e+03   4.0130288e+03   1.6914169e+03   1.1111092e+04   3.5040307e+03   1.0387524e+03   2.8801271e+03   5.6640461e+03   9.9345736e+02   1.1298970e+05   1.3520676e+04   1.3111835e+03   1.6560776e+03
   4.0792344e+02   4.5664527e+02   8.2589472e+02   6.2110173e+02   7.2444958e+02   1.0466881e+03   6.4752655e+02   5.8177788e+02   8.4298415e+01   5.4110053e+02   2.2119899e+02   4.8390397e+02   3.1826548e+02   7.1985432e+02   4.3784837e+02   5.1826873e+02   6.0112506e+02   6.6544833e+02   6.2699254e+02   7.1811941e+02   8.7592461e+02   6.6603068e+02   7.8633707e+02   5.8053014e+02   8.6887197e+02   6.9204017e+02   9.1529271e+02   6.7643279e+02   4.6460620e+02   6.4539714e+02
   4.1206260e+01   4.0733990e+01   1.0786578e+02   2.6442917e+01   2.2568396e+01   2.4132139e+01   2.7140489e+01   2.5646131e+01   3.7183837e+01   4.1004571e+01   6.3134201e+00   8.3508067e+01   3.4409987e+01   2.2287078e+00   1.3582204e+01   6.0979273e+00   1.3352550e+02   2.6141535e+00   8.5113722e+01   8.5697030e+01   3.2879965e+02   8.8854359e+00   9.4287321e+01   1.2409694e+01   1.2218612e+02   6.7520755e+01   1.3416593e+02   7.2669515e+01   1.2032595e+00   7.2217793e+01
   4.1206237e+01   1.3162873e+01   1.7350847e+01   1.3579159e+01   2.2554053e+01   2.2554053e+01   1.4112450e+00   2.0814298e-01   2.1980611e+00   4.0998094e+01   4.1628597e-01   1.2031020e+00   2.1980611e+00   1.4112450e+00   1.3579159e+01   4.9747902e+00   2.1980611e+00   2.4062041e+00   4.0998094e+01   1.6355888e+01   2.1980611e+00   2.4062041e+00   5.0967947e+01   1.2376057e+01   1.1381098e+01   6.2442895e-01   2.1980611e+00   1.4574118e+01   1.2031020e+00   2.1980611e+00
