   4.5853268e+07   3.2487344e+07   4.3232723e+07   3.5686614e+07   3.2003539e+07   5.9549476e+07   3.3418547e+07   2.7868299e+07   8.2170753e+07   8.1687812e+07   7.1956708e+07   3.9783564e+07   3.0524850e+07   3.5115182e+07   5.0796141e+07   9.2907370e+07   5.7767712e+07   4.7640387e+07   2.8922459e+07   5.6137720e+07   6.4911964e+07   6.0099271e+07   3.4495323e+07   6.7252278e+07   5.6137720e+07   3.5403298e+07   2.8465357e+07   5.1565032e+07   1.7062027e+07   1.1163707e+06
   4.5853268e+07   3.2487344e+07   4.3232723e+07   3.5686614e+07   3.2003539e+07   5.9549476e+07   3.3418547e+07   2.7868299e+07   8.2170753e+07   8.1687812e+07   7.1956708e+07   3.9783564e+07   3.0524850e+07   3.5115182e+07   5.0796141e+07   9.2907370e+07   5.7767712e+07   4.7640387e+07   2.8922459e+07   5.6137720e+07   6.4911964e+07   6.0099271e+07   3.4495323e+07   6.7252278e+07   5.6137720e+07   3.5403298e+07   2.8465357e+07   5.1565032e+07   1.7062027e+07   1.1163707e+06
   4.5853268e+07   3.2487344e+07   4.3232723e+07   3.5686614e+07   3.2003539e+07   5.9549476e+07   3.3418547e+07   2.7868299e+07   8.2170753e+07   8.1687812e+07   7.1956708e+07   3.9783564e+07   3.0524850e+07   3.5115182e+07   5.0796141e+07   9.2907370e+07   5.7767712e+07   4.7640387e+07   2.8922459e+07   5.4414435e+07   6.4911964e+07   6.0099271e+07   3.4495323e+07   6.7252278e+07   5.4414435e+07   3.5403298e+07   2.8465357e+07   5.1565032e+07   1.7062027e+07   1.1163707e+06
   4.5853268e+07   3.2487344e+07   4.3232723e+07   3.5686614e+07   3.2003539e+07   5.9549476e+07   3.3418547e+07   2.7868299e+07   8.2170753e+07   8.1687812e+07   7.1956708e+07   3.9783564e+07   3.0524850e+07   3.5115182e+07   5.0796141e+07   9.2907370e+07   5.7767712e+07   4.7640387e+07   2.8922459e+07   5.4414435e+07   6.4911964e+07   6.0099271e+07   3.4495323e+07   6.7252278e+07   5.4414435e+07   3.5403298e+07   2.8465357e+07   5.1565032e+07   1.7062027e+07   1.1163707e+06
   4.5853268e+07   3.2487344e+07   4.3232723e+07   3.5686614e+07   3.2003539e+07   5.9549476e+07   3.3418547e+07   2.7868299e+07   8.2170753e+07   8.1687812e+07   7.1956708e+07   3.9783564e+07   3.0524850e+07   3.5115182e+07   5.0796141e+07   9.2907370e+07   5.7767712e+07   4.7640387e+07   2.8922459e+07   5.4414435e+07   6.4911964e+07   6.0099271e+07   3.4495323e+07   6.7252278e+07   5.4414435e+07   3.5403298e+07   2.8465357e+07   5.1565032e+07   1.7062027e+07   1.1163707e+06
   4.5853268e+07   3.2487344e+07   4.3232723e+07   3.5686614e+07   3.2003539e+07   5.9549476e+07   3.3418547e+07   2.7868299e+07   8.2170753e+07   8.1687812e+07   7.1956708e+07   3.9783564e+07   3.0524850e+07   3.5115182e+07   5.0796141e+07   9.2907370e+07   5.7767712e+07   4.7640387e+07   2.8922459e+07   5.4414435e+07   6.4911964e+07   6.0099271e+07   3.4495323e+07   6.7252278e+07   5.4414435e+07   3.5403298e+07   2.8465357e+07   5.1565032e+07   1.7062027e+07   1.1163707e+06
   4.5853268e+07   3.2487344e+07   4.3232723e+07   3.3473304e+07   3.2003539e+07   5.9549476e+07   3.3418547e+07   2.7868299e+07   8.2170753e+07   8.1687812e+07   7.1956708e+07   3.9783564e+07   3.0524850e+07   3.5115182e+07   5.0796141e+07   9.2907370e+07   5.7767712e+07   2.7536430e+07   2.8922459e+07   5.4414435e+07   6.4911964e+07   6.0099271e+07   3.4495323e+07   6.7252278e+07   5.4414435e+07   3.5403298e+07   2.8465357e+07   5.1565032e+07   1.7062027e+07   1.1163707e+06
   4.5853268e+07   3.2487344e+07   4.3232723e+07   3.3473304e+07   3.2003539e+07   5.9549476e+07   3.3418547e+07   2.7868299e+07   8.2170753e+07   8.1687812e+07   7.1956708e+07   3.9783564e+07   3.0524850e+07   3.5115182e+07   5.0796141e+07   9.2907370e+07   5.7767712e+07   2.7536430e+07   2.8922459e+07   5.4414435e+07   6.4911964e+07   6.0099271e+07   3.4495323e+07   6.7252278e+07   5.4414435e+07   3.5403298e+07   2.8465357e+07   5.1565032e+07   1.7062027e+07   1.1163707e+06
   4.5853268e+07   1.4880822e+07   1.0656543e+07   2.8293526e+07   3.2003539e+07   7.9144609e+06   3.3418547e+07   3.8510192e+06   7.0494293e+07   8.1687812e+07   9.3708542e+06   3.9783564e+07   1.9390157e+07   3.5115182e+07   2.7218439e+07   9.2907370e+07   5.7767712e+07   2.7536430e+07   2.8922459e+07   5.4414435e+07   5.1571402e+07   4.7990380e+07   3.4495323e+07   5.4337555e+07   5.4414435e+07   3.5403298e+07   2.8465357e+07   5.1565032e+07   9.6539721e+06   1.1163707e+06
   1.7671716e+06   7.5031530e+06   3.8874729e+05   1.7354150e+06   3.6919097e+06   1.3835261e+06   3.3418547e+07   3.0798287e+06   3.8908952e+06   1.8276505e+06   1.6483924e+06   2.6659990e+06   1.7752077e+06   1.3877319e+06   3.5850404e+06   1.3539436e+07   1.0276214e+06   2.7536430e+07   1.8241591e+06   1.9408789e+06   8.0166353e+05   1.5628829e+07   8.8219149e+06   5.1865880e+06   1.9408789e+06   7.3450118e+06   2.8465357e+07   6.5848083e+06   5.0736309e+05   1.1163707e+06
   6.6631826e+04   4.1535169e+04   3.0671779e+04   8.2145021e+03   2.1519607e+04   2.0783684e+04   1.8993687e+04   2.3587582e+04   4.9972500e+04   1.6320448e+04   2.4095179e+04   1.1593849e+05   3.3117070e+04   9.5921200e+03   3.3941341e+05   2.1951533e+04   7.5311174e+03   1.1277470e+05   4.6614466e+05   5.3862269e+04   1.9100467e+04   5.7764743e+04   4.7430418e+05   3.9405023e+05   5.3862269e+04   1.7404458e+04   9.9816065e+04   2.2609963e+04   5.8109591e+03   1.1210457e+04
   1.6441707e+03   1.6286759e+03   1.5063583e+03   1.6408762e+03   1.8786023e+03   1.1443875e+03   1.1154119e+03   1.6344667e+03   1.6422473e+03   1.5607225e+03   1.1186496e+03   1.3217520e+03   1.2301248e+03   1.6128490e+03   1.7442659e+03   1.1641170e+03   1.5640792e+03   1.5727923e+03   1.3685165e+03   5.8122879e+02   1.3534009e+03   1.9482391e+03   1.4167531e+03   1.7821802e+03   5.8122879e+02   1.2887247e+03   1.5026289e+03   1.4004182e+03   1.3524947e+03   1.4385521e+03
   9.0294655e+01   1.5494393e+02   3.1428057e+02   3.0413581e+02   3.3634304e+02   3.0004783e+02   1.7759205e+02   9.3452405e+01   3.6523844e+02   1.4458959e+02   1.4627814e+02   3.8724570e+02   1.1885360e+02   3.7945565e+02   2.2251957e+02   3.2363280e+02   3.0926510e+02   3.7784435e+02   3.5146102e+02   1.7138709e+02   1.5373335e+02   1.7779305e+02   1.5499374e+02   2.0965562e+02   1.7138709e+02   4.0092067e+02   2.3413042e+02   3.0577570e+02   6.6977925e+01   2.5850508e+02
   1.4407221e-02   3.6854966e-01   3.4180672e-03   3.9903252e-03   1.4154258e-02   1.9838592e-02   5.6871251e-03   3.1988799e-02   3.1109547e-02   1.8777298e-01   3.0366492e-01   3.3469535e-01   1.3358894e-01   8.1343854e-01   4.4911088e-02   5.7307109e-02   1.0836951e-01   7.8902538e-03   2.2421085e-02   2.5425603e-02   3.8834561e-03   6.0690044e-03   2.1951887e-02   3.4527091e-03   2.5425603e-02   4.7213153e-01   2.5931393e-03   4.3826104e-02   6.1292445e-02   2.0384911e-03
   0.0000000e+00   0.0000000e+00   0.0000000e+00   0.0000000e+00   0.0000000e+00   0.0000000e+00   0.0000000e+00   0.0000000e+00   0.0000000e+00   0.0000000e+00   0.0000000e+00   0.0000000e+00   0.0000000e+00   0.0000000e+00   0.0000000e+00   0.0000000e+00   0.0000000e+00   0.0000000e+00   0.0000000e+00   0.0000000e+00   0.0000000e+00   0.0000000e+00   0.0000000e+00   0.0000000e+00   0.0000000e+00   0.0000000e+00   0.0000000e+00   0.0000000e+00   0.0000000e+00   0.0000000e+00
   0.0000000e+00   0.0000000e+00   0.0000000e+00   0.0000000e+00   0.0000000e+00   0.0000000e+00   0.0000000e+00   0.0000000e+00   0.0000000e+00   0.0000000e+00   0.0000000e+00   0.0000000e+00   0.0000000e+00   0.0000000e+00   0.0000000e+00   0.0000000e+00   0.0000000e+00   0.0000000e+00   0.0000000e+00   0.0000000e+00   0.0000000e+00   0.0000000e+00   0.0000000e+00   0.0000000e+00   0.0000000e+00   0.0000000e+00   0.0000000e+00   0.0000000e+00   0.0000000e+00   0.0000000e+00
