   8.6963147e+05   7.4924476e+05   2.1888571e+06   2.9993180e+05   7.2059898e+05   2.5448909e+06   1.2008937e+06   3.9230226e+05   4.7977439e+05   5.7324936e+05   5.7317153e+05   7.9385066e+05   7.9081700e+05   1.2298460e+06   1.4166012e+06   6.6688286e+05   1.1629855e+06   6.6083354e+05   6.0140115e+05   2.4423445e+05   5.0930260e+05   1.3457949e+06   4.4114541e+05   5.3410496e+05   1.3788629e+06   1.0114940e+06   4.8843993e+05   2.0076811e+06   4.2581833e+05   5.0358302e+05
   8.6963147e+05   7.4924476e+05   2.1888571e+06   2.9993180e+05   7.2059898e+05   2.5448909e+06   1.2008937e+06   3.9230226e+05   4.7977439e+05   5.7324936e+05   5.7317153e+05   7.9385066e+05   7.9081700e+05   1.2298460e+06   1.4166012e+06   6.6688286e+05   1.1629855e+06   6.6083354e+05   6.0140115e+05   2.4423445e+05   5.0930260e+05   1.3457949e+06   4.4114541e+05   5.3410496e+05   1.3788629e+06   1.0114940e+06   4.8843993e+05   2.0076811e+06   4.2581833e+05   5.0358302e+05
   5.9669732e+05   7.4924476e+05   2.1888571e+06   2.9993180e+05   7.2059898e+05   2.5448909e+06   1.2008937e+06   3.9230226e+05   4.7977439e+05   5.7324936e+05   5.7317153e+05   7.9385066e+05   7.9081700e+05   1.2298460e+06   1.4166012e+06   6.6688286e+05   1.1629855e+06   6.6083354e+05   6.0140115e+05   2.4423445e+05   5.0930260e+05   1.3457949e+06   4.4114541e+05   5.3410496e+05   1.3788629e+06   1.0114940e+06   4.8843993e+05   2.0076811e+06   4.2581833e+05   5.0358302e+05
   5.6909880e+05   7.4924476e+05   2.1888571e+06   2.9993180e+05   7.2059898e+05   2.5448909e+06   1.2008937e+06   3.9230226e+05   4.7977439e+05   5.7324936e+05   5.7317153e+05   7.9385066e+05   7.9081700e+05   1.2298460e+06   1.4166012e+06   6.6688286e+05   1.1629855e+06   6.6083354e+05   6.0140115e+05   2.4423445e+05   5.0930260e+05   1.3457949e+06   4.4114541e+05   5.3410496e+05   1.3788629e+06   1.0114940e+06   4.8843993e+05   2.0076811e+06   4.2581833e+05   5.0358302e+05
   5.6909880e+05   7.4924476e+05   2.1888571e+06   2.9993180e+05   7.2059898e+05   2.5448909e+06   1.2008937e+06   3.9230226e+05   4.7977439e+05   5.7324936e+05   5.7317153e+05   7.9385066e+05   7.9081700e+05   1.2298460e+06   1.4166012e+06   6.6688286e+05   1.1629855e+06   6.6083354e+05   6.0140115e+05   2.4423445e+05   5.0930260e+05   1.3457949e+06   4.4114541e+05   5.3410496e+05   1.3788629e+06   1.0114940e+06   4.8843993e+05   2.0076811e+06   4.2581833e+05   5.0358302e+05
   5.6909880e+05   7.4924476e+05   2.1888571e+06   2.9993180e+05   7.2059898e+05   2.5448909e+06   1.2008937e+06   3.9230226e+05   4.7977439e+05   5.7324936e+05   5.7317153e+05   7.9385066e+05   7.9081700e+05   1.2298460e+06   1.4166012e+06   6.6688286e+05   1.1629855e+06   6.6083354e+05   6.0140115e+05   2.4423445e+05   5.0930260e+05   1.3457949e+06   4.4114541e+05   5.3410496e+05   1.3788629e+06   1.0114940e+06   4.8843993e+05   2.0076811e+06   4.2581833e+05   5.0358302e+05
   5.6909880e+05   7.4924476e+05   6.6751168e+05   2.9993180e+05   7.2059898e+05   2.5448909e+06   1.2008937e+06   3.9230226e+05   4.7977439e+05   5.7324936e+05   5.7317153e+05   7.9385066e+05   7.9081700e+05   1.2298460e+06   1.4166012e+06   6.6688286e+05   1.1629855e+06   6.6083354e+05   6.0140115e+05   2.4423445e+05   5.0930260e+05   1.3457949e+06   4.4114541e+05   5.3410496e+05   1.3788629e+06   1.0114940e+06   4.8843993e+05   2.0076811e+06   4.2581833e+05   5.0358302e+05
   5.6909880e+05   7.4924476e+05   6.6751168e+05   2.9993180e+05   7.2059898e+05   2.5448909e+06   1.2008937e+06   3.9230226e+05   4.7977439e+05   5.7324936e+05   5.7317153e+05   7.9385066e+05   7.9081700e+05   1.2298460e+06   1.0059454e+06   6.6688286e+05   1.1629855e+06   6.6083354e+05   6.0140115e+05   2.4423445e+05   5.0930260e+05   1.3457949e+06   4.4114541e+05   5.3410496e+05   1.3788629e+06   1.0114940e+06   4.8843993e+05   2.0076811e+06   4.2581833e+05   5.0358302e+05
   5.6909880e+05   7.4924476e+05   6.6751168e+05   2.9993180e+05   7.2059898e+05   2.5448909e+06   1.2008937e+06   3.9230226e+05   2.3524552e+04   5.7324936e+05   5.7317153e+05   7.9385066e+05   7.9081700e+05   1.1367358e+06   1.0059454e+06   6.0485135e+05   1.1629855e+06   6.6083354e+05   6.0140115e+05   2.4423445e+05   5.0930260e+05   1.3457949e+06   4.4114541e+05   5.3410496e+05   2.0702808e+04   1.0114940e+06   3.1131257e+05   9.7855233e+05   4.2581833e+05   5.0358302e+05
   5.6909880e+05   2.5251004e+04   5.1965957e+05   2.9993180e+05   5.4561397e+05   2.1611847e+05   2.9965175e+05   1.6484388e+04   2.0635870e+04   3.4651302e+05   5.7317153e+05   7.9385066e+05   7.4585846e+05   5.5600184e+04   7.1109260e+05   3.2960207e+05   5.3554439e+04   2.2992684e+04   6.0140115e+05   2.4423445e+05   5.0930260e+05   7.0374198e+05   2.4103646e+04   5.3410496e+05   2.0702808e+04   1.0114940e+06   3.1621894e+04   1.3354074e+05   3.4589886e+05   1.4772888e+05
   1.8237616e+03   3.5000853e+03   1.2582949e+03   8.3509155e+02   2.7455780e+03   2.8908142e+02   9.2701510e+01   5.4989598e+03   6.3616541e+02   2.3079162e+03   4.5680592e+01   5.9665192e+03   2.2195167e+03   3.8020318e+02   3.1556559e+03   4.0865635e+01   1.7979061e+03   7.3367939e+03   2.1877418e+02   6.8210159e+01   7.6958665e+01   1.7090274e+03   4.6059985e+01   6.0791722e+03   1.0522827e+02   1.0511621e+03   2.1074272e+03   4.3803524e+03   3.8780593e+03   7.9362933e+02
   2.1167291e+01   1.8364338e+01   1.2700617e+01   2.7421807e+01   2.1901718e+01   2.1599326e+01   2.0044057e+01   1.7853011e+01   1.8401015e+01   2.4629156e+01   2.3259768e+01   1.7854568e+01   1.7142490e+01   2.0258964e+01   1.8716218e+01   1.9845876e+01   2.0692511e+01   2.4624538e+01   2.4406799e+01   2.5930732e+01   2.8580694e+01   2.1828375e+01   1.9521564e+01   1.9863421e+01   1.9158430e+01   2.4412943e+01   2.0673725e+01   2.0072672e+01   2.4408246e+01   1.8180296e+01
   1.3334153e+01   1.2817939e+01   1.2700617e+01   1.1010883e+01   1.1557472e+01   1.3305424e+01   1.1173142e+01   1.2952213e+01   1.2012712e+01   1.4085801e+01   1.2740687e+01   1.3552619e+01   1.1976129e+01   1.2779870e+01   1.3323800e+01   1.3413677e+01   1.3106590e+01   1.1040739e+01   1.2347874e+01   1.3196445e+01   1.2408334e+01   1.3549610e+01   1.2739919e+01   1.3021819e+01   1.1325920e+01   1.1905105e+01   1.2358772e+01   1.2292020e+01   1.3176939e+01   1.1395400e+01
   6.4083480e+00   6.4270820e+00   6.0801204e+00   5.2958700e+00   6.9428167e+00   6.5687655e+00   6.0616392e+00   4.5868860e+00   5.7063917e+00   6.1834119e+00   6.7331901e+00   5.9972844e+00   6.3083998e+00   6.3374481e+00   5.9903113e+00   5.7915511e+00   6.2682656e+00   6.4566921e+00   6.1920798e+00   6.7031408e+00   6.8479372e+00   6.2797120e+00   5.3374527e+00   5.0057403e+00   5.1626885e+00   6.1929763e+00   5.8875325e+00   5.4753721e+00   5.5448525e+00   6.1761757e+00
   2.0645100e+00   2.0694130e+00   2.0515038e+00   1.6570476e+00   1.9727409e+00   2.1449236e+00   2.1570101e+00   1.9525301e+00   2.0138537e+00   2.1695345e+00   2.1542908e+00   1.5560019e+00   2.1561968e+00   2.2239790e+00   1.9854508e+00   2.1225197e+00   2.0243842e+00   2.2086274e+00   2.2021795e+00   2.2224872e+00   2.1001776e+00   1.9345685e+00   2.0973838e+00   1.8407474e+00   1.8443513e+00   2.0985353e+00   2.1594008e+00   2.1307899e+00   1.9931988e+00   2.2172402e+00
   2.8058109e-01   3.4909919e-01   2.9127309e-01   3.2848782e-01   2.4409837e-01   2.2844755e-01   3.7190156e-01   2.3061141e-01   3.6149582e-01   4.5886148e-01   5.2516740e-01   8.9115904e-02   4.3944430e-01   3.7138053e-01   3.1006114e-01   1.8166996e-01   3.6735896e-01   4.0302778e-01   3.9268419e-01   2.7876530e-01   2.5986047e-01   2.9655508e-01   3.7564111e-01   2.0445959e-01   5.3789106e-01   2.0011471e-01   4.8146012e-01   1.6922505e-01   3.7367972e-01   2.3852317e-01
