   1.9485489e+03   2.5045618e+03   2.2096713e+03   2.1320014e+03   2.4917249e+03   2.0185464e+03   2.3403205e+03   2.3819270e+03   2.1845596e+03   2.5739565e+03   2.1268534e+03   2.1320995e+03   2.3600962e+03   2.1376697e+03   2.2146106e+03   2.2660235e+03   1.5471154e+03   2.4998195e+03   2.5323831e+03   2.0094665e+03   2.1422835e+03   2.1804515e+03   2.3139799e+03   2.5426366e+03   2.6633719e+03   1.8488456e+03   2.2433715e+03   2.3718118e+03   2.3056561e+03   2.2461901e+03
   1.9485489e+03   2.5045618e+03   2.2096713e+03   2.1320014e+03   2.4917249e+03   2.0185464e+03   2.3403205e+03   2.3819270e+03   2.1845596e+03   2.3001043e+03   2.1268534e+03   2.1320995e+03   2.3600962e+03   2.1376697e+03   2.2146106e+03   2.2660235e+03   1.5471154e+03   2.4998195e+03   2.5323831e+03   2.0094665e+03   2.1422835e+03   2.1804515e+03   2.3139799e+03   2.5426366e+03   2.6633719e+03   1.8488456e+03   2.2433715e+03   2.3718118e+03   2.3056561e+03   2.2461901e+03
   1.9485489e+03   2.5045618e+03   2.2096713e+03   2.1320014e+03   2.4917249e+03   2.0185464e+03   2.3403205e+03   2.3819270e+03   2.1845596e+03   2.3001043e+03   2.1268534e+03   2.1320995e+03   2.3600962e+03   2.1376697e+03   2.2146106e+03   2.2660235e+03   1.5471154e+03   2.4998195e+03   2.5323831e+03   2.0094665e+03   2.1422835e+03   2.1804515e+03   2.3139799e+03   2.5426366e+03   2.6633719e+03   1.8488456e+03   2.2433715e+03   2.3718118e+03   2.3056561e+03   2.2461901e+03
   1.9485489e+03   2.5045618e+03   2.2096713e+03   2.1320014e+03   2.4917249e+03   2.0185464e+03   2.3403205e+03   2.3819270e+03   2.1845596e+03   2.3001043e+03   2.1268534e+03   2.1320995e+03   2.3600962e+03   2.1376697e+03   2.2146106e+03   2.2660235e+03   1.5471154e+03   2.4998195e+03   2.5323831e+03   2.0094665e+03   2.1422835e+03   2.1804515e+03   2.3139799e+03   2.5426366e+03   2.6633719e+03   1.8488456e+03   2.2433715e+03   2.3718118e+03   2.3056561e+03   2.2461901e+03
   1.9485489e+03   2.5045618e+03   2.2096713e+03   2.1320014e+03   2.4917249e+03   2.0185464e+03   2.3403205e+03   2.3819270e+03   2.1845596e+03   2.3001043e+03   2.1268534e+03   2.1320995e+03   2.3600962e+03   2.1376697e+03   2.2146106e+03   2.2660235e+03   1.5471154e+03   2.4998195e+03   2.5323831e+03   2.0094665e+03   2.1422835e+03   2.1804515e+03   2.3139799e+03   2.5426366e+03   2.6633719e+03   1.8488456e+03   2.2433715e+03   2.3718118e+03   2.3056561e+03   2.2461901e+03
   1.9485489e+03   2.5045618e+03   2.2096713e+03   2.1320014e+03   2.4917249e+03   2.0185464e+03   2.3403205e+03   2.3819270e+03   2.1845596e+03   2.3001043e+03   2.1268534e+03   2.1320995e+03   2.3600962e+03   2.1376697e+03   2.2146106e+03   2.2660235e+03   1.5471154e+03   2.4998195e+03   2.5323831e+03   2.0094665e+03   2.1422835e+03   2.1804515e+03   2.3139799e+03   2.5426366e+03   2.6633719e+03   1.8488456e+03   2.2433715e+03   2.3718118e+03   2.3056561e+03   2.2461901e+03
   1.9485489e+03   2.5045618e+03   2.2096713e+03   2.1320014e+03   2.4917249e+03   2.0185464e+03   2.3403205e+03   2.3819270e+03   2.1845596e+03   2.3001043e+03   2.1268534e+03   2.1320995e+03   2.3600962e+03   2.1376697e+03   2.2146106e+03   2.2021469e+03   1.5471154e+03   2.4998195e+03   2.5323831e+03   2.0094665e+03   2.1422835e+03   2.1804515e+03   2.3139799e+03   2.5426366e+03   2.6633719e+03   1.8488456e+03   2.2433715e+03   2.3718118e+03   2.3056561e+03   2.2461901e+03
   1.9485489e+03   2.5045618e+03   2.2096713e+03   2.1320014e+03   2.4917249e+03   2.0185464e+03   2.3403205e+03   2.3819270e+03   2.1845596e+03   1.9380323e+03   2.1268534e+03   2.1320995e+03   2.3600962e+03   2.1376697e+03   2.2146106e+03   2.2021469e+03   1.5471154e+03   2.4998195e+03   2.5323831e+03   2.0094665e+03   2.1422835e+03   2.1804515e+03   2.2855892e+03   2.5426366e+03   2.6633719e+03   1.8488456e+03   2.2433715e+03   2.3718118e+03   2.3056561e+03   2.2461901e+03
   1.9485489e+03   1.8609334e+03   2.2096713e+03   2.1320014e+03   2.3290267e+03   2.0185464e+03   1.6031437e+03   2.3819270e+03   2.1845596e+03   1.9380323e+03   2.1268534e+03   2.1320995e+03   2.2659764e+03   2.1376697e+03   1.8488575e+03   2.2021469e+03   1.5471154e+03   2.4309679e+03   2.4757477e+03   2.0094665e+03   2.1112939e+03   2.1804515e+03   2.1700720e+03   2.5426366e+03   2.0957220e+03   1.8488456e+03   2.2433715e+03   1.5112586e+03   2.3056561e+03   8.8044994e+02
   1.9485489e+03   1.5068061e+03   2.2096713e+03   1.2135634e+03   2.0474031e+03   1.7516773e+03   1.6031437e+03   2.1779328e+03   1.6784188e+03   1.9380323e+03   2.0040578e+03   1.8223460e+03   2.1679355e+03   2.1333170e+03   1.8488575e+03   1.4320874e+03   1.5471154e+03   1.8243515e+03   2.2229482e+03   2.0094665e+03   1.3233307e+03   1.9726999e+03   2.0740959e+03   1.8244170e+03   1.2850254e+03   1.8488456e+03   1.0683118e+03   1.5112586e+03   2.1356706e+03   8.8044994e+02
   9.7713122e+02   1.2542599e+03   8.2260168e+02   1.2135634e+03   6.2344788e+02   1.1121564e+03   1.1517005e+03   8.3402343e+02   9.9111417e+02   8.7623712e+02   1.0323045e+03   1.3926508e+03   1.0524148e+03   1.0033570e+03   9.4402521e+02   1.1079764e+03   1.3447295e+03   1.2700820e+03   1.3792715e+03   1.3360990e+03   6.3433378e+02   1.1057963e+03   6.6132581e+02   5.3600466e+02   1.1316807e+03   1.3650034e+03   1.0683118e+03   1.3641669e+03   1.0485094e+03   8.8044994e+02
   4.4033917e+02   3.9885301e+02   2.6202431e+02   3.0714433e+02   4.2870402e+02   4.0552071e+02   3.7700332e+02   3.9125339e+02   2.9283395e+02   3.2198403e+02   4.2254570e+02   7.9307113e+01   3.0095457e+02   1.0555494e+02   3.4626664e+02   3.1067299e+02   4.3311122e+02   4.0979896e+02   3.9400817e+02   4.9587020e+02   4.3348385e+02   4.9658946e+02   6.6132581e+02   4.2433079e+02   5.0199925e+02   4.6750823e+02   3.5765658e+02   2.7190324e+02   4.8177541e+02   3.1472599e+02
   4.6082756e-02   2.4745708e-01   3.7749263e-02   8.0027430e-01   4.2693068e-02   8.9116474e-01   2.1339389e-01   8.1534430e-02   3.1379203e-02   2.0649855e-01   2.2890372e+00   1.2674115e-01   1.8759388e-01   5.5088903e-01   1.7339679e+00   2.1886164e-02   4.2364368e-02   3.0620669e+00   4.7754282e-02   3.4927472e-01   1.6702974e-01   1.4879371e-02   1.9101088e-02   4.6753368e-02   4.5797559e-02   5.1018296e-01   3.7709299e-01   1.7207330e-01   3.6681531e+00   1.7450805e+00
   0.0000000e+00   0.0000000e+00   0.0000000e+00   0.0000000e+00   0.0000000e+00   0.0000000e+00   0.0000000e+00   0.0000000e+00   0.0000000e+00   0.0000000e+00   0.0000000e+00   0.0000000e+00   0.0000000e+00   0.0000000e+00   0.0000000e+00   0.0000000e+00   0.0000000e+00   0.0000000e+00   0.0000000e+00   0.0000000e+00   0.0000000e+00   0.0000000e+00   0.0000000e+00   0.0000000e+00   0.0000000e+00   0.0000000e+00   0.0000000e+00   0.0000000e+00   0.0000000e+00   0.0000000e+00
   0.0000000e+00   0.0000000e+00   0.0000000e+00   0.0000000e+00   0.0000000e+00   0.0000000e+00   0.0000000e+00   0.0000000e+00   0.0000000e+00   0.0000000e+00   0.0000000e+00   0.0000000e+00   0.0000000e+00   0.0000000e+00   0.0000000e+00   0.0000000e+00   0.0000000e+00   0.0000000e+00   0.0000000e+00   0.0000000e+00   0.0000000e+00   0.0000000e+00   0.0000000e+00   0.0000000e+00   0.0000000e+00   0.0000000e+00   0.0000000e+00   0.0000000e+00   0.0000000e+00   0.0000000e+00
   0.0000000e+00   0.0000000e+00   0.0000000e+00   0.0000000e+00   0.0000000e+00   0.0000000e+00   0.0000000e+00   0.0000000e+00   0.0000000e+00   0.0000000e+00   0.0000000e+00   0.0000000e+00   0.0000000e+00   0.0000000e+00   0.0000000e+00   0.0000000e+00   0.0000000e+00   0.0000000e+00   0.0000000e+00   0.0000000e+00   0.0000000e+00   0.0000000e+00   0.0000000e+00   0.0000000e+00   0.0000000e+00   0.0000000e+00   0.0000000e+00   0.0000000e+00   0.0000000e+00   0.0000000e+00
