   4.8009844e+05   2.9874202e+05   2.8952717e+05   6.3056943e+05   3.9458487e+05   7.9554046e+05   3.1524213e+05   4.6206126e+05   3.6418672e+05   5.7131571e+05   4.5603977e+05   1.9549231e+05   3.1722289e+05   2.7754362e+05   1.9309500e+05   5.1185206e+05   1.3871401e+05   5.9701332e+04   2.2808156e+05   1.0604428e+06   2.1341147e+05   2.1877848e+05   8.3438888e+05   5.6873988e+05   9.3192595e+05   7.6171445e+05   6.2521083e+05   3.5619488e+05   4.2049521e+05   4.5655827e+05
   4.8009844e+05   2.9874202e+05   2.8952717e+05   6.3056943e+05   3.9458487e+05   7.9554046e+05   3.1524213e+05   4.6206126e+05   3.6418672e+05   5.7131571e+05   4.5603977e+05   1.9549231e+05   3.1722289e+05   2.7754362e+05   1.9309500e+05   5.1185206e+05   1.3871401e+05   5.9701332e+04   2.2808156e+05   1.0604428e+06   2.1341147e+05   2.1877848e+05   8.3438888e+05   5.6873988e+05   9.3192595e+05   7.6171445e+05   6.2521083e+05   3.5619488e+05   4.2049521e+05   4.5655827e+05
   4.8009844e+05   2.9874202e+05   2.8952717e+05   6.3056943e+05   3.9458487e+05   7.9554046e+05   3.1524213e+05   4.6206126e+05   3.6418672e+05   5.7131571e+05   4.5603977e+05   1.9549231e+05   3.1722289e+05   2.7754362e+05   1.9309500e+05   5.1185206e+05   1.3871401e+05   5.9701332e+04   2.2808156e+05   1.0604428e+06   2.1341147e+05   2.1877848e+05   8.3438888e+05   5.6873988e+05   9.3192595e+05   7.6171445e+05   6.2521083e+05   3.5619488e+05   4.2049521e+05   4.5655827e+05
   4.8009844e+05   2.9874202e+05   2.8952717e+05   6.3056943e+05   3.9458487e+05   7.9554046e+05   3.1524213e+05   4.6206126e+05   3.6418672e+05   5.7131571e+05   4.5603977e+05   1.9549231e+05   3.1722289e+05   2.7754362e+05   1.9309500e+05   5.1185206e+05   1.3871401e+05   5.9701332e+04   2.2808156e+05   1.0604428e+06   2.1341147e+05   2.1877848e+05   8.3438888e+05   5.6873988e+05   9.3192595e+05   7.6171445e+05   6.2521083e+05   3.5619488e+05   4.2049521e+05   4.5655827e+05
   4.8009844e+05   2.9874202e+05   2.8952717e+05   6.3056943e+05   3.9458487e+05   7.9554046e+05   3.1524213e+05   4.6206126e+05   3.6418672e+05   5.7131571e+05   4.5603977e+05   1.9549231e+05   3.1722289e+05   2.7754362e+05   1.9309500e+05   5.1185206e+05   1.3871401e+05   5.9701332e+04   2.2808156e+05   1.0604428e+06   2.1341147e+05   2.1877848e+05   8.3438888e+05   5.6873988e+05   9.3192595e+05   7.6171445e+05   6.2521083e+05   3.5619488e+05   4.2049521e+05   4.5655827e+05
   4.8009844e+05   2.9874202e+05   2.8952717e+05   6.3056943e+05   3.9458487e+05   7.9554046e+05   3.1524213e+05   4.6206126e+05   3.6418672e+05   5.7131571e+05   4.5603977e+05   1.9549231e+05   3.1722289e+05   2.7754362e+05   1.9309500e+05   5.1185206e+05   1.3871401e+05   5.9701332e+04   2.2808156e+05   1.0604428e+06   2.1341147e+05   2.1877848e+05   8.3438888e+05   5.6873988e+05   9.3192595e+05   7.6171445e+05   6.2521083e+05   3.5619488e+05   4.2049521e+05   4.5655827e+05
   4.8009844e+05   2.9874202e+05   2.8952717e+05   6.3056943e+05   3.9458487e+05   7.9554046e+05   3.1524213e+05   4.6206126e+05   3.6418672e+05   5.7131571e+05   4.5603977e+05   1.9549231e+05   3.1722289e+05   2.7754362e+05   1.9309500e+05   5.1185206e+05   1.3871401e+05   5.9701332e+04   2.2808156e+05   1.0604428e+06   2.1341147e+05   2.1877848e+05   8.3438888e+05   5.6873988e+05   9.3192595e+05   7.6171445e+05   6.2521083e+05   3.5619488e+05   4.2049521e+05   4.5655827e+05
   4.8009844e+05   2.9874202e+05   2.8952717e+05   6.3056943e+05   3.9458487e+05   7.9554046e+05   3.1524213e+05   4.6206126e+05   3.6418672e+05   5.7131571e+05   4.5603977e+05   1.9549231e+05   3.1722289e+05   2.7754362e+05   1.9309500e+05   5.1185206e+05   1.3871401e+05   5.9701332e+04   2.2808156e+05   1.0604428e+06   2.1341147e+05   2.1877848e+05   8.3438888e+05   5.6873988e+05   9.3192595e+05   7.6171445e+05   3.9798542e+05   3.5619488e+05   4.2049521e+05   4.5655827e+05
   4.8009844e+05   2.9874202e+05   2.8952717e+05   6.3056943e+05   3.9458487e+05   3.7310623e+05   3.1524213e+05   4.6206126e+05   5.7286438e+04   5.7131571e+05   4.5603977e+05   1.9549231e+05   3.1722289e+05   2.7754362e+05   1.9309500e+05   4.6954786e+05   1.3871401e+05   5.9701332e+04   2.2808156e+05   1.0604428e+06   2.1341147e+05   2.1877848e+05   8.3438888e+05   5.6873988e+05   9.3192595e+05   7.6171445e+05   3.9798542e+05   2.0891780e+05   4.2049521e+05   4.5655827e+05
   1.4722338e+05   1.6057286e+05   2.0153545e+05   2.2960463e+05   3.6571032e+05   1.4984274e+03   1.0147720e+05   1.1465565e+05   5.7286438e+04   5.0826266e+05   4.5603977e+05   1.4665714e+05   3.1722289e+05   3.0919949e+03   1.9309500e+05   4.6954786e+05   1.7649785e+03   5.9701332e+04   1.8124472e+05   1.3474887e+05   1.3296676e+05   2.1877848e+05   6.8023343e+04   1.7276222e+05   1.2319816e+05   4.2973604e+05   3.9798542e+05   1.3387082e+05   3.8907309e+05   3.5950383e+03
   1.1243682e+03   2.1695469e+04   5.5266834e+03   4.7100614e+04   3.1465022e+04   1.4984274e+03   3.2208833e+04   1.1112939e+02   1.6320286e+04   1.8792102e+04   4.2518462e+04   2.1762872e+03   3.1767563e+04   3.0919949e+03   3.0820182e+03   2.8319632e+03   7.3258406e+02   1.5392505e+04   8.0232254e+03   7.0639986e+03   2.4875798e+04   5.9190825e+03   3.8252813e+04   1.3769754e+03   2.2161032e+04   1.5793831e+04   1.5591049e+04   7.0964039e+03   5.7026654e+03   3.5950383e+03
   8.5210308e+01   7.2824706e+01   4.4737428e+01   2.0735764e+01   6.4099803e+01   4.4080394e+01   3.2407771e+01   5.2788209e+01   1.2104843e+02   5.6868734e+01   4.0808027e+01   4.8490921e+01   3.1805165e+01   2.8617873e+01   4.4035671e+01   4.6229215e+01   1.9013635e+01   2.3354450e+01   4.4336123e+01   2.7883213e+01   4.4460904e+01   3.0663798e+01   3.8317768e+01   8.2629985e+01   5.8322266e+01   6.0649427e+01   5.8925798e+01   6.0438166e+01   3.7429144e+01   2.1214225e+01
   1.5961614e+01   1.6592363e+01   1.5509751e+01   1.4204727e+01   1.5347892e+01   1.5432570e+01   1.4564408e+01   1.4400919e+01   1.3869267e+01   1.7434194e+01   1.4800466e+01   1.5580770e+01   1.4376358e+01   1.4780703e+01   1.5385980e+01   1.5322059e+01   1.4053180e+01   1.5209370e+01   1.3830068e+01   1.6688013e+01   1.4446084e+01   1.4808605e+01   1.3430059e+01   1.4616508e+01   1.4805316e+01   1.2566690e+01   1.4166407e+01   1.5097496e+01   1.2053113e+01   1.6233392e+01
   9.4575864e+00   8.7410644e+00   7.7160017e+00   8.3400915e+00   8.2502401e+00   8.9755007e+00   9.4845485e+00   9.2614419e+00   8.8934411e+00   8.7805499e+00   9.2269083e+00   9.1624043e+00   9.0065915e+00   9.6664751e+00   8.8220569e+00   8.7366247e+00   8.4923817e+00   9.5949760e+00   8.6985174e+00   9.2583549e+00   9.2280193e+00   7.8425035e+00   8.7068497e+00   8.4394144e+00   8.2155375e+00   8.6609572e+00   9.2481543e+00   8.7892327e+00   8.8172506e+00   9.4119589e+00
   3.8580605e+00   3.7649541e+00   3.7813318e+00   3.5373826e+00   3.0071308e+00   3.7868008e+00   3.2291650e+00   3.5088077e+00   3.4392688e+00   2.9677139e+00   3.5654703e+00   3.7089719e+00   3.6674940e+00   3.8631836e+00   3.8522757e+00   3.7861842e+00   3.1789225e+00   3.7062549e+00   3.8365842e+00   3.4569359e+00   3.8219643e+00   3.6026461e+00   3.6419223e+00   2.7273461e+00   3.6785775e+00   3.3744294e+00   3.9060313e+00   3.7322285e+00   3.7975228e+00   3.6386610e+00
   7.7033137e-01   7.0587611e-01   5.4393559e-01   6.5831800e-01   7.1364610e-01   7.4134101e-01   4.7500863e-01   6.0861264e-01   8.3089024e-01   7.1183804e-01   5.4970452e-01   5.7115276e-01   7.4020482e-01   6.0230133e-01   9.1217334e-01   6.5628499e-01   7.0274671e-01   7.8391107e-01   6.6093303e-01   6.2350609e-01   6.1216342e-01   7.1244766e-01   9.8183123e-01   6.4699383e-01   7.5575707e-01   7.0375773e-01   7.6175229e-01   7.9997104e-01   5.4508440e-01   8.1896534e-01
