   6.1426187e+02   6.8686847e+02   3.8961916e+02   5.6979035e+02   4.0493238e+02   4.5456569e+02   5.0862689e+02   5.9198230e+02   5.4230472e+02   4.5709968e+02   5.9150493e+02   6.1871530e+02   5.3381823e+02   6.5790574e+02   6.0722602e+02   5.2404491e+02   5.7391310e+02   5.8306840e+02   5.9801552e+02   5.2912865e+02   5.2457408e+02   5.2431139e+02   5.7342465e+02   6.7032709e+02   5.2151333e+02   4.3408379e+02   3.4830199e+02   4.7561245e+02   5.3546627e+02   5.2480259e+02
   6.1426187e+02   6.8686847e+02   3.8961916e+02   5.6979035e+02   4.0493238e+02   4.5456569e+02   5.0862689e+02   5.9198230e+02   5.4230472e+02   4.5709968e+02   5.9150493e+02   6.1871530e+02   5.3381823e+02   6.5790574e+02   6.0722602e+02   5.2404491e+02   5.7391310e+02   5.8306840e+02   5.9801552e+02   5.2912865e+02   5.2457408e+02   5.2431139e+02   5.7342465e+02   6.7032709e+02   5.2151333e+02   4.3408379e+02   3.4830199e+02   4.7561245e+02   5.3546627e+02   5.2480259e+02
   6.1426187e+02   6.8686847e+02   3.8961916e+02   5.6979035e+02   4.0493238e+02   4.5456569e+02   5.0862689e+02   5.9198230e+02   5.4230472e+02   4.5709968e+02   5.9150493e+02   4.9463647e+02   4.0079399e+02   6.5790574e+02   6.0722602e+02   5.2404491e+02   5.7391310e+02   5.8306840e+02   5.9801552e+02   5.2912865e+02   5.2457408e+02   5.2431139e+02   5.7342465e+02   6.0593848e+02   5.2151333e+02   4.3408379e+02   3.4830199e+02   4.7561245e+02   5.3546627e+02   5.2480259e+02
   6.1426187e+02   6.8686847e+02   3.8961916e+02   5.6979035e+02   4.0493238e+02   4.5456569e+02   5.0862689e+02   5.9198230e+02   5.4230472e+02   4.5709968e+02   5.9150493e+02   4.9463647e+02   4.0079399e+02   6.5790574e+02   6.0722602e+02   5.2404491e+02   5.7391310e+02   5.8306840e+02   5.9801552e+02   5.2912865e+02   5.2457408e+02   5.2431139e+02   5.7342465e+02   6.0593848e+02   5.2151333e+02   4.3408379e+02   3.4830199e+02   4.7561245e+02   5.3546627e+02   5.2480259e+02
   6.1426187e+02   6.8686847e+02   3.8961916e+02   5.6979035e+02   4.0493238e+02   4.5456569e+02   5.0862689e+02   5.9198230e+02   5.4230472e+02   4.5709968e+02   5.9150493e+02   4.9463647e+02   4.0079399e+02   6.5790574e+02   6.0722602e+02   5.2404491e+02   5.7391310e+02   5.8306840e+02   5.9801552e+02   5.2912865e+02   5.2457408e+02   5.2431139e+02   5.7342465e+02   6.0593848e+02   5.2151333e+02   4.3408379e+02   3.4830199e+02   4.7561245e+02   5.3546627e+02   5.2480259e+02
   6.1426187e+02   6.8686847e+02   3.8961916e+02   5.6979035e+02   4.0493238e+02   4.5456569e+02   5.0862689e+02   5.9198230e+02   5.4230472e+02   4.5709968e+02   5.9150493e+02   4.9463647e+02   4.0079399e+02   6.5790574e+02   6.0722602e+02   5.2404491e+02   5.7391310e+02   5.8306840e+02   5.9801552e+02   5.2912865e+02   5.2457408e+02   5.2431139e+02   5.7342465e+02   6.0593848e+02   5.2151333e+02   4.3408379e+02   3.4830199e+02   4.7561245e+02   5.3546627e+02   1.9049478e+02
   6.1426187e+02   6.8686847e+02   3.8961916e+02   5.6979035e+02   4.0493238e+02   4.5456569e+02   5.0862689e+02   5.9198230e+02   5.4230472e+02   4.5709968e+02   5.9150493e+02   4.9463647e+02   4.0079399e+02   6.5790574e+02   6.0722602e+02   5.2404491e+02   5.7391310e+02   5.8306840e+02   5.9801552e+02   5.2912865e+02   5.2457408e+02   5.2431139e+02   5.7342465e+02   6.0593848e+02   5.2151333e+02   4.3408379e+02   3.4830199e+02   4.7561245e+02   5.3546627e+02   1.4882968e+02
   5.0885337e+02   6.8686847e+02   3.8961916e+02   5.6979035e+02   4.0493238e+02   4.5456569e+02   5.0862689e+02   5.9198230e+02   5.4230472e+02   4.5709968e+02   5.9150493e+02   4.9463647e+02   4.0079399e+02   6.5790574e+02   6.0722602e+02   5.2404491e+02   5.7391310e+02   5.8306840e+02   5.9801552e+02   5.2912865e+02   5.2457408e+02   5.2431139e+02   5.7342465e+02   6.0593848e+02   5.2151333e+02   4.3408379e+02   3.4830199e+02   4.7561245e+02   5.3546627e+02   1.4882968e+02
   2.4385892e+02   6.8686847e+02   3.7893915e+02   5.6979035e+02   4.0493238e+02   1.7006772e+02   5.0862689e+02   1.9909803e+02   5.4230472e+02   4.5709968e+02   5.9150493e+02   4.9463647e+02   4.0079399e+02   6.5790574e+02   6.0722602e+02   5.2404491e+02   5.5309229e+02   2.8514554e+02   4.1204088e+02   5.2912865e+02   4.7482545e+02   5.2431139e+02   4.4272532e+02   3.4430936e+02   5.2151333e+02   3.3612510e+02   3.4830199e+02   4.7561245e+02   5.3546627e+02   1.4882968e+02
   1.5666426e+02   1.9879697e+02   1.0954648e+02   2.1900589e+02   1.1448138e+02   1.0741373e+02   2.5355366e+02   7.0628479e+01   1.6078609e+02   3.4024706e+02   4.9610586e+01   2.5398045e+02   9.6552325e+01   9.5750370e+01   1.8596986e+02   2.9224913e+02   1.5812324e+02   1.1483038e+02   3.0347991e+02   6.7494796e+01   1.2048836e+02   2.7898700e+02   1.9619294e+02   2.3661712e+02   2.0816519e+02   2.6722458e+02   2.2394817e+02   7.8655580e+01   8.7103437e+01   1.4882968e+02
   7.5862824e+01   5.1754579e+01   2.6049713e+01   1.8841906e+01   6.0801410e+01   4.7260604e+01   7.2639116e+01   4.5317550e+01   5.3669939e+01   6.9125929e+01   2.9162361e+01   6.0971961e+01   6.1680095e+01   4.2939090e+01   6.2936198e+01   4.6089862e+01   7.0234246e+01   1.5729132e+01   6.0722225e+01   1.6124060e+01   3.2842174e+01   1.7190836e+01   3.3096375e+01   4.7428954e+01   5.8767190e+01   5.7472740e+01   2.9552840e+01   6.7507429e+01   2.2605250e+01   6.9566391e+01
   7.7050207e+00   7.5919166e+00   5.2653746e-01   4.2365058e+00   1.6922905e+00   6.1336923e+00   6.5702872e+00   7.9869006e+00   1.0702974e+01   4.3985850e+00   4.9204595e+00   7.9837415e+00   1.0329958e+01   9.1096192e+00   5.8455614e+00   7.9696092e+00   9.3371097e+00   1.9271377e+00   8.3945325e+00   8.2423932e+00   7.5316966e+00   1.2049932e+01   1.8592364e+00   6.6288067e+00   9.5943247e+00   2.8068075e+00   6.9953644e+00   7.9452622e+00   8.0572021e+00   8.7929552e+00
   4.4549225e-03   1.7145150e-03   2.1752162e-03   6.6470204e-03   6.1792988e-03   2.6814227e-03   4.6010857e-03   3.7461526e-03   8.3151813e-03   3.3786605e-03   1.2514689e-02   1.1811701e-02   1.7349397e-03   1.8063940e-02   7.3784796e-03   2.2071412e-03   5.4624944e-03   2.8814477e-03   3.3136741e-03   5.8582725e-03   1.3845341e-02   1.7731987e-02   3.5497559e-03   2.9862164e-03   2.7758540e-03   1.3827616e-03   5.7525748e-03   6.2862727e-03   1.9408187e-03   3.2795374e-03
   7.1095162e-08   1.0721832e-08   4.3006561e-08   2.2338363e-08   1.2910393e-08   1.5065833e-08   1.5874147e-08   1.6015358e-08   1.0535174e-07   1.3227117e-08   0.0000000e+00   1.2290977e-08   4.4199739e-08   2.2134579e-08   6.9681475e-08   1.4771429e-08   8.7071795e-08   1.6108537e-08   1.0711725e-08   0.0000000e+00   3.8213208e-08   2.5790233e-08   0.0000000e+00   3.0033354e-08   0.0000000e+00   0.0000000e+00   0.0000000e+00   3.8254254e-08   3.0185136e-08   1.5577069e-08
   0.0000000e+00   0.0000000e+00   0.0000000e+00   0.0000000e+00   0.0000000e+00   0.0000000e+00   0.0000000e+00   0.0000000e+00   0.0000000e+00   0.0000000e+00   0.0000000e+00   0.0000000e+00   0.0000000e+00   0.0000000e+00   0.0000000e+00   0.0000000e+00   0.0000000e+00   0.0000000e+00   0.0000000e+00   0.0000000e+00   0.0000000e+00   0.0000000e+00   0.0000000e+00   0.0000000e+00   0.0000000e+00   0.0000000e+00   0.0000000e+00   0.0000000e+00   0.0000000e+00   0.0000000e+00
   0.0000000e+00   0.0000000e+00   0.0000000e+00   0.0000000e+00   0.0000000e+00   0.0000000e+00   0.0000000e+00   0.0000000e+00   0.0000000e+00   0.0000000e+00   0.0000000e+00   0.0000000e+00   0.0000000e+00   0.0000000e+00   0.0000000e+00   0.0000000e+00   0.0000000e+00   0.0000000e+00   0.0000000e+00   0.0000000e+00   0.0000000e+00   0.0000000e+00   0.0000000e+00   0.0000000e+00   0.0000000e+00   0.0000000e+00   0.0000000e+00   0.0000000e+00   0.0000000e+00   0.0000000e+00
