   6.1821418e+02   5.0181919e+02   7.0272000e+02   5.0129567e+02   7.1899619e+02   5.3091465e+02   4.8823779e+02   5.0579024e+02   1.6179593e+02   1.5553940e+02   7.4279886e+02   2.9303017e+02   5.6758470e+02   7.6015711e+02   6.0820806e+02   5.6090723e+02   5.6038847e+02   8.9249984e+02   7.3171410e+02   7.3097060e+02   5.6699519e+02   6.1673989e+02   8.2391429e+02   6.7146621e+02   6.4727194e+02   6.8434272e+02   7.5828467e+02   2.1068865e+02   6.7745915e+02   7.3345230e+02
   6.1821418e+02   5.0181919e+02   7.0272000e+02   5.0129567e+02   7.1899619e+02   5.3091465e+02   4.8823779e+02   5.0579024e+02   1.6179593e+02   1.5553940e+02   7.4279886e+02   2.9303017e+02   5.6758470e+02   7.6015711e+02   6.0820806e+02   5.6090723e+02   5.6038847e+02   8.9249984e+02   7.3171410e+02   7.3097060e+02   5.6699519e+02   6.1673989e+02   8.2391429e+02   6.7146621e+02   6.4727194e+02   6.8434272e+02   7.5828467e+02   2.1068865e+02   6.7745915e+02   7.3345230e+02
   6.1821418e+02   5.0181919e+02   7.0272000e+02   5.0129567e+02   7.1899619e+02   5.3091465e+02   4.8823779e+02   5.0579024e+02   1.6179593e+02   1.5553940e+02   7.4279886e+02   2.9303017e+02   5.6758470e+02   7.6015711e+02   6.0820806e+02   5.6090723e+02   5.6038847e+02   8.9249984e+02   7.3171410e+02   7.3097060e+02   5.6699519e+02   6.1673989e+02   8.2391429e+02   6.7146621e+02   6.4727194e+02   6.8434272e+02   7.5828467e+02   2.1068865e+02   6.7745915e+02   7.3345230e+02
   6.1821418e+02   5.0181919e+02   7.0272000e+02   5.0129567e+02   7.1899619e+02   5.3091465e+02   4.8823779e+02   5.0579024e+02   1.6179593e+02   1.5553940e+02   7.4279886e+02   2.9303017e+02   5.6758470e+02   7.6015711e+02   6.0820806e+02   5.6090723e+02   5.6038847e+02   8.9249984e+02   7.3171410e+02   7.3097060e+02   5.6699519e+02   6.1673989e+02   8.2391429e+02   6.7146621e+02   6.4727194e+02   6.8434272e+02   7.5828467e+02   2.1068865e+02   6.7745915e+02   7.3345230e+02
   6.1821418e+02   5.0181919e+02   7.0272000e+02   5.0129567e+02   7.1899619e+02   5.3091465e+02   4.8823779e+02   5.0579024e+02   1.6179593e+02   1.5553940e+02   7.4279886e+02   2.9303017e+02   5.6758470e+02   7.6015711e+02   6.0820806e+02   5.6090723e+02   5.6038847e+02   8.9249984e+02   7.3171410e+02   7.3097060e+02   5.6699519e+02   6.1673989e+02   8.2391429e+02   6.7146621e+02   6.4727194e+02   6.8434272e+02   7.5828467e+02   2.1068865e+02   6.7745915e+02   7.3345230e+02
   6.1821418e+02   5.0181919e+02   7.0272000e+02   5.0129567e+02   7.1899619e+02   5.3091465e+02   4.8823779e+02   5.0579024e+02   1.6179593e+02   1.5553940e+02   7.4279886e+02   2.9303017e+02   5.6758470e+02   7.6015711e+02   6.0820806e+02   5.6090723e+02   5.6038847e+02   8.9249984e+02   7.3171410e+02   7.3097060e+02   5.6699519e+02   6.1673989e+02   8.2391429e+02   6.7146621e+02   6.4727194e+02   6.8434272e+02   7.5828467e+02   2.1068865e+02   6.7745915e+02   7.3345230e+02
   6.1821418e+02   5.0181919e+02   7.0272000e+02   5.0129567e+02   7.1899619e+02   5.3091465e+02   4.8823779e+02   5.0579024e+02   1.6179593e+02   1.5553940e+02   7.4279886e+02   2.9303017e+02   5.6758470e+02   7.6015711e+02   6.0820806e+02   5.6090723e+02   5.6038847e+02   8.9249984e+02   7.3171410e+02   7.3097060e+02   5.6699519e+02   6.1673989e+02   8.2391429e+02   6.7146621e+02   6.4727194e+02   6.8434272e+02   7.5828467e+02   2.1068865e+02   6.7745915e+02   5.6434625e+02
   6.1821418e+02   5.0181919e+02   7.0272000e+02   5.0129567e+02   7.1899619e+02   5.3091465e+02   4.8823779e+02   5.0579024e+02   1.6179593e+02   1.5553940e+02   6.1177745e+02   2.9303017e+02   5.6758470e+02   7.6015711e+02   6.0820806e+02   5.6090723e+02   5.6038847e+02   8.7151626e+02   7.3171410e+02   7.3097060e+02   5.6699519e+02   6.1673989e+02   8.2391429e+02   6.7146621e+02   6.4727194e+02   6.8434272e+02   7.5828467e+02   2.1068865e+02   6.7745915e+02   5.2929173e+02
   6.1821418e+02   5.0181919e+02   7.0272000e+02   5.0129567e+02   7.1899619e+02   5.3091465e+02   4.8823779e+02   5.0579024e+02   1.6179593e+02   1.5553940e+02   6.1177745e+02   2.9303017e+02   5.6758470e+02   7.6015711e+02   5.4955787e+02   5.6090723e+02   5.6038847e+02   8.7151626e+02   6.7707845e+02   7.3097060e+02   5.6699519e+02   6.1673989e+02   7.0064691e+02   6.7146621e+02   6.4727194e+02   3.0296318e+02   3.3917699e+02   2.1068865e+02   6.7745915e+02   5.2929173e+02
   4.3487443e+02   4.8606584e+02   4.5775914e+02   5.0129567e+02   3.7633983e+02   3.9675565e+02   4.8823779e+02   3.3685482e+02   1.6179593e+02   1.5553940e+02   5.6096680e+02   2.9303017e+02   9.4304149e+01   3.6715103e+02   5.0648202e+02   5.6090723e+02   1.3750014e+02   4.1039216e+02   5.3221217e+02   7.3097060e+02   5.6699519e+02   6.1673989e+02   1.6896115e+02   5.1815388e+02   6.4727194e+02   3.0296318e+02   3.3917699e+02   2.1068865e+02   3.3044628e+02   5.2929173e+02
   1.8437805e+02   3.7458158e+02   2.1353591e+02   2.2513936e+02   1.6883645e+02   3.7253843e+02   4.6186790e+02   3.3685482e+02   1.6179593e+02   1.5553940e+02   3.5502887e+02   1.9801763e+02   9.4304149e+01   3.6715103e+02   3.8686097e+02   2.7118643e+02   3.9220580e+01   2.1207943e+02   1.1416660e+02   2.0205236e+02   4.2537421e+02   3.9971197e+02   1.6466546e+02   3.6623744e+02   3.0679203e+02   3.0296318e+02   3.3917699e+02   1.3223294e+02   2.9459050e+02   3.8466030e+02
   1.8437805e+02   3.2684422e+01   1.4823016e+02   6.6555851e+00   4.0948530e+01   5.5005125e+01   1.7738815e+02   3.8357081e+01   6.7653168e+01   5.1896247e+01   1.9231882e+02   1.5881523e+02   9.4304149e+01   1.4133266e+02   5.2762090e+01   1.3007420e+01   3.9220580e+01   6.1915458e+01   1.0291476e+02   1.1089394e+02   1.0363673e+02   1.8002668e+02   5.9672901e+01   5.4947925e+01   4.1256672e+01   3.2475528e+01   1.5152749e+02   1.2308557e+02   1.7943037e+02   1.6062833e+02
   8.2761495e+00   6.4254236e+00   2.0287129e+00   5.6721148e+00   6.8383650e+00   4.2103463e+00   7.9138911e+00   3.2988427e+00   3.0029998e+00   5.4297559e+00   1.0842202e+00   2.8965601e+00   1.0535906e+01   1.2652287e+01   3.8644194e+00   2.6295789e+00   1.7508533e+00   1.2269506e+01   4.0491312e+00   3.7011021e+00   1.4174021e+01   4.5383569e+00   3.8854004e+00   2.2634706e+00   4.9599610e+00   3.1729043e+00   5.7254942e+00   3.6809721e+00   7.9183550e+00   8.6111438e+00
   1.5780044e+00   1.4211658e+00   1.3988943e+00   1.5095014e+00   1.7186267e+00   1.9849873e+00   5.6002274e-01   1.4607024e+00   7.5074619e-01   5.6845816e-01   7.0601614e-01   1.9056002e+00   1.4288494e+00   7.2555570e-01   1.8020424e+00   7.5514460e-01   9.0644903e-01   1.3928921e+00   1.0221374e+00   1.8409497e+00   1.6478761e+00   1.0643371e+00   9.5208246e-01   9.3093998e-01   1.7640078e+00   9.2649745e-01   1.6384459e+00   6.0082359e-01   1.7178192e+00   1.6363522e+00
   2.2907186e-01   2.4363671e-01   2.0161463e-01   1.9523817e-01   2.0513806e-01   1.5837222e-01   1.0632415e-01   2.8132089e-01   2.0815414e-01   8.2602903e-02   2.2479258e-01   1.1556140e-01   1.6922663e-01   1.6846234e-01   2.5113263e-01   2.5444513e-01   2.3677264e-01   2.0689631e-01   2.7606130e-01   1.7969324e-01   2.8690998e-01   2.1616942e-01   1.3783453e-01   1.5772090e-01   2.7165964e-01   2.1973964e-01   2.0871256e-01   2.1381982e-01   6.7042101e-02   1.1638206e-01
   4.7888913e-04   2.4047143e-05   8.9314516e-05   3.8776729e-03   4.7517216e-04   1.8998446e-04   1.4404781e-03   7.6800406e-04   1.4429498e-03   2.7648186e-03   1.9988187e-03   2.2858754e-02   6.4516290e-04   2.6572336e-04   9.8593957e-04   2.1455793e-04   5.6291952e-04   2.0531647e-02   1.1273164e-05   6.9283166e-05   1.7505191e-03   4.3349924e-05   3.5346313e-06   2.2641678e-04   3.9146547e-04   1.9487316e-02   6.2208248e-05   1.5367352e-03   2.1595754e-02   1.9736875e-03
