1.705170e+06 2.565549e+06 8.271529e+06 3.439025e+06 5.223848e+06 1.753419e+06 3.123267e+06 3.800728e+06 1.243017e+06 7.302020e+06 2.678630e+06 3.042665e+06 2.678630e+06 4.612643e+06 8.021295e+06 1.753419e+06 1.243017e+06 1.877530e+06 1.304771e+06 1.220549e+06 5.223848e+06 3.800728e+06 5.584294e+06 6.915088e+05 3.148616e+06 2.411271e+06 2.822648e+06 4.638461e+06 3.565276e+06 5.223848e+06 
1.705170e+06 2.565536e+06 1.155804e+06 3.438704e+06 5.223848e+06 1.753346e+06 3.123267e+06 3.800728e+06 1.243017e+06 7.302020e+06 2.678630e+06 3.042665e+06 2.678630e+06 4.612643e+06 3.273872e+06 1.753346e+06 1.243017e+06 1.877248e+06 1.304771e+06 1.220549e+06 5.223848e+06 3.800728e+06 5.584294e+06 6.915088e+05 2.875018e+06 2.411271e+06 2.822648e+06 4.638461e+06 3.565276e+06 5.223848e+06 
1.705170e+06 2.565536e+06 1.155804e+06 3.438704e+06 5.223848e+06 1.753346e+06 3.123267e+06 3.800728e+06 1.243017e+06 7.302020e+06 2.678630e+06 3.042665e+06 2.678630e+06 4.612643e+06 3.273872e+06 1.753346e+06 1.243017e+06 1.877248e+06 1.304771e+06 1.220549e+06 5.223848e+06 3.800728e+06 5.584294e+06 6.915088e+05 2.875018e+06 2.411271e+06 2.822648e+06 4.638461e+06 3.565276e+06 5.223848e+06 
1.705170e+06 9.813283e+05 1.155804e+06 3.438704e+06 2.911428e+06 1.753346e+06 3.123267e+06 3.800728e+06 1.185436e+06 7.152931e+06 2.678559e+06 1.332957e+06 2.678559e+06 4.612643e+06 3.273872e+06 1.753346e+06 1.185436e+06 2.155854e+05 9.798411e+05 1.203330e+06 2.911428e+06 3.800728e+06 5.584294e+06 6.915088e+05 9.419251e+05 2.411271e+06 2.822428e+06 4.638461e+06 3.565276e+06 2.911428e+06 
1.574891e+06 9.813283e+05 1.155621e+06 2.142382e+06 2.588608e+06 1.753346e+06 3.123260e+06 1.469695e+06 9.078492e+05 6.296243e+05 2.678088e+06 1.219329e+06 2.678088e+06 4.612643e+06 7.930702e+05 1.753346e+06 9.078492e+05 2.153897e+05 9.798411e+05 4.553230e+05 2.588608e+06 1.469695e+06 3.243273e+06 6.915088e+05 9.418329e+05 1.621988e+06 2.472174e+05 4.638461e+06 3.540159e+06 2.588608e+06 
1.574891e+06 9.813283e+05 2.278469e+05 2.142382e+06 1.965457e+06 1.753335e+06 2.782643e+06 1.469695e+06 9.078491e+05 6.296243e+05 1.239782e+06 4.000591e+05 1.239782e+06 2.530693e+06 7.930598e+05 1.753335e+06 9.078491e+05 2.153766e+05 9.798411e+05 4.549185e+05 1.965457e+06 1.469695e+06 1.246738e+06 6.912346e+05 9.418329e+05 1.621976e+06 2.472174e+05 1.758494e+06 1.531107e+06 1.965457e+06 
1.453024e+06 4.814943e+05 2.278469e+05 1.484517e+06 5.897129e+05 8.205769e+04 6.827953e+05 1.469198e+06 2.411960e+05 6.290984e+05 3.869722e+05 4.000368e+05 3.869722e+05 1.996292e+06 7.930532e+05 8.205769e+04 2.411960e+05 2.153766e+05 9.798411e+05 1.153575e+05 5.897129e+05 1.469198e+06 8.042782e+05 6.910715e+05 5.354076e+05 8.873604e+05 2.472174e+05 2.693118e+05 5.944658e+05 5.897129e+05 
1.328944e+06 4.385073e+05 1.761481e+05 4.563193e+05 3.744656e+05 6.662302e+04 1.302120e+05 2.147195e+05 2.411727e+05 6.290984e+05 3.869595e+05 4.000093e+05 3.869595e+05 1.656252e+06 7.930532e+05 6.662302e+04 2.411727e+05 2.150566e+05 6.195671e+05 1.150189e+05 3.744656e+05 2.147195e+05 5.708220e+05 4.198348e+05 5.352455e+05 1.816347e+05 2.465337e+05 2.692565e+05 5.943544e+05 3.744656e+05 
4.966460e+04 1.966445e+05 1.761481e+05 2.695791e+05 3.285340e+04 6.662055e+04 1.300170e+05 2.147057e+05 2.411716e+05 4.769651e+05 3.863349e+05 3.999858e+05 3.863349e+05 1.867517e+05 2.042423e+05 6.662055e+04 2.411716e+05 2.150566e+05 4.249018e+05 1.146739e+05 3.285340e+04 2.147057e+05 3.598426e+05 3.898772e+05 3.714693e+05 1.816347e+05 7.896590e+04 2.688920e+05 1.120695e+05 3.285340e+04 
4.943707e+04 1.965191e+05 1.232584e+05 6.963098e+04 1.974182e+04 6.584867e+04 1.293229e+05 2.147044e+05 1.786660e+04 8.444290e+04 7.570551e+04 1.234705e+05 7.570551e+04 1.867517e+05 1.849240e+05 6.584867e+04 1.786660e+04 2.146011e+05 2.308783e+05 1.146739e+05 1.974182e+04 2.147044e+05 1.021810e+05 2.005210e+05 3.713907e+05 6.605160e+04 7.892706e+04 5.929938e+03 1.120695e+05 1.974182e+04 
4.890085e+04 1.810577e+05 1.077184e+04 6.919128e+04 1.943829e+04 6.575018e+04 1.293229e+05 6.006911e+03 1.734846e+04 5.605783e+04 7.567499e+04 1.932079e+04 7.567499e+04 1.188954e+05 8.776152e+03 6.575018e+04 1.734846e+04 8.347163e+04 5.635430e+04 1.146739e+05 1.943829e+04 6.006911e+03 9.022108e+04 5.004705e+04 2.240813e+04 2.837599e+04 3.086173e+04 5.820423e+03 8.067009e+04 1.943829e+04 
3.016680e+04 3.881544e+04 2.006824e+03 1.097496e+04 2.703631e+03 2.500458e+04 3.998955e+03 6.002136e+03 1.037811e+04 1.861364e+04 6.448154e+03 4.479435e+03 6.448154e+03 2.245715e+04 5.147286e+03 2.500458e+04 1.037811e+04 3.749183e+03 2.726105e+04 4.049498e+04 2.703631e+03 6.002136e+03 7.646502e+03 4.731644e+03 2.123489e+03 3.540941e+03 1.102801e+04 4.302370e+03 7.004062e+04 2.703631e+03 
1.440709e+04 8.057385e+03 1.501771e+03 5.669145e+03 2.377061e+03 4.833584e+03 1.405235e+03 5.765505e+03 7.555977e+03 1.504336e+04 2.752381e+03 2.429214e+03 2.752381e+03 9.363846e+03 4.535450e+03 4.833584e+03 7.555977e+03 3.300578e+03 4.235870e+03 1.604631e+04 2.377061e+03 5.765505e+03 7.265189e+03 4.673136e+03 8.887814e+02 2.801018e+03 9.825652e+03 2.453353e+03 2.374712e+03 2.377061e+03 
4.429864e+02 5.762120e+02 1.426075e+03 3.182465e+02 1.664946e+03 4.198094e+02 5.531668e+02 8.201016e+02 5.973531e+02 9.216078e+02 3.559524e+02 5.530040e+02 3.559524e+02 2.848365e+02 1.054295e+03 4.198094e+02 5.973531e+02 8.818183e+02 4.199154e+02 4.850174e+02 1.664946e+03 8.201016e+02 4.813935e+02 7.198112e+02 7.886021e+02 8.449872e+02 7.337145e+02 7.715131e+02 2.265012e+02 1.664946e+03 
1.125106e+02 1.086272e+02 9.547156e+01 1.100766e+02 9.356378e+01 5.394298e+01 9.279529e+01 1.109647e+02 4.536555e+01 1.839904e+02 8.213833e+01 9.135227e+01 8.213833e+01 7.299243e+01 7.317964e+01 5.394298e+01 4.536555e+01 1.280917e+02 8.071312e+01 9.372173e+01 9.356378e+01 1.109647e+02 1.285486e+02 7.975033e+01 1.709804e+02 1.422950e+02 1.478472e+02 1.141804e+02 1.204424e+02 9.356378e+01 
1.239678e+01 6.245297e-01 3.522883e-01 2.905821e-01 1.211107e+00 2.830817e+00 1.038297e+00 1.206445e+00 2.408469e+00 6.640287e-01 1.169604e+01 1.154145e+00 1.169604e+01 1.316325e+01 1.230162e+00 2.830817e+00 2.408469e+00 2.198516e+00 2.081430e-01 8.866138e-01 1.211107e+00 1.206445e+00 2.451128e+00 1.825203e+01 1.258593e+01 2.456478e-01 1.122023e-08 1.337135e+01 1.927539e+00 1.211107e+00 
0.000000e+00 0.000000e+00 0.000000e+00 0.000000e+00 0.000000e+00 0.000000e+00 0.000000e+00 0.000000e+00 0.000000e+00 0.000000e+00 0.000000e+00 0.000000e+00 0.000000e+00 0.000000e+00 0.000000e+00 0.000000e+00 0.000000e+00 0.000000e+00 0.000000e+00 0.000000e+00 0.000000e+00 0.000000e+00 0.000000e+00 0.000000e+00 0.000000e+00 0.000000e+00 0.000000e+00 0.000000e+00 0.000000e+00 0.000000e+00 