1.005502e+03 9.552643e+02 9.725068e+02 9.262088e+02 9.503997e+02 1.213580e+03 1.125389e+03 1.096138e+03 1.065667e+03 1.037337e+03 9.974039e+02 1.129772e+03 9.529750e+02 1.218220e+03 1.113225e+03 1.213580e+03 1.167476e+03 1.034972e+03 1.060842e+03 9.942874e+02 1.098139e+03 1.079715e+03 9.338062e+02 1.056408e+03 1.060357e+03 1.084900e+03 1.130555e+03 9.784694e+02 1.040463e+03 1.098139e+03 
1.005502e+03 9.552643e+02 9.725068e+02 9.262088e+02 9.503997e+02 1.213580e+03 1.125389e+03 1.096138e+03 1.065667e+03 1.037337e+03 9.974039e+02 1.129772e+03 9.529750e+02 1.218220e+03 1.113225e+03 1.213580e+03 1.167476e+03 1.034972e+03 1.060842e+03 9.942874e+02 1.098139e+03 1.079715e+03 9.338062e+02 1.056408e+03 1.060357e+03 1.084900e+03 1.130555e+03 9.784694e+02 1.040463e+03 1.098139e+03 
1.005502e+03 9.552643e+02 9.725068e+02 9.262088e+02 9.503997e+02 1.213580e+03 1.125389e+03 1.096138e+03 1.065667e+03 1.037337e+03 9.974039e+02 1.129772e+03 9.529750e+02 1.218220e+03 1.113225e+03 1.213580e+03 1.167476e+03 1.034972e+03 1.060842e+03 9.942874e+02 1.098139e+03 1.079715e+03 9.338062e+02 1.056408e+03 1.060357e+03 1.084900e+03 1.130555e+03 9.784694e+02 1.040463e+03 1.098139e+03 
9.951626e+02 9.552643e+02 9.725068e+02 9.262088e+02 9.503997e+02 1.213580e+03 1.125389e+03 1.051924e+03 1.047667e+03 9.835928e+02 9.974039e+02 1.071049e+03 9.529750e+02 1.188921e+03 9.309891e+02 1.213580e+03 1.167476e+03 1.034972e+03 1.060842e+03 9.942874e+02 1.041479e+03 1.079715e+03 9.338062e+02 1.056408e+03 1.048157e+03 8.242738e+02 1.130555e+03 8.572524e+02 9.286895e+02 1.041479e+03 
9.570814e+02 9.552643e+02 9.351247e+02 9.078342e+02 9.503997e+02 1.038654e+03 1.122167e+03 1.027699e+03 1.047667e+03 9.048585e+02 9.530779e+02 1.071049e+03 9.529750e+02 1.188921e+03 9.309891e+02 1.038654e+03 1.143665e+03 9.317241e+02 1.060842e+03 9.942874e+02 1.012776e+03 1.069197e+03 9.336098e+02 1.056408e+03 1.048157e+03 8.242738e+02 1.080837e+03 8.099232e+02 9.286895e+02 1.012776e+03 
9.346509e+02 9.228955e+02 8.270902e+02 9.072875e+02 9.306937e+02 1.024706e+03 1.047821e+03 9.587959e+02 9.739403e+02 9.048585e+02 9.439788e+02 1.071049e+03 9.115847e+02 9.733950e+02 9.309891e+02 1.024706e+03 9.762131e+02 9.101055e+02 9.134141e+02 9.810905e+02 1.012776e+03 1.055706e+03 8.925595e+02 9.906996e+02 9.045208e+02 8.242738e+02 9.563809e+02 8.099232e+02 8.457006e+02 1.012776e+03 
8.766637e+02 8.591033e+02 8.181703e+02 8.157881e+02 9.016872e+02 9.762910e+02 8.827294e+02 8.353239e+02 9.583537e+02 7.979820e+02 8.535566e+02 9.764826e+02 7.857481e+02 8.808055e+02 8.404170e+02 9.762910e+02 8.437692e+02 8.689706e+02 8.054643e+02 9.384923e+02 8.507526e+02 8.510837e+02 8.490632e+02 9.301502e+02 8.618334e+02 8.150719e+02 9.149075e+02 8.099232e+02 7.785108e+02 8.507526e+02 
7.724728e+02 7.608825e+02 7.313170e+02 7.185195e+02 7.155068e+02 8.261459e+02 7.725685e+02 7.502212e+02 7.850821e+02 7.662003e+02 7.575945e+02 7.837699e+02 6.687648e+02 8.254087e+02 7.389342e+02 8.261459e+02 7.968683e+02 8.046259e+02 7.976230e+02 7.445775e+02 7.435092e+02 7.893939e+02 7.234200e+02 7.544758e+02 7.977315e+02 7.486793e+02 7.865409e+02 7.746092e+02 7.621250e+02 7.435092e+02 
6.316623e+02 6.825234e+02 6.601217e+02 6.592932e+02 6.435919e+02 6.898772e+02 7.070625e+02 7.081842e+02 6.595377e+02 6.392225e+02 6.758165e+02 6.874688e+02 6.392640e+02 6.853867e+02 6.706543e+02 6.898772e+02 6.499952e+02 7.002272e+02 6.854164e+02 6.694145e+02 6.678792e+02 6.675242e+02 6.487787e+02 6.206576e+02 6.711073e+02 6.637186e+02 6.553442e+02 6.733453e+02 6.457597e+02 6.678792e+02 
5.565861e+02 5.531449e+02 5.461747e+02 5.594529e+02 5.738887e+02 5.699015e+02 5.714276e+02 5.700786e+02 5.716375e+02 5.638034e+02 5.808718e+02 5.642999e+02 5.476461e+02 5.608740e+02 5.627120e+02 5.699015e+02 5.601826e+02 5.788392e+02 5.570130e+02 5.582729e+02 5.655122e+02 5.896143e+02 5.665601e+02 5.557885e+02 5.613478e+02 5.508533e+02 5.442631e+02 5.375589e+02 5.624132e+02 5.655122e+02 
4.863429e+02 4.895952e+02 4.825249e+02 4.798804e+02 4.772738e+02 4.764748e+02 4.802047e+02 4.763746e+02 4.784654e+02 4.815203e+02 4.749635e+02 4.706443e+02 4.694711e+02 4.742232e+02 4.817917e+02 4.764748e+02 4.635429e+02 4.680270e+02 4.745205e+02 4.730372e+02 4.737359e+02 4.720468e+02 4.785395e+02 4.710908e+02 4.089646e+02 4.716782e+02 4.743125e+02 4.651668e+02 3.520144e+02 4.737359e+02 
4.338568e+02 4.322893e+02 4.318854e+02 4.319858e+02 4.380071e+02 4.299919e+02 4.281913e+02 4.344810e+02 4.333228e+02 4.286337e+02 4.377168e+02 4.290524e+02 4.061146e+02 4.288506e+02 4.320950e+02 4.299919e+02 3.179556e+02 4.250598e+02 4.259470e+02 4.321668e+02 4.323823e+02 4.270186e+02 4.330283e+02 4.279486e+02 2.857169e+02 4.320202e+02 4.259583e+02 4.230945e+02 2.608683e+02 4.323823e+02 
4.080700e+02 4.125159e+02 4.106638e+02 3.237286e+02 4.104116e+02 4.101603e+02 4.083396e+02 4.071555e+02 2.070007e+02 4.032959e+02 4.055760e+02 4.115107e+02 2.367995e+02 2.562837e+02 4.090689e+02 4.101603e+02 1.879195e+02 4.094650e+02 4.056599e+02 4.104371e+02 4.076719e+02 4.020889e+02 2.065148e+02 4.071287e+02 2.504869e+02 4.047041e+02 2.709128e+02 3.326448e+02 2.223948e+02 4.076719e+02 
3.930348e+02 3.895496e+02 3.904974e+02 2.792535e+02 3.551141e+02 3.722558e+02 3.025347e+02 3.255068e+02 1.643083e+02 3.908287e+02 3.914903e+02 3.921896e+02 1.963618e+02 1.881767e+02 3.823334e+02 3.722558e+02 1.653666e+02 3.794837e+02 3.838532e+02 3.915654e+02 3.195223e+02 2.584000e+02 1.784709e+02 3.859094e+02 2.159636e+02 2.640340e+02 2.184627e+02 2.412922e+02 1.698439e+02 3.195223e+02 
3.000009e+02 3.000004e+02 3.000065e+02 1.998236e+02 1.663853e+02 3.000026e+02 1.766113e+02 1.550516e+02 1.020398e+02 3.000006e+02 3.000009e+02 3.000013e+02 1.001877e+02 1.609307e+02 3.000006e+02 3.000026e+02 1.002582e+02 3.000036e+02 3.000023e+02 3.000034e+02 1.890808e+02 1.899224e+02 1.464471e+02 3.000014e+02 1.005257e+02 1.808083e+02 1.688394e+02 1.862588e+02 1.001262e+02 1.890808e+02 
3.000000e+02 3.000000e+02 3.000000e+02 1.000000e+02 1.000000e+02 3.000000e+02 1.000000e+02 1.000000e+02 1.000000e+02 3.000000e+02 3.000000e+02 3.000000e+02 1.000000e+02 1.000000e+02 3.000000e+02 3.000000e+02 1.000000e+02 3.000000e+02 3.000000e+02 3.000000e+02 1.000000e+02 1.000000e+02 1.000000e+02 1.000000e+02 1.000000e+02 1.000000e+02 1.000000e+02 1.000000e+02 1.000000e+02 1.000000e+02 
0.000000e+00 0.000000e+00 0.000000e+00 0.000000e+00 0.000000e+00 0.000000e+00 0.000000e+00 0.000000e+00 0.000000e+00 0.000000e+00 0.000000e+00 0.000000e+00 0.000000e+00 0.000000e+00 0.000000e+00 0.000000e+00 0.000000e+00 0.000000e+00 0.000000e+00 0.000000e+00 0.000000e+00 0.000000e+00 0.000000e+00 0.000000e+00 0.000000e+00 0.000000e+00 0.000000e+00 0.000000e+00 0.000000e+00 0.000000e+00 