4.206231e+03 5.700070e+03 4.939545e+03 5.164362e+03 4.462457e+03 5.024824e+03 4.711979e+03 4.747722e+03 4.526152e+03 4.274117e+03 4.994882e+03 3.413579e+03 4.504069e+03 5.184759e+03 3.400387e+03 4.491346e+03 5.035034e+03 2.881695e+03 3.641537e+03 4.552935e+03 4.462457e+03 3.880006e+03 5.638935e+03 4.316923e+03 5.385241e+03 3.153707e+03 4.476370e+03 4.649546e+03 3.557985e+03 5.179387e+03 
4.206231e+03 5.700070e+03 4.939545e+03 5.164362e+03 4.462457e+03 5.024824e+03 4.711979e+03 4.747722e+03 4.526152e+03 4.274117e+03 4.994882e+03 3.413579e+03 4.504069e+03 5.184759e+03 3.400387e+03 4.491346e+03 5.035034e+03 2.881695e+03 3.641537e+03 4.552935e+03 4.462457e+03 3.880006e+03 5.638935e+03 4.316923e+03 5.385241e+03 3.153707e+03 4.476370e+03 4.649546e+03 3.557985e+03 5.179387e+03 
4.206231e+03 5.700070e+03 4.939545e+03 5.164362e+03 4.462457e+03 5.024824e+03 4.711979e+03 4.747722e+03 4.526152e+03 4.274117e+03 4.994882e+03 3.413579e+03 4.504069e+03 5.184759e+03 3.400387e+03 4.491346e+03 5.035034e+03 2.881695e+03 3.641537e+03 4.552935e+03 4.462457e+03 3.880006e+03 5.638935e+03 4.316923e+03 5.385241e+03 3.153707e+03 4.476370e+03 4.649546e+03 3.557985e+03 5.179387e+03 
4.206231e+03 5.700070e+03 4.939545e+03 5.164362e+03 4.462457e+03 5.005970e+03 4.711979e+03 4.747722e+03 4.445034e+03 3.705684e+03 4.992566e+03 3.413579e+03 4.504069e+03 4.109902e+03 3.400387e+03 4.491346e+03 4.874045e+03 2.881695e+03 3.641537e+03 4.552935e+03 4.462457e+03 3.218121e+03 5.638935e+03 3.428651e+03 5.019408e+03 3.153707e+03 3.192094e+03 4.649546e+03 3.557985e+03 5.062207e+03 
4.206231e+03 3.889113e+03 4.323773e+03 5.141907e+03 3.673643e+03 4.449776e+03 4.549124e+03 4.747722e+03 3.677027e+03 3.650708e+03 4.992566e+03 3.212741e+03 4.504069e+03 4.109902e+03 2.935566e+03 3.071142e+03 4.322821e+03 2.881695e+03 3.616886e+03 2.401868e+03 3.673643e+03 3.218121e+03 5.638935e+03 2.371208e+03 4.951647e+03 3.153707e+03 3.192094e+03 4.649546e+03 2.845954e+03 4.114127e+03 
4.031567e+03 3.889113e+03 4.158811e+03 5.024454e+03 3.580057e+03 3.876535e+03 4.520493e+03 3.501141e+03 3.472079e+03 3.006175e+03 3.625119e+03 2.462700e+03 2.615064e+03 4.055530e+03 2.871782e+03 2.464634e+03 4.153272e+03 2.341649e+03 3.341910e+03 2.401868e+03 3.580057e+03 2.818924e+03 3.839989e+03 2.370330e+03 3.474094e+03 2.618455e+03 3.142579e+03 3.581098e+03 2.198035e+03 3.272969e+03 
1.725062e+03 3.540322e+03 2.887595e+03 3.901997e+03 2.615959e+03 2.940510e+03 2.801898e+03 3.021148e+03 2.475344e+03 2.957925e+03 3.015279e+03 2.423273e+03 2.335936e+03 3.043133e+03 2.737584e+03 2.366099e+03 2.813045e+03 2.341649e+03 3.341650e+03 2.394460e+03 2.615959e+03 2.681988e+03 2.871391e+03 2.370128e+03 2.567680e+03 2.594690e+03 3.134253e+03 3.247299e+03 2.019663e+03 2.583886e+03 
1.725062e+03 1.966360e+03 2.647626e+03 2.678212e+03 1.725610e+03 2.107902e+03 2.230191e+03 1.878486e+03 1.763649e+03 1.753192e+03 1.369869e+03 1.321105e+03 1.911714e+03 2.166369e+03 1.542463e+03 2.044914e+03 1.532155e+03 1.644047e+03 1.482125e+03 1.740944e+03 1.725610e+03 1.986965e+03 2.235525e+03 2.096383e+03 2.357502e+03 1.879514e+03 2.163960e+03 2.084617e+03 1.997340e+03 1.353174e+03 
9.959199e+02 1.252674e+03 1.313023e+03 1.570655e+03 1.229875e+03 1.092494e+03 1.607180e+03 1.208347e+03 1.511565e+03 1.297641e+03 1.155172e+03 1.074609e+03 1.300502e+03 1.442601e+03 1.179296e+03 1.201057e+03 1.280620e+03 1.256132e+03 1.377209e+03 1.131242e+03 1.229875e+03 1.167815e+03 1.295277e+03 1.367328e+03 1.257591e+03 1.383040e+03 1.526782e+03 1.333102e+03 1.373884e+03 1.162356e+03 
7.745729e+02 9.176529e+02 9.647928e+02 9.699453e+02 8.278519e+02 8.177045e+02 1.075417e+03 8.518912e+02 9.028330e+02 9.025080e+02 8.826992e+02 8.646244e+02 9.291614e+02 8.997016e+02 8.181871e+02 8.546832e+02 8.803661e+02 8.916893e+02 7.424462e+02 9.226577e+02 8.278519e+02 7.605455e+02 8.407773e+02 8.174642e+02 8.847264e+02 8.364991e+02 7.485757e+02 8.126575e+02 7.481626e+02 8.686634e+02 
5.623886e+02 5.893182e+02 6.122888e+02 5.838600e+02 5.352500e+02 5.501150e+02 5.881102e+02 5.880572e+02 5.802728e+02 5.949946e+02 5.554325e+02 5.807326e+02 5.429313e+02 5.863845e+02 5.654774e+02 5.902072e+02 5.857032e+02 5.695452e+02 5.686241e+02 5.864571e+02 5.352500e+02 5.649706e+02 5.941344e+02 5.810008e+02 5.925518e+02 5.996059e+02 6.010373e+02 6.049835e+02 5.712677e+02 5.793987e+02 
4.782073e+02 4.661974e+02 5.021819e+02 4.695950e+02 5.006544e+02 4.854608e+02 4.806374e+02 4.612627e+02 4.849436e+02 4.803730e+02 4.596533e+02 4.925093e+02 4.771036e+02 4.892575e+02 4.552244e+02 4.846100e+02 4.809881e+02 4.959523e+02 4.764092e+02 4.598628e+02 5.006544e+02 4.814328e+02 4.673018e+02 4.598926e+02 4.585689e+02 4.688753e+02 4.806825e+02 4.785257e+02 4.570356e+02 4.669266e+02 
4.102408e+02 4.151428e+02 4.302749e+02 4.071539e+02 4.295643e+02 4.155544e+02 4.083834e+02 4.125985e+02 4.125990e+02 4.063444e+02 4.069603e+02 4.145374e+02 4.124787e+02 4.194369e+02 4.035895e+02 4.162034e+02 4.075395e+02 4.207519e+02 4.050996e+02 4.055236e+02 4.295643e+02 4.149910e+02 4.040873e+02 4.034955e+02 4.055526e+02 4.095535e+02 4.200537e+02 4.069245e+02 4.038614e+02 4.045801e+02 
4.000023e+02 4.000043e+02 4.000125e+02 4.000013e+02 4.000339e+02 4.000037e+02 4.000014e+02 4.000022e+02 4.000033e+02 4.000016e+02 4.000012e+02 4.000038e+02 4.000019e+02 4.000041e+02 4.000006e+02 4.000043e+02 4.000015e+02 4.000055e+02 4.000008e+02 4.000011e+02 4.000339e+02 4.000032e+02 4.000007e+02 4.000008e+02 4.000007e+02 4.000015e+02 4.000056e+02 4.000018e+02 4.000007e+02 4.000010e+02 
4.000000e+02 4.000000e+02 4.000000e+02 4.000000e+02 4.000000e+02 4.000000e+02 4.000000e+02 4.000000e+02 4.000000e+02 4.000000e+02 4.000000e+02 4.000000e+02 4.000000e+02 4.000000e+02 4.000000e+02 4.000000e+02 4.000000e+02 4.000000e+02 4.000000e+02 4.000000e+02 4.000000e+02 4.000000e+02 4.000000e+02 4.000000e+02 4.000000e+02 4.000000e+02 4.000000e+02 4.000000e+02 4.000000e+02 4.000000e+02 
4.000000e+02 4.000000e+02 4.000000e+02 4.000000e+02 4.000000e+02 4.000000e+02 4.000000e+02 4.000000e+02 4.000000e+02 4.000000e+02 4.000000e+02 4.000000e+02 4.000000e+02 4.000000e+02 4.000000e+02 4.000000e+02 4.000000e+02 4.000000e+02 4.000000e+02 4.000000e+02 4.000000e+02 4.000000e+02 4.000000e+02 4.000000e+02 4.000000e+02 4.000000e+02 4.000000e+02 4.000000e+02 4.000000e+02 4.000000e+02 
0.000000e+00 0.000000e+00 0.000000e+00 0.000000e+00 0.000000e+00 0.000000e+00 0.000000e+00 0.000000e+00 0.000000e+00 0.000000e+00 0.000000e+00 0.000000e+00 0.000000e+00 0.000000e+00 0.000000e+00 0.000000e+00 0.000000e+00 0.000000e+00 0.000000e+00 0.000000e+00 0.000000e+00 0.000000e+00 0.000000e+00 0.000000e+00 0.000000e+00 0.000000e+00 0.000000e+00 0.000000e+00 0.000000e+00 0.000000e+00 