1.482466e+03 1.043722e+03 1.558808e+03 1.070467e+03 6.797538e+02 1.298335e+03 1.050050e+03 1.879573e+03 8.842993e+02 1.054136e+03 1.397967e+03 1.628129e+03 1.397967e+03 1.292939e+03 7.209416e+02 1.298335e+03 1.125554e+03 1.442716e+03 1.242424e+03 1.143938e+03 6.797538e+02 1.324649e+03 1.447658e+03 1.022592e+03 1.118155e+03 1.163954e+03 1.258969e+03 1.286095e+03 1.017759e+03 1.113621e+03 
1.048092e+03 1.000189e+03 1.040446e+03 1.070467e+03 6.797538e+02 1.298335e+03 1.050050e+03 1.571891e+03 8.842993e+02 1.054136e+03 1.149537e+03 1.222623e+03 1.149537e+03 1.292939e+03 7.209416e+02 1.298335e+03 1.111516e+03 1.130753e+03 8.331945e+02 1.143938e+03 6.797538e+02 8.050396e+02 1.447658e+03 1.022592e+03 1.118155e+03 1.163954e+03 1.258969e+03 1.209059e+03 6.248214e+02 1.113621e+03 
1.048092e+03 1.000189e+03 1.040446e+03 1.070467e+03 6.797538e+02 1.298335e+03 1.050050e+03 1.571891e+03 8.842993e+02 1.054136e+03 1.149537e+03 1.222623e+03 1.149537e+03 1.292939e+03 7.209416e+02 1.298335e+03 1.111516e+03 1.130753e+03 8.331945e+02 1.143938e+03 6.797538e+02 8.050396e+02 1.447658e+03 1.022592e+03 1.118155e+03 1.163954e+03 1.258969e+03 1.209059e+03 6.248214e+02 1.113621e+03 
1.048092e+03 1.000189e+03 1.040446e+03 1.070467e+03 6.797538e+02 1.298335e+03 1.050050e+03 1.571891e+03 8.527876e+02 9.086566e+02 1.078852e+03 1.158163e+03 1.078852e+03 7.084590e+02 7.209416e+02 1.298335e+03 1.111516e+03 8.871896e+02 8.331945e+02 9.645398e+02 6.797538e+02 7.708911e+02 1.447658e+03 8.205644e+02 1.118155e+03 1.163954e+03 1.126481e+03 9.277818e+02 5.970654e+02 1.113621e+03 
1.048092e+03 1.000189e+03 1.040446e+03 1.070467e+03 6.322835e+02 1.129884e+03 7.515906e+02 1.054617e+03 7.467820e+02 8.434468e+02 1.019644e+03 1.110525e+03 1.019644e+03 7.084590e+02 6.301197e+02 1.129884e+03 1.110822e+03 8.594775e+02 8.331945e+02 8.608693e+02 6.322835e+02 7.708911e+02 1.194874e+03 7.790221e+02 1.019763e+03 9.773303e+02 1.059021e+03 6.996465e+02 5.412653e+02 7.286704e+02 
1.020501e+03 8.108225e+02 7.054068e+02 7.054832e+02 6.273656e+02 9.900093e+02 7.169466e+02 8.760133e+02 7.467820e+02 8.196871e+02 7.060502e+02 9.444436e+02 7.060502e+02 7.029289e+02 6.301197e+02 9.900093e+02 8.024244e+02 7.657293e+02 8.331924e+02 7.755164e+02 6.273656e+02 7.708911e+02 9.693496e+02 6.827397e+02 9.384501e+02 6.368832e+02 7.861845e+02 6.996465e+02 5.412653e+02 6.167236e+02 
7.445033e+02 6.837713e+02 5.823566e+02 6.259644e+02 6.147023e+02 8.344634e+02 4.967725e+02 5.434219e+02 5.359703e+02 7.119156e+02 6.714614e+02 5.926865e+02 6.714614e+02 5.617039e+02 5.909972e+02 8.344634e+02 7.973172e+02 6.952367e+02 6.100344e+02 5.542096e+02 6.147023e+02 7.027023e+02 8.267594e+02 6.619869e+02 5.629554e+02 5.048208e+02 7.045494e+02 5.485902e+02 4.914721e+02 5.523646e+02 
5.618769e+02 5.296820e+02 5.507022e+02 5.410991e+02 5.729899e+02 6.127196e+02 4.967725e+02 5.381901e+02 5.144804e+02 5.563105e+02 5.184754e+02 5.789929e+02 5.184754e+02 5.617039e+02 5.582902e+02 6.127196e+02 5.173828e+02 6.112199e+02 5.423810e+02 5.289542e+02 5.729899e+02 6.142870e+02 6.177138e+02 6.477854e+02 5.255302e+02 4.792252e+02 5.925706e+02 4.887618e+02 4.741981e+02 5.284872e+02 
4.940804e+02 4.979055e+02 4.750738e+02 4.923879e+02 4.776942e+02 4.832320e+02 4.762219e+02 4.772888e+02 4.750617e+02 4.570368e+02 4.721790e+02 5.059750e+02 4.721790e+02 5.022789e+02 4.901821e+02 4.832320e+02 4.684479e+02 4.920213e+02 4.972075e+02 4.867625e+02 4.776942e+02 4.974112e+02 5.288651e+02 4.654298e+02 4.731329e+02 4.653455e+02 4.795607e+02 4.823015e+02 4.522167e+02 4.879525e+02 
4.693424e+02 4.646132e+02 4.624550e+02 4.601625e+02 4.481746e+02 4.612340e+02 4.378217e+02 4.563968e+02 4.525186e+02 4.533084e+02 4.388785e+02 4.621969e+02 4.388785e+02 4.384048e+02 4.627119e+02 4.612340e+02 4.623835e+02 4.575645e+02 4.688060e+02 4.556833e+02 4.481746e+02 4.454570e+02 4.663364e+02 4.325241e+02 4.579414e+02 4.462757e+02 4.424488e+02 4.622527e+02 4.483817e+02 4.474703e+02 
4.429074e+02 4.273331e+02 4.202713e+02 4.177838e+02 4.219592e+02 4.200571e+02 4.170725e+02 4.353206e+02 4.266779e+02 4.299400e+02 4.187935e+02 4.361733e+02 4.187935e+02 4.191315e+02 4.407513e+02 4.200571e+02 4.247497e+02 4.282578e+02 4.241722e+02 4.368082e+02 4.219592e+02 4.256238e+02 4.332170e+02 4.226895e+02 4.248528e+02 4.075733e+02 4.272953e+02 4.311267e+02 4.274959e+02 4.336078e+02 
4.125093e+02 4.092332e+02 4.102199e+02 4.146698e+02 4.076705e+02 4.171578e+02 4.134156e+02 4.205723e+02 4.208836e+02 4.118720e+02 4.056389e+02 4.108861e+02 4.056389e+02 4.156758e+02 4.202320e+02 4.171578e+02 4.183304e+02 4.103408e+02 4.091802e+02 4.203594e+02 4.076705e+02 4.106722e+02 4.097546e+02 4.048609e+02 4.082828e+02 4.051164e+02 4.126012e+02 4.138545e+02 4.189359e+02 4.166300e+02 
4.028948e+02 4.008294e+02 4.009327e+02 4.067924e+02 4.028242e+02 4.089593e+02 4.025891e+02 4.098724e+02 4.027118e+02 4.019135e+02 4.028635e+02 4.034405e+02 4.028635e+02 4.042963e+02 4.025718e+02 4.089593e+02 4.019385e+02 4.043375e+02 4.017076e+02 4.099615e+02 4.028242e+02 4.025194e+02 4.004362e+02 3.992032e+02 4.016646e+02 4.015866e+02 4.043480e+02 4.015418e+02 4.086542e+02 4.039351e+02 
3.993897e+02 3.465613e+02 3.836710e+02 3.987168e+02 4.007509e+02 4.018467e+02 3.988112e+02 3.348712e+02 4.000381e+02 3.996975e+02 3.522784e+02 3.998019e+02 3.522784e+02 3.989792e+02 3.741143e+02 4.018467e+02 3.979970e+02 3.993425e+02 3.984199e+02 3.983100e+02 4.007509e+02 3.990409e+02 3.980731e+02 3.979389e+02 3.986275e+02 4.000044e+02 3.989390e+02 3.982010e+02 4.050980e+02 3.989665e+02 
3.977430e+02 2.144416e+02 2.186125e+02 3.977429e+02 3.977432e+02 3.979147e+02 2.554683e+02 1.966728e+02 3.977429e+02 1.863526e+02 1.914507e+02 3.977442e+02 1.914507e+02 3.977440e+02 2.072842e+02 3.979147e+02 2.021240e+02 2.597121e+02 3.977429e+02 3.977429e+02 3.977432e+02 1.986216e+02 3.977429e+02 3.977429e+02 3.977429e+02 2.488385e+02 3.977429e+02 3.977429e+02 3.986388e+02 3.977429e+02 
3.977429e+02 1.000280e+02 1.000117e+02 3.977429e+02 3.977429e+02 3.977429e+02 1.000055e+02 1.000105e+02 3.977429e+02 1.000324e+02 1.000290e+02 3.977429e+02 1.000290e+02 3.977429e+02 1.000096e+02 3.977429e+02 1.000102e+02 1.000159e+02 3.977429e+02 3.977429e+02 3.977429e+02 1.000220e+02 3.977429e+02 3.977429e+02 3.977429e+02 1.000110e+02 3.977429e+02 3.977429e+02 3.977429e+02 3.977429e+02 
0.000000e+00 0.000000e+00 0.000000e+00 0.000000e+00 0.000000e+00 0.000000e+00 0.000000e+00 0.000000e+00 0.000000e+00 0.000000e+00 0.000000e+00 0.000000e+00 0.000000e+00 0.000000e+00 0.000000e+00 0.000000e+00 0.000000e+00 0.000000e+00 0.000000e+00 0.000000e+00 0.000000e+00 0.000000e+00 0.000000e+00 0.000000e+00 0.000000e+00 0.000000e+00 0.000000e+00 0.000000e+00 0.000000e+00 0.000000e+00 