1.060790e+07 2.130851e+06 6.557248e+06 2.106266e+07 2.473397e+06 1.610034e+06 6.050974e+06 4.908922e+06 1.311242e+06 8.476648e+06 1.349896e+07 9.346260e+06 9.850802e+06 1.718783e+06 1.715686e+07 1.610034e+06 3.418119e+06 5.899684e+06 4.302036e+06 6.311736e+06 4.500746e+06 4.754560e+06 9.978115e+06 1.535212e+07 1.540598e+07 4.754560e+06 6.607141e+06 7.105254e+06 1.334007e+07 4.500746e+06 
1.060790e+07 2.130851e+06 6.557248e+06 2.106266e+07 2.473397e+06 1.610034e+06 6.050974e+06 4.908922e+06 1.311242e+06 8.476648e+06 1.349896e+07 9.346260e+06 9.850802e+06 1.718783e+06 1.715686e+07 1.610034e+06 3.418119e+06 5.899684e+06 4.302036e+06 6.311736e+06 4.500746e+06 4.754560e+06 9.978115e+06 1.535212e+07 1.540598e+07 4.754560e+06 6.607141e+06 7.105254e+06 1.334007e+07 4.500746e+06 
1.060790e+07 2.130851e+06 6.557248e+06 2.106266e+07 2.473397e+06 1.610034e+06 6.050974e+06 4.908922e+06 1.311242e+06 8.476648e+06 1.349896e+07 9.346260e+06 9.850802e+06 1.718783e+06 1.715686e+07 1.610034e+06 3.418119e+06 5.899684e+06 4.302036e+06 6.311736e+06 4.500746e+06 4.754560e+06 9.978115e+06 1.535212e+07 1.540598e+07 4.754560e+06 6.607141e+06 7.105254e+06 1.334007e+07 4.500746e+06 
1.060790e+07 2.130851e+06 6.557248e+06 2.106266e+07 2.473397e+06 1.608717e+06 6.050974e+06 4.908922e+06 1.311242e+06 8.476648e+06 7.863386e+06 9.346260e+06 9.672265e+06 1.718783e+06 1.715686e+07 1.608717e+06 3.418119e+06 5.111097e+06 4.302036e+06 6.311736e+06 4.500557e+06 4.754560e+06 9.978115e+06 1.535212e+07 9.188893e+06 4.754560e+06 6.607141e+06 7.105254e+06 1.334007e+07 4.500557e+06 
1.060790e+07 2.130803e+06 6.556799e+06 9.225025e+06 2.473397e+06 1.608717e+06 6.050884e+06 4.908922e+06 1.311242e+06 5.756876e+06 7.862905e+06 9.346188e+06 9.672265e+06 1.718783e+06 1.715686e+07 1.608717e+06 3.418119e+06 5.080399e+06 4.302036e+06 4.104316e+06 4.500557e+06 4.754560e+06 9.978115e+06 1.116427e+07 9.185294e+06 4.754560e+06 6.606410e+06 7.105254e+06 2.608277e+06 4.500557e+06 
8.154664e+06 2.130803e+06 6.284103e+06 4.852754e+06 2.473397e+06 1.608717e+06 6.050638e+06 2.715848e+06 1.311242e+06 3.859302e+06 1.384577e+06 9.346188e+06 3.244349e+06 1.718783e+06 1.204621e+07 1.608717e+06 3.418100e+06 5.080373e+06 4.302036e+06 4.104316e+06 3.915611e+06 4.754560e+06 4.337026e+06 1.116405e+07 6.291975e+06 4.754560e+06 4.319544e+06 7.105254e+06 2.607964e+06 3.915611e+06 
1.978300e+06 1.442261e+06 4.770480e+06 7.226599e+05 2.254519e+06 1.608717e+06 2.745625e+06 2.715848e+06 1.311242e+06 3.435290e+05 1.383482e+06 6.103700e+06 2.845964e+06 1.718783e+06 4.628026e+06 1.608717e+06 3.375970e+06 1.365321e+06 1.849617e+06 3.773410e+06 2.014364e+06 1.486060e+06 1.883966e+06 6.210624e+06 6.291975e+06 1.486060e+06 1.704654e+06 7.105254e+06 2.607602e+06 2.014364e+06 
1.362817e+06 1.442261e+06 1.548645e+06 7.226598e+05 2.254214e+06 1.597163e+06 1.571763e+06 2.008420e+06 1.311242e+06 3.435290e+05 1.383482e+06 5.863233e+06 1.444277e+06 8.083860e+05 1.650069e+06 1.597163e+06 3.069858e+06 1.312884e+06 1.223802e+06 2.346063e+06 1.999835e+06 1.376252e+06 1.102100e+06 3.057010e+06 3.559955e+06 1.376252e+06 1.263759e+06 2.937798e+06 2.280435e+06 1.999835e+06 
8.302764e+05 6.685762e+05 1.102040e+06 6.766067e+05 6.669868e+05 9.163348e+05 1.174892e+06 9.492578e+05 1.154821e+06 3.435290e+05 9.252363e+05 2.319424e+06 5.323637e+05 8.078053e+05 1.568521e+06 9.163348e+05 7.245300e+05 1.312884e+06 1.119706e+06 2.925250e+05 1.091500e+06 3.060493e+05 1.099948e+06 1.753548e+06 1.338490e+06 3.060493e+05 5.008747e+05 1.160208e+06 1.151414e+06 1.091500e+06 
1.324320e+05 4.653564e+05 2.425788e+05 6.764980e+05 2.013503e+05 3.945555e+05 4.936341e+05 7.917098e+05 4.508987e+05 3.151862e+05 1.139005e+05 6.920644e+05 1.211041e+05 5.914312e+05 6.767100e+05 3.945555e+05 6.675325e+05 5.618406e+05 4.745642e+05 2.916188e+05 6.247370e+05 1.340963e+05 6.261727e+05 1.938244e+05 6.966642e+05 1.340963e+05 4.988032e+05 3.171928e+05 4.448410e+05 6.247370e+05 
1.201887e+05 1.060467e+05 2.963823e+04 3.304062e+05 5.889261e+04 2.611514e+05 1.901538e+05 9.185875e+04 2.323849e+05 2.172024e+05 8.032089e+04 9.656918e+04 7.641412e+04 2.024250e+05 3.732320e+05 2.611514e+05 1.726719e+05 1.845666e+05 3.323224e+05 1.695652e+05 1.208226e+05 3.985622e+04 6.493402e+04 1.936697e+05 3.329079e+05 3.985622e+04 1.098596e+05 1.576563e+05 1.202161e+05 1.208226e+05 
1.553856e+04 5.512962e+04 1.491687e+04 1.213751e+05 1.686644e+04 6.550855e+04 3.691274e+04 5.803807e+03 6.002192e+04 3.475544e+04 8.237302e+02 6.132586e+04 3.125052e+04 1.058000e+05 3.743461e+04 6.550855e+04 5.505270e+02 9.899046e+01 1.783139e+03 6.696938e+04 2.493693e+04 1.898313e+04 4.503023e+04 3.696732e+02 1.014377e+05 1.898313e+04 4.811584e+04 4.276192e+03 4.497299e+04 2.493693e+04 
3.429003e+02 4.783817e+02 3.490434e+02 5.324149e+00 2.282417e+02 1.609694e+03 8.264773e+02 2.136454e+01 5.191479e+00 6.137349e+02 8.161649e+02 1.326664e+02 5.280162e+02 1.033260e+02 8.163551e+02 1.609694e+03 5.208119e+01 7.539555e+00 9.736689e+00 3.691564e+01 8.980097e+02 8.495784e+02 1.385552e+02 4.330409e+01 5.804873e+02 8.495784e+02 3.394528e+00 4.051426e+02 7.541390e+02 8.980097e+02 
9.951448e-01 7.396717e-02 3.647209e-01 1.658431e-01 7.982487e-01 7.103463e-02 4.566347e-01 6.679518e-01 7.203794e-01 6.345522e-01 4.236094e-01 1.104111e+00 1.464886e+01 4.356317e-01 1.210046e+00 7.103463e-02 1.457020e-01 5.400071e-01 3.633370e-02 2.576093e-01 1.430776e-01 3.210803e-02 4.804800e-01 9.885047e-02 5.128934e-01 3.210803e-02 2.990945e-01 3.349291e-01 2.330093e-01 1.430776e-01 
1.168420e-02 2.295070e-03 1.351583e-02 9.073662e-03 1.362579e-02 9.022950e-03 9.727355e-03 5.028642e-05 5.965271e-03 2.836037e-02 1.274383e-02 1.030408e-02 7.226448e-03 3.490027e-03 1.978104e-02 9.022950e-03 8.027579e-03 8.184654e-03 1.157809e-02 3.187649e-03 7.328877e-03 2.639263e-03 9.128883e-03 8.731074e-03 2.922694e-02 2.639263e-03 8.108295e-03 1.310023e-02 9.478359e-04 7.328877e-03 
0.000000e+00 0.000000e+00 0.000000e+00 0.000000e+00 0.000000e+00 0.000000e+00 0.000000e+00 0.000000e+00 0.000000e+00 0.000000e+00 0.000000e+00 0.000000e+00 0.000000e+00 0.000000e+00 0.000000e+00 0.000000e+00 0.000000e+00 0.000000e+00 0.000000e+00 0.000000e+00 0.000000e+00 0.000000e+00 0.000000e+00 0.000000e+00 0.000000e+00 0.000000e+00 0.000000e+00 0.000000e+00 0.000000e+00 0.000000e+00 
0.000000e+00 0.000000e+00 0.000000e+00 0.000000e+00 0.000000e+00 0.000000e+00 0.000000e+00 0.000000e+00 0.000000e+00 0.000000e+00 0.000000e+00 0.000000e+00 0.000000e+00 0.000000e+00 0.000000e+00 0.000000e+00 0.000000e+00 0.000000e+00 0.000000e+00 0.000000e+00 0.000000e+00 0.000000e+00 0.000000e+00 0.000000e+00 0.000000e+00 0.000000e+00 0.000000e+00 0.000000e+00 0.000000e+00 0.000000e+00 