2.355743e+03 2.013810e+03 2.346876e+03 2.336614e+03 2.346876e+03 2.024668e+03 2.465191e+03 2.133867e+03 2.255567e+03 2.127843e+03 2.198189e+03 1.935597e+03 2.198189e+03 2.399550e+03 2.406817e+03 2.024668e+03 2.227378e+03 2.346876e+03 2.024668e+03 2.517834e+03 2.346876e+03 2.133867e+03 2.426542e+03 2.406817e+03 2.136273e+03 2.133867e+03 2.227378e+03 2.166682e+03 1.935597e+03 2.346876e+03 
2.355743e+03 2.013810e+03 2.225648e+03 2.336614e+03 2.225648e+03 2.024668e+03 2.394163e+03 2.133867e+03 2.056118e+03 2.076898e+03 2.152493e+03 1.935597e+03 2.152493e+03 1.893733e+03 1.962174e+03 2.024668e+03 2.227378e+03 2.225648e+03 2.024668e+03 2.186887e+03 2.225648e+03 2.133867e+03 1.832620e+03 1.962174e+03 1.855352e+03 2.133867e+03 2.227378e+03 1.803745e+03 1.935597e+03 2.225648e+03 
2.355743e+03 2.013810e+03 2.225648e+03 2.336614e+03 2.225648e+03 2.024668e+03 2.394163e+03 2.133867e+03 2.056118e+03 2.076898e+03 2.152493e+03 1.935597e+03 2.152493e+03 1.893733e+03 1.962174e+03 2.024668e+03 2.227378e+03 2.225648e+03 2.024668e+03 2.186887e+03 2.225648e+03 2.133867e+03 1.832620e+03 1.962174e+03 1.855352e+03 2.133867e+03 2.227378e+03 1.803745e+03 1.935597e+03 2.225648e+03 
2.048824e+03 2.013810e+03 2.225648e+03 2.262942e+03 2.225648e+03 2.024668e+03 2.042628e+03 2.133867e+03 2.012811e+03 2.044091e+03 2.152493e+03 1.935597e+03 2.152493e+03 1.893733e+03 1.962174e+03 2.024668e+03 2.227378e+03 2.225648e+03 2.024668e+03 2.186887e+03 2.225648e+03 2.133867e+03 1.832620e+03 1.962174e+03 1.786949e+03 2.133867e+03 2.227378e+03 1.803745e+03 1.935597e+03 2.225648e+03 
1.758490e+03 1.970366e+03 1.845261e+03 1.883704e+03 1.845261e+03 1.611496e+03 1.604815e+03 1.878914e+03 2.012811e+03 1.733708e+03 1.711909e+03 1.935597e+03 1.711909e+03 1.575572e+03 1.387703e+03 1.611496e+03 1.990680e+03 1.845261e+03 1.611496e+03 2.046222e+03 1.845261e+03 1.878914e+03 1.832620e+03 1.387703e+03 1.786949e+03 1.878914e+03 1.990680e+03 1.803745e+03 1.935597e+03 1.845261e+03 
1.626311e+03 1.467511e+03 1.500766e+03 1.689438e+03 1.500766e+03 1.611496e+03 1.604815e+03 1.762799e+03 2.012811e+03 1.733708e+03 1.711909e+03 1.699384e+03 1.711909e+03 1.575572e+03 1.387703e+03 1.611496e+03 1.965134e+03 1.500766e+03 1.611496e+03 1.941646e+03 1.500766e+03 1.762799e+03 1.817372e+03 1.387703e+03 1.786949e+03 1.762799e+03 1.965134e+03 1.803745e+03 1.699384e+03 1.500766e+03 
1.548731e+03 1.467511e+03 1.500766e+03 1.471421e+03 1.500766e+03 1.582262e+03 1.604815e+03 1.762799e+03 1.732542e+03 1.199140e+03 1.672695e+03 1.659899e+03 1.672695e+03 1.575572e+03 1.387703e+03 1.582262e+03 1.413050e+03 1.500766e+03 1.582262e+03 1.528998e+03 1.500766e+03 1.762799e+03 1.410929e+03 1.387703e+03 1.605611e+03 1.762799e+03 1.413050e+03 1.803745e+03 1.659899e+03 1.500766e+03 
1.545217e+03 1.386502e+03 1.500766e+03 1.355403e+03 1.500766e+03 1.244192e+03 1.604815e+03 1.273801e+03 1.077115e+03 1.199140e+03 1.362123e+03 1.519445e+03 1.362123e+03 1.109069e+03 1.340723e+03 1.244192e+03 1.377037e+03 1.500766e+03 1.244192e+03 1.366551e+03 1.500766e+03 1.273801e+03 1.160551e+03 1.340723e+03 9.640125e+02 1.273801e+03 1.377037e+03 1.356539e+03 1.519445e+03 1.500766e+03 
1.212362e+03 1.386502e+03 1.499720e+03 1.118602e+03 1.499720e+03 1.215592e+03 1.417612e+03 1.273801e+03 1.077115e+03 9.447374e+02 1.233318e+03 1.287806e+03 1.233318e+03 1.109069e+03 1.340723e+03 1.215592e+03 1.191614e+03 1.499720e+03 1.215592e+03 1.243952e+03 1.499720e+03 1.273801e+03 1.012001e+03 1.340723e+03 9.640125e+02 1.273801e+03 1.191614e+03 1.026889e+03 1.287806e+03 1.499720e+03 
7.380228e+02 1.107205e+03 1.102558e+03 1.001823e+03 1.102558e+03 8.993573e+02 1.095338e+03 1.143790e+03 1.017645e+03 9.447374e+02 1.233318e+03 8.965411e+02 1.233318e+03 8.911981e+02 1.152322e+03 8.993573e+02 8.651012e+02 1.102558e+03 8.993573e+02 1.085438e+03 1.102558e+03 1.143790e+03 1.012001e+03 1.152322e+03 9.614522e+02 1.143790e+03 8.651012e+02 7.483831e+02 8.965411e+02 1.102558e+03 
7.380228e+02 8.262570e+02 9.791248e+02 7.982435e+02 9.791248e+02 8.872951e+02 1.033082e+03 7.223382e+02 9.732729e+02 7.751976e+02 9.230429e+02 8.965411e+02 9.230429e+02 6.414229e+02 8.836969e+02 8.872951e+02 8.577522e+02 9.791248e+02 8.872951e+02 9.136042e+02 9.791248e+02 7.223382e+02 1.012001e+03 8.836969e+02 8.515977e+02 7.223382e+02 8.577522e+02 7.483831e+02 8.965411e+02 9.791248e+02 
5.593680e+02 6.340778e+02 9.370955e+02 6.371084e+02 9.370955e+02 7.990976e+02 7.425333e+02 6.037989e+02 6.040970e+02 7.593102e+02 3.396189e+02 7.794388e+02 3.396189e+02 6.323040e+02 5.428442e+02 7.990976e+02 7.982398e+02 9.370955e+02 7.990976e+02 2.751462e+02 9.370955e+02 6.037989e+02 6.392046e+02 5.428442e+02 5.218872e+02 6.037989e+02 7.982398e+02 6.558985e+02 7.794388e+02 9.370955e+02 
4.474503e+02 4.407337e+02 6.127848e+02 3.484496e+02 6.127848e+02 5.362492e+02 4.955433e+02 5.187764e+02 4.030030e+02 3.882829e+02 2.499613e+02 3.581642e+02 2.499613e+02 4.767185e+02 4.577657e+02 5.362492e+02 5.845072e+02 6.127848e+02 5.362492e+02 2.751462e+02 6.127848e+02 5.187764e+02 3.693273e+02 4.577657e+02 3.689658e+02 5.187764e+02 5.845072e+02 6.126886e+02 3.581642e+02 6.127848e+02 
2.385112e+02 3.434798e+02 3.673311e+02 1.412441e+02 3.673311e+02 3.057332e+02 3.754527e+02 4.560631e+02 2.636106e+02 1.461875e+02 2.020483e+02 2.438886e+02 2.020483e+02 3.274717e+02 3.281944e+02 3.057332e+02 1.986172e+02 3.673311e+02 3.057332e+02 2.102911e+02 3.673311e+02 4.560631e+02 3.293891e+02 3.281944e+02 1.292923e+02 4.560631e+02 1.986172e+02 3.671553e+02 2.438886e+02 3.673311e+02 
6.092681e+01 1.341571e+02 2.093011e+02 1.383770e+01 2.093011e+02 8.237032e+01 1.840367e+02 6.513682e+01 1.693357e+02 6.890523e+01 1.108919e+02 1.602367e+02 1.108919e+02 1.810831e+02 6.685179e+01 8.237032e+01 6.738084e+01 2.093011e+02 8.237032e+01 1.545953e+02 2.093011e+02 6.513682e+01 1.388975e+02 6.685179e+01 2.846133e+01 6.513682e+01 6.738084e+01 1.925627e+02 1.602367e+02 2.093011e+02 
1.018243e+01 1.018243e+01 1.024488e+01 6.892376e+00 1.024488e+01 7.017285e+00 1.524449e+01 1.030734e+01 1.030734e+01 3.602324e+00 7.204648e+00 7.079739e+00 7.204648e+00 3.731074e+00 1.024488e+01 7.017285e+00 1.873633e-01 1.024488e+01 7.017285e+00 2.505633e+01 1.024488e+01 1.030734e+01 3.122722e-01 1.024488e+01 6.892376e+00 1.030734e+01 1.873633e-01 4.517137e+01 7.079739e+00 1.024488e+01 
0.000000e+00 0.000000e+00 0.000000e+00 0.000000e+00 0.000000e+00 0.000000e+00 0.000000e+00 0.000000e+00 0.000000e+00 0.000000e+00 0.000000e+00 0.000000e+00 0.000000e+00 0.000000e+00 0.000000e+00 0.000000e+00 0.000000e+00 0.000000e+00 0.000000e+00 0.000000e+00 0.000000e+00 0.000000e+00 0.000000e+00 0.000000e+00 0.000000e+00 0.000000e+00 0.000000e+00 0.000000e+00 0.000000e+00 0.000000e+00 