2.915885e+10 2.984588e+10 2.597108e+10 1.846344e+10 2.597108e+10 2.960544e+10 3.448463e+10 3.046765e+10 2.951530e+10 2.785832e+10 2.690500e+10 3.335336e+10 2.690500e+10 2.571747e+10 2.549237e+10 2.960544e+10 2.714269e+10 2.597108e+10 2.960544e+10 2.799202e+10 2.597108e+10 3.046765e+10 3.045768e+10 2.549237e+10 2.743717e+10 3.046765e+10 2.714269e+10 2.484459e+10 3.335336e+10 2.597108e+10 
2.915885e+10 2.984588e+10 2.597108e+10 1.846344e+10 2.597108e+10 2.960544e+10 3.448463e+10 3.046765e+10 2.951530e+10 2.785832e+10 2.690500e+10 3.335336e+10 2.690500e+10 2.571747e+10 2.549237e+10 2.960544e+10 2.714269e+10 2.597108e+10 2.960544e+10 2.799202e+10 2.597108e+10 3.046765e+10 3.045768e+10 2.549237e+10 2.743717e+10 3.046765e+10 2.714269e+10 2.484459e+10 3.335336e+10 2.597108e+10 
2.915885e+10 2.984588e+10 2.597108e+10 1.846344e+10 2.597108e+10 2.960544e+10 3.448463e+10 3.046765e+10 2.951530e+10 2.785832e+10 2.690500e+10 3.335336e+10 2.690500e+10 2.571747e+10 2.549237e+10 2.960544e+10 2.714269e+10 2.597108e+10 2.960544e+10 2.799202e+10 2.597108e+10 3.046765e+10 3.045768e+10 2.549237e+10 2.743717e+10 3.046765e+10 2.714269e+10 2.484459e+10 3.335336e+10 2.597108e+10 
2.387535e+10 2.984588e+10 2.107617e+10 1.846344e+10 2.107617e+10 2.497849e+10 2.347179e+10 3.046765e+10 2.798670e+10 1.605599e+10 2.545112e+10 2.906697e+10 2.545112e+10 2.571747e+10 2.549237e+10 2.497849e+10 2.714269e+10 2.107617e+10 2.497849e+10 2.799202e+10 2.107617e+10 3.046765e+10 2.539208e+10 2.549237e+10 2.372351e+10 3.046765e+10 2.714269e+10 2.174178e+10 2.906697e+10 2.107617e+10 
1.877729e+10 2.470939e+10 2.051678e+10 1.759498e+10 2.051678e+10 2.157859e+10 2.017551e+10 2.723886e+10 2.694563e+10 1.605599e+10 2.545112e+10 2.543370e+10 2.545112e+10 2.571747e+10 1.620889e+10 2.157859e+10 2.066574e+10 2.051678e+10 2.157859e+10 2.591044e+10 2.051678e+10 2.723886e+10 2.539208e+10 1.620889e+10 2.317091e+10 2.723886e+10 2.066574e+10 2.174178e+10 2.543370e+10 2.051678e+10 
1.869524e+10 1.967755e+10 2.041248e+10 1.617393e+10 2.041248e+10 1.267556e+10 1.239802e+10 1.688028e+10 2.326352e+10 1.215446e+10 2.119983e+10 1.669542e+10 2.119983e+10 2.277403e+10 1.620889e+10 1.267556e+10 1.987185e+10 2.041248e+10 1.267556e+10 1.843936e+10 2.041248e+10 1.688028e+10 2.165109e+10 1.620889e+10 2.317091e+10 1.688028e+10 1.987185e+10 1.647993e+10 1.669542e+10 2.041248e+10 
1.070511e+10 1.616779e+10 1.597676e+10 1.588201e+10 1.597676e+10 1.261474e+10 9.826285e+09 1.014909e+10 1.666187e+10 1.215446e+10 1.764557e+10 1.632853e+10 1.764557e+10 1.397128e+10 1.461952e+10 1.261474e+10 1.290103e+10 1.597676e+10 1.261474e+10 1.730666e+10 1.597676e+10 1.014909e+10 1.158492e+10 1.461952e+10 8.832747e+09 1.014909e+10 1.290103e+10 1.438745e+10 1.632853e+10 1.597676e+10 
7.889449e+09 9.812220e+09 8.467267e+09 1.207831e+10 8.467267e+09 7.007574e+09 8.856422e+09 7.514336e+09 7.741516e+09 8.802849e+09 1.069374e+10 8.956782e+09 1.069374e+10 8.489052e+09 7.178814e+09 7.007574e+09 5.222138e+09 8.467267e+09 7.007574e+09 1.072272e+10 8.467267e+09 7.514336e+09 8.916030e+09 7.178814e+09 5.568019e+09 7.514336e+09 5.222138e+09 8.486862e+09 8.956782e+09 8.467267e+09 
4.446895e+09 3.943063e+09 3.145759e+09 3.635006e+09 3.145759e+09 2.360109e+09 3.986620e+09 1.263824e+09 1.337753e+09 1.794682e+09 2.744139e+09 3.503522e+09 2.744139e+09 2.579940e+09 2.554622e+09 2.360109e+09 2.055202e+09 3.145759e+09 2.360109e+09 3.787756e+09 3.145759e+09 1.263824e+09 2.365626e+09 2.554622e+09 2.845004e+09 1.263824e+09 2.055202e+09 3.601714e+09 3.503522e+09 3.145759e+09 
5.449186e+08 7.894593e+08 5.738122e+08 7.300533e+08 5.738122e+08 5.220622e+08 4.081514e+08 4.740772e+08 4.867916e+08 6.341130e+08 6.844187e+08 5.601419e+08 6.844187e+08 5.092665e+08 7.471505e+08 5.220622e+08 4.950756e+08 5.738122e+08 5.220622e+08 4.420175e+08 5.738122e+08 4.740772e+08 6.974211e+08 7.471505e+08 3.555688e+08 4.740772e+08 4.950756e+08 4.854109e+08 5.601419e+08 5.738122e+08 
1.155019e+07 1.480843e+07 9.728237e+06 2.224411e+07 9.728237e+06 6.889421e+06 5.706666e+06 1.025205e+07 6.757199e+06 1.058232e+07 9.895333e+06 1.040268e+07 9.895333e+06 1.258924e+07 1.439302e+07 6.889421e+06 1.003930e+07 9.728237e+06 6.889421e+06 1.490141e+07 9.728237e+06 1.025205e+07 1.073986e+07 1.439302e+07 6.652592e+06 1.025205e+07 1.003930e+07 1.040801e+07 1.040268e+07 9.728237e+06 
1.348697e+04 1.057264e+04 1.382471e+04 1.117068e+04 1.382471e+04 1.282215e+04 1.660189e+04 1.882906e+04 2.100694e+04 2.252129e+04 2.941517e+04 1.453146e+04 2.941517e+04 9.173337e+03 2.402294e+04 1.282215e+04 1.514086e+04 1.382471e+04 1.282215e+04 1.401642e+04 1.382471e+04 1.882906e+04 1.576782e+04 2.402294e+04 8.787630e+03 1.882906e+04 1.514086e+04 1.735753e+04 1.453146e+04 1.382471e+04 
2.952027e-02 1.310994e-02 6.824832e-02 7.782454e-03 6.824832e-02 5.690216e-02 8.581772e-02 6.692290e-02 4.066783e-02 3.661393e-02 5.795918e-02 5.102329e-02 5.795918e-02 3.144446e-02 3.632870e-03 5.690216e-02 9.487698e-02 6.824832e-02 5.690216e-02 4.292744e-02 6.824832e-02 6.692290e-02 4.560761e-02 3.632870e-03 3.853844e-02 6.692290e-02 9.487698e-02 9.161817e-02 5.102329e-02 6.824832e-02 
0.000000e+00 0.000000e+00 0.000000e+00 0.000000e+00 0.000000e+00 0.000000e+00 0.000000e+00 0.000000e+00 0.000000e+00 0.000000e+00 0.000000e+00 0.000000e+00 0.000000e+00 0.000000e+00 0.000000e+00 0.000000e+00 0.000000e+00 0.000000e+00 0.000000e+00 0.000000e+00 0.000000e+00 0.000000e+00 0.000000e+00 0.000000e+00 0.000000e+00 0.000000e+00 0.000000e+00 0.000000e+00 0.000000e+00 0.000000e+00 
0.000000e+00 0.000000e+00 0.000000e+00 0.000000e+00 0.000000e+00 0.000000e+00 0.000000e+00 0.000000e+00 0.000000e+00 0.000000e+00 0.000000e+00 0.000000e+00 0.000000e+00 0.000000e+00 0.000000e+00 0.000000e+00 0.000000e+00 0.000000e+00 0.000000e+00 0.000000e+00 0.000000e+00 0.000000e+00 0.000000e+00 0.000000e+00 0.000000e+00 0.000000e+00 0.000000e+00 0.000000e+00 0.000000e+00 0.000000e+00 
0.000000e+00 0.000000e+00 0.000000e+00 0.000000e+00 0.000000e+00 0.000000e+00 0.000000e+00 0.000000e+00 0.000000e+00 0.000000e+00 0.000000e+00 0.000000e+00 0.000000e+00 0.000000e+00 0.000000e+00 0.000000e+00 0.000000e+00 0.000000e+00 0.000000e+00 0.000000e+00 0.000000e+00 0.000000e+00 0.000000e+00 0.000000e+00 0.000000e+00 0.000000e+00 0.000000e+00 0.000000e+00 0.000000e+00 0.000000e+00 
0.000000e+00 0.000000e+00 0.000000e+00 0.000000e+00 0.000000e+00 0.000000e+00 0.000000e+00 0.000000e+00 0.000000e+00 0.000000e+00 0.000000e+00 0.000000e+00 0.000000e+00 0.000000e+00 0.000000e+00 0.000000e+00 0.000000e+00 0.000000e+00 0.000000e+00 0.000000e+00 0.000000e+00 0.000000e+00 0.000000e+00 0.000000e+00 0.000000e+00 0.000000e+00 0.000000e+00 0.000000e+00 0.000000e+00 0.000000e+00 