1.297575e+03 1.218645e+03 1.212157e+03 1.170372e+03 1.055673e+03 1.106728e+03 1.328930e+03 1.140690e+03 1.232602e+03 1.061652e+03 1.312736e+03 1.155158e+03 1.211820e+03 1.278525e+03 1.016448e+03 1.106728e+03 9.944560e+02 1.274283e+03 1.154963e+03 1.047222e+03 1.055673e+03 8.986366e+02 1.010494e+03 1.096185e+03 1.209101e+03 8.986366e+02 1.141785e+03 1.139864e+03 9.996229e+02 1.055673e+03 
1.297575e+03 1.218645e+03 1.212157e+03 1.170372e+03 1.055673e+03 1.106728e+03 1.328930e+03 1.140690e+03 1.232602e+03 1.061652e+03 1.312736e+03 1.155158e+03 1.211820e+03 1.278525e+03 1.016448e+03 1.106728e+03 9.944560e+02 1.274283e+03 1.154963e+03 1.047222e+03 1.055673e+03 8.986366e+02 1.010494e+03 1.096185e+03 1.209101e+03 8.986366e+02 1.141785e+03 1.139864e+03 9.996229e+02 1.055673e+03 
1.297575e+03 1.218645e+03 1.212157e+03 1.170372e+03 1.055673e+03 1.106728e+03 1.328930e+03 1.140690e+03 1.232602e+03 1.061652e+03 1.312736e+03 1.155158e+03 1.211820e+03 1.278525e+03 1.016448e+03 1.106728e+03 9.944560e+02 1.274283e+03 1.154963e+03 1.047222e+03 1.055673e+03 8.986366e+02 1.010494e+03 1.096185e+03 1.209101e+03 8.986366e+02 1.141785e+03 1.139864e+03 9.996229e+02 1.055673e+03 
9.480493e+02 1.218645e+03 1.212157e+03 1.170372e+03 1.018097e+03 1.106728e+03 1.284041e+03 1.013780e+03 1.232602e+03 1.007998e+03 1.168764e+03 1.148665e+03 1.137331e+03 1.182971e+03 1.016448e+03 1.106728e+03 9.944560e+02 1.208740e+03 1.154426e+03 1.047222e+03 1.018097e+03 8.133749e+02 1.010494e+03 1.096185e+03 1.209101e+03 8.133749e+02 1.042284e+03 1.096032e+03 9.996229e+02 1.018097e+03 
7.683617e+02 1.218645e+03 7.707512e+02 1.037643e+03 1.018097e+03 1.031997e+03 1.134714e+03 1.013780e+03 1.147543e+03 9.789327e+02 1.168764e+03 1.148665e+03 1.107559e+03 1.079003e+03 1.016448e+03 1.031997e+03 9.452214e+02 9.507500e+02 1.035285e+03 1.047222e+03 1.018097e+03 7.997268e+02 1.010494e+03 9.573455e+02 1.058641e+03 7.997268e+02 1.030649e+03 1.092698e+03 9.996229e+02 1.018097e+03 
7.591290e+02 1.118896e+03 7.707512e+02 1.010334e+03 1.005298e+03 1.021658e+03 8.414153e+02 9.900755e+02 1.071334e+03 9.789327e+02 7.979506e+02 9.745369e+02 1.094540e+03 8.668291e+02 8.932423e+02 1.021658e+03 9.425273e+02 8.538836e+02 1.035285e+03 1.033220e+03 1.005298e+03 7.997268e+02 8.726664e+02 8.920708e+02 9.831072e+02 7.997268e+02 9.145666e+02 7.475545e+02 8.003052e+02 1.005298e+03 
7.106894e+02 6.623773e+02 7.707512e+02 7.996098e+02 9.117649e+02 7.306664e+02 5.560352e+02 7.502395e+02 9.022242e+02 8.978986e+02 7.496586e+02 8.093692e+02 9.488022e+02 5.782104e+02 8.570638e+02 7.306664e+02 8.829725e+02 6.476467e+02 7.863440e+02 9.490200e+02 9.117649e+02 7.432396e+02 6.914632e+02 7.693799e+02 6.018099e+02 7.432396e+02 9.145666e+02 7.222106e+02 7.606634e+02 9.117649e+02 
5.060514e+02 5.629245e+02 5.627180e+02 4.951023e+02 6.444994e+02 5.015794e+02 5.002029e+02 5.715523e+02 5.802644e+02 5.124867e+02 3.627940e+02 4.499065e+02 6.647830e+02 4.602530e+02 5.862116e+02 5.015794e+02 5.773127e+02 4.952032e+02 4.974980e+02 6.824601e+02 6.444994e+02 4.736939e+02 5.303387e+02 4.843283e+02 4.853771e+02 4.736939e+02 5.433973e+02 5.060581e+02 4.686207e+02 6.444994e+02 
4.047221e+02 2.840440e+02 3.413755e+02 3.280315e+02 2.932578e+02 3.148564e+02 2.949591e+02 3.773657e+02 2.908512e+02 3.130739e+02 2.752859e+02 3.421130e+02 3.861634e+02 3.381123e+02 2.687564e+02 3.148564e+02 4.052910e+02 3.467031e+02 3.723012e+02 4.369043e+02 2.932578e+02 2.937762e+02 3.404162e+02 2.706959e+02 3.722359e+02 2.937762e+02 3.067553e+02 3.074395e+02 3.546984e+02 2.932578e+02 
2.078294e+02 1.888508e+02 2.002719e+02 1.934602e+02 1.966213e+02 1.854851e+02 1.768123e+02 1.871180e+02 1.730692e+02 1.898253e+02 1.850243e+02 2.082196e+02 1.706144e+02 1.780527e+02 2.250916e+02 1.854851e+02 2.110085e+02 1.834023e+02 2.068816e+02 2.493225e+02 1.966213e+02 1.984827e+02 1.953030e+02 1.757587e+02 2.167340e+02 1.984827e+02 1.690413e+02 1.910286e+02 1.905549e+02 1.966213e+02 
1.194996e+02 8.796571e+01 1.056968e+02 1.066181e+02 1.163894e+02 9.763022e+01 8.692788e+01 1.089848e+02 1.025928e+02 9.926537e+01 1.002590e+02 1.101853e+02 1.075759e+02 7.517875e+01 1.079588e+02 9.763022e+01 1.062708e+02 1.117746e+02 9.706224e+01 1.012456e+02 1.163894e+02 9.161126e+01 9.007895e+01 9.223850e+01 9.923041e+01 9.161126e+01 9.758859e+01 9.974710e+01 9.365629e+01 1.163894e+02 
5.294007e+01 5.267866e+01 5.580584e+01 5.778277e+01 5.355596e+01 5.643309e+01 5.771705e+01 4.711440e+01 4.177031e+01 5.570460e+01 4.522458e+01 6.101682e+01 5.838475e+01 5.609227e+01 5.197693e+01 5.643309e+01 5.284628e+01 6.027421e+01 4.869070e+01 6.525203e+01 5.355596e+01 5.464825e+01 4.469219e+01 5.922241e+01 6.368080e+01 5.464825e+01 6.271557e+01 5.741238e+01 5.828341e+01 5.355596e+01 
2.883137e+01 3.039477e+01 2.343289e+01 3.667378e+01 3.007507e+01 3.689738e+01 2.855273e+01 3.117372e+01 3.296200e+01 2.540805e+01 3.104306e+01 3.636743e+01 3.030786e+01 2.424474e+01 2.817642e+01 3.689738e+01 3.298605e+01 3.582351e+01 3.355041e+01 3.377879e+01 3.007507e+01 3.430967e+01 1.506405e+01 3.008680e+01 3.640379e+01 3.430967e+01 3.473515e+01 2.670116e+01 2.833537e+01 3.007507e+01 
1.598889e+01 6.665987e+00 9.634127e+00 1.835003e+01 1.354517e+01 1.132254e+01 1.281624e+01 1.757930e+01 1.409706e+01 1.020045e+01 1.148494e+01 1.788214e+01 1.418935e+01 1.165442e+01 1.268696e+01 1.132254e+01 1.579403e+01 1.949502e+01 6.644015e+00 1.513729e+01 1.354517e+01 1.958835e-01 4.251658e+00 9.372321e+00 2.063402e+01 1.958835e-01 6.649801e+00 9.567459e+00 3.006482e+00 1.354517e+01 
1.647800e+00 8.209159e-04 1.827512e-01 6.257347e-01 1.422289e-01 1.159176e-03 2.268389e-01 8.630117e-02 2.064329e-02 3.603233e-02 8.566303e-04 5.487215e-02 2.795687e-01 9.461462e-03 2.113444e-01 1.159176e-03 2.107592e-01 7.735639e-01 1.046561e-01 5.951589e-02 1.422289e-01 3.749880e-03 1.134692e-02 3.383224e-03 3.534880e-01 3.749880e-03 2.341353e-06 5.461908e-04 4.071201e-02 1.422289e-01 
0.000000e+00 0.000000e+00 0.000000e+00 0.000000e+00 0.000000e+00 0.000000e+00 0.000000e+00 0.000000e+00 0.000000e+00 0.000000e+00 0.000000e+00 0.000000e+00 0.000000e+00 0.000000e+00 0.000000e+00 0.000000e+00 0.000000e+00 0.000000e+00 0.000000e+00 0.000000e+00 0.000000e+00 0.000000e+00 0.000000e+00 0.000000e+00 0.000000e+00 0.000000e+00 0.000000e+00 0.000000e+00 0.000000e+00 0.000000e+00 
0.000000e+00 0.000000e+00 0.000000e+00 0.000000e+00 0.000000e+00 0.000000e+00 0.000000e+00 0.000000e+00 0.000000e+00 0.000000e+00 0.000000e+00 0.000000e+00 0.000000e+00 0.000000e+00 0.000000e+00 0.000000e+00 0.000000e+00 0.000000e+00 0.000000e+00 0.000000e+00 0.000000e+00 0.000000e+00 0.000000e+00 0.000000e+00 0.000000e+00 0.000000e+00 0.000000e+00 0.000000e+00 0.000000e+00 0.000000e+00 