5.926365e+02 4.829978e+02 5.483416e+02 5.092653e+02 5.289038e+02 5.564636e+02 4.317657e+02 5.512241e+02 5.357904e+02 5.202400e+02 4.766392e+02 4.268147e+02 5.982521e+02 5.373672e+02 5.074164e+02 5.564636e+02 5.357904e+02 5.031944e+02 4.691658e+02 6.205480e+02 5.289038e+02 4.881004e+02 5.705101e+02 5.387181e+02 4.806237e+02 4.881004e+02 5.474919e+02 4.512495e+02 5.263161e+02 5.289038e+02 
5.538040e+02 4.829978e+02 5.426563e+02 4.885642e+02 5.289038e+02 5.485896e+02 4.317657e+02 5.455121e+02 5.246499e+02 5.202400e+02 4.541683e+02 4.268147e+02 5.255818e+02 5.346988e+02 5.074164e+02 5.485896e+02 5.246499e+02 4.938848e+02 4.691658e+02 6.192596e+02 5.289038e+02 4.881004e+02 5.439281e+02 5.387181e+02 4.806237e+02 4.881004e+02 4.849608e+02 4.512495e+02 4.773599e+02 5.289038e+02 
5.538040e+02 4.829978e+02 5.426563e+02 4.885642e+02 5.289038e+02 5.485896e+02 4.317657e+02 5.455121e+02 5.246499e+02 5.202400e+02 4.541683e+02 4.268147e+02 5.255818e+02 5.346988e+02 5.074164e+02 5.485896e+02 5.246499e+02 4.938848e+02 4.691658e+02 6.192596e+02 5.289038e+02 4.881004e+02 5.439281e+02 5.387181e+02 4.806237e+02 4.881004e+02 4.849608e+02 4.512495e+02 4.773599e+02 5.289038e+02 
5.039131e+02 4.607865e+02 4.933426e+02 4.813261e+02 5.289038e+02 5.485896e+02 4.299229e+02 5.380984e+02 4.213495e+02 5.070027e+02 4.541683e+02 4.268147e+02 4.163010e+02 4.852263e+02 4.934158e+02 5.485896e+02 4.213495e+02 4.938848e+02 4.691658e+02 6.192596e+02 5.289038e+02 4.769750e+02 5.355702e+02 5.369702e+02 4.801406e+02 4.769750e+02 4.849608e+02 4.512495e+02 4.761209e+02 5.289038e+02 
5.010864e+02 4.355092e+02 4.933426e+02 4.603518e+02 5.048268e+02 4.687350e+02 4.299229e+02 5.000848e+02 4.157821e+02 4.930018e+02 4.145071e+02 4.169354e+02 4.163010e+02 4.672726e+02 4.098424e+02 4.687350e+02 4.157821e+02 4.715267e+02 4.573148e+02 5.119647e+02 5.048268e+02 4.769750e+02 3.165561e+02 4.970656e+02 4.778841e+02 4.769750e+02 4.600813e+02 4.512495e+02 4.761209e+02 5.048268e+02 
4.528027e+02 3.603693e+02 4.603610e+02 4.603518e+02 4.399235e+02 4.687350e+02 4.230036e+02 3.366487e+02 3.985410e+02 4.720895e+02 4.145071e+02 4.169354e+02 4.163010e+02 4.473346e+02 4.098424e+02 4.687350e+02 3.985410e+02 4.706612e+02 4.355153e+02 4.792682e+02 4.399235e+02 4.689367e+02 2.676101e+02 3.305875e+02 3.397897e+02 4.689367e+02 4.394395e+02 4.451947e+02 4.436885e+02 4.399235e+02 
4.525622e+02 3.603693e+02 4.395625e+02 3.718055e+02 4.349686e+02 4.331666e+02 3.985424e+02 3.036788e+02 3.985410e+02 3.110433e+02 3.918922e+02 3.489917e+02 2.938304e+02 4.278363e+02 4.085455e+02 4.331666e+02 3.985410e+02 4.336727e+02 3.815408e+02 3.706876e+02 4.349686e+02 4.238682e+02 1.862164e+02 3.283342e+02 2.942849e+02 4.238682e+02 4.109282e+02 3.991313e+02 4.234275e+02 4.349686e+02 
4.049234e+02 3.474697e+02 4.197378e+02 2.764031e+02 3.694415e+02 3.875093e+02 2.728509e+02 2.750348e+02 3.943170e+02 3.110433e+02 3.884117e+02 3.479394e+02 2.938304e+02 4.058560e+02 3.575662e+02 3.875093e+02 3.943170e+02 4.043743e+02 2.587162e+02 3.706876e+02 3.694415e+02 3.741027e+02 1.862164e+02 3.279547e+02 2.595746e+02 3.741027e+02 4.097697e+02 3.991313e+02 4.009192e+02 3.694415e+02 
3.699815e+02 3.251712e+02 2.982923e+02 2.163225e+02 3.419705e+02 2.625742e+02 2.720330e+02 2.446868e+02 2.995772e+02 2.307118e+02 2.438742e+02 3.149466e+02 2.506806e+02 3.577076e+02 2.464570e+02 2.625742e+02 2.995772e+02 3.578767e+02 2.385346e+02 2.151324e+02 3.419705e+02 2.646917e+02 1.862164e+02 2.764902e+02 2.567467e+02 2.646917e+02 3.093731e+02 2.405115e+02 3.815546e+02 3.419705e+02 
2.951573e+02 2.555501e+02 1.742542e+02 2.030117e+02 2.591819e+02 2.552381e+02 2.168994e+02 2.446868e+02 2.615093e+02 2.307118e+02 2.218300e+02 2.626694e+02 1.971837e+02 2.999522e+02 2.350922e+02 2.552381e+02 2.615093e+02 3.365810e+02 2.293728e+02 2.074325e+02 2.591819e+02 2.381562e+02 1.862164e+02 1.452435e+02 1.970081e+02 2.381562e+02 2.159055e+02 2.186009e+02 3.581059e+02 2.591819e+02 
2.257051e+02 1.957755e+02 1.574565e+02 1.874151e+02 2.273155e+02 2.348800e+02 1.709313e+02 2.446868e+02 2.421402e+02 2.065677e+02 2.104507e+02 2.040454e+02 1.740341e+02 2.668945e+02 2.119753e+02 2.348800e+02 2.421402e+02 2.446534e+02 2.099570e+02 1.842345e+02 2.273155e+02 1.835794e+02 1.788096e+02 1.438113e+02 1.828589e+02 1.835794e+02 2.159055e+02 2.031659e+02 2.877805e+02 2.273155e+02 
1.788929e+02 1.828848e+02 1.542187e+02 1.433816e+02 2.256810e+02 1.974731e+02 1.547999e+02 2.010595e+02 2.021448e+02 1.730705e+02 1.865287e+02 1.598976e+02 1.381649e+02 2.551359e+02 2.013531e+02 1.974731e+02 2.021448e+02 2.024671e+02 1.307638e+02 1.622156e+02 2.256810e+02 1.666243e+02 1.499161e+02 1.435876e+02 1.567869e+02 1.666243e+02 1.790527e+02 1.644264e+02 1.949328e+02 2.256810e+02 
1.578945e+02 1.535447e+02 1.495434e+02 1.160896e+02 1.830444e+02 1.544290e+02 1.411695e+02 1.823757e+02 1.934250e+02 1.296131e+02 1.569822e+02 1.557918e+02 1.219252e+02 1.738770e+02 1.274654e+02 1.544290e+02 1.934250e+02 1.709175e+02 1.207113e+02 1.345509e+02 1.830444e+02 1.585366e+02 1.301393e+02 1.254760e+02 1.180868e+02 1.585366e+02 1.690458e+02 1.284087e+02 1.528243e+02 1.830444e+02 
1.213469e+02 1.231069e+02 1.383580e+02 1.094377e+02 1.197687e+02 1.226551e+02 1.055410e+02 1.176556e+02 8.434563e+01 1.088655e+02 1.181858e+02 1.276636e+02 1.038506e+02 1.291296e+02 1.111506e+02 1.226551e+02 8.434563e+01 1.125803e+02 1.094861e+02 1.131645e+02 1.197687e+02 1.130829e+02 1.181804e+02 1.054321e+02 1.109900e+02 1.130829e+02 1.157929e+02 1.149775e+02 1.128413e+02 1.197687e+02 
1.000029e+02 1.000003e+02 1.000156e+02 1.000004e+02 1.000002e+02 1.000003e+02 1.000001e+02 1.000003e+02 2.108985e-01 1.000001e+02 1.000005e+02 1.000032e+02 1.000040e+02 1.000020e+02 1.000001e+02 1.000003e+02 2.108985e-01 1.000002e+02 1.000009e+02 1.000003e+02 1.000002e+02 1.000001e+02 1.000006e+02 1.000002e+02 1.000005e+02 1.000001e+02 1.000002e+02 1.000004e+02 1.000003e+02 1.000002e+02 
1.000000e+02 1.000000e+02 1.000000e+02 1.000000e+02 1.000000e+02 1.000000e+02 1.000000e+02 1.000000e+02 0.000000e+00 1.000000e+02 1.000000e+02 1.000000e+02 1.000000e+02 1.000000e+02 1.000000e+02 1.000000e+02 0.000000e+00 1.000000e+02 1.000000e+02 1.000000e+02 1.000000e+02 1.000000e+02 1.000000e+02 1.000000e+02 1.000000e+02 1.000000e+02 1.000000e+02 1.000000e+02 1.000000e+02 1.000000e+02 
0.000000e+00 0.000000e+00 0.000000e+00 0.000000e+00 0.000000e+00 0.000000e+00 0.000000e+00 0.000000e+00 0.000000e+00 0.000000e+00 0.000000e+00 0.000000e+00 0.000000e+00 0.000000e+00 0.000000e+00 0.000000e+00 0.000000e+00 0.000000e+00 0.000000e+00 0.000000e+00 0.000000e+00 0.000000e+00 0.000000e+00 0.000000e+00 0.000000e+00 0.000000e+00 0.000000e+00 0.000000e+00 0.000000e+00 0.000000e+00 