6.906494e+06 3.243336e+06 1.731049e+06 1.256264e+06 1.225500e+06 7.636894e+06 2.392110e+06 3.720083e+06 5.486147e+06 3.348336e+06 3.113210e+06 6.174220e+06 3.113210e+06 2.967603e+06 5.131478e+06 7.636894e+06 5.486147e+06 5.123789e+06 3.988032e+05 5.088431e+06 1.225500e+06 3.720083e+06 2.326724e+06 2.783483e+06 2.627181e+07 2.274792e+06 3.745064e+06 1.263141e+06 1.177546e+06 1.225500e+06 
6.033378e+06 3.243336e+06 1.725761e+06 1.256264e+06 1.224075e+06 7.636894e+06 2.392110e+06 3.720083e+06 5.486147e+06 3.348336e+06 6.698479e+04 6.174220e+06 6.698479e+04 2.967603e+06 5.131478e+06 7.636894e+06 5.486147e+06 5.123604e+06 3.988032e+05 2.245189e+06 1.224075e+06 3.720083e+06 2.326724e+06 2.783483e+06 1.581214e+07 2.274792e+06 3.487571e+06 1.263141e+06 1.177546e+06 1.224075e+06 
6.033378e+06 3.243336e+06 1.725761e+06 1.256264e+06 1.224075e+06 7.636894e+06 2.392110e+06 3.720083e+06 5.486147e+06 3.348336e+06 6.698479e+04 6.174220e+06 6.698479e+04 2.967603e+06 5.131478e+06 7.636894e+06 5.486147e+06 5.123604e+06 3.988032e+05 2.245189e+06 1.224075e+06 3.720083e+06 2.326724e+06 2.783483e+06 1.581214e+07 2.274792e+06 3.487571e+06 1.263141e+06 1.177546e+06 1.224075e+06 
2.309268e+06 9.963718e+05 1.725761e+06 9.871914e+05 4.955025e+05 3.591352e+06 2.392110e+06 3.719764e+06 3.170423e+06 3.348336e+06 6.698479e+04 6.174220e+06 6.698479e+04 2.656479e+06 4.867402e+06 3.591352e+06 3.170423e+06 5.123573e+06 2.342405e+05 2.073058e+06 4.955025e+05 3.719764e+06 2.326724e+06 1.694677e+06 1.245077e+07 2.246074e+06 3.487571e+06 1.263141e+06 1.177540e+06 4.955025e+05 
2.309257e+06 9.963718e+05 1.642041e+06 9.871914e+05 4.954682e+05 2.699172e+06 1.268432e+06 3.050408e+06 3.170414e+06 3.348336e+06 6.686409e+04 3.803138e+06 6.686409e+04 1.163378e+06 4.867174e+06 2.699172e+06 3.170414e+06 7.815384e+05 2.342294e+05 5.815742e+05 4.954682e+05 3.050408e+06 2.313036e+06 1.694662e+06 4.005858e+06 2.237805e+06 3.295649e+06 1.263141e+06 1.177526e+06 4.954682e+05 
2.309168e+06 7.364579e+05 4.268957e+05 9.871844e+05 4.954682e+05 3.183795e+05 1.268432e+06 8.460066e+05 3.170395e+06 3.348104e+06 6.686409e+04 1.161229e+06 6.686409e+04 1.163378e+06 2.418836e+06 3.183795e+05 3.170395e+06 7.815255e+05 2.337579e+05 5.815742e+05 4.954682e+05 8.460066e+05 3.229700e+05 1.694098e+06 9.848322e+05 2.237797e+06 3.295649e+06 1.263141e+06 1.177526e+06 4.954682e+05 
9.183392e+05 2.981587e+05 3.584349e+05 9.850376e+05 4.703289e+05 3.183572e+05 5.665032e+05 1.464545e+05 1.526566e+06 1.269734e+06 6.685727e+04 9.604987e+05 6.685727e+04 1.040602e+06 1.609768e+06 3.183572e+05 1.526566e+06 2.731556e+05 2.208201e+05 5.814808e+05 4.703289e+05 1.464545e+05 1.283216e+05 1.178522e+06 9.407788e+05 1.593442e+06 2.184674e+06 4.339682e+05 1.017119e+06 4.703289e+05 
5.520762e+05 8.214303e+04 3.425138e+05 1.509992e+05 4.703289e+05 5.764319e+03 9.271690e+04 1.452606e+05 3.568201e+05 1.241361e+05 2.367689e+04 1.971850e+05 2.367689e+04 3.233984e+05 2.740758e+05 5.764319e+03 3.568201e+05 5.011509e+04 2.208201e+05 2.411606e+05 4.703289e+05 1.452606e+05 1.275768e+05 1.178514e+06 1.660481e+05 2.018079e+05 2.610976e+05 4.155055e+05 4.286621e+05 4.703289e+05 
5.277704e+04 2.742154e+04 1.228870e+05 9.083842e+04 7.582324e+04 5.639904e+03 4.299810e+04 6.590524e+04 1.683116e+05 1.731054e+04 2.340898e+04 4.517356e+04 2.340898e+04 4.076209e+04 7.050796e+04 5.639904e+03 1.683116e+05 4.007649e+04 1.782038e+04 1.369332e+05 7.582324e+04 6.590524e+04 1.230321e+05 7.315136e+03 1.026772e+05 1.468505e+05 1.914169e+05 3.230873e+04 6.844456e+04 7.582324e+04 
6.152562e+03 7.239751e+03 6.349143e+03 1.960283e+04 1.154795e+04 4.614592e+03 1.027482e+04 1.490576e+04 1.356016e+04 1.971002e+03 4.979050e+03 5.588444e+03 4.979050e+03 3.493802e+04 2.316434e+04 4.614592e+03 1.356016e+04 2.090604e+03 1.451522e+04 1.558448e+04 1.154795e+04 1.490576e+04 1.052167e+04 7.166550e+03 4.793720e+03 6.830645e+03 1.261977e+04 2.276707e+04 4.410135e+04 1.154795e+04 
8.063839e+02 5.957585e+02 1.174234e+03 1.079412e+03 4.739493e+02 1.144497e+03 9.348042e+02 1.021987e+03 4.990456e+02 8.004357e+02 8.886053e+02 5.059243e+02 8.886053e+02 1.440438e+03 1.029140e+03 1.144497e+03 4.990456e+02 8.895084e+02 2.113254e+02 1.316588e+03 4.739493e+02 1.021987e+03 1.324180e+03 1.377249e+03 6.432297e+02 1.423372e+03 1.436700e+03 1.022354e+03 9.665545e+02 4.739493e+02 
1.138652e+02 1.131791e+02 2.288128e+02 4.414246e+01 1.785392e+02 1.449489e+02 1.642533e+02 2.190720e+02 1.184731e+02 1.144755e+02 1.361317e+02 8.385593e+01 1.361317e+02 1.168704e+02 8.723837e+01 1.449489e+02 1.184731e+02 9.979170e+01 9.864332e+01 1.256367e+02 1.785392e+02 2.190720e+02 1.797418e+02 2.733771e+02 1.104113e+02 9.443897e+01 2.247403e+02 7.159273e+01 1.713503e+02 1.785392e+02 
1.279336e+01 3.054143e+01 2.252600e+01 1.642965e+01 1.413381e+01 2.514589e+01 1.762241e+01 1.576412e+01 1.193720e+01 1.171569e+01 1.516699e+01 1.926412e+01 1.516699e+01 2.489748e+01 2.277134e+01 2.514589e+01 1.193720e+01 1.459897e+01 3.078139e+01 1.883390e+01 1.413381e+01 1.576412e+01 1.942281e+01 1.951942e+01 2.239958e+01 1.637891e+01 2.338610e+01 2.038252e+01 3.493545e+01 1.413381e+01 
7.324257e+00 5.014649e+00 2.497742e+00 2.587349e+00 2.604453e+00 7.217450e+00 3.897470e+00 4.584604e+00 1.662538e+00 3.755157e+00 5.273150e+00 3.838021e+00 5.273150e+00 6.581991e+00 3.896278e+00 7.217450e+00 1.662538e+00 2.143150e+00 4.495588e+00 3.804906e+00 2.604453e+00 4.584604e+00 3.564783e+00 4.886328e+00 4.649847e+00 2.561925e+00 9.202424e+00 6.055286e+00 4.625735e+00 2.604453e+00 
7.635229e-04 2.552387e-04 1.257861e-05 2.722524e-05 2.554973e-03 2.931126e-03 3.731512e-04 1.281284e-04 1.816849e-05 1.117739e-04 6.145586e-04 6.301547e-05 6.145586e-04 1.759986e-03 3.761341e-03 2.931126e-03 1.816849e-05 4.353575e-05 1.162187e-03 1.914081e-03 2.554973e-03 1.281284e-04 5.634673e-04 2.366316e-04 2.177793e-04 7.004359e-05 4.518219e-03 4.364783e-04 5.043561e-04 2.554973e-03 
0.000000e+00 0.000000e+00 0.000000e+00 0.000000e+00 0.000000e+00 0.000000e+00 0.000000e+00 0.000000e+00 0.000000e+00 0.000000e+00 0.000000e+00 0.000000e+00 0.000000e+00 0.000000e+00 0.000000e+00 0.000000e+00 0.000000e+00 0.000000e+00 0.000000e+00 0.000000e+00 0.000000e+00 0.000000e+00 0.000000e+00 0.000000e+00 0.000000e+00 0.000000e+00 0.000000e+00 0.000000e+00 0.000000e+00 0.000000e+00 
0.000000e+00 0.000000e+00 0.000000e+00 0.000000e+00 0.000000e+00 0.000000e+00 0.000000e+00 0.000000e+00 0.000000e+00 0.000000e+00 0.000000e+00 0.000000e+00 0.000000e+00 0.000000e+00 0.000000e+00 0.000000e+00 0.000000e+00 0.000000e+00 0.000000e+00 0.000000e+00 0.000000e+00 0.000000e+00 0.000000e+00 0.000000e+00 0.000000e+00 0.000000e+00 0.000000e+00 0.000000e+00 0.000000e+00 0.000000e+00 