5.408196e+02 7.119948e+02 5.710778e+02 7.197477e+02 5.971377e+02 7.649354e+02 5.661202e+02 7.322247e+02 2.504091e+02 4.860606e+02 6.503015e+02 3.826086e+02 5.128302e+02 3.517095e+02 3.156428e+02 7.649354e+02 2.061123e+02 6.663297e+02 5.677099e+02 5.774470e+02 5.971377e+02 7.287696e+02 6.500601e+02 7.437266e+02 3.847700e+02 7.287696e+02 6.982200e+02 5.658311e+02 4.296384e+02 5.971377e+02 
5.408196e+02 6.512714e+02 5.710778e+02 7.197477e+02 4.531281e+02 6.927433e+02 5.064519e+02 4.655351e+02 2.504091e+02 4.860606e+02 5.972599e+02 3.734904e+02 3.207997e+02 3.514935e+02 3.156428e+02 6.927433e+02 2.061123e+02 6.401870e+02 5.677099e+02 5.774470e+02 4.531281e+02 2.556722e+02 6.500601e+02 3.592782e+02 3.847700e+02 2.556722e+02 6.403923e+02 5.658311e+02 4.296384e+02 4.531281e+02 
5.408196e+02 6.512714e+02 5.710778e+02 7.197477e+02 4.531281e+02 6.927433e+02 5.064519e+02 4.655351e+02 2.504091e+02 4.860606e+02 5.972599e+02 3.734904e+02 3.207997e+02 3.514935e+02 3.156428e+02 6.927433e+02 2.061123e+02 6.401870e+02 5.677099e+02 5.774470e+02 4.531281e+02 2.556722e+02 6.500601e+02 3.592782e+02 3.847700e+02 2.556722e+02 6.403923e+02 5.658311e+02 4.296384e+02 4.531281e+02 
4.823713e+02 4.715339e+02 5.281534e+02 3.825666e+02 4.270282e+02 6.055658e+02 5.059437e+02 4.613401e+02 2.209182e+02 4.789738e+02 5.972599e+02 3.734904e+02 3.207997e+02 3.514935e+02 3.156428e+02 6.055658e+02 2.061123e+02 6.036051e+02 5.677099e+02 3.160399e+02 4.270282e+02 2.556722e+02 6.486089e+02 3.532382e+02 3.325310e+02 2.556722e+02 5.090378e+02 5.658311e+02 4.296384e+02 4.270282e+02 
3.606853e+02 3.133533e+02 1.735825e+02 3.825666e+02 3.821806e+02 3.677491e+02 4.501231e+02 4.613401e+02 2.209182e+02 4.679486e+02 4.165704e+02 3.510378e+02 3.207958e+02 2.664100e+02 3.156428e+02 3.677491e+02 2.061123e+02 4.426832e+02 4.318773e+02 3.020414e+02 3.821806e+02 2.556722e+02 3.770245e+02 3.491068e+02 3.325310e+02 2.556722e+02 4.189007e+02 2.690532e+02 4.296384e+02 3.821806e+02 
2.636469e+02 3.133533e+02 1.680267e+02 2.559690e+02 2.260282e+02 2.883570e+02 3.907962e+02 2.667491e+02 2.194723e+02 4.679486e+02 4.070077e+02 2.732299e+02 3.207958e+02 2.478319e+02 3.156428e+02 2.883570e+02 2.061123e+02 2.926256e+02 4.318773e+02 1.754830e+02 2.260282e+02 2.556722e+02 3.770245e+02 3.491068e+02 3.033718e+02 2.556722e+02 4.015168e+02 1.740239e+02 3.217931e+02 2.260282e+02 
2.462796e+02 7.368899e+01 1.159899e+02 1.457602e+02 1.772565e+02 2.028993e+02 2.220417e+02 1.054712e+02 2.125489e+02 2.189748e+02 1.910582e+02 4.530952e+01 2.154728e+02 2.108457e+02 1.076066e+02 2.028993e+02 1.610351e+02 2.188657e+02 1.986902e+02 1.754616e+02 1.772565e+02 2.093979e+02 1.511105e+02 1.699226e+02 1.329577e+02 2.093979e+02 1.127177e+02 1.655392e+02 2.545163e+02 1.772565e+02 
7.993000e+01 6.228665e+01 7.958718e+01 1.157554e+02 1.772532e+02 1.210899e+02 1.257370e+02 3.324210e+01 1.409236e+02 7.233257e+01 9.151572e+01 4.429798e+01 1.618892e+02 9.887256e+01 1.068521e+02 1.210899e+02 7.114922e+01 1.522394e+02 4.568075e+01 1.270536e+02 1.772532e+02 9.188751e+01 6.175320e+01 9.765233e+01 9.466723e+01 9.188751e+01 5.482262e+01 7.972753e+01 6.594783e+01 1.772532e+02 
2.865407e+01 4.206589e+01 1.798198e+01 1.323391e+01 3.679679e+01 3.346118e+01 4.618675e+01 2.250555e+01 3.955863e+01 3.312810e+01 3.158563e+01 3.066104e+01 1.793312e+01 5.994235e+01 4.099696e+01 3.346118e+01 3.413290e+01 4.140682e+01 2.988064e+01 5.597649e+01 3.679679e+01 5.674277e+01 1.485282e+01 3.080459e+01 2.263790e+01 5.674277e+01 3.405340e+01 1.430621e+01 5.618780e+01 3.679679e+01 
1.382889e+01 2.614529e+01 9.611866e+00 1.318134e+01 4.681424e+00 2.611587e+01 2.537280e+01 1.761571e+01 1.024807e+01 1.777786e+01 1.314309e+01 1.840978e+01 9.396660e+00 1.868174e+01 1.616324e+01 2.611587e+01 1.773685e+01 1.339244e+01 2.458392e+01 1.149985e+01 4.681424e+00 7.796309e+00 7.119501e+00 8.051528e+00 1.505702e+01 7.796309e+00 1.818216e+01 1.359925e+01 2.541731e+01 4.681424e+00 
4.988654e+00 8.727394e+00 1.055529e+00 1.505523e+00 4.412910e+00 3.328343e+00 2.641116e+00 5.710158e+00 4.121586e+00 4.102409e+00 5.692428e+00 2.175815e+00 7.438612e+00 4.646393e+00 4.289356e+00 3.328343e+00 1.407245e+00 5.148942e+00 5.378160e+00 2.174730e+00 4.412910e+00 4.478187e+00 3.129184e+00 3.985036e+00 4.631695e+00 4.478187e+00 8.261559e+00 4.316561e+00 3.322579e+00 4.412910e+00 
1.328594e+00 1.115637e+00 1.016122e+00 9.662100e-01 1.415525e+00 1.764528e+00 8.460151e-01 1.677190e+00 1.685744e+00 1.325362e+00 1.793837e+00 1.074637e+00 1.102569e+00 1.668874e+00 1.464613e+00 1.764528e+00 9.528371e-01 1.450708e+00 1.096617e+00 5.685959e-01 1.415525e+00 1.593389e+00 1.439725e+00 1.015727e+00 1.190299e+00 1.593389e+00 1.477741e+00 1.455942e+00 1.504758e+00 1.415525e+00 
3.466025e-01 6.184056e-01 3.629231e-01 2.826158e-01 3.115718e-01 5.774909e-01 3.798529e-01 8.440638e-01 6.341702e-01 4.609299e-01 6.420895e-01 5.622801e-01 2.947155e-01 4.202421e-01 4.441979e-01 5.774909e-01 6.550278e-01 3.989550e-01 4.618666e-01 3.939947e-01 3.115718e-01 3.728971e-01 4.813765e-01 4.072747e-01 3.232628e-01 3.728971e-01 6.641428e-01 3.623988e-01 5.296723e-01 3.115718e-01 
8.429664e-02 8.882239e-02 9.852918e-02 7.761071e-02 1.931041e-01 1.340860e-01 1.309814e-01 1.114701e-01 9.054010e-02 4.651305e-02 2.297966e-01 1.440226e-01 7.318431e-02 1.301537e-01 1.252156e-01 1.340860e-01 1.823700e-01 2.406697e-01 5.757681e-02 1.357823e-01 1.931041e-01 1.195426e-01 1.599702e-01 1.649678e-01 2.028639e-01 1.195426e-01 1.257180e-01 1.040330e-01 1.246783e-01 1.931041e-01 
1.077117e-03 1.064725e-04 3.460622e-03 7.161335e-03 4.931016e-03 9.794866e-04 1.169519e-02 1.988495e-02 1.509084e-03 1.481734e-03 2.592044e-03 6.501448e-03 4.000194e-03 1.361370e-02 1.597784e-02 9.794866e-04 9.132154e-03 9.799554e-03 9.975453e-04 3.342847e-04 4.931016e-03 4.833321e-03 5.042402e-04 4.946124e-04 4.563611e-03 4.833321e-03 7.828952e-03 6.124856e-03 1.223584e-03 4.931016e-03 
0.000000e+00 0.000000e+00 0.000000e+00 0.000000e+00 0.000000e+00 0.000000e+00 0.000000e+00 0.000000e+00 0.000000e+00 0.000000e+00 0.000000e+00 0.000000e+00 0.000000e+00 0.000000e+00 0.000000e+00 0.000000e+00 0.000000e+00 0.000000e+00 0.000000e+00 0.000000e+00 0.000000e+00 0.000000e+00 0.000000e+00 0.000000e+00 0.000000e+00 0.000000e+00 0.000000e+00 0.000000e+00 0.000000e+00 0.000000e+00 
0.000000e+00 0.000000e+00 0.000000e+00 0.000000e+00 0.000000e+00 0.000000e+00 0.000000e+00 0.000000e+00 0.000000e+00 0.000000e+00 0.000000e+00 0.000000e+00 0.000000e+00 0.000000e+00 0.000000e+00 0.000000e+00 0.000000e+00 0.000000e+00 0.000000e+00 0.000000e+00 0.000000e+00 0.000000e+00 0.000000e+00 0.000000e+00 0.000000e+00 0.000000e+00 0.000000e+00 0.000000e+00 0.000000e+00 0.000000e+00 