2.044542e+03 2.193753e+03 1.743425e+03 2.244464e+03 1.868285e+03 1.601159e+03 2.065705e+03 1.814152e+03 2.380110e+03 1.882404e+03 2.232930e+03 2.423676e+03 2.232930e+03 1.848380e+03 1.531650e+03 1.601159e+03 2.321363e+03 2.490105e+03 2.181091e+03 2.267989e+03 1.868285e+03 1.814152e+03 1.822757e+03 1.697973e+03 2.342057e+03 1.595210e+03 2.115642e+03 2.114128e+03 1.894024e+03 1.868285e+03 
1.683505e+03 2.047666e+03 1.580697e+03 2.093351e+03 1.700499e+03 1.601159e+03 2.065705e+03 1.761860e+03 2.380110e+03 1.337569e+03 2.232930e+03 2.182212e+03 2.232930e+03 1.848380e+03 1.531650e+03 1.601159e+03 2.321363e+03 2.269047e+03 1.951920e+03 1.955198e+03 1.700499e+03 1.761860e+03 1.822757e+03 1.697973e+03 2.208816e+03 1.595210e+03 2.115642e+03 2.048585e+03 1.875089e+03 1.700499e+03 
1.683505e+03 2.047666e+03 1.580697e+03 2.093351e+03 1.700499e+03 1.601159e+03 2.065705e+03 1.761860e+03 2.380110e+03 1.337569e+03 2.232930e+03 2.182212e+03 2.232930e+03 1.848380e+03 1.531650e+03 1.601159e+03 2.321363e+03 2.269047e+03 1.951920e+03 1.955198e+03 1.700499e+03 1.761860e+03 1.822757e+03 1.697973e+03 2.208816e+03 1.595210e+03 2.115642e+03 2.048585e+03 1.875089e+03 1.700499e+03 
1.683505e+03 1.842531e+03 1.580697e+03 1.592479e+03 1.479364e+03 1.601159e+03 1.933048e+03 1.761860e+03 1.962366e+03 1.337569e+03 2.102651e+03 1.898570e+03 2.102651e+03 1.848380e+03 1.531650e+03 1.601159e+03 1.626343e+03 1.715846e+03 1.951920e+03 1.942306e+03 1.479364e+03 1.761860e+03 1.549338e+03 1.697973e+03 2.162054e+03 1.379361e+03 2.102581e+03 1.998141e+03 1.875089e+03 1.479364e+03 
1.683505e+03 1.842531e+03 1.580697e+03 1.592479e+03 1.479364e+03 1.601159e+03 1.529090e+03 1.747800e+03 1.962366e+03 1.337569e+03 1.724729e+03 1.898570e+03 1.724729e+03 1.848380e+03 1.531650e+03 1.601159e+03 1.626343e+03 1.377522e+03 1.951920e+03 1.567128e+03 1.479364e+03 1.747800e+03 1.539347e+03 1.525296e+03 1.500828e+03 1.379361e+03 1.926137e+03 1.724291e+03 1.587002e+03 1.479364e+03 
1.683505e+03 1.655776e+03 1.292314e+03 1.592479e+03 1.479364e+03 1.601159e+03 1.529090e+03 1.285298e+03 1.536430e+03 1.337569e+03 1.724729e+03 1.738572e+03 1.724729e+03 1.412970e+03 1.531650e+03 1.601159e+03 1.626343e+03 1.089232e+03 1.787198e+03 1.567128e+03 1.479364e+03 1.285298e+03 1.473950e+03 1.522018e+03 1.500828e+03 1.259968e+03 1.421323e+03 1.485229e+03 1.522867e+03 1.479364e+03 
1.486594e+03 1.288520e+03 8.753971e+02 1.567650e+03 1.168919e+03 1.601159e+03 1.529090e+03 1.024089e+03 1.406018e+03 1.337569e+03 1.694122e+03 1.417163e+03 1.694122e+03 1.412970e+03 1.531650e+03 1.601159e+03 1.479178e+03 7.417049e+02 1.439127e+03 1.455887e+03 1.168919e+03 1.024089e+03 1.473950e+03 1.415557e+03 1.485428e+03 8.951449e+02 1.293088e+03 1.310858e+03 1.121375e+03 1.168919e+03 
1.165193e+03 9.385062e+02 6.939748e+02 1.214627e+03 1.067856e+03 1.095441e+03 1.346494e+03 1.024089e+03 1.072346e+03 1.283114e+03 1.483162e+03 8.061679e+02 1.483162e+03 1.108755e+03 9.839677e+02 1.095441e+03 1.408175e+03 7.417049e+02 1.153545e+03 7.790444e+02 1.067856e+03 1.024089e+03 1.238318e+03 1.038319e+03 1.142878e+03 8.868862e+02 1.127679e+03 1.310858e+03 1.121375e+03 1.067856e+03 
8.362935e+02 6.915397e+02 5.000641e+02 6.977533e+02 1.067856e+03 7.816368e+02 1.037053e+03 6.174008e+02 8.889280e+02 9.500400e+02 9.997101e+02 8.061679e+02 9.997101e+02 9.938913e+02 9.839677e+02 7.816368e+02 6.153643e+02 7.417049e+02 8.379007e+02 7.790444e+02 1.067856e+03 6.174008e+02 9.912699e+02 9.323613e+02 9.754488e+02 8.868862e+02 8.920116e+02 8.121362e+02 7.920463e+02 1.067856e+03 
5.442659e+02 6.734953e+02 3.811525e+02 6.438686e+02 6.748428e+02 6.864597e+02 6.067370e+02 3.410675e+02 4.341277e+02 5.866162e+02 5.874267e+02 6.032793e+02 5.874267e+02 6.674316e+02 7.559783e+02 6.864597e+02 4.916089e+02 7.281734e+02 7.157784e+02 7.790444e+02 6.748428e+02 3.410675e+02 6.642050e+02 6.839366e+02 3.362177e+02 4.450090e+02 7.156695e+02 3.582074e+02 7.714643e+02 6.748428e+02 
3.174560e+02 4.363992e+02 2.916923e+02 2.687574e+02 4.317203e+02 2.662337e+02 3.446756e+02 3.044438e+02 3.450609e+02 4.213073e+02 4.626256e+02 2.658849e+02 4.626256e+02 9.428266e+01 4.085691e+00 2.662337e+02 3.869097e+02 2.113387e+02 3.623612e+02 3.809650e+02 4.317203e+02 3.044438e+02 3.537190e+02 3.995222e+02 2.780278e+02 3.373557e+02 4.506445e+02 2.832543e+02 5.128588e+02 4.317203e+02 
1.404455e+02 1.476643e+02 9.725047e+01 2.135066e+02 1.011729e+02 1.426116e+02 2.725313e+02 1.903670e+02 2.446108e+02 1.842635e+02 2.840632e+02 1.436373e+02 2.840632e+02 5.141253e+01 4.085691e+00 1.426116e+02 2.776896e+02 1.628764e+02 1.746336e+02 2.429283e+02 1.011729e+02 1.903670e+02 1.465565e+02 1.613484e+02 1.624092e+02 2.132164e+02 1.765342e+02 6.967921e+01 1.943128e+02 1.011729e+02 
7.280982e+01 1.121244e+02 2.070615e+01 1.316101e+02 9.013597e+01 7.953928e+01 1.458461e+02 5.244284e+01 8.369544e+01 4.211692e+01 4.829856e+01 7.713791e+01 4.829856e+01 3.316147e+01 4.013181e+00 7.953928e+01 5.389087e+01 3.248023e+01 1.089451e+02 9.307738e+01 9.013597e+01 5.244284e+01 8.151414e+01 2.911771e+01 3.180974e+01 8.890056e+01 1.051965e+02 4.150685e+01 4.159034e+01 9.013597e+01 
8.551282e+00 8.080201e+00 1.051338e+01 1.365271e+01 3.782562e+01 7.062405e+00 2.597047e+01 1.323274e+01 7.504599e+00 6.884745e+00 8.878142e+00 7.924783e+00 8.878142e+00 6.800775e+00 2.061283e+00 7.062405e+00 9.715410e+00 2.620535e+00 1.036866e+01 1.186919e+01 3.782562e+01 1.323274e+01 6.253476e+00 1.086713e+01 6.257336e+00 3.164388e+01 1.238604e+01 5.336661e+00 1.773098e+01 3.782562e+01 
0.000000e+00 0.000000e+00 0.000000e+00 0.000000e+00 0.000000e+00 0.000000e+00 0.000000e+00 0.000000e+00 0.000000e+00 0.000000e+00 0.000000e+00 0.000000e+00 0.000000e+00 0.000000e+00 0.000000e+00 0.000000e+00 0.000000e+00 0.000000e+00 0.000000e+00 0.000000e+00 0.000000e+00 0.000000e+00 0.000000e+00 0.000000e+00 0.000000e+00 0.000000e+00 0.000000e+00 0.000000e+00 0.000000e+00 0.000000e+00 
0.000000e+00 0.000000e+00 0.000000e+00 0.000000e+00 0.000000e+00 0.000000e+00 0.000000e+00 0.000000e+00 0.000000e+00 0.000000e+00 0.000000e+00 0.000000e+00 0.000000e+00 0.000000e+00 0.000000e+00 0.000000e+00 0.000000e+00 0.000000e+00 0.000000e+00 0.000000e+00 0.000000e+00 0.000000e+00 0.000000e+00 0.000000e+00 0.000000e+00 0.000000e+00 0.000000e+00 0.000000e+00 0.000000e+00 0.000000e+00 
0.000000e+00 0.000000e+00 0.000000e+00 0.000000e+00 0.000000e+00 0.000000e+00 0.000000e+00 0.000000e+00 0.000000e+00 0.000000e+00 0.000000e+00 0.000000e+00 0.000000e+00 0.000000e+00 0.000000e+00 0.000000e+00 0.000000e+00 0.000000e+00 0.000000e+00 0.000000e+00 0.000000e+00 0.000000e+00 0.000000e+00 0.000000e+00 0.000000e+00 0.000000e+00 0.000000e+00 0.000000e+00 0.000000e+00 0.000000e+00 