2.044542e+03 2.193753e+03 1.743425e+03 2.244464e+03 1.868285e+03 1.601159e+03 2.065705e+03 1.814152e+03 2.380110e+03 1.882404e+03 2.232930e+03 2.423676e+03 2.232930e+03 1.848380e+03 1.531650e+03 1.601159e+03 2.321363e+03 2.490105e+03 2.181091e+03 2.267989e+03 1.868285e+03 1.814152e+03 1.822757e+03 1.697973e+03 2.342057e+03 1.595210e+03 2.115642e+03 2.114128e+03 1.894024e+03 1.868285e+03 
1.683505e+03 2.047666e+03 1.580697e+03 2.093351e+03 1.700499e+03 1.601159e+03 2.065705e+03 1.761860e+03 2.380110e+03 1.337569e+03 2.232930e+03 2.182212e+03 2.232930e+03 1.848380e+03 1.531650e+03 1.601159e+03 2.321363e+03 2.269047e+03 1.951920e+03 1.955198e+03 1.700499e+03 1.761860e+03 1.822757e+03 1.697973e+03 2.208816e+03 1.595210e+03 2.115642e+03 2.048585e+03 1.875089e+03 1.700499e+03 
1.683505e+03 2.047666e+03 1.580697e+03 2.093351e+03 1.700499e+03 1.601159e+03 2.065705e+03 1.761860e+03 2.380110e+03 1.337569e+03 2.232930e+03 2.182212e+03 2.232930e+03 1.848380e+03 1.531650e+03 1.601159e+03 2.321363e+03 2.269047e+03 1.951920e+03 1.955198e+03 1.700499e+03 1.761860e+03 1.822757e+03 1.697973e+03 2.208816e+03 1.595210e+03 2.115642e+03 2.048585e+03 1.875089e+03 1.700499e+03 
1.683505e+03 1.842531e+03 1.580697e+03 1.592479e+03 1.479364e+03 1.601159e+03 1.933048e+03 1.761860e+03 1.962366e+03 1.337569e+03 2.102651e+03 1.898570e+03 2.102651e+03 1.848380e+03 1.531650e+03 1.601159e+03 1.626343e+03 1.715846e+03 1.951920e+03 1.942306e+03 1.479364e+03 1.761860e+03 1.549338e+03 1.697973e+03 2.162054e+03 1.379361e+03 2.102581e+03 1.998141e+03 1.875089e+03 1.479364e+03 
1.683505e+03 1.522358e+03 1.580697e+03 1.592479e+03 1.479364e+03 1.601159e+03 1.529090e+03 1.747800e+03 1.962366e+03 1.261800e+03 2.029769e+03 1.898570e+03 2.029769e+03 1.848380e+03 1.400059e+03 1.601159e+03 1.626343e+03 1.715846e+03 1.951920e+03 1.567128e+03 1.479364e+03 1.747800e+03 1.391972e+03 1.525296e+03 2.008209e+03 1.074527e+03 1.481511e+03 1.724291e+03 1.781216e+03 1.479364e+03 
1.333695e+03 1.522358e+03 1.279755e+03 1.223219e+03 1.479364e+03 1.601159e+03 1.529090e+03 1.629905e+03 1.442679e+03 1.261800e+03 1.788343e+03 1.742687e+03 1.788343e+03 1.412970e+03 1.400059e+03 1.601159e+03 1.626343e+03 1.255662e+03 1.764532e+03 1.567128e+03 1.479364e+03 1.629905e+03 1.391972e+03 1.522018e+03 1.809132e+03 1.074527e+03 1.481511e+03 1.724291e+03 1.689116e+03 1.479364e+03 
1.333695e+03 1.520350e+03 1.259453e+03 1.223219e+03 1.465028e+03 1.106013e+03 1.529090e+03 1.226720e+03 1.404935e+03 1.261800e+03 1.375606e+03 1.368353e+03 1.375606e+03 1.124934e+03 1.287312e+03 1.106013e+03 1.188495e+03 9.067288e+02 1.646523e+03 1.567128e+03 1.465028e+03 1.226720e+03 1.044043e+03 1.328682e+03 1.337057e+03 1.074527e+03 1.410909e+03 1.253679e+03 1.404086e+03 1.465028e+03 
1.121504e+03 1.186266e+03 6.519449e+02 1.160677e+03 9.471885e+02 1.106013e+03 1.023862e+03 1.175513e+03 1.064283e+03 3.506910e+02 1.058861e+03 1.368353e+03 1.058861e+03 1.124934e+03 1.101193e+03 1.106013e+03 1.121784e+03 9.067288e+02 9.148679e+02 1.202145e+03 9.471885e+02 1.175513e+03 6.683719e+02 8.440662e+02 7.031953e+02 8.919424e+02 1.215581e+03 1.070616e+03 1.085367e+03 9.471885e+02 
1.011886e+03 5.011759e+02 6.175788e+02 9.024616e+02 8.967371e+02 6.525081e+02 8.061261e+02 7.164626e+02 6.590406e+02 3.506910e+02 1.058861e+03 8.073314e+02 1.058861e+03 8.919023e+02 7.649380e+02 6.525081e+02 5.375323e+02 6.450557e+02 8.941853e+02 5.228419e+02 8.967371e+02 7.164626e+02 5.460164e+02 6.082113e+02 7.031953e+02 4.973780e+02 6.493358e+02 7.261404e+02 8.998577e+02 8.967371e+02 
5.908125e+02 5.011759e+02 5.380899e+02 6.180205e+02 4.867814e+02 6.525081e+02 7.278114e+02 4.244609e+02 6.590406e+02 3.219835e+02 6.328210e+02 5.245477e+02 6.328210e+02 5.168903e+02 4.300218e+02 6.525081e+02 5.375323e+02 6.007814e+02 7.469594e+02 4.181023e+02 4.867814e+02 4.244609e+02 3.972071e+02 5.643158e+02 3.910923e+02 4.811898e+02 5.337422e+02 6.614130e+02 6.838133e+02 4.867814e+02 
4.084896e+02 3.782736e+02 3.552036e+02 2.649724e+02 3.917450e+02 3.097346e+02 4.023931e+02 3.437527e+02 3.228931e+02 2.872417e+02 4.230092e+02 2.481857e+02 4.230092e+02 3.339772e+02 3.814486e+02 3.097346e+02 1.901620e+02 1.437156e+02 3.316324e+02 2.922599e+02 3.917450e+02 3.437527e+02 2.800535e+02 4.207315e+02 3.910923e+02 3.243981e+02 3.780189e+02 4.239751e+02 5.168974e+02 3.917450e+02 
2.272086e+02 2.158158e+02 1.406782e+02 1.193155e+02 1.615962e+02 2.617927e+02 1.378905e+02 1.303014e+02 1.274962e+02 2.088267e+02 2.650513e+02 1.183807e+02 2.650513e+02 1.583404e+02 1.544735e+02 2.617927e+02 1.584806e+02 1.292903e+02 1.472511e+02 2.015659e+02 1.615962e+02 1.303014e+02 1.477901e+02 2.530170e+02 2.204445e+02 1.892946e+02 2.113802e+02 1.705854e+02 1.607047e+02 1.615962e+02 
1.209161e+02 1.500896e+02 4.792129e+00 6.867638e+01 5.396155e+01 2.703734e+01 1.143092e+02 7.860678e+01 8.087153e+01 6.657440e+01 1.024074e+02 9.772625e+01 1.024074e+02 5.870464e+01 7.590942e+01 2.703734e+01 7.135276e+01 2.849494e+01 5.272593e+01 7.909407e+01 5.396155e+01 7.860678e+01 8.541168e+00 5.183070e+01 6.973802e+01 2.690887e+01 7.779144e+01 7.658708e+01 7.772076e+01 5.396155e+01 
1.326472e+01 2.542212e+01 4.388993e+00 1.001324e+01 6.307080e+00 9.194023e+00 3.514448e+01 1.205643e+01 1.226350e+01 1.250068e+01 1.124685e+01 1.236067e+01 1.124685e+01 7.576590e+00 1.169761e+01 9.194023e+00 7.529869e+00 1.781350e+01 1.757964e+00 3.762345e+00 6.307080e+00 1.205643e+01 4.561549e-02 1.562003e+01 1.071262e+01 6.115706e+00 2.340041e-01 2.100430e-01 6.227918e-03 6.307080e+00 
0.000000e+00 0.000000e+00 0.000000e+00 0.000000e+00 0.000000e+00 0.000000e+00 0.000000e+00 0.000000e+00 0.000000e+00 0.000000e+00 0.000000e+00 0.000000e+00 0.000000e+00 0.000000e+00 0.000000e+00 0.000000e+00 0.000000e+00 0.000000e+00 0.000000e+00 0.000000e+00 0.000000e+00 0.000000e+00 0.000000e+00 0.000000e+00 0.000000e+00 0.000000e+00 0.000000e+00 0.000000e+00 0.000000e+00 0.000000e+00 
0.000000e+00 0.000000e+00 0.000000e+00 0.000000e+00 0.000000e+00 0.000000e+00 0.000000e+00 0.000000e+00 0.000000e+00 0.000000e+00 0.000000e+00 0.000000e+00 0.000000e+00 0.000000e+00 0.000000e+00 0.000000e+00 0.000000e+00 0.000000e+00 0.000000e+00 0.000000e+00 0.000000e+00 0.000000e+00 0.000000e+00 0.000000e+00 0.000000e+00 0.000000e+00 0.000000e+00 0.000000e+00 0.000000e+00 0.000000e+00 
0.000000e+00 0.000000e+00 0.000000e+00 0.000000e+00 0.000000e+00 0.000000e+00 0.000000e+00 0.000000e+00 0.000000e+00 0.000000e+00 0.000000e+00 0.000000e+00 0.000000e+00 0.000000e+00 0.000000e+00 0.000000e+00 0.000000e+00 0.000000e+00 0.000000e+00 0.000000e+00 0.000000e+00 0.000000e+00 0.000000e+00 0.000000e+00 0.000000e+00 0.000000e+00 0.000000e+00 0.000000e+00 0.000000e+00 0.000000e+00 