5.066192e+05 2.859244e+04 9.379773e+05 4.674918e+05 9.379773e+05 1.789329e+05 6.561899e+05 1.212776e+06 4.351383e+05 2.526444e+05 1.334162e+05 2.221834e+05 1.334162e+05 6.486250e+04 1.699111e+05 1.789329e+05 3.519060e+04 4.957995e+05 1.481893e+04 9.605532e+04 9.379773e+05 1.212776e+06 2.627206e+05 2.108503e+05 1.160314e+05 1.212776e+06 1.281389e+05 4.302636e+04 1.008149e+05 9.379773e+05 
5.066192e+05 2.859244e+04 9.068809e+05 4.674918e+05 9.068809e+05 1.009652e+05 5.720925e+05 1.126355e+06 4.351383e+05 2.526444e+05 1.518625e+04 2.221834e+05 1.518625e+04 6.370283e+04 1.699111e+05 1.009652e+05 3.519060e+04 4.575571e+05 1.481893e+04 9.590319e+04 9.068809e+05 1.126355e+06 2.367299e+05 2.108503e+05 1.085362e+05 1.126355e+06 1.281389e+05 4.302636e+04 9.908327e+04 9.068809e+05 
5.066192e+05 2.859244e+04 9.068809e+05 4.674918e+05 9.068809e+05 1.009652e+05 5.720925e+05 1.126355e+06 4.351383e+05 2.526444e+05 1.518625e+04 2.221834e+05 1.518625e+04 6.370283e+04 1.699111e+05 1.009652e+05 3.519060e+04 4.575571e+05 1.481893e+04 9.590319e+04 9.068809e+05 1.126355e+06 2.367299e+05 2.108503e+05 1.085362e+05 1.126355e+06 1.281389e+05 4.302636e+04 9.908327e+04 9.068809e+05 
5.066192e+05 2.859244e+04 3.593653e+05 1.748617e+05 3.593653e+05 1.009652e+05 4.186887e+05 3.669249e+05 4.351383e+05 2.526444e+05 1.518625e+04 2.221834e+05 1.518625e+04 6.370283e+04 4.893157e+04 1.009652e+05 3.519060e+04 2.704759e+05 1.481893e+04 9.590319e+04 3.593653e+05 3.669249e+05 2.127979e+05 5.414359e+03 1.085362e+05 3.669249e+05 7.386579e+04 4.302636e+04 7.898515e+04 3.593653e+05 
2.184666e+05 2.769463e+04 1.203028e+05 7.242964e+03 1.203028e+05 1.409201e+04 1.675980e+05 1.939450e+05 4.441131e+04 2.019094e+04 1.486469e+04 1.732996e+05 1.486469e+04 3.253672e+03 4.406188e+04 1.409201e+04 2.901217e+04 1.999437e+05 1.182319e+04 1.472205e+04 1.203028e+05 1.939450e+05 6.585511e+04 5.414359e+03 7.898331e+03 1.939450e+05 7.308068e+04 4.195592e+04 7.898515e+04 1.203028e+05 
2.184666e+05 2.769463e+04 8.589080e+04 7.242964e+03 8.589080e+04 9.565782e+03 1.008007e+05 3.540992e+04 4.441131e+04 2.019094e+04 1.486469e+04 1.732996e+05 1.486469e+04 1.954476e+03 4.007886e+04 9.565782e+03 1.279391e+04 5.471621e+04 1.182319e+04 1.472205e+04 8.589080e+04 3.540992e+04 6.282736e+04 5.414359e+03 7.010476e+03 3.540992e+04 7.308068e+04 4.195592e+04 6.777159e+04 8.589080e+04 
1.506063e+04 1.456827e+04 1.003527e+04 7.242964e+03 1.003527e+04 8.521816e+03 5.341687e+04 3.403074e+03 2.030157e+03 9.023978e+03 5.687947e+03 6.024968e+04 5.687947e+03 1.954476e+03 2.042542e+04 8.521816e+03 1.279391e+04 1.686851e+04 5.062419e+03 1.374049e+04 1.003527e+04 3.403074e+03 1.129944e+04 2.629824e+03 4.833116e+03 3.403074e+03 4.785667e+04 1.139769e+04 2.184768e+04 1.003527e+04 
1.256094e+04 4.561019e+02 3.599820e+02 6.142981e+03 3.599820e+02 1.723326e+03 2.732334e+03 2.079380e+03 9.997503e+02 7.598113e+03 6.547046e+02 3.474806e+03 6.547046e+02 1.954476e+03 2.519040e+03 1.723326e+03 4.550224e+02 2.594678e+02 2.490479e+03 1.325206e+04 3.599820e+02 2.079380e+03 9.018538e+02 5.586617e+02 2.337485e+03 2.079380e+03 2.565645e+04 6.550128e+03 8.114368e+03 3.599820e+02 
5.250166e+02 1.282003e+02 2.551683e+02 7.573914e+02 2.551683e+02 2.058731e+02 2.340544e+02 2.162711e+01 1.542105e+02 1.038357e+02 3.664589e+02 3.911361e+02 3.664589e+02 1.695496e+02 3.090976e+02 2.058731e+02 1.343707e+02 1.599528e+02 2.082008e+02 1.203010e+02 2.551683e+02 2.162711e+01 1.839273e+02 2.502735e+01 3.160049e+02 2.162711e+01 4.746390e+02 7.165222e+02 1.654206e+02 2.551683e+02 
1.781231e+01 1.529925e+01 3.455348e+01 2.187022e+01 3.455348e+01 2.388053e+01 1.004170e+02 1.316072e+01 1.197972e+01 3.113089e+01 1.293767e+01 5.673292e+01 1.293767e+01 9.617901e+01 2.962615e+01 2.388053e+01 4.568027e+01 4.258324e+01 3.074478e+01 2.763156e+01 3.455348e+01 1.316072e+01 2.267582e+01 2.088002e+01 5.523754e+01 1.316072e+01 2.694746e+01 4.813718e+01 3.701988e+01 3.455348e+01 
4.907314e+00 6.382938e+00 6.780982e+00 5.392936e+00 6.780982e+00 4.855128e+00 6.380566e+00 5.199015e+00 4.439315e+00 7.298865e+00 6.251338e+00 4.069127e+00 6.251338e+00 5.972514e+00 5.075855e+00 4.855128e+00 6.122856e+00 6.786314e+00 4.230762e+00 6.873667e+00 6.780982e+00 5.199015e+00 4.676821e+00 6.009704e+00 5.010226e+00 5.199015e+00 5.356305e+00 7.099162e+00 7.814325e+00 6.780982e+00 
3.311542e+00 2.733704e+00 1.802891e+00 3.052835e+00 1.802891e+00 3.190145e+00 2.812403e+00 1.308170e+00 3.533478e+00 2.351446e+00 2.632945e+00 2.740358e+00 2.632945e+00 2.707059e+00 1.583473e+00 3.190145e+00 3.449979e+00 2.626850e+00 2.598269e+00 2.348578e+00 1.802891e+00 1.308170e+00 1.994518e+00 2.276377e+00 2.934666e+00 1.308170e+00 3.449422e+00 3.172289e+00 2.897368e+00 1.802891e+00 
1.513364e+00 1.332781e+00 1.802891e+00 1.907590e+00 1.802891e+00 2.007758e+00 1.895478e+00 1.180453e+00 2.578931e+00 1.675688e+00 2.170046e+00 1.116681e+00 2.170046e+00 2.208416e+00 1.070643e+00 2.007758e+00 2.029830e+00 1.890977e+00 1.860671e+00 1.494847e+00 1.802891e+00 1.180453e+00 9.418502e-01 1.612130e+00 1.903514e+00 1.180453e+00 1.368721e+00 1.866162e+00 1.202937e+00 1.802891e+00 
7.056642e-01 9.415286e-01 1.456424e+00 1.607169e+00 1.456424e+00 1.157277e+00 5.931435e-01 1.131179e+00 1.274573e+00 1.636821e+00 1.273056e+00 9.599794e-01 1.273056e+00 9.334123e-01 1.070643e+00 1.157277e+00 1.340345e+00 1.541379e+00 1.023678e+00 1.301129e+00 1.456424e+00 1.131179e+00 8.091128e-01 1.104342e+00 1.157056e+00 1.131179e+00 1.050502e+00 1.487853e+00 1.020476e+00 1.456424e+00 
5.605043e-01 6.685372e-01 6.749299e-01 3.541323e-01 6.749299e-01 4.706798e-01 3.038236e-01 6.895010e-01 6.809684e-01 6.991387e-01 6.165413e-01 4.805563e-01 6.165413e-01 6.745725e-01 5.035143e-01 4.706798e-01 5.718450e-01 5.048533e-01 1.288411e-01 6.181678e-01 6.749299e-01 6.895010e-01 1.637608e-01 6.581622e-01 6.051184e-01 6.895010e-01 3.122664e-01 5.583085e-01 5.739914e-01 6.749299e-01 
4.584944e-01 3.026270e-01 2.860775e-01 1.686348e-01 2.860775e-01 2.269402e-01 6.913123e-02 3.449265e-01 3.102146e-01 4.985695e-01 1.977683e-01 8.919743e-02 1.977683e-01 1.499846e-01 1.777035e-01 2.269402e-01 9.565281e-02 1.397693e-01 9.877054e-03 2.233843e-01 2.860775e-01 3.449265e-01 4.935277e-02 1.780992e-01 1.095937e-01 3.449265e-01 1.486813e-01 1.777581e-01 3.947900e-02 2.860775e-01 
0.000000e+00 0.000000e+00 0.000000e+00 0.000000e+00 0.000000e+00 0.000000e+00 0.000000e+00 0.000000e+00 0.000000e+00 0.000000e+00 0.000000e+00 0.000000e+00 0.000000e+00 0.000000e+00 0.000000e+00 0.000000e+00 0.000000e+00 0.000000e+00 0.000000e+00 0.000000e+00 0.000000e+00 0.000000e+00 0.000000e+00 0.000000e+00 0.000000e+00 0.000000e+00 0.000000e+00 0.000000e+00 0.000000e+00 0.000000e+00 