2.428322e+03 2.084889e+03 1.876546e+03 2.278236e+03 2.067588e+03 2.151270e+03 2.274243e+03 1.958322e+03 2.302334e+03 2.180141e+03 1.963151e+03 2.260839e+03 1.963151e+03 2.359803e+03 1.986503e+03 2.151270e+03 2.132314e+03 1.645444e+03 2.410506e+03 2.414464e+03 2.067588e+03 1.958322e+03 2.273089e+03 1.737430e+03 2.351572e+03 2.711853e+03 2.442216e+03 2.215137e+03 2.177979e+03 2.067588e+03 
2.419299e+03 2.084889e+03 1.876546e+03 2.278236e+03 2.067588e+03 2.003422e+03 2.274243e+03 1.958322e+03 1.999327e+03 1.712183e+03 1.963151e+03 2.260839e+03 1.963151e+03 2.130438e+03 1.986503e+03 2.003422e+03 2.132314e+03 1.645444e+03 2.410506e+03 2.052015e+03 2.067588e+03 1.958322e+03 2.130215e+03 1.737430e+03 2.351572e+03 2.353156e+03 2.232701e+03 2.160644e+03 2.177979e+03 2.067588e+03 
2.419299e+03 2.084889e+03 1.876546e+03 2.278236e+03 2.067588e+03 2.003422e+03 2.274243e+03 1.958322e+03 1.999327e+03 1.712183e+03 1.963151e+03 2.260839e+03 1.963151e+03 2.130438e+03 1.986503e+03 2.003422e+03 2.132314e+03 1.645444e+03 2.410506e+03 2.052015e+03 2.067588e+03 1.958322e+03 2.130215e+03 1.737430e+03 2.351572e+03 2.353156e+03 2.232701e+03 2.160644e+03 2.177979e+03 2.067588e+03 
2.419299e+03 1.775771e+03 1.774892e+03 1.942851e+03 1.959441e+03 1.875092e+03 2.274243e+03 1.799010e+03 1.999327e+03 1.712183e+03 1.963151e+03 2.260839e+03 1.963151e+03 2.047497e+03 1.986503e+03 1.875092e+03 2.110626e+03 1.645444e+03 2.153553e+03 2.052015e+03 1.959441e+03 1.799010e+03 1.910246e+03 1.737430e+03 2.013825e+03 2.064631e+03 1.843321e+03 1.723531e+03 2.031699e+03 1.959441e+03 
1.762862e+03 1.775771e+03 1.549534e+03 1.885630e+03 1.840423e+03 1.612252e+03 1.829228e+03 1.799010e+03 1.820415e+03 1.712183e+03 1.963151e+03 1.589365e+03 1.963151e+03 1.812819e+03 1.824946e+03 1.612252e+03 1.985840e+03 1.631628e+03 2.115753e+03 1.875214e+03 1.840423e+03 1.799010e+03 1.441495e+03 1.373407e+03 2.005839e+03 1.844361e+03 1.752018e+03 1.723531e+03 2.022327e+03 1.840423e+03 
1.155568e+03 1.318712e+03 1.549534e+03 9.954073e+02 1.692544e+03 1.344969e+03 1.583804e+03 1.600293e+03 1.410222e+03 1.321312e+03 1.400216e+03 1.589365e+03 1.400216e+03 1.423338e+03 1.800895e+03 1.344969e+03 1.736437e+03 9.382995e+02 1.841900e+03 1.352605e+03 1.692544e+03 1.600293e+03 1.288567e+03 1.373407e+03 1.578456e+03 1.428688e+03 1.236153e+03 1.433537e+03 1.708384e+03 1.692544e+03 
1.005417e+03 1.318712e+03 1.059078e+03 8.589842e+02 1.231081e+03 1.002365e+03 8.343456e+02 1.060688e+03 1.410222e+03 1.087597e+03 8.388516e+02 1.034794e+03 8.388516e+02 9.979839e+02 1.107926e+03 1.002365e+03 1.184613e+03 8.866878e+02 1.181753e+03 5.466735e+02 1.231081e+03 1.060688e+03 8.366605e+02 1.263595e+03 1.141535e+03 1.016565e+03 1.170719e+03 1.245495e+03 1.320622e+03 1.231081e+03 
7.542174e+02 6.210087e+02 7.957094e+02 7.015840e+02 5.755474e+02 3.965503e+02 5.128915e+02 6.218286e+02 9.000885e+02 5.006186e+02 7.637655e+02 8.149618e+02 7.637655e+02 8.986416e+02 6.415669e+02 3.965503e+02 7.103105e+02 6.407068e+02 7.428896e+02 5.245274e+02 5.755474e+02 6.218286e+02 6.434880e+02 4.405895e+02 8.304537e+02 8.674558e+02 6.044768e+02 5.947372e+02 8.952173e+02 5.755474e+02 
3.669423e+02 3.768278e+02 3.844344e+02 2.038627e+02 4.248552e+02 3.679220e+02 4.008206e+02 4.029913e+02 3.613901e+02 2.177346e+02 5.107778e+02 2.775817e+02 5.107778e+02 3.870583e+02 1.498303e+02 3.679220e+02 2.775897e+02 4.328189e+02 4.777299e+02 2.676129e+02 4.248552e+02 4.029913e+02 2.904306e+02 1.542424e+02 3.820405e+02 4.489451e+02 3.614542e+02 3.646940e+02 4.090832e+02 4.248552e+02 
9.163098e+01 1.453006e+02 1.255567e+02 1.830734e+02 8.868436e+01 1.602655e+02 1.253249e+02 2.127272e+02 9.514160e+01 1.187644e+02 1.443987e+02 1.157768e+02 1.443987e+02 1.494721e+02 3.252554e+01 1.602655e+02 7.476730e+01 1.771190e+02 1.435308e+02 5.957709e+01 8.868436e+01 2.127272e+02 1.070198e+02 3.161867e+01 1.700049e+02 1.878610e+02 1.744643e+02 1.080837e+02 9.739826e+01 8.868436e+01 
1.685451e+01 2.049636e+01 1.470573e+01 2.092389e+01 9.271704e+00 3.440626e+01 2.564000e+01 8.495546e+00 1.072500e+01 2.165909e+01 1.134653e+01 1.111251e+01 1.134653e+01 2.318684e+01 7.742819e+00 3.440626e+01 1.757937e+01 1.835953e+01 2.167343e+01 6.798566e+00 9.271704e+00 8.495546e+00 2.322344e+01 1.176349e+01 1.468074e+01 2.157967e+01 1.914750e+01 1.795145e+01 3.008253e+01 9.271704e+00 
2.107629e-01 2.613163e-01 1.376669e-01 2.332354e-01 1.730780e-02 1.698843e-01 3.507414e-01 1.670620e-01 1.064005e-01 7.810919e-01 7.163891e-02 4.138317e-01 7.163891e-02 2.256901e-01 1.523942e-01 1.698843e-01 5.521491e-01 2.572348e-01 2.436379e-01 1.054205e-01 1.730780e-02 1.670620e-01 3.783336e-01 3.792706e-02 4.110568e-01 1.613017e-01 4.469685e-01 2.241422e-01 1.812940e-01 1.730780e-02 
2.576163e-06 3.500996e-06 7.551716e-08 2.063999e-06 9.240116e-07 3.810856e-07 7.578128e-07 4.987137e-07 7.631293e-07 2.662272e-05 5.096499e-07 1.985159e-06 5.096499e-07 2.089706e-06 2.247786e-06 3.810856e-07 2.206058e-06 1.799258e-06 1.523799e-07 5.186548e-07 9.240116e-07 4.987137e-07 1.034147e-06 7.312597e-07 4.332850e-06 4.735516e-07 9.286847e-06 6.156506e-07 1.769792e-06 9.240116e-07 
0.000000e+00 0.000000e+00 0.000000e+00 0.000000e+00 0.000000e+00 0.000000e+00 0.000000e+00 0.000000e+00 0.000000e+00 0.000000e+00 0.000000e+00 0.000000e+00 0.000000e+00 0.000000e+00 0.000000e+00 0.000000e+00 0.000000e+00 0.000000e+00 0.000000e+00 0.000000e+00 0.000000e+00 0.000000e+00 0.000000e+00 0.000000e+00 0.000000e+00 0.000000e+00 0.000000e+00 0.000000e+00 0.000000e+00 0.000000e+00 
0.000000e+00 0.000000e+00 0.000000e+00 0.000000e+00 0.000000e+00 0.000000e+00 0.000000e+00 0.000000e+00 0.000000e+00 0.000000e+00 0.000000e+00 0.000000e+00 0.000000e+00 0.000000e+00 0.000000e+00 0.000000e+00 0.000000e+00 0.000000e+00 0.000000e+00 0.000000e+00 0.000000e+00 0.000000e+00 0.000000e+00 0.000000e+00 0.000000e+00 0.000000e+00 0.000000e+00 0.000000e+00 0.000000e+00 0.000000e+00 
0.000000e+00 0.000000e+00 0.000000e+00 0.000000e+00 0.000000e+00 0.000000e+00 0.000000e+00 0.000000e+00 0.000000e+00 0.000000e+00 0.000000e+00 0.000000e+00 0.000000e+00 0.000000e+00 0.000000e+00 0.000000e+00 0.000000e+00 0.000000e+00 0.000000e+00 0.000000e+00 0.000000e+00 0.000000e+00 0.000000e+00 0.000000e+00 0.000000e+00 0.000000e+00 0.000000e+00 0.000000e+00 0.000000e+00 0.000000e+00 
0.000000e+00 0.000000e+00 0.000000e+00 0.000000e+00 0.000000e+00 0.000000e+00 0.000000e+00 0.000000e+00 0.000000e+00 0.000000e+00 0.000000e+00 0.000000e+00 0.000000e+00 0.000000e+00 0.000000e+00 0.000000e+00 0.000000e+00 0.000000e+00 0.000000e+00 0.000000e+00 0.000000e+00 0.000000e+00 0.000000e+00 0.000000e+00 0.000000e+00 0.000000e+00 0.000000e+00 0.000000e+00 0.000000e+00 0.000000e+00 