1.499639e+03 2.607324e+03 3.077082e+03 2.398567e+03 3.310781e+03 2.085229e+03 2.504534e+03 3.089501e+03 2.364281e+03 2.724275e+03 2.613106e+03 2.353061e+03 2.221192e+03 2.151655e+03 2.256997e+03 1.457560e+03 2.548655e+03 1.666055e+03 2.208872e+03 3.111974e+03 3.310781e+03 1.544768e+03 3.488179e+03 1.612014e+03 2.492173e+03 3.576513e+03 1.548328e+03 3.667342e+03 2.972838e+03 4.107424e+03 
1.499639e+03 2.607324e+03 3.077082e+03 2.398567e+03 3.310781e+03 2.085229e+03 2.504534e+03 3.089501e+03 2.364281e+03 2.724275e+03 2.613106e+03 2.353061e+03 2.221192e+03 2.151655e+03 2.256997e+03 1.457560e+03 2.548655e+03 1.666055e+03 2.208872e+03 3.111974e+03 3.310781e+03 1.544768e+03 3.488179e+03 1.612014e+03 2.492173e+03 3.576513e+03 1.548328e+03 3.667342e+03 2.972838e+03 4.107424e+03 
1.499639e+03 2.607324e+03 3.077082e+03 2.398567e+03 3.310781e+03 2.085229e+03 2.504534e+03 3.089501e+03 2.364281e+03 2.724275e+03 2.613106e+03 2.353061e+03 2.221192e+03 2.151655e+03 2.256997e+03 1.457560e+03 2.548655e+03 1.666055e+03 2.208872e+03 3.111974e+03 3.310781e+03 1.544768e+03 3.488179e+03 1.612014e+03 2.492173e+03 3.576513e+03 1.548328e+03 3.667342e+03 2.972838e+03 4.107424e+03 
1.499639e+03 2.322119e+03 3.077082e+03 2.217844e+03 2.827816e+03 2.085229e+03 2.293632e+03 3.045191e+03 2.236354e+03 2.317932e+03 2.613106e+03 2.192301e+03 2.221192e+03 2.025823e+03 2.256997e+03 1.457560e+03 2.548655e+03 1.666055e+03 2.208872e+03 2.384118e+03 2.827816e+03 1.544768e+03 3.416285e+03 1.113219e+03 2.492173e+03 2.265930e+03 1.548328e+03 3.211093e+03 2.566398e+03 3.415088e+03 
1.499639e+03 1.525413e+03 2.367095e+03 2.217844e+03 2.019709e+03 2.085229e+03 1.637199e+03 2.134469e+03 1.974112e+03 1.272754e+03 2.365565e+03 2.182104e+03 2.221192e+03 1.539491e+03 2.085586e+03 1.457560e+03 1.820766e+03 1.387947e+03 2.208872e+03 1.880149e+03 2.019709e+03 1.544768e+03 1.408728e+03 8.768471e+02 2.492173e+03 2.059652e+03 1.548328e+03 2.911159e+03 2.056032e+03 2.797072e+03 
1.494454e+03 1.385739e+03 1.728487e+03 2.217844e+03 1.172346e+03 1.407636e+03 1.258604e+03 1.631875e+03 1.712890e+03 1.079724e+03 1.413699e+03 1.681428e+03 1.432259e+03 6.118809e+02 1.276433e+03 9.497847e+02 1.737060e+03 1.287878e+03 1.748213e+03 1.659691e+03 1.172346e+03 1.544768e+03 1.395462e+03 7.055170e+02 2.161916e+03 1.902392e+03 1.511544e+03 1.752149e+03 1.936394e+03 1.462388e+03 
1.273280e+03 1.069031e+03 1.067405e+03 1.117476e+03 9.502149e+02 1.026993e+03 1.258604e+03 1.099154e+03 1.101899e+03 1.079724e+03 1.055628e+03 1.360677e+03 8.229583e+02 5.872698e+02 9.114479e+02 5.282444e+02 1.589383e+03 1.134169e+03 1.543065e+03 1.026245e+03 9.502149e+02 1.486088e+03 8.049816e+02 6.561155e+02 1.246201e+03 1.581778e+03 1.473550e+03 1.430888e+03 1.203926e+03 9.921668e+02 
5.766252e+02 4.668114e+02 7.357780e+02 5.890163e+02 4.631177e+02 6.996547e+02 5.154483e+02 5.791744e+02 6.563512e+02 2.653421e+02 6.241042e+02 7.519351e+02 4.488652e+02 5.821795e+02 5.128384e+02 3.552324e+02 5.733666e+02 6.730490e+02 1.070110e+03 6.448412e+02 4.631177e+02 5.063912e+02 6.486985e+02 6.390094e+02 6.496566e+02 6.911079e+02 9.389126e+02 6.203032e+02 8.271723e+02 3.630049e+02 
2.767185e+02 2.687426e+02 2.720613e+02 3.153745e+02 2.422425e+02 3.299702e+02 2.868572e+02 3.231762e+02 3.388065e+02 2.455252e+02 1.829299e+02 2.473586e+02 3.456258e+02 3.156053e+02 3.518995e+02 2.569752e+02 2.930481e+02 2.395008e+02 2.707258e+02 3.996466e+02 2.422425e+02 3.388400e+02 2.475542e+02 2.431554e+02 3.234821e+02 3.350534e+02 3.393671e+02 2.701825e+02 2.992314e+02 2.619434e+02 
1.535267e+02 1.524708e+02 1.862613e+02 1.691532e+02 1.684539e+02 1.635981e+02 1.780981e+02 1.793772e+02 1.974336e+02 1.849092e+02 1.536503e+02 1.791429e+02 1.913641e+02 2.086814e+02 1.889397e+02 1.660061e+02 1.866334e+02 1.817305e+02 2.287463e+02 2.031769e+02 1.684539e+02 1.863483e+02 1.868057e+02 1.744904e+02 1.869714e+02 1.745859e+02 2.217589e+02 2.154759e+02 1.919960e+02 1.962046e+02 
1.090797e+02 1.020917e+02 1.222006e+02 1.101526e+02 1.108983e+02 1.089629e+02 1.144911e+02 1.124097e+02 1.097726e+02 1.039141e+02 1.008710e+02 1.126006e+02 1.169989e+02 1.063293e+02 9.654663e+01 1.119754e+02 1.226888e+02 1.163363e+02 1.069586e+02 1.148889e+02 1.108983e+02 1.026310e+02 9.919164e+01 1.079821e+02 1.033259e+02 1.145705e+02 1.184959e+02 1.052309e+02 1.104529e+02 1.086016e+02 
8.136768e+01 8.336319e+01 9.122506e+01 8.170835e+01 8.378114e+01 8.595325e+01 8.775786e+01 7.869842e+01 8.411364e+01 8.874046e+01 8.468349e+01 7.942746e+01 8.146950e+01 8.451450e+01 7.619739e+01 8.545616e+01 8.367236e+01 8.491216e+01 8.402716e+01 8.153330e+01 8.378114e+01 7.672137e+01 8.520642e+01 8.701412e+01 7.540208e+01 8.802347e+01 8.295855e+01 8.397139e+01 8.312361e+01 8.546205e+01 
6.817137e+01 7.056635e+01 7.469117e+01 7.119791e+01 7.243551e+01 6.827122e+01 7.426309e+01 7.052724e+01 7.105215e+01 7.133326e+01 7.172542e+01 7.024339e+01 2.396217e+01 7.305597e+01 7.167607e+01 7.083540e+01 7.295599e+01 7.088324e+01 7.192528e+01 7.302052e+01 7.243551e+01 7.009134e+01 7.461731e+01 7.189456e+01 6.949821e+01 7.571601e+01 7.247095e+01 7.656119e+01 7.275387e+01 7.382005e+01 
6.578403e+01 6.574426e+01 6.737910e+01 6.573720e+01 6.624457e+01 6.607501e+01 6.677901e+01 6.616611e+01 6.662345e+01 6.663307e+01 6.596054e+01 6.586353e+01 1.645799e+01 6.605197e+01 6.584639e+01 6.582270e+01 6.606419e+01 6.591174e+01 6.616723e+01 6.604270e+01 6.624457e+01 6.658763e+01 6.604090e+01 6.563481e+01 6.581572e+01 6.740717e+01 6.578136e+01 6.825039e+01 6.568303e+01 6.715263e+01 
3.366721e-01 3.612936e-02 1.896910e-01 8.416488e-02 4.557920e-01 9.072522e-01 4.803924e-01 1.661865e+00 4.340989e-01 4.539579e-01 2.294203e+00 3.723770e-01 1.396111e+00 2.709771e-01 2.683418e-02 1.799965e+00 2.881896e-01 7.014549e-01 6.251568e-01 1.758673e-01 4.557920e-01 5.653695e-02 5.265023e-01 2.675137e-01 2.660459e-01 7.755120e+00 1.593509e-02 1.390169e-01 1.581490e-01 1.266397e+00 
0.000000e+00 0.000000e+00 0.000000e+00 0.000000e+00 0.000000e+00 0.000000e+00 0.000000e+00 0.000000e+00 0.000000e+00 0.000000e+00 0.000000e+00 0.000000e+00 0.000000e+00 0.000000e+00 0.000000e+00 0.000000e+00 0.000000e+00 0.000000e+00 0.000000e+00 0.000000e+00 0.000000e+00 0.000000e+00 0.000000e+00 0.000000e+00 0.000000e+00 0.000000e+00 0.000000e+00 0.000000e+00 0.000000e+00 0.000000e+00 
0.000000e+00 0.000000e+00 0.000000e+00 0.000000e+00 0.000000e+00 0.000000e+00 0.000000e+00 0.000000e+00 0.000000e+00 0.000000e+00 0.000000e+00 0.000000e+00 0.000000e+00 0.000000e+00 0.000000e+00 0.000000e+00 0.000000e+00 0.000000e+00 0.000000e+00 0.000000e+00 0.000000e+00 0.000000e+00 0.000000e+00 0.000000e+00 0.000000e+00 0.000000e+00 0.000000e+00 0.000000e+00 0.000000e+00 0.000000e+00 