1.956992e+03 1.827388e+03 2.038028e+03 1.822181e+03 2.055511e+03 1.884932e+03 1.830588e+03 1.489690e+03 1.324496e+03 1.113477e+03 1.649387e+03 1.555884e+03 1.815553e+03 1.611718e+03 1.377672e+03 1.884932e+03 1.833961e+03 1.950227e+03 1.964847e+03 2.155002e+03 2.055511e+03 1.820319e+03 1.950560e+03 2.206220e+03 1.866098e+03 1.820319e+03 1.149762e+03 1.789317e+03 1.615654e+03 2.055511e+03 
1.956992e+03 1.827388e+03 2.038028e+03 1.822181e+03 2.055511e+03 1.884932e+03 1.830588e+03 1.489690e+03 1.324496e+03 1.113477e+03 1.649387e+03 1.555884e+03 1.815553e+03 1.611718e+03 1.377672e+03 1.884932e+03 1.833961e+03 1.950227e+03 1.964847e+03 2.155002e+03 2.055511e+03 1.820319e+03 1.950560e+03 2.206220e+03 1.866098e+03 1.820319e+03 1.149762e+03 1.789317e+03 1.615654e+03 2.055511e+03 
1.956992e+03 1.827388e+03 2.038028e+03 1.822181e+03 2.055511e+03 1.884932e+03 1.830588e+03 1.489690e+03 1.324496e+03 1.113477e+03 1.649387e+03 1.555884e+03 1.815553e+03 1.611718e+03 1.377672e+03 1.884932e+03 1.833961e+03 1.950227e+03 1.964847e+03 2.155002e+03 2.055511e+03 1.820319e+03 1.950560e+03 2.206220e+03 1.866098e+03 1.820319e+03 1.149762e+03 1.789317e+03 1.615654e+03 2.055511e+03 
1.908754e+03 1.827388e+03 2.038028e+03 1.742034e+03 2.048886e+03 1.884932e+03 1.830588e+03 1.489690e+03 1.324496e+03 1.113477e+03 1.649387e+03 1.555884e+03 1.804910e+03 1.611718e+03 1.377672e+03 1.884932e+03 1.833961e+03 1.950227e+03 1.964847e+03 2.155002e+03 2.048886e+03 1.506615e+03 1.950560e+03 2.206220e+03 1.866098e+03 1.506615e+03 1.082683e+03 1.698421e+03 1.615654e+03 2.048886e+03 
1.880713e+03 1.827388e+03 1.553897e+03 1.742001e+03 1.992298e+03 1.884932e+03 1.829007e+03 1.489690e+03 1.324496e+03 1.113477e+03 1.642005e+03 1.555884e+03 1.769134e+03 1.611718e+03 1.332166e+03 1.884932e+03 1.458751e+03 1.920886e+03 1.593692e+03 1.729859e+03 1.992298e+03 1.475195e+03 1.548933e+03 1.955637e+03 1.856182e+03 1.475195e+03 1.082683e+03 1.698421e+03 1.343397e+03 1.992298e+03 
1.465013e+03 1.556530e+03 1.553897e+03 1.348693e+03 1.676319e+03 1.884932e+03 1.725889e+03 1.358101e+03 1.324496e+03 9.648027e+02 1.642005e+03 1.552032e+03 1.769134e+03 1.500186e+03 1.332166e+03 1.884932e+03 1.444892e+03 1.886488e+03 1.406654e+03 1.568901e+03 1.676319e+03 1.320134e+03 1.319093e+03 1.857631e+03 1.456345e+03 1.320134e+03 7.823002e+02 1.550829e+03 1.343397e+03 1.676319e+03 
1.455503e+03 1.266395e+03 1.397447e+03 9.331860e+02 1.459714e+03 1.389348e+03 1.674719e+03 1.358101e+03 1.293215e+03 9.648027e+02 1.509470e+03 1.299112e+03 1.567133e+03 1.060912e+03 1.332166e+03 1.389348e+03 1.219707e+03 1.570916e+03 1.356082e+03 1.568901e+03 1.459714e+03 1.197518e+03 1.319093e+03 1.570844e+03 1.441338e+03 1.197518e+03 7.821382e+02 1.436983e+03 1.324885e+03 1.459714e+03 
1.336717e+03 9.147106e+02 7.509162e+02 8.842530e+02 1.101342e+03 9.838904e+02 1.240596e+03 1.086801e+03 7.089060e+02 8.970604e+02 7.586349e+02 9.075067e+02 1.326429e+03 6.664019e+02 9.542452e+02 9.838904e+02 8.586783e+02 1.266436e+03 1.169513e+03 1.027771e+03 1.101342e+03 1.035870e+03 8.909857e+02 1.145802e+03 7.045113e+02 1.035870e+03 7.548305e+02 1.129371e+03 8.033624e+02 1.101342e+03 
7.771755e+02 5.950091e+02 7.493858e+02 6.824057e+02 2.731110e+02 6.004911e+02 8.170760e+02 5.646340e+02 6.416367e+02 5.621244e+02 7.491029e+02 6.756352e+02 5.919490e+02 4.678964e+02 6.619911e+02 6.004911e+02 6.873729e+02 8.311295e+02 6.077109e+02 6.195983e+02 2.731110e+02 6.928258e+02 7.179344e+02 6.040854e+02 3.685124e+02 6.928258e+02 5.464462e+02 8.749129e+02 6.212721e+02 2.731110e+02 
3.458532e+02 1.491267e+02 3.528862e+02 4.155021e+02 2.197519e+02 2.356054e+02 4.333070e+02 2.575037e+02 3.749606e+02 1.561636e+02 3.184135e+02 3.766570e+02 2.958736e+02 1.805766e+02 2.779484e+02 2.356054e+02 2.946415e+02 4.553634e+02 2.517484e+02 3.516776e+02 2.197519e+02 2.952072e+02 4.319975e+02 3.723518e+02 1.219775e+02 2.952072e+02 2.800772e+02 4.097806e+02 3.475818e+02 2.197519e+02 
9.735697e+01 9.503391e+01 5.830765e+01 9.181197e+01 7.931014e+01 6.005967e+01 1.036932e+02 3.705105e+01 1.226536e+02 1.095933e+02 7.733236e+01 3.434417e+01 1.237535e+02 5.752032e+01 6.179282e+01 6.005967e+01 1.438196e+02 8.082049e+01 1.160031e+02 7.104467e+01 7.931014e+01 8.059598e+01 1.060909e+02 6.065106e+01 7.471810e+01 8.059598e+01 1.017857e+02 5.053756e+01 9.677019e+01 7.931014e+01 
1.988458e+01 2.016653e+01 1.269925e+01 1.420497e+01 1.792228e+01 2.959285e+01 2.630407e+01 1.427359e+01 3.048119e+01 2.846056e+01 2.225777e+01 3.107718e+01 2.428099e+01 1.554227e+01 1.773618e+01 2.959285e+01 2.073906e+01 2.325905e+01 1.291401e+01 2.138237e+01 1.792228e+01 2.053577e+01 1.439337e+01 1.684898e+01 2.712857e+01 2.053577e+01 2.440542e+01 2.134882e+01 1.088394e+01 1.792228e+01 
4.134704e+00 3.746421e+00 1.454733e+00 4.186176e+00 4.508457e+00 5.568261e+00 3.873643e+00 3.799748e+00 4.025787e+00 4.771285e+00 4.254797e+00 3.550213e+00 2.353020e+00 3.051220e+00 3.523937e+00 5.568261e+00 4.026537e+00 4.247367e+00 3.400050e+00 3.082290e+00 4.508457e+00 2.776809e+00 3.079656e+00 3.347507e+00 3.225900e+00 2.776809e+00 3.291203e+00 2.642291e+00 2.857428e+00 4.508457e+00 
8.050072e-01 1.232048e+00 3.411389e-01 1.349523e+00 1.349024e+00 1.362287e+00 8.523292e-01 9.120177e-01 7.656431e-01 8.335216e-01 1.519225e+00 1.034812e+00 2.080893e-01 1.430575e+00 1.253441e+00 1.362287e+00 7.644411e-01 1.056529e+00 1.541547e+00 1.196161e+00 1.349024e+00 1.023362e+00 1.613158e+00 8.398102e-01 8.063076e-01 1.023362e+00 2.230365e-01 5.880647e-01 1.173447e+00 1.349024e+00 
8.182465e-03 3.736943e-02 3.199299e-02 4.157973e-03 7.079074e-02 2.491470e-02 1.200039e-02 4.386979e-03 3.349923e-02 8.576345e-03 2.852660e-02 6.294027e-02 1.731442e-02 6.999180e-03 8.593980e-03 2.491470e-02 1.203854e-02 2.862406e-02 2.275339e-02 3.440169e-02 7.079074e-02 3.904410e-02 2.302170e-02 8.549575e-03 7.730124e-03 3.904410e-02 7.146737e-03 2.750938e-03 1.058074e-02 7.079074e-02 
0.000000e+00 0.000000e+00 0.000000e+00 0.000000e+00 0.000000e+00 0.000000e+00 0.000000e+00 0.000000e+00 0.000000e+00 0.000000e+00 0.000000e+00 0.000000e+00 0.000000e+00 0.000000e+00 0.000000e+00 0.000000e+00 0.000000e+00 0.000000e+00 0.000000e+00 0.000000e+00 0.000000e+00 0.000000e+00 0.000000e+00 0.000000e+00 0.000000e+00 0.000000e+00 0.000000e+00 0.000000e+00 0.000000e+00 0.000000e+00 
0.000000e+00 0.000000e+00 0.000000e+00 0.000000e+00 0.000000e+00 0.000000e+00 0.000000e+00 0.000000e+00 0.000000e+00 0.000000e+00 0.000000e+00 0.000000e+00 0.000000e+00 0.000000e+00 0.000000e+00 0.000000e+00 0.000000e+00 0.000000e+00 0.000000e+00 0.000000e+00 0.000000e+00 0.000000e+00 0.000000e+00 0.000000e+00 0.000000e+00 0.000000e+00 0.000000e+00 0.000000e+00 0.000000e+00 0.000000e+00 