1.413530e+06 3.376232e+05 2.216026e+06 4.829190e+05 8.856857e+05 8.907965e+05 1.194496e+06 6.675908e+05 6.768790e+05 9.656837e+05 2.769615e+04 2.323992e+05 2.769615e+04 4.402032e+05 2.848628e+05 8.907965e+05 1.726384e+06 1.672299e+06 7.317537e+05 1.085270e+06 8.856857e+05 6.675908e+05 8.595733e+05 1.985479e+05 7.260473e+05 4.254874e+05 3.007025e+05 1.701969e+06 7.149620e+05 8.856857e+05 
1.413530e+06 3.376232e+05 2.216026e+06 4.829190e+05 8.856857e+05 8.907965e+05 1.194496e+06 6.675908e+05 6.768790e+05 9.656837e+05 2.769615e+04 2.323992e+05 2.769615e+04 4.402032e+05 2.848628e+05 8.907965e+05 1.726384e+06 1.672299e+06 7.317537e+05 1.085270e+06 8.856857e+05 6.675908e+05 8.595733e+05 1.985479e+05 7.260473e+05 4.254874e+05 3.007025e+05 1.701969e+06 7.149620e+05 8.856857e+05 
1.413530e+06 3.376232e+05 2.216026e+06 4.829190e+05 8.856857e+05 8.907965e+05 1.194496e+06 6.675908e+05 6.768790e+05 9.656837e+05 2.769615e+04 2.323992e+05 2.769615e+04 4.402032e+05 2.848628e+05 8.907965e+05 1.726384e+06 1.672299e+06 7.317537e+05 1.085270e+06 8.856857e+05 6.675908e+05 8.595733e+05 1.985479e+05 7.260473e+05 4.254874e+05 3.007025e+05 1.701969e+06 7.149620e+05 8.856857e+05 
8.097836e+05 3.376232e+05 2.026493e+06 1.234669e+05 2.978469e+05 8.907965e+05 6.732256e+05 6.675908e+05 6.768790e+05 5.698975e+05 2.769615e+04 2.323992e+05 2.769615e+04 4.402032e+05 2.848628e+05 8.907965e+05 1.038073e+06 1.672299e+06 4.024861e+05 1.084988e+06 2.978469e+05 6.675908e+05 8.595733e+05 1.549298e+05 7.260473e+05 4.254874e+05 3.007025e+05 8.231241e+05 7.141658e+05 2.978469e+05 
8.097836e+05 3.376232e+05 1.644572e+06 1.234669e+05 2.976430e+05 2.369016e+05 6.727047e+05 3.693894e+05 6.768790e+05 6.802665e+04 2.769615e+04 2.323992e+05 2.769615e+04 1.593522e+05 2.848628e+05 2.369016e+05 1.035469e+06 1.653584e+05 4.024861e+05 5.027891e+05 2.976430e+05 3.693894e+05 4.951440e+05 1.549298e+05 5.248140e+05 2.836864e+05 2.406455e+05 7.870422e+05 2.191642e+05 2.976430e+05 
6.260873e+05 3.376232e+05 3.440391e+05 1.234642e+05 1.065491e+05 2.354733e+05 1.393993e+05 3.693894e+05 5.799238e+05 6.768762e+04 1.599930e+04 2.196571e+05 1.599930e+04 1.593522e+05 2.533116e+05 2.354733e+05 9.043981e+05 1.645530e+05 3.992965e+05 4.947098e+05 1.065491e+05 3.693894e+05 2.548951e+05 1.549298e+05 3.347539e+05 1.568690e+05 2.406455e+05 3.000394e+05 2.191642e+05 1.065491e+05 
4.572801e+05 4.928107e+04 1.534938e+05 6.217898e+04 9.655065e+04 1.665080e+05 1.096990e+05 1.557705e+05 2.888121e+05 6.109191e+04 1.593482e+04 1.821309e+05 1.593482e+04 1.051977e+05 9.194645e+04 1.665080e+05 1.851328e+05 1.050582e+05 9.892338e+04 1.829956e+05 9.655065e+04 1.557705e+05 1.909141e+05 5.578512e+04 2.938942e+04 1.568675e+05 8.884001e+04 2.104461e+05 9.931478e+04 9.655065e+04 
2.935271e+03 4.675426e+04 9.891379e+04 3.886710e+04 7.391281e+04 1.126509e+04 5.809605e+04 2.618835e+04 1.074771e+05 5.471220e+04 1.587891e+04 8.188969e+04 1.587891e+04 2.428846e+04 2.450215e+04 1.126509e+04 1.663052e+04 2.053522e+04 7.212428e+04 7.110306e+04 7.391281e+04 2.618835e+04 6.570918e+03 5.003781e+04 1.908937e+04 5.942963e+04 2.807602e+04 3.278431e+04 9.014969e+04 7.391281e+04 
2.691603e+03 5.875432e+03 4.149976e+03 3.031465e+03 3.266542e+03 3.472567e+03 2.648249e+03 1.191245e+03 1.722616e+03 1.469579e+03 1.101933e+04 3.294859e+03 1.101933e+04 5.685132e+03 6.765921e+03 3.472567e+03 5.245444e+03 1.951491e+03 9.340032e+03 5.177962e+03 3.266542e+03 1.191245e+03 2.551239e+03 3.216534e+03 3.033983e+03 2.648900e+03 6.543157e+03 3.332789e+03 2.423829e+03 3.266542e+03 
1.249669e+02 1.169902e+02 3.022065e+02 1.214398e+02 2.108388e+02 2.797729e+02 2.840479e+02 6.193264e+01 2.468649e+02 1.352035e+02 4.108425e+02 2.100315e+02 4.108425e+02 1.075703e+02 1.830352e+02 2.797729e+02 7.668840e+01 1.883232e+02 1.883449e+02 1.751170e+02 2.108388e+02 6.193264e+01 5.380803e+02 1.223127e+02 6.098649e+01 1.576920e+02 2.496945e+02 3.059799e+02 3.396870e+02 2.108388e+02 
1.505560e+01 1.461974e+01 1.468316e+01 1.299500e+01 1.430575e+01 1.666540e+01 1.385819e+01 1.384592e+01 1.376123e+01 1.343754e+01 1.334975e+01 1.381308e+01 1.334975e+01 1.241986e+01 1.738813e+01 1.666540e+01 1.716155e+01 1.419549e+01 1.535835e+01 1.496490e+01 1.430575e+01 1.384592e+01 1.581907e+01 1.270687e+01 1.301790e+01 1.336553e+01 1.308459e+01 1.472621e+01 1.552194e+01 1.430575e+01 
5.309577e+00 4.517303e+00 4.935759e+00 6.630498e+00 5.296858e+00 4.768082e+00 6.109596e+00 5.782678e+00 6.757118e+00 5.336285e+00 6.025520e+00 5.027736e+00 6.025520e+00 5.737240e+00 5.147063e+00 4.768082e+00 5.746241e+00 5.068197e+00 5.944305e+00 5.488186e+00 5.296858e+00 5.782678e+00 5.641873e+00 5.049709e+00 5.012940e+00 5.483363e+00 5.169123e+00 5.363341e+00 5.016956e+00 5.296858e+00 
3.467483e+00 2.905542e+00 3.299814e+00 2.992346e+00 3.268065e+00 3.057511e+00 3.481208e+00 3.107498e+00 3.370026e+00 2.827305e+00 2.597338e+00 2.856057e+00 2.597338e+00 2.793489e+00 3.007515e+00 3.057511e+00 3.337732e+00 3.291627e+00 3.127457e+00 3.120649e+00 3.268065e+00 3.107498e+00 3.513617e+00 3.302085e+00 2.018749e+00 3.251049e+00 2.312210e+00 2.548011e+00 2.683085e+00 3.268065e+00 
2.064664e+00 2.003034e+00 2.120466e+00 2.013838e+00 1.871352e+00 2.323079e+00 2.135612e+00 2.015627e+00 2.170606e+00 2.291566e+00 1.723275e+00 2.087801e+00 1.723275e+00 1.505493e+00 2.051556e+00 2.323079e+00 2.069819e+00 1.861983e+00 1.971838e+00 1.885436e+00 1.871352e+00 2.015627e+00 2.008622e+00 1.240967e+00 1.540795e+00 2.272197e+00 1.918526e+00 2.144888e+00 1.943247e+00 1.871352e+00 
1.316893e+00 1.299824e+00 1.426005e+00 1.358402e+00 1.247424e+00 1.200228e+00 1.312044e+00 1.097405e+00 1.372291e+00 1.363538e+00 1.297154e+00 1.263383e+00 1.297154e+00 1.260736e+00 1.143998e+00 1.200228e+00 1.344634e+00 1.277563e+00 1.499074e+00 1.274732e+00 1.247424e+00 1.097405e+00 1.342880e+00 8.116788e-01 9.584853e-01 1.266285e+00 1.252464e+00 1.364422e+00 1.250587e+00 1.247424e+00 
6.680338e-01 4.995061e-01 6.507033e-01 4.471455e-01 5.038012e-01 6.704978e-01 5.907967e-01 6.159974e-01 6.079811e-01 6.439137e-01 4.450155e-01 3.750973e-01 4.450155e-01 4.936430e-01 6.111745e-01 6.704978e-01 5.256989e-01 4.681768e-01 5.212996e-01 5.485061e-01 5.038012e-01 6.159974e-01 7.258142e-01 4.625547e-01 6.424796e-01 6.480389e-01 6.399422e-01 6.157088e-01 5.464146e-01 5.038012e-01 
0.000000e+00 0.000000e+00 0.000000e+00 0.000000e+00 0.000000e+00 0.000000e+00 0.000000e+00 0.000000e+00 0.000000e+00 0.000000e+00 0.000000e+00 0.000000e+00 0.000000e+00 0.000000e+00 0.000000e+00 0.000000e+00 0.000000e+00 0.000000e+00 0.000000e+00 0.000000e+00 0.000000e+00 0.000000e+00 0.000000e+00 0.000000e+00 0.000000e+00 0.000000e+00 0.000000e+00 0.000000e+00 0.000000e+00 0.000000e+00 