5.285985e+03 5.370023e+03 5.735106e+03 5.512266e+03 5.470483e+03 3.787413e+03 3.969588e+03 5.093998e+03 5.032351e+03 5.329718e+03 3.750996e+03 5.360247e+03 3.750996e+03 5.293419e+03 5.292763e+03 3.787413e+03 5.798638e+03 5.509682e+03 5.202735e+03 4.568775e+03 5.470483e+03 5.754110e+03 4.358180e+03 5.455461e+03 5.759034e+03 5.748529e+03 5.156036e+03 5.272619e+03 5.714827e+03 5.258978e+03 
5.285985e+03 5.370023e+03 5.735106e+03 5.512266e+03 5.470483e+03 3.787413e+03 3.969588e+03 5.093998e+03 5.032351e+03 5.329718e+03 3.750996e+03 5.360247e+03 3.750996e+03 5.293419e+03 5.292763e+03 3.787413e+03 5.798638e+03 5.509682e+03 5.202735e+03 4.568775e+03 5.470483e+03 5.754110e+03 4.358180e+03 5.455461e+03 5.759034e+03 5.748529e+03 5.156036e+03 5.272619e+03 5.714827e+03 5.258978e+03 
5.285985e+03 5.370023e+03 5.735106e+03 5.512266e+03 5.470483e+03 3.787413e+03 3.969588e+03 5.093998e+03 5.032351e+03 5.329718e+03 3.750996e+03 5.360247e+03 3.750996e+03 5.293419e+03 5.292763e+03 3.787413e+03 5.798638e+03 5.509682e+03 5.202735e+03 4.568775e+03 5.470483e+03 5.754110e+03 4.358180e+03 5.455461e+03 5.759034e+03 5.748529e+03 5.156036e+03 5.272619e+03 5.714827e+03 5.258978e+03 
5.052358e+03 5.370023e+03 5.636497e+03 5.340530e+03 5.383066e+03 3.541635e+03 3.969588e+03 5.093998e+03 4.267176e+03 5.239484e+03 3.697993e+03 5.360247e+03 3.697993e+03 4.882220e+03 5.032283e+03 3.541635e+03 4.603600e+03 5.449954e+03 5.202735e+03 4.568775e+03 5.383066e+03 5.548917e+03 4.358180e+03 5.334810e+03 5.328694e+03 5.748529e+03 5.156036e+03 5.106103e+03 5.421049e+03 5.258978e+03 
5.030476e+03 4.571631e+03 5.342661e+03 5.340530e+03 4.312595e+03 3.193764e+03 3.673519e+03 3.799867e+03 4.267176e+03 4.343733e+03 3.697993e+03 5.264302e+03 3.697993e+03 4.830795e+03 4.749101e+03 3.193764e+03 4.537455e+03 5.240699e+03 5.202735e+03 4.537894e+03 4.312595e+03 5.548917e+03 4.292247e+03 4.397078e+03 5.317240e+03 5.001305e+03 4.667384e+03 5.106103e+03 5.421049e+03 5.146336e+03 
4.955058e+03 4.571631e+03 5.037025e+03 4.006260e+03 3.658969e+03 3.193764e+03 3.673519e+03 3.799867e+03 4.152556e+03 4.343733e+03 3.300538e+03 4.792897e+03 3.300538e+03 4.350820e+03 4.476316e+03 3.193764e+03 4.149742e+03 5.240699e+03 4.980083e+03 4.392288e+03 3.658969e+03 4.356325e+03 3.443934e+03 4.320324e+03 4.472208e+03 4.544369e+03 4.484292e+03 4.907689e+03 4.563211e+03 3.790427e+03 
3.523048e+03 2.713925e+03 3.668389e+03 3.922041e+03 3.421865e+03 3.193764e+03 3.262805e+03 3.403067e+03 3.093394e+03 2.820272e+03 3.106714e+03 4.467210e+03 3.106714e+03 3.957464e+03 3.433955e+03 3.193764e+03 3.855509e+03 4.379651e+03 3.691843e+03 3.621770e+03 3.421865e+03 4.356325e+03 3.426909e+03 3.771959e+03 3.717854e+03 4.544369e+03 4.189084e+03 2.579020e+03 4.096050e+03 3.790427e+03 
3.207853e+03 2.574353e+03 2.653875e+03 3.056106e+03 2.532072e+03 1.755608e+03 2.734169e+03 2.598575e+03 2.518098e+03 2.216147e+03 3.044159e+03 3.382513e+03 3.044159e+03 1.887913e+03 3.184461e+03 1.755608e+03 3.114515e+03 3.515803e+03 2.097605e+03 2.847894e+03 2.532072e+03 3.104061e+03 2.506136e+03 2.535222e+03 2.499708e+03 3.427766e+03 3.362909e+03 2.282824e+03 2.709500e+03 3.145676e+03 
2.138822e+03 1.423058e+03 1.450875e+03 2.125102e+03 1.801792e+03 1.663237e+03 1.916181e+03 1.918231e+03 2.312331e+03 1.474565e+03 1.131828e+03 1.371394e+03 1.131828e+03 1.330120e+03 1.599774e+03 1.663237e+03 1.789780e+03 2.229132e+03 1.831691e+03 2.083656e+03 1.801792e+03 2.296178e+03 1.513665e+03 1.731188e+03 1.722236e+03 1.983192e+03 2.399977e+03 1.581700e+03 1.627490e+03 1.817807e+03 
1.033221e+03 1.181749e+03 8.365730e+02 1.158535e+03 7.490513e+02 9.464897e+02 1.255803e+03 1.292279e+03 9.231469e+02 8.824301e+02 8.155114e+02 1.097281e+03 8.155114e+02 8.090364e+02 9.548335e+02 9.464897e+02 7.598847e+02 1.259886e+03 1.214292e+03 1.409423e+03 7.490513e+02 1.141117e+03 1.222615e+03 9.964956e+02 1.242714e+03 9.821926e+02 1.201219e+03 1.021837e+03 1.027924e+03 8.839508e+02 
4.427418e+02 4.382081e+02 3.369068e+02 5.079703e+02 4.545528e+02 4.263480e+02 3.835812e+02 3.285705e+02 5.421595e+02 4.490265e+02 3.886663e+02 4.347369e+02 3.886663e+02 3.901567e+02 3.894398e+02 4.263480e+02 5.214742e+02 4.677254e+02 5.270635e+02 4.605381e+02 4.545528e+02 3.258727e+02 3.628015e+02 3.946341e+02 3.414893e+02 5.725931e+02 4.453742e+02 4.265223e+02 4.663283e+02 5.224864e+02 
2.254134e+02 2.101813e+02 2.356689e+02 2.324206e+02 2.123700e+02 2.680169e+02 2.170000e+02 1.741502e+02 2.335840e+02 1.954448e+02 2.464327e+02 2.504172e+02 2.464327e+02 2.120109e+02 2.281763e+02 2.680169e+02 2.263007e+02 2.099283e+02 2.398575e+02 2.526654e+02 2.123700e+02 1.983134e+02 2.167581e+02 2.215448e+02 1.858192e+02 2.477857e+02 2.351776e+02 2.098489e+02 2.122878e+02 2.419822e+02 
1.393244e+02 1.426299e+02 1.353138e+02 1.408135e+02 1.396766e+02 1.473619e+02 1.357881e+02 1.428794e+02 1.384950e+02 1.320786e+02 1.420827e+02 1.441622e+02 1.420827e+02 1.362632e+02 1.334995e+02 1.473619e+02 1.529370e+02 1.634251e+02 1.527524e+02 1.498726e+02 1.396766e+02 1.327643e+02 1.280300e+02 1.237673e+02 1.266993e+02 1.365622e+02 1.424734e+02 1.420178e+02 1.400354e+02 1.580464e+02 
1.093701e+02 1.074039e+02 1.002111e+02 1.040477e+02 1.063991e+02 1.109326e+02 1.086157e+02 1.169535e+02 1.055962e+02 1.010670e+02 1.163963e+02 1.031137e+02 1.163963e+02 1.025761e+02 1.097715e+02 1.109326e+02 1.095667e+02 1.133824e+02 1.061256e+02 1.034381e+02 1.063991e+02 1.034932e+02 1.079201e+02 1.026305e+02 1.070286e+02 1.144330e+02 1.153512e+02 1.131990e+02 1.030013e+02 1.135677e+02 
1.000000e+02 1.000000e+02 1.000000e+02 1.000000e+02 1.000000e+02 1.000000e+02 1.000000e+02 1.000000e+02 1.000000e+02 1.000000e+02 1.000000e+02 1.000000e+02 1.000000e+02 1.000000e+02 1.000000e+02 1.000000e+02 1.000000e+02 1.000000e+02 1.000000e+02 1.000000e+02 1.000000e+02 1.000000e+02 1.000000e+02 1.000000e+02 1.000000e+02 1.000000e+02 1.000000e+02 1.000000e+02 1.000000e+02 1.000000e+02 
1.000000e+02 1.000000e+02 1.000000e+02 1.000000e+02 1.000000e+02 1.000000e+02 1.000000e+02 1.000000e+02 1.000000e+02 1.000000e+02 1.000000e+02 1.000000e+02 1.000000e+02 1.000000e+02 1.000000e+02 1.000000e+02 1.000000e+02 1.000000e+02 1.000000e+02 1.000000e+02 1.000000e+02 1.000000e+02 1.000000e+02 1.000000e+02 1.000000e+02 1.000000e+02 1.000000e+02 1.000000e+02 1.000000e+02 4.441680e+01 
0.000000e+00 0.000000e+00 0.000000e+00 0.000000e+00 0.000000e+00 0.000000e+00 0.000000e+00 0.000000e+00 0.000000e+00 0.000000e+00 0.000000e+00 0.000000e+00 0.000000e+00 0.000000e+00 0.000000e+00 0.000000e+00 0.000000e+00 0.000000e+00 0.000000e+00 0.000000e+00 0.000000e+00 0.000000e+00 0.000000e+00 0.000000e+00 0.000000e+00 0.000000e+00 0.000000e+00 0.000000e+00 0.000000e+00 0.000000e+00 