3.837183e+02 3.877298e+02 3.428288e+02 3.387849e+02 3.236944e+02 4.268194e+02 3.860370e+02 2.960552e+02 3.876075e+02 3.893846e+02 3.561615e+02 3.175849e+02 4.232431e+02 2.104015e+02 3.685750e+02 4.268194e+02 3.876075e+02 3.236944e+02 4.240316e+02 4.268194e+02 3.236944e+02 4.128371e+02 3.615755e+02 4.128371e+02 3.168787e+02 4.128371e+02 2.957224e+02 3.315709e+02 3.617330e+02 3.236944e+02 
3.209341e+02 2.435027e+02 3.303740e+02 3.387849e+02 3.233005e+02 3.615179e+02 3.320921e+02 2.862444e+02 2.770900e+02 3.460609e+02 3.561615e+02 2.915775e+02 2.813752e+02 2.104015e+02 2.759580e+02 3.615179e+02 2.770900e+02 3.233005e+02 3.951890e+02 3.615179e+02 3.233005e+02 2.177353e+02 3.615755e+02 2.177353e+02 3.168787e+02 2.177353e+02 2.957224e+02 2.544197e+02 3.518833e+02 3.233005e+02 
3.209341e+02 2.435027e+02 3.303740e+02 3.387849e+02 3.233005e+02 3.615179e+02 3.320921e+02 2.862444e+02 2.770900e+02 3.460609e+02 3.561615e+02 2.915775e+02 2.813752e+02 2.104015e+02 2.759580e+02 3.615179e+02 2.770900e+02 3.233005e+02 3.951890e+02 3.615179e+02 3.233005e+02 2.177353e+02 3.615755e+02 2.177353e+02 3.168787e+02 2.177353e+02 2.957224e+02 2.544197e+02 3.518833e+02 3.233005e+02 
3.209341e+02 2.089073e+02 2.983005e+02 3.093537e+02 2.689793e+02 3.615179e+02 3.126387e+02 2.610423e+02 2.738319e+02 1.610935e+02 3.174590e+02 2.596470e+02 2.813752e+02 2.104015e+02 2.759580e+02 3.615179e+02 2.738319e+02 2.689793e+02 2.434963e+02 3.615179e+02 2.689793e+02 2.177353e+02 2.353363e+02 2.177353e+02 2.404051e+02 2.177353e+02 2.139263e+02 2.544197e+02 3.255593e+02 2.689793e+02 
2.643737e+02 2.089073e+02 2.303176e+02 2.117782e+02 2.689793e+02 3.509583e+02 2.350682e+02 2.522163e+02 2.250448e+02 1.610935e+02 2.472092e+02 2.152113e+02 2.277459e+02 2.022575e+02 2.759580e+02 3.509583e+02 2.250448e+02 2.689793e+02 1.996636e+02 3.509583e+02 2.689793e+02 1.590657e+02 2.353363e+02 1.590657e+02 2.404051e+02 1.590657e+02 2.139263e+02 2.375863e+02 2.088894e+02 2.689793e+02 
2.136821e+02 1.921447e+02 1.778881e+02 2.060660e+02 2.053609e+02 2.541906e+02 1.909586e+02 1.444471e+02 1.924812e+02 1.610935e+02 1.988725e+02 1.604190e+02 1.876912e+02 1.871681e+02 2.692856e+02 2.541906e+02 1.924812e+02 2.053609e+02 1.708067e+02 2.541906e+02 2.053609e+02 1.590657e+02 2.041646e+02 1.590657e+02 2.039021e+02 1.590657e+02 1.979484e+02 2.375863e+02 1.800259e+02 2.053609e+02 
1.588470e+02 1.142465e+02 1.771586e+02 1.704511e+02 1.572912e+02 1.647032e+02 1.102500e+02 1.444471e+02 1.498603e+02 1.603136e+02 1.487241e+02 1.404994e+02 1.315787e+02 1.308739e+02 1.507707e+02 1.647032e+02 1.498603e+02 1.572912e+02 1.374397e+02 1.647032e+02 1.572912e+02 1.349763e+02 1.756155e+02 1.349763e+02 1.373906e+02 1.349763e+02 1.750275e+02 1.451301e+02 1.549269e+02 1.572912e+02 
1.225171e+02 1.142465e+02 1.013822e+02 1.196758e+02 1.078111e+02 1.161731e+02 1.089883e+02 1.104563e+02 1.174115e+02 9.841052e+01 1.090250e+02 1.267711e+02 1.315787e+02 1.058145e+02 1.177988e+02 1.161731e+02 1.174115e+02 1.078111e+02 9.981151e+01 1.161731e+02 1.078111e+02 1.334151e+02 1.342495e+02 1.334151e+02 1.268728e+02 1.334151e+02 1.008229e+02 1.072035e+02 1.127748e+02 1.078111e+02 
6.941533e+01 8.221175e+01 7.640220e+01 6.805945e+01 7.882972e+01 9.226018e+01 8.330982e+01 5.353778e+01 8.699332e+01 6.781460e+01 7.597519e+01 8.795313e+01 7.990605e+01 7.071236e+01 8.150306e+01 9.226018e+01 8.699332e+01 7.882972e+01 8.929609e+01 9.226018e+01 7.882972e+01 8.367674e+01 8.813417e+01 8.367674e+01 7.633006e+01 8.367674e+01 7.330622e+01 7.931513e+01 7.975741e+01 7.882972e+01 
6.071854e+01 5.467123e+01 6.117037e+01 5.288984e+01 7.119633e+01 5.217798e+01 6.401587e+01 5.149606e+01 5.553266e+01 5.518253e+01 6.073380e+01 6.765097e+01 5.294980e+01 5.310678e+01 6.648042e+01 5.217798e+01 5.553266e+01 7.119633e+01 6.629186e+01 5.217798e+01 7.119633e+01 5.875014e+01 6.408051e+01 5.875014e+01 5.901947e+01 5.875014e+01 6.145790e+01 5.505445e+01 6.468641e+01 7.119633e+01 
3.759219e+01 5.467123e+01 4.139189e+01 4.161521e+01 4.242149e+01 4.112593e+01 5.137533e+01 3.851477e+01 4.719700e+01 4.743564e+01 4.247728e+01 4.891154e+01 4.612367e+01 4.642889e+01 4.865004e+01 4.112593e+01 4.719700e+01 4.242149e+01 4.922640e+01 4.112593e+01 4.242149e+01 4.791831e+01 4.174578e+01 4.791831e+01 4.594533e+01 4.791831e+01 4.635760e+01 3.325260e+01 5.142471e+01 4.242149e+01 
3.405007e+01 3.284321e+01 3.893966e+01 3.171195e+01 2.838977e+01 3.658591e+01 3.503434e+01 3.851477e+01 2.602112e+01 3.340829e+01 3.392801e+01 3.363807e+01 2.737310e+01 3.283946e+01 3.539284e+01 3.658591e+01 2.602112e+01 2.838977e+01 3.150617e+01 3.658591e+01 2.838977e+01 3.934989e+01 2.582237e+01 3.934989e+01 3.926921e+01 3.934989e+01 3.411115e+01 2.946208e+01 3.489997e+01 2.838977e+01 
2.591896e+01 2.990544e+01 2.941153e+01 2.686305e+01 2.769406e+01 2.938867e+01 2.966462e+01 3.014366e+01 2.030752e+01 2.515911e+01 2.684665e+01 2.255628e+01 2.250063e+01 2.988400e+01 2.860224e+01 2.938867e+01 2.030752e+01 2.769406e+01 2.607832e+01 2.938867e+01 2.769406e+01 2.765695e+01 2.582237e+01 2.765695e+01 2.384966e+01 2.765695e+01 2.948489e+01 2.614577e+01 3.200800e+01 2.769406e+01 
2.090977e+01 2.016678e+01 2.065976e+01 1.924792e+01 1.468125e+01 2.333375e+01 2.037222e+01 1.985696e+01 1.989867e+01 1.840746e+01 2.189840e+01 2.131367e+01 1.842169e+01 2.294154e+01 2.328678e+01 2.333375e+01 1.989867e+01 1.468125e+01 2.439953e+01 2.333375e+01 1.468125e+01 2.209835e+01 2.214815e+01 2.209835e+01 1.775924e+01 2.209835e+01 2.517683e+01 2.399448e+01 2.227933e+01 1.468125e+01 
1.884097e+01 1.735429e+01 1.768738e+01 1.610529e+01 1.432770e+01 1.741797e+01 1.471977e+01 1.636530e+01 1.913293e+01 1.664384e+01 1.592861e+01 1.567245e+01 1.617963e+01 1.729231e+01 1.739023e+01 1.741797e+01 1.913293e+01 1.432770e+01 1.480241e+01 1.741797e+01 1.432770e+01 1.635964e+01 1.408198e+01 1.635964e+01 1.722765e+01 1.635964e+01 1.889267e+01 1.794086e+01 1.468675e+01 1.432770e+01 
1.358534e+01 1.310067e+01 1.447815e+01 1.395141e+01 1.399797e+01 1.542785e+01 1.139182e+01 1.123917e+01 1.393395e+01 1.503168e+01 1.374762e+01 1.502150e+01 1.296730e+01 1.294379e+01 1.395453e+01 1.542785e+01 1.393395e+01 1.399797e+01 1.357844e+01 1.542785e+01 1.399797e+01 1.378551e+01 1.348875e+01 1.378551e+01 1.208904e+01 1.378551e+01 1.486155e+01 1.255743e+01 1.324120e+01 1.399797e+01 
0.000000e+00 0.000000e+00 0.000000e+00 0.000000e+00 0.000000e+00 0.000000e+00 0.000000e+00 0.000000e+00 0.000000e+00 0.000000e+00 0.000000e+00 0.000000e+00 0.000000e+00 0.000000e+00 0.000000e+00 0.000000e+00 0.000000e+00 0.000000e+00 0.000000e+00 0.000000e+00 0.000000e+00 0.000000e+00 0.000000e+00 0.000000e+00 0.000000e+00 0.000000e+00 0.000000e+00 0.000000e+00 0.000000e+00 0.000000e+00 