1.068669e+06 3.830013e+05 1.836968e+05 1.454088e+06 9.157570e+05 5.120030e+04 3.844227e+05 4.047043e+05 8.882746e+05 2.245761e+06 3.350115e+06 1.133192e+06 3.350115e+06 1.851314e+06 2.512276e+06 5.120030e+04 8.882746e+05 6.217406e+06 1.744351e+05 1.422028e+05 1.836968e+05 2.854585e+06 6.198661e+06 2.341542e+06 2.310340e+06 2.854585e+06 7.766070e+05 7.692488e+05 1.158107e+05 1.836968e+05 
1.068669e+06 3.830013e+05 1.836968e+05 4.026943e+05 9.157570e+05 5.070074e+04 3.844227e+05 4.045521e+05 7.222741e+05 2.245761e+06 1.934738e+06 1.133144e+06 1.934738e+06 1.851314e+06 2.269738e+06 5.070074e+04 7.222741e+05 1.420114e+06 1.744351e+05 1.422028e+05 1.836968e+05 1.058121e+06 4.100575e+06 1.158192e+06 6.250388e+05 1.058121e+06 7.766070e+05 7.692488e+05 1.158107e+05 1.836968e+05 
1.068669e+06 3.830013e+05 1.836968e+05 4.026943e+05 9.157570e+05 5.070074e+04 3.844227e+05 4.045521e+05 7.222741e+05 2.245761e+06 1.934738e+06 1.133144e+06 1.934738e+06 1.851314e+06 2.269738e+06 5.070074e+04 7.222741e+05 1.420114e+06 1.744351e+05 1.422028e+05 1.836968e+05 1.058121e+06 4.100575e+06 1.158192e+06 6.250388e+05 1.058121e+06 7.766070e+05 7.692488e+05 1.158107e+05 1.836968e+05 
1.068669e+06 5.663977e+04 5.870873e+04 4.026943e+05 9.157570e+05 5.070074e+04 3.844227e+05 4.045521e+05 2.783009e+05 1.649676e+06 1.934738e+06 1.132805e+06 1.934738e+06 1.149607e+05 2.045813e+05 5.070074e+04 2.783009e+05 1.420114e+06 1.741249e+05 1.422028e+05 5.870873e+04 6.928289e+05 1.770246e+06 7.885663e+05 5.691044e+05 6.928289e+05 7.766070e+05 7.692488e+05 1.158107e+05 5.870873e+04 
5.322126e+05 5.647551e+04 5.869126e+04 7.253982e+04 7.200991e+05 5.070074e+04 3.843728e+05 2.748689e+05 2.781423e+05 3.517971e+05 1.934738e+06 1.066003e+06 1.934738e+06 1.149607e+05 2.043203e+05 5.070074e+04 2.781423e+05 3.169437e+05 1.741249e+05 1.422023e+05 5.869126e+04 5.790990e+05 1.770197e+06 7.885663e+05 3.368036e+05 5.790990e+05 4.874944e+05 6.646989e+05 1.153130e+05 5.869126e+04 
5.322126e+05 5.647551e+04 5.747203e+04 3.755594e+04 7.200991e+05 5.052053e+04 3.843728e+05 4.069838e+04 2.781335e+05 3.517971e+05 2.667363e+05 3.152804e+05 2.667363e+05 1.149607e+05 6.179893e+04 5.052053e+04 2.781335e+05 3.169437e+05 1.741249e+05 1.422023e+05 5.747203e+04 2.931360e+05 1.429384e+04 7.009252e+05 3.368036e+05 2.931360e+05 4.874900e+05 2.579199e+04 1.153127e+05 5.747203e+04 
3.149912e+05 1.544306e+04 5.207121e+04 3.743244e+04 2.462382e+05 3.289505e+03 6.384260e+04 4.068809e+04 2.778075e+05 1.561123e+05 6.830413e+04 1.502185e+05 6.830413e+04 1.149607e+05 6.178291e+04 3.289505e+03 2.778075e+05 3.092554e+05 1.039321e+05 1.419312e+05 5.207121e+04 2.802787e+05 1.066180e+04 5.355276e+04 2.292360e+05 2.802787e+05 5.972341e+04 2.579193e+04 1.153123e+05 5.207121e+04 
3.091685e+03 1.539175e+04 5.207121e+04 2.635611e+04 1.230104e+05 3.289505e+03 3.404980e+04 4.066370e+04 6.511880e+04 7.245248e+04 3.235706e+04 3.518056e+04 3.235706e+04 3.830390e+04 3.467994e+04 3.289505e+03 6.511880e+04 9.988685e+04 4.454818e+04 5.524196e+04 5.207121e+04 5.709964e+04 1.066178e+04 1.270102e+04 8.213886e+04 5.709964e+04 2.926568e+04 2.577056e+04 3.164147e+04 5.207121e+04 
2.322993e+03 7.319319e+03 1.179226e+04 2.612754e+04 1.994568e+04 3.250831e+03 2.436600e+04 4.066319e+04 3.871380e+04 6.981695e+03 1.250783e+04 1.365624e+04 1.250783e+04 3.793469e+04 2.727729e+04 3.250831e+03 3.871380e+04 3.231133e+04 4.184202e+04 5.517724e+04 1.179226e+04 4.155190e+04 1.052333e+04 1.270100e+04 2.670876e+04 4.155190e+04 4.169394e+03 2.577045e+04 3.159488e+04 1.179226e+04 
2.317177e+03 6.680713e+03 2.787526e+03 2.583421e+04 1.940927e+04 3.250820e+03 2.372577e+04 9.098126e+03 2.538147e+03 6.567788e+03 1.216997e+04 1.132660e+04 1.216997e+04 3.311210e+04 2.605402e+04 3.250820e+03 2.538147e+03 2.458573e+04 4.530696e+03 7.334803e+03 2.787526e+03 2.011982e+04 1.034209e+04 6.386547e+03 8.600132e+03 2.011982e+04 1.880411e+03 2.575651e+04 1.421364e+04 2.787526e+03 
2.283397e+03 5.453574e+03 2.771934e+03 4.650274e+03 1.680116e+04 2.868912e+03 9.261247e+02 5.675105e+03 2.325534e+03 6.162083e+03 2.043248e+03 2.357017e+03 2.043248e+03 1.499953e+04 6.641873e+03 2.868912e+03 2.325534e+03 7.301243e+03 4.274514e+03 2.116204e+03 2.771934e+03 8.448257e+02 2.336301e+03 3.904644e+03 1.289091e+03 8.448257e+02 1.862338e+03 2.194594e+03 2.519609e+03 2.771934e+03 
1.919397e+03 1.336466e+03 2.203117e+03 1.198849e+03 1.686723e+03 1.091564e+03 9.082855e+02 6.706169e+02 2.165003e+03 1.002574e+03 7.031827e+02 1.136330e+02 7.031827e+02 2.239255e+02 8.092288e+02 1.091564e+03 2.165003e+03 1.514097e+03 1.362726e+03 4.426318e+02 2.203117e+03 7.670177e+02 3.989855e+02 7.927589e+02 7.065211e+02 7.670177e+02 8.552156e+02 5.812175e+02 8.717566e+02 2.203117e+03 
8.678165e+01 3.674727e+02 2.117330e+02 3.849908e+01 3.631607e+02 1.354107e+02 2.108706e+02 3.100614e+02 1.730332e+02 4.889639e+01 6.602776e+02 8.955862e+01 6.602776e+02 2.056902e+02 3.325604e+02 1.354107e+02 1.730332e+02 2.325106e+02 8.729699e+01 3.594104e+02 2.117330e+02 1.521464e+02 2.513701e+02 3.386797e+02 2.197225e+02 1.521464e+02 8.276773e+01 5.800236e+02 3.342363e+02 2.117330e+02 
2.068414e+01 9.690488e+00 4.567869e+01 2.382297e+01 4.805509e+01 2.259400e+01 5.256483e+01 3.761494e+01 3.764452e+01 1.844980e+01 8.075789e+01 2.884557e+01 8.075789e+01 6.333982e+01 2.321657e+01 2.259400e+01 3.764452e+01 2.671375e+01 4.567615e+01 1.621952e+01 4.567869e+01 3.035026e+01 8.707297e+01 6.866553e+01 3.328478e+01 3.035026e+01 8.134077e+00 7.138491e+01 5.885775e+01 4.567869e+01 
3.025361e+00 2.721916e+00 5.561267e+00 2.680532e+00 4.644436e+00 6.290480e+00 2.693792e+00 4.238332e+00 5.997852e+00 5.444823e+00 6.577100e+00 7.321222e+00 6.577100e+00 9.850382e+00 3.304678e+00 6.290480e+00 5.997852e+00 6.304574e+00 4.725363e+00 5.322287e+00 5.561267e+00 3.281667e+00 1.086948e+01 3.145392e+00 3.865392e+00 3.281667e+00 5.542048e+00 4.378976e+00 1.190952e+01 5.561267e+00 
3.637388e-02 4.380198e-02 1.123592e-01 2.069539e-01 2.230054e-02 1.782532e-02 4.486712e-01 4.385387e-03 3.361629e-01 2.214487e-02 2.313065e-03 4.414214e-01 2.313065e-03 2.226011e-02 2.154224e-02 1.782532e-02 3.361629e-01 1.546805e-01 8.414812e-03 3.395897e-02 1.123592e-01 1.942859e-01 2.346673e-02 1.480515e-02 3.190263e-01 1.942859e-01 3.762521e-02 2.967320e-02 2.488687e-02 1.123592e-01 
0.000000e+00 0.000000e+00 0.000000e+00 0.000000e+00 0.000000e+00 0.000000e+00 0.000000e+00 0.000000e+00 0.000000e+00 0.000000e+00 0.000000e+00 0.000000e+00 0.000000e+00 0.000000e+00 0.000000e+00 0.000000e+00 0.000000e+00 0.000000e+00 0.000000e+00 0.000000e+00 0.000000e+00 0.000000e+00 0.000000e+00 0.000000e+00 0.000000e+00 0.000000e+00 0.000000e+00 0.000000e+00 0.000000e+00 0.000000e+00 