1.297575e+03 1.218645e+03 1.212157e+03 1.170372e+03 1.055673e+03 1.106728e+03 1.328930e+03 1.140690e+03 1.232602e+03 1.061652e+03 1.312736e+03 1.155158e+03 1.211820e+03 1.278525e+03 1.016448e+03 1.106728e+03 9.944560e+02 1.274283e+03 1.154963e+03 1.047222e+03 1.055673e+03 8.986366e+02 1.010494e+03 1.096185e+03 1.209101e+03 8.986366e+02 1.141785e+03 1.139864e+03 9.996229e+02 1.055673e+03 
1.297575e+03 1.218645e+03 1.212157e+03 1.170372e+03 1.055673e+03 1.106728e+03 1.328930e+03 1.140690e+03 1.232602e+03 1.061652e+03 1.312736e+03 1.155158e+03 1.211820e+03 1.278525e+03 1.016448e+03 1.106728e+03 9.944560e+02 1.274283e+03 1.154963e+03 1.047222e+03 1.055673e+03 8.986366e+02 1.010494e+03 1.096185e+03 1.209101e+03 8.986366e+02 1.141785e+03 1.139864e+03 9.996229e+02 1.055673e+03 
1.297575e+03 1.218645e+03 1.212157e+03 1.170372e+03 1.055673e+03 1.106728e+03 1.328930e+03 1.140690e+03 1.232602e+03 1.061652e+03 1.312736e+03 1.155158e+03 1.211820e+03 1.278525e+03 1.016448e+03 1.106728e+03 9.944560e+02 1.274283e+03 1.154963e+03 1.047222e+03 1.055673e+03 8.986366e+02 1.010494e+03 1.096185e+03 1.209101e+03 8.986366e+02 1.141785e+03 1.139864e+03 9.996229e+02 1.055673e+03 
9.480493e+02 1.218645e+03 1.212157e+03 1.170372e+03 1.018097e+03 1.106728e+03 1.284041e+03 1.013780e+03 1.232602e+03 1.007998e+03 1.168764e+03 1.148665e+03 1.137331e+03 1.182971e+03 1.016448e+03 1.106728e+03 9.944560e+02 1.208740e+03 1.154426e+03 1.047222e+03 1.018097e+03 8.133749e+02 1.010494e+03 1.096185e+03 1.209101e+03 8.133749e+02 1.042284e+03 1.096032e+03 9.996229e+02 1.018097e+03 
7.683617e+02 1.218645e+03 7.707512e+02 1.037643e+03 1.018097e+03 1.031997e+03 1.134714e+03 1.013780e+03 1.147543e+03 9.789327e+02 1.168764e+03 1.148665e+03 1.107559e+03 1.079003e+03 1.016448e+03 1.031997e+03 9.452214e+02 9.507500e+02 1.035285e+03 1.047222e+03 1.018097e+03 7.997268e+02 1.010494e+03 9.573455e+02 1.058641e+03 7.997268e+02 1.030649e+03 1.092698e+03 9.996229e+02 1.018097e+03 
7.591290e+02 7.423960e+02 7.707512e+02 9.990057e+02 1.018097e+03 1.021658e+03 9.060375e+02 1.013780e+03 1.071334e+03 8.769789e+02 8.196060e+02 1.005910e+03 1.094540e+03 9.378650e+02 8.932423e+02 1.021658e+03 9.425273e+02 8.474416e+02 1.035285e+03 9.920123e+02 1.018097e+03 7.997268e+02 8.726664e+02 8.920708e+02 9.831072e+02 7.997268e+02 9.113781e+02 7.475545e+02 9.253216e+02 1.018097e+03 
7.591290e+02 7.416809e+02 6.460860e+02 7.889133e+02 8.240603e+02 8.299692e+02 6.667518e+02 8.832569e+02 9.101758e+02 8.042120e+02 6.775825e+02 8.081312e+02 9.824415e+02 7.346512e+02 8.119320e+02 8.299692e+02 7.677610e+02 7.440547e+02 8.244398e+02 8.175724e+02 8.240603e+02 6.782387e+02 7.587969e+02 7.949112e+02 6.605324e+02 6.782387e+02 8.873495e+02 7.408448e+02 5.847982e+02 8.240603e+02 
5.835357e+02 4.708749e+02 5.063444e+02 5.363856e+02 6.176315e+02 4.602109e+02 3.961510e+02 5.125896e+02 6.212003e+02 5.209509e+02 3.700830e+02 5.202543e+02 6.307723e+02 5.857948e+02 6.326792e+02 4.602109e+02 6.042141e+02 5.555541e+02 6.629131e+02 5.633767e+02 6.176315e+02 5.291027e+02 4.401728e+02 7.503207e+02 5.707677e+02 5.291027e+02 4.523315e+02 6.151863e+02 4.650867e+02 6.176315e+02 
3.933471e+02 2.607382e+02 3.134545e+02 2.997337e+02 3.030932e+02 3.738325e+02 3.012456e+02 2.722131e+02 3.348832e+02 3.165847e+02 3.210503e+02 2.901719e+02 3.721640e+02 3.600566e+02 3.210477e+02 3.738325e+02 3.200272e+02 3.637754e+02 3.398958e+02 3.107618e+02 3.030932e+02 3.264227e+02 3.053473e+02 4.002175e+02 3.361988e+02 3.264227e+02 3.481898e+02 3.129460e+02 3.121152e+02 3.030932e+02 
1.971197e+02 1.873925e+02 2.145376e+02 1.803537e+02 1.926125e+02 1.780607e+02 1.654216e+02 1.516277e+02 2.149464e+02 1.971206e+02 1.913309e+02 2.052394e+02 2.129477e+02 1.878077e+02 1.987242e+02 1.780607e+02 1.507232e+02 2.079224e+02 1.889625e+02 1.918371e+02 1.926125e+02 2.037664e+02 1.740809e+02 2.195862e+02 1.896739e+02 2.037664e+02 1.156563e+02 2.038912e+02 1.742185e+02 1.926125e+02 
9.170207e+01 9.204891e+01 1.151081e+02 1.004897e+02 9.981759e+01 1.048420e+02 8.281462e+01 8.503029e+01 1.123423e+02 5.660762e+01 1.126727e+02 9.239956e+01 9.948932e+01 8.948206e+01 1.035283e+02 1.048420e+02 9.063704e+01 9.119126e+01 1.155414e+02 1.000874e+02 9.981759e+01 1.118544e+02 9.488279e+01 1.076480e+02 9.094094e+01 1.118544e+02 9.197212e+01 1.022192e+02 8.591360e+01 9.981759e+01 
5.980723e+01 5.468048e+01 6.234514e+01 6.401751e+01 4.794626e+01 6.096833e+01 4.672448e+01 5.161799e+01 5.041578e+01 4.997836e+01 6.208392e+01 4.471403e+01 6.488811e+01 5.122172e+01 5.402915e+01 6.096833e+01 5.433091e+01 6.567842e+01 6.516152e+01 5.729943e+01 4.794626e+01 5.986528e+01 4.732171e+01 5.879613e+01 6.146376e+01 5.986528e+01 5.353472e+01 4.645866e+01 5.513087e+01 4.794626e+01 
3.788576e+01 3.298593e+01 3.800984e+01 3.226601e+01 2.205334e+01 2.236065e+01 3.081183e+01 3.585904e+01 4.127295e+01 3.296903e+01 3.262789e+01 3.036612e+01 3.192821e+01 2.547011e+01 3.243186e+01 2.236065e+01 3.909452e+01 3.252874e+01 3.424914e+01 3.041556e+01 2.205334e+01 3.278259e+01 2.735163e+01 4.105942e+01 4.180086e+01 3.278259e+01 3.114710e+01 2.376503e+01 2.561984e+01 2.205334e+01 
2.038976e+01 9.909663e+00 1.461931e+01 9.191157e+00 1.249221e+01 7.547242e+00 1.320659e+01 1.186144e+01 1.261803e+01 1.055606e+00 1.120903e+01 1.347763e+01 1.202150e+00 1.066837e+01 2.448413e-01 7.547242e+00 1.264906e+01 1.004417e+01 1.775745e+01 1.382771e+01 1.249221e+01 1.801271e+01 1.474227e+00 1.644627e+01 2.594615e+00 1.801271e+01 1.296322e+01 1.067224e+01 6.130917e+00 1.249221e+01 
6.418205e-01 7.698308e-01 5.951486e-03 2.783096e-01 4.536953e-01 5.034487e-03 1.103349e-02 7.272239e-03 4.112587e-03 8.704108e-04 4.425380e-01 9.955272e-02 1.067040e-01 3.749794e-01 5.773456e-03 5.034487e-03 6.077426e-02 6.594557e-01 2.032793e-01 5.155850e-02 4.536953e-01 7.560902e-03 1.861615e-01 4.971343e-02 2.511616e-01 7.560902e-03 1.917032e-01 1.062929e-01 5.522236e-03 4.536953e-01 
0.000000e+00 0.000000e+00 0.000000e+00 0.000000e+00 0.000000e+00 0.000000e+00 0.000000e+00 0.000000e+00 0.000000e+00 0.000000e+00 0.000000e+00 0.000000e+00 0.000000e+00 0.000000e+00 0.000000e+00 0.000000e+00 0.000000e+00 0.000000e+00 0.000000e+00 0.000000e+00 0.000000e+00 0.000000e+00 0.000000e+00 0.000000e+00 0.000000e+00 0.000000e+00 0.000000e+00 0.000000e+00 0.000000e+00 0.000000e+00 
0.000000e+00 0.000000e+00 0.000000e+00 0.000000e+00 0.000000e+00 0.000000e+00 0.000000e+00 0.000000e+00 0.000000e+00 0.000000e+00 0.000000e+00 0.000000e+00 0.000000e+00 0.000000e+00 0.000000e+00 0.000000e+00 0.000000e+00 0.000000e+00 0.000000e+00 0.000000e+00 0.000000e+00 0.000000e+00 0.000000e+00 0.000000e+00 0.000000e+00 0.000000e+00 0.000000e+00 0.000000e+00 0.000000e+00 0.000000e+00 