5.957856e+03 5.623933e+03 5.423361e+03 5.462062e+03 5.594518e+03 5.535956e+03 5.006460e+03 4.664792e+03 5.639592e+03 5.549696e+03 5.258619e+03 5.169309e+03 5.258619e+03 5.470631e+03 4.707261e+03 5.535956e+03 5.523047e+03 5.439312e+03 5.843089e+03 5.422983e+03 5.594518e+03 5.429347e+03 4.699557e+03 4.925740e+03 4.775079e+03 5.365622e+03 5.643198e+03 5.255525e+03 5.387688e+03 5.023849e+03 
5.957856e+03 5.623933e+03 5.423361e+03 5.462062e+03 5.594518e+03 5.535956e+03 5.006460e+03 4.664792e+03 5.639592e+03 5.549696e+03 5.258619e+03 5.169309e+03 5.258619e+03 5.470631e+03 4.707261e+03 5.535956e+03 5.523047e+03 5.439312e+03 5.843089e+03 5.422983e+03 5.594518e+03 5.429347e+03 4.699557e+03 4.925740e+03 4.775079e+03 5.365622e+03 5.643198e+03 5.255525e+03 5.387688e+03 5.023849e+03 
5.957856e+03 5.623933e+03 5.423361e+03 5.462062e+03 5.594518e+03 5.535956e+03 5.006460e+03 4.664792e+03 5.639592e+03 5.549696e+03 5.258619e+03 5.169309e+03 5.258619e+03 5.470631e+03 4.707261e+03 5.535956e+03 5.523047e+03 5.439312e+03 5.843089e+03 5.422983e+03 5.594518e+03 5.429347e+03 4.699557e+03 4.925740e+03 4.775079e+03 5.365622e+03 5.643198e+03 5.255525e+03 5.387688e+03 5.023849e+03 
5.650293e+03 5.600509e+03 5.423361e+03 5.462062e+03 4.968921e+03 5.205029e+03 5.006460e+03 4.664792e+03 5.039270e+03 5.178142e+03 5.195244e+03 5.169309e+03 5.195244e+03 5.470631e+03 4.707261e+03 5.205029e+03 4.783417e+03 5.439312e+03 5.780052e+03 5.380737e+03 4.968921e+03 5.429347e+03 4.699557e+03 4.925740e+03 4.775079e+03 5.365622e+03 5.209805e+03 5.255525e+03 5.387688e+03 5.001555e+03 
5.621213e+03 4.942568e+03 4.795976e+03 5.462062e+03 4.827312e+03 5.205029e+03 5.006460e+03 4.664792e+03 5.039270e+03 5.178142e+03 5.195244e+03 4.755662e+03 5.195244e+03 5.470631e+03 4.707261e+03 5.205029e+03 4.783417e+03 4.634185e+03 5.282016e+03 5.380737e+03 4.827312e+03 5.298473e+03 4.699557e+03 4.925740e+03 4.775079e+03 5.365622e+03 5.209805e+03 5.255525e+03 5.386534e+03 5.001555e+03 
4.638449e+03 4.942568e+03 4.795976e+03 4.462461e+03 4.827312e+03 4.907528e+03 5.006460e+03 4.664792e+03 4.736673e+03 4.834451e+03 4.253806e+03 4.755662e+03 4.253806e+03 4.997721e+03 4.549725e+03 4.907528e+03 4.783417e+03 4.634185e+03 5.097918e+03 4.395112e+03 4.827312e+03 4.994064e+03 4.699557e+03 4.847614e+03 4.340269e+03 5.055921e+03 4.924639e+03 4.871188e+03 5.185366e+03 5.001555e+03 
4.570232e+03 4.942568e+03 4.461640e+03 4.462461e+03 4.491315e+03 4.510808e+03 4.945665e+03 4.434781e+03 4.674898e+03 4.489752e+03 4.253806e+03 3.970101e+03 4.253806e+03 4.938068e+03 4.549725e+03 4.510808e+03 4.159490e+03 4.634185e+03 5.044427e+03 4.238506e+03 4.491315e+03 4.986601e+03 4.699557e+03 4.420131e+03 4.340269e+03 4.372890e+03 4.837847e+03 4.403971e+03 4.764339e+03 4.593780e+03 
3.937220e+03 4.359666e+03 3.995984e+03 4.304461e+03 4.090906e+03 4.180809e+03 3.577870e+03 4.195487e+03 4.557989e+03 4.391493e+03 4.253806e+03 3.970101e+03 4.253806e+03 4.836944e+03 4.454493e+03 4.180809e+03 3.856775e+03 4.359873e+03 3.987015e+03 4.238506e+03 4.090906e+03 4.005476e+03 3.932648e+03 4.349609e+03 4.149231e+03 3.930515e+03 4.466225e+03 4.003174e+03 4.069172e+03 3.908847e+03 
3.633979e+03 3.453637e+03 3.017806e+03 3.752092e+03 3.834749e+03 3.510957e+03 3.374263e+03 3.065587e+03 3.668337e+03 3.800194e+03 3.962549e+03 3.904041e+03 3.962549e+03 3.466339e+03 3.418227e+03 3.510957e+03 2.883774e+03 3.703558e+03 3.660838e+03 2.827844e+03 3.834749e+03 3.660419e+03 3.298867e+03 3.357046e+03 3.672744e+03 3.795178e+03 3.790641e+03 3.059753e+03 3.169703e+03 3.739031e+03 
3.102902e+03 2.161961e+03 2.518064e+03 2.475901e+03 3.211896e+03 3.138742e+03 2.805918e+03 2.963630e+03 3.155610e+03 3.350510e+03 2.789041e+03 3.629943e+03 2.789041e+03 2.432601e+03 3.080626e+03 3.138742e+03 1.736582e+03 1.989986e+03 2.897429e+03 2.693177e+03 3.211896e+03 2.563188e+03 2.616269e+03 2.752531e+03 3.096285e+03 2.995264e+03 3.295079e+03 2.965516e+03 2.652633e+03 3.024234e+03 
1.829070e+03 2.161961e+03 1.910470e+03 1.803377e+03 2.554336e+03 2.114947e+03 2.487784e+03 1.889998e+03 2.620611e+03 1.995377e+03 2.258273e+03 2.407022e+03 2.258273e+03 1.795846e+03 2.244945e+03 2.114947e+03 1.540651e+03 1.765072e+03 2.638668e+03 2.293218e+03 2.554336e+03 1.684407e+03 1.836995e+03 1.706396e+03 2.228975e+03 2.385158e+03 2.322715e+03 1.993688e+03 2.211204e+03 2.250596e+03 
1.546358e+03 1.723247e+03 1.297444e+03 1.180202e+03 1.807377e+03 1.469454e+03 1.678559e+03 1.405923e+03 1.898619e+03 1.353061e+03 1.394422e+03 1.262505e+03 1.394422e+03 1.487929e+03 1.618846e+03 1.469454e+03 1.250901e+03 1.484623e+03 1.692056e+03 1.368912e+03 1.807377e+03 1.413742e+03 1.595940e+03 1.467903e+03 1.266505e+03 1.435434e+03 1.585631e+03 1.228195e+03 1.487923e+03 1.645717e+03 
8.598186e+02 7.595168e+02 1.034602e+03 8.966432e+02 1.245246e+03 9.182900e+02 8.656562e+02 7.324681e+02 9.210550e+02 9.394612e+02 9.975127e+02 7.247761e+02 9.975127e+02 7.419419e+02 1.014556e+03 9.182900e+02 9.563996e+02 9.980615e+02 1.417761e+03 9.176020e+02 1.245246e+03 1.188318e+03 1.167183e+03 9.563155e+02 9.752310e+02 1.053812e+03 8.182023e+02 8.115244e+02 1.305436e+03 9.750937e+02 
2.942840e+02 5.678397e+02 5.413437e+02 3.815853e+02 4.720180e+02 6.408018e+02 4.152401e+02 3.129032e+02 4.837876e+02 2.531631e+02 6.403741e+02 5.543664e+02 6.403741e+02 3.410580e+02 5.756625e+02 6.408018e+02 5.958181e+02 2.717083e+02 5.246507e+02 5.332573e+02 4.720180e+02 3.230534e+02 6.260502e+02 3.321730e+02 6.208718e+02 6.448212e+02 3.589644e+02 4.048566e+02 4.777326e+02 7.157027e+01 
6.200573e+00 6.451752e+00 1.304413e+01 1.146998e+01 8.926994e+00 7.295728e+00 6.696854e-01 1.189065e+01 7.639670e+01 8.155442e+00 3.964161e+01 8.944214e+00 3.964161e+01 2.016066e+01 8.214084e+00 7.295728e+00 3.925413e+01 1.215427e+01 1.765248e+00 8.704441e+01 8.926994e+00 1.186702e+00 2.847411e+01 1.233515e+01 1.006105e+01 1.277943e+01 1.809804e+01 3.773144e+00 6.170570e+01 3.909683e+00 
0.000000e+00 0.000000e+00 0.000000e+00 0.000000e+00 0.000000e+00 0.000000e+00 0.000000e+00 0.000000e+00 0.000000e+00 0.000000e+00 0.000000e+00 0.000000e+00 0.000000e+00 0.000000e+00 0.000000e+00 0.000000e+00 0.000000e+00 0.000000e+00 0.000000e+00 0.000000e+00 0.000000e+00 0.000000e+00 0.000000e+00 0.000000e+00 0.000000e+00 0.000000e+00 0.000000e+00 0.000000e+00 0.000000e+00 0.000000e+00 
0.000000e+00 0.000000e+00 0.000000e+00 0.000000e+00 0.000000e+00 0.000000e+00 0.000000e+00 0.000000e+00 0.000000e+00 0.000000e+00 0.000000e+00 0.000000e+00 0.000000e+00 0.000000e+00 0.000000e+00 0.000000e+00 0.000000e+00 0.000000e+00 0.000000e+00 0.000000e+00 0.000000e+00 0.000000e+00 0.000000e+00 0.000000e+00 0.000000e+00 0.000000e+00 0.000000e+00 0.000000e+00 0.000000e+00 0.000000e+00 