2.355743e+03 2.013810e+03 2.346876e+03 2.336614e+03 2.346876e+03 2.024668e+03 2.465191e+03 2.133867e+03 2.255567e+03 2.127843e+03 2.198189e+03 1.935597e+03 2.198189e+03 2.399550e+03 2.406817e+03 2.024668e+03 2.227378e+03 2.346876e+03 2.024668e+03 2.517834e+03 2.346876e+03 2.133867e+03 2.426542e+03 2.406817e+03 2.136273e+03 2.133867e+03 2.227378e+03 2.166682e+03 1.935597e+03 2.346876e+03 
2.355743e+03 2.013810e+03 2.225648e+03 2.336614e+03 2.225648e+03 2.024668e+03 2.394163e+03 2.133867e+03 2.056118e+03 2.076898e+03 2.152493e+03 1.935597e+03 2.152493e+03 1.893733e+03 1.962174e+03 2.024668e+03 2.227378e+03 2.225648e+03 2.024668e+03 2.186887e+03 2.225648e+03 2.133867e+03 1.832620e+03 1.962174e+03 1.855352e+03 2.133867e+03 2.227378e+03 1.803745e+03 1.935597e+03 2.225648e+03 
2.355743e+03 2.013810e+03 2.225648e+03 2.336614e+03 2.225648e+03 2.024668e+03 2.394163e+03 2.133867e+03 2.056118e+03 2.076898e+03 2.152493e+03 1.935597e+03 2.152493e+03 1.893733e+03 1.962174e+03 2.024668e+03 2.227378e+03 2.225648e+03 2.024668e+03 2.186887e+03 2.225648e+03 2.133867e+03 1.832620e+03 1.962174e+03 1.855352e+03 2.133867e+03 2.227378e+03 1.803745e+03 1.935597e+03 2.225648e+03 
2.048824e+03 2.013810e+03 2.225648e+03 2.262942e+03 2.225648e+03 2.024668e+03 2.042628e+03 2.133867e+03 2.012811e+03 2.044091e+03 2.152493e+03 1.935597e+03 2.152493e+03 1.893733e+03 1.962174e+03 2.024668e+03 2.227378e+03 2.225648e+03 2.024668e+03 2.186887e+03 2.225648e+03 2.133867e+03 1.832620e+03 1.962174e+03 1.786949e+03 2.133867e+03 2.227378e+03 1.803745e+03 1.935597e+03 2.225648e+03 
1.493118e+03 1.970366e+03 1.845261e+03 2.118478e+03 1.845261e+03 1.611496e+03 1.604815e+03 1.878914e+03 2.012811e+03 1.733708e+03 1.711909e+03 1.935597e+03 1.711909e+03 1.575572e+03 1.387703e+03 1.611496e+03 1.990680e+03 1.845261e+03 1.611496e+03 2.046222e+03 1.845261e+03 1.878914e+03 1.832620e+03 1.387703e+03 1.786949e+03 1.878914e+03 1.990680e+03 1.803745e+03 1.935597e+03 1.845261e+03 
1.487080e+03 1.924840e+03 1.500766e+03 1.953344e+03 1.500766e+03 1.611496e+03 1.315201e+03 1.762799e+03 2.012811e+03 1.561791e+03 1.711909e+03 1.699384e+03 1.711909e+03 1.575572e+03 1.387703e+03 1.611496e+03 1.965134e+03 1.500766e+03 1.611496e+03 1.937311e+03 1.500766e+03 1.762799e+03 1.817372e+03 1.387703e+03 1.786949e+03 1.762799e+03 1.965134e+03 1.803745e+03 1.699384e+03 1.500766e+03 
1.486163e+03 1.744483e+03 1.500766e+03 1.463524e+03 1.500766e+03 1.582262e+03 1.284455e+03 1.762799e+03 1.877082e+03 1.561791e+03 1.711909e+03 1.507211e+03 1.711909e+03 1.245508e+03 1.387703e+03 1.582262e+03 1.827014e+03 1.500766e+03 1.582262e+03 1.363069e+03 1.500766e+03 1.762799e+03 1.685567e+03 1.387703e+03 1.214805e+03 1.762799e+03 1.827014e+03 1.758036e+03 1.507211e+03 1.500766e+03 
1.410487e+03 1.460906e+03 1.361704e+03 1.199053e+03 1.361704e+03 1.417001e+03 1.284455e+03 1.575601e+03 1.496325e+03 1.555690e+03 1.367060e+03 1.220692e+03 1.367060e+03 1.245508e+03 1.387703e+03 1.417001e+03 1.183970e+03 1.361704e+03 1.417001e+03 1.363069e+03 1.361704e+03 1.575601e+03 1.685567e+03 1.387703e+03 1.214805e+03 1.575601e+03 1.183970e+03 1.573138e+03 1.220692e+03 1.361704e+03 
1.410487e+03 1.147002e+03 1.357542e+03 9.073689e+02 1.357542e+03 1.202483e+03 1.284455e+03 1.224472e+03 1.378890e+03 1.273404e+03 1.267777e+03 9.715916e+02 1.267777e+03 1.245508e+03 1.387703e+03 1.202483e+03 1.183970e+03 1.357542e+03 1.202483e+03 1.338540e+03 1.357542e+03 1.224472e+03 1.334647e+03 1.387703e+03 1.197852e+03 1.224472e+03 1.183970e+03 1.432738e+03 9.715916e+02 1.357542e+03 
1.080880e+03 9.637607e+02 8.835449e+02 9.073689e+02 8.835449e+02 1.150462e+03 1.206975e+03 8.221786e+02 1.169446e+03 1.209257e+03 1.178689e+03 9.345160e+02 1.178689e+03 1.109598e+03 1.260194e+03 1.150462e+03 1.183970e+03 8.835449e+02 1.150462e+03 1.338540e+03 8.835449e+02 8.221786e+02 1.002706e+03 1.260194e+03 1.040779e+03 8.221786e+02 1.183970e+03 1.065476e+03 9.345160e+02 8.835449e+02 
5.871675e+02 9.344030e+02 8.223460e+02 8.037825e+02 8.223460e+02 6.301075e+02 7.716215e+02 8.221786e+02 9.572300e+02 1.028357e+03 8.214046e+02 7.868100e+02 8.214046e+02 8.710004e+02 1.131995e+03 6.301075e+02 7.121687e+02 8.223460e+02 6.301075e+02 1.093500e+03 8.223460e+02 8.221786e+02 1.002706e+03 1.131995e+03 7.337644e+02 8.221786e+02 7.121687e+02 9.227980e+02 7.868100e+02 8.223460e+02 
3.579558e+02 6.493004e+02 6.948360e+02 7.895776e+02 6.948360e+02 6.157165e+02 6.019482e+02 7.571845e+02 6.830225e+02 7.846803e+02 8.214046e+02 5.420899e+02 8.214046e+02 6.594547e+02 4.562472e+02 6.157165e+02 6.003025e+02 6.948360e+02 6.157165e+02 8.335344e+02 6.948360e+02 7.571845e+02 5.444346e+02 4.562472e+02 4.870935e+02 7.571845e+02 6.003025e+02 6.720782e+02 5.420899e+02 6.948360e+02 
2.420103e+02 4.977885e+02 5.461372e+02 3.234346e+02 5.461372e+02 4.867348e+02 1.385298e+02 6.587581e+02 5.869762e+02 3.267684e+02 6.822185e+02 2.586042e+02 6.822185e+02 4.648036e+02 3.638569e+02 4.867348e+02 5.601504e+02 5.461372e+02 4.867348e+02 4.606229e+02 5.461372e+02 6.587581e+02 4.114115e+02 3.638569e+02 4.421156e+02 6.587581e+02 5.601504e+02 4.966597e+02 2.586042e+02 5.461372e+02 
1.241901e+02 3.954582e+02 3.375500e+02 2.868865e+02 3.375500e+02 3.687899e+02 5.313644e+01 4.962386e+02 3.041183e+02 2.317736e+02 3.698563e+02 2.132202e+02 3.698563e+02 1.977422e+02 2.925586e+02 3.687899e+02 2.901757e+02 3.375500e+02 3.687899e+02 3.705441e+02 3.375500e+02 4.962386e+02 3.204789e+02 2.925586e+02 3.560251e+02 4.962386e+02 2.901757e+02 1.863542e+02 2.132202e+02 3.375500e+02 
3.017288e+01 1.050019e+02 1.185830e+02 2.701820e+02 1.185830e+02 2.187275e+02 2.625069e+01 1.977730e+02 1.866038e+02 1.738702e+02 1.804976e+02 1.526149e+02 1.804976e+02 9.589656e+01 1.816567e+02 2.187275e+02 1.793627e+02 1.185830e+02 2.187275e+02 1.513747e+02 1.185830e+02 1.977730e+02 8.254590e+01 1.816567e+02 4.928963e+01 1.977730e+02 1.793627e+02 1.410316e+02 1.526149e+02 1.185830e+02 
4.371811e-01 7.142194e+00 1.024535e+01 3.017670e+01 1.024535e+01 1.018243e+01 3.602324e+00 3.747266e-01 3.747266e-01 7.017285e+00 1.359839e+01 1.253932e+02 1.359839e+01 6.954830e+00 3.352921e+01 1.018243e+01 1.859699e+01 1.024535e+01 1.018243e+01 6.954830e+00 1.024535e+01 3.747266e-01 1.024488e+01 3.352921e+01 6.892376e+00 3.747266e-01 1.859699e+01 7.079739e+00 1.253932e+02 1.024535e+01 
0.000000e+00 0.000000e+00 0.000000e+00 0.000000e+00 0.000000e+00 0.000000e+00 0.000000e+00 0.000000e+00 0.000000e+00 0.000000e+00 0.000000e+00 0.000000e+00 0.000000e+00 0.000000e+00 0.000000e+00 0.000000e+00 0.000000e+00 0.000000e+00 0.000000e+00 0.000000e+00 0.000000e+00 0.000000e+00 0.000000e+00 0.000000e+00 0.000000e+00 0.000000e+00 0.000000e+00 0.000000e+00 0.000000e+00 0.000000e+00 