2.488447e+03 2.015245e+03 2.566224e+03 2.182491e+03 2.566224e+03 2.371056e+03 2.213231e+03 2.303337e+03 2.100458e+03 2.282994e+03 2.355834e+03 2.196835e+03 2.355834e+03 2.103492e+03 1.904189e+03 2.371056e+03 2.286574e+03 2.566224e+03 2.371056e+03 2.156513e+03 2.566224e+03 2.303337e+03 2.053341e+03 1.904189e+03 2.084102e+03 2.303337e+03 2.286574e+03 1.928799e+03 2.196835e+03 2.566224e+03 
2.448772e+03 1.899021e+03 2.209749e+03 2.182491e+03 2.209749e+03 2.316871e+03 2.213231e+03 2.182149e+03 2.100458e+03 2.282994e+03 2.355834e+03 2.196835e+03 2.355834e+03 2.103492e+03 1.904189e+03 2.316871e+03 2.267838e+03 2.209749e+03 2.316871e+03 2.121502e+03 2.209749e+03 2.182149e+03 2.053341e+03 1.904189e+03 2.084102e+03 2.182149e+03 2.267838e+03 1.928799e+03 2.196835e+03 2.209749e+03 
2.448772e+03 1.899021e+03 2.209749e+03 2.182491e+03 2.209749e+03 2.316871e+03 2.213231e+03 2.182149e+03 2.100458e+03 2.282994e+03 2.355834e+03 2.196835e+03 2.355834e+03 2.103492e+03 1.904189e+03 2.316871e+03 2.267838e+03 2.209749e+03 2.316871e+03 2.121502e+03 2.209749e+03 2.182149e+03 2.053341e+03 1.904189e+03 2.084102e+03 2.182149e+03 2.267838e+03 1.928799e+03 2.196835e+03 2.209749e+03 
2.275423e+03 1.715671e+03 2.209749e+03 1.781161e+03 2.209749e+03 2.316871e+03 2.127556e+03 1.939474e+03 2.100458e+03 2.231383e+03 1.329623e+03 2.133807e+03 1.329623e+03 2.103492e+03 1.904189e+03 2.316871e+03 2.014710e+03 2.209749e+03 2.316871e+03 2.105078e+03 2.209749e+03 1.939474e+03 2.053341e+03 1.904189e+03 2.030125e+03 1.939474e+03 2.014710e+03 1.928799e+03 2.133807e+03 2.209749e+03 
2.031391e+03 1.715671e+03 2.209749e+03 1.781161e+03 2.209749e+03 1.861145e+03 1.896418e+03 1.939474e+03 2.100458e+03 1.853944e+03 1.329623e+03 1.845718e+03 1.329623e+03 1.969445e+03 1.535910e+03 1.861145e+03 1.708776e+03 2.209749e+03 1.861145e+03 1.582331e+03 2.209749e+03 1.939474e+03 2.053341e+03 1.535910e+03 1.817526e+03 1.939474e+03 1.708776e+03 1.786478e+03 1.845718e+03 2.209749e+03 
1.886126e+03 1.605305e+03 2.023071e+03 1.781161e+03 2.023071e+03 1.861145e+03 1.716700e+03 1.939474e+03 2.022610e+03 1.853944e+03 1.329623e+03 1.516906e+03 1.329623e+03 1.770845e+03 1.535910e+03 1.861145e+03 1.708776e+03 2.023071e+03 1.861145e+03 1.582331e+03 2.023071e+03 1.939474e+03 1.330412e+03 1.535910e+03 1.779822e+03 1.939474e+03 1.708776e+03 1.786478e+03 1.516906e+03 2.023071e+03 
1.886126e+03 1.605305e+03 1.513143e+03 1.764340e+03 1.513143e+03 1.596922e+03 1.716700e+03 1.775167e+03 1.824522e+03 1.734519e+03 1.329623e+03 1.267107e+03 1.329623e+03 1.648858e+03 1.407777e+03 1.596922e+03 1.708776e+03 1.513143e+03 1.596922e+03 1.582331e+03 1.513143e+03 1.775167e+03 1.330412e+03 1.407777e+03 1.468637e+03 1.775167e+03 1.708776e+03 1.759326e+03 1.267107e+03 1.513143e+03 
1.425598e+03 1.118499e+03 1.513143e+03 1.089675e+03 1.513143e+03 1.264913e+03 1.256733e+03 1.426732e+03 9.773840e+02 9.659971e+02 1.313055e+03 1.267107e+03 1.313055e+03 1.555876e+03 1.121475e+03 1.264913e+03 1.387855e+03 1.513143e+03 1.264913e+03 1.241792e+03 1.513143e+03 1.426732e+03 1.330412e+03 1.121475e+03 1.378187e+03 1.426732e+03 1.387855e+03 1.697476e+03 1.267107e+03 1.513143e+03 
8.245902e+02 1.066341e+03 1.426108e+03 9.081283e+02 1.426108e+03 1.110649e+03 1.005898e+03 1.187357e+03 9.773840e+02 9.659971e+02 1.164689e+03 1.255285e+03 1.164689e+03 9.734029e+02 1.052666e+03 1.110649e+03 1.275127e+03 1.426108e+03 1.110649e+03 1.241792e+03 1.426108e+03 1.187357e+03 1.213449e+03 1.052666e+03 1.342924e+03 1.187357e+03 1.275127e+03 9.938536e+02 1.255285e+03 1.426108e+03 
8.245902e+02 9.870392e+02 8.784330e+02 6.025501e+02 8.784330e+02 5.777142e+02 8.776149e+02 8.265434e+02 9.112024e+02 7.746734e+02 1.151579e+03 1.122061e+03 1.151579e+03 9.734029e+02 8.935665e+02 5.777142e+02 1.036107e+03 8.784330e+02 5.777142e+02 1.018849e+03 8.784330e+02 8.265434e+02 8.220548e+02 8.935665e+02 1.068372e+03 8.265434e+02 1.036107e+03 9.895806e+02 1.122061e+03 8.784330e+02 
7.652290e+02 4.994065e+02 4.756436e+02 6.025501e+02 4.756436e+02 5.658947e+02 7.891614e+02 5.486200e+02 8.880004e+02 7.485846e+02 8.467571e+02 8.798062e+02 8.467571e+02 9.041091e+02 8.935665e+02 5.658947e+02 8.486514e+02 4.756436e+02 5.658947e+02 6.679967e+02 4.756436e+02 5.486200e+02 6.406261e+02 8.935665e+02 3.709680e+02 5.486200e+02 8.486514e+02 5.357824e+02 8.798062e+02 4.756436e+02 
5.101861e+02 3.303503e+02 2.028762e+02 4.147002e+02 2.028762e+02 4.571164e+02 4.703780e+02 4.472158e+02 7.106312e+02 6.083703e+02 6.541014e+02 5.922330e+02 6.541014e+02 6.034032e+02 3.762158e+02 4.571164e+02 5.416034e+02 2.028762e+02 4.571164e+02 6.048827e+02 2.028762e+02 4.472158e+02 6.369623e+02 3.762158e+02 2.707335e+02 4.472158e+02 5.416034e+02 3.511643e+02 5.922330e+02 2.028762e+02 
1.448295e+02 3.081463e+02 1.994301e+02 3.150490e+02 1.994301e+02 4.283423e+02 7.927189e+00 3.719683e+02 3.106341e+02 4.809367e+02 4.320690e+02 5.622081e+02 4.320690e+02 5.172793e+02 2.530031e+02 4.283423e+02 2.935973e+02 1.994301e+02 4.283423e+02 3.988555e+02 1.994301e+02 3.719683e+02 3.420682e+02 2.530031e+02 2.208082e+02 3.719683e+02 2.935973e+02 1.734899e+02 5.622081e+02 1.994301e+02 
1.080354e+02 1.744302e+02 1.456093e+02 1.232184e+02 1.456093e+02 2.186861e+02 7.466008e+00 8.983092e+01 9.870373e+00 2.262333e+02 2.151128e+02 7.486664e+01 2.151128e+02 2.810441e+01 5.633836e+01 2.186861e+02 3.677051e+01 1.456093e+02 2.186861e+02 1.863204e+02 1.456093e+02 8.983092e+01 5.454846e+01 5.633836e+01 7.808356e+01 8.983092e+01 3.677051e+01 1.063007e+00 7.486664e+01 1.456093e+02 
4.632773e-01 1.374187e-01 6.021562e+00 5.699707e+00 6.021562e+00 7.161394e-02 7.508687e-02 3.728548e+00 3.838930e-01 2.585388e+00 2.676047e-02 4.217082e-01 2.676047e-02 1.707903e+00 8.693194e+00 7.161394e-02 2.877750e-05 6.021562e+00 7.161394e-02 9.543172e-01 6.021562e+00 3.728548e+00 1.075865e+00 8.693194e+00 1.841975e-01 3.728548e+00 2.877750e-05 4.758642e-01 4.217082e-01 6.021562e+00 
0.000000e+00 0.000000e+00 0.000000e+00 0.000000e+00 0.000000e+00 0.000000e+00 0.000000e+00 0.000000e+00 0.000000e+00 0.000000e+00 0.000000e+00 0.000000e+00 0.000000e+00 0.000000e+00 0.000000e+00 0.000000e+00 0.000000e+00 0.000000e+00 0.000000e+00 0.000000e+00 0.000000e+00 0.000000e+00 0.000000e+00 0.000000e+00 0.000000e+00 0.000000e+00 0.000000e+00 0.000000e+00 0.000000e+00 0.000000e+00 
0.000000e+00 0.000000e+00 0.000000e+00 0.000000e+00 0.000000e+00 0.000000e+00 0.000000e+00 0.000000e+00 0.000000e+00 0.000000e+00 0.000000e+00 0.000000e+00 0.000000e+00 0.000000e+00 0.000000e+00 0.000000e+00 0.000000e+00 0.000000e+00 0.000000e+00 0.000000e+00 0.000000e+00 0.000000e+00 0.000000e+00 0.000000e+00 0.000000e+00 0.000000e+00 0.000000e+00 0.000000e+00 0.000000e+00 0.000000e+00 