4.913239e+06 9.245648e+06 1.430922e+07 4.185570e+06 2.546000e+07 1.970811e+07 8.847987e+06 8.733822e+06 5.803929e+06 1.062255e+07 1.792813e+07 1.665332e+07 1.056215e+07 1.429795e+07 1.173616e+07 1.970811e+07 1.996390e+07 2.669943e+07 1.655013e+07 8.777031e+06 1.315504e+07 1.366268e+07 8.927339e+06 5.906741e+06 8.391479e+06 1.366268e+07 4.636825e+06 1.852036e+07 8.411566e+06 1.315504e+07 
4.913239e+06 9.245648e+06 1.430922e+07 4.185570e+06 2.546000e+07 1.970811e+07 8.847987e+06 8.733822e+06 5.803929e+06 1.062255e+07 1.792813e+07 1.665332e+07 1.056215e+07 1.429795e+07 1.173616e+07 1.970811e+07 1.996390e+07 2.669943e+07 1.655013e+07 8.777031e+06 1.315504e+07 1.366268e+07 8.927339e+06 5.906741e+06 8.391479e+06 1.366268e+07 4.636825e+06 1.852036e+07 8.411566e+06 1.315504e+07 
4.913239e+06 9.245648e+06 1.430922e+07 4.185570e+06 2.546000e+07 1.970811e+07 8.847987e+06 8.733822e+06 5.803929e+06 1.062255e+07 1.792813e+07 1.665332e+07 1.056215e+07 1.429795e+07 1.173616e+07 1.970811e+07 1.996390e+07 2.669943e+07 1.655013e+07 8.777031e+06 1.315504e+07 1.366268e+07 8.927339e+06 5.906741e+06 8.391479e+06 1.366268e+07 4.636825e+06 1.852036e+07 8.411566e+06 1.315504e+07 
3.912175e+06 9.245648e+06 1.430922e+07 4.185570e+06 8.142121e+06 9.340746e+06 8.847987e+06 8.733822e+06 5.803929e+06 1.062245e+07 1.266462e+07 1.665286e+07 4.754156e+06 1.429795e+07 5.103848e+06 9.340746e+06 1.980998e+07 7.589215e+06 1.655013e+07 8.777031e+06 1.315421e+07 1.366268e+07 8.927339e+06 5.906741e+06 8.391479e+06 1.366268e+07 4.636825e+06 1.852036e+07 8.411566e+06 1.315421e+07 
3.912175e+06 9.245580e+06 1.306721e+07 4.185570e+06 8.142121e+06 1.812913e+06 8.847987e+06 1.684160e+06 5.803929e+06 3.305540e+06 1.266453e+07 7.416246e+05 4.754156e+06 8.573319e+06 1.171153e+06 1.812913e+06 1.980998e+07 7.588994e+06 1.655012e+07 8.777031e+06 6.244920e+06 8.352720e+06 8.927339e+06 5.906741e+06 8.391479e+06 8.352720e+06 2.703494e+06 1.851995e+07 8.411566e+06 6.244920e+06 
3.186508e+06 2.920954e+06 1.306562e+07 2.719728e+06 8.138827e+06 1.812695e+06 8.847963e+06 1.684117e+06 5.803929e+06 3.305321e+06 7.505548e+06 7.416246e+05 4.754156e+06 7.860442e+06 1.170914e+06 1.812695e+06 7.777808e+06 7.585753e+06 4.708236e+06 8.777031e+06 5.639474e+06 8.352698e+06 6.472409e+06 5.906741e+06 8.391479e+06 8.352698e+06 2.703494e+06 1.246276e+07 3.142682e+06 5.639474e+06 
2.784913e+06 2.920954e+06 3.868501e+06 2.246516e+06 1.902084e+06 1.571088e+06 3.179616e+06 1.684076e+06 5.803929e+06 1.999741e+06 1.826538e+06 7.413157e+05 4.204054e+06 4.237399e+06 1.170914e+06 1.571088e+06 7.776597e+06 6.189820e+06 3.255066e+06 2.947482e+06 3.199588e+06 2.298228e+06 4.370786e+06 2.837912e+06 2.517765e+06 2.298228e+06 2.703494e+06 3.487812e+06 3.141731e+06 3.199588e+06 
1.852950e+06 2.918526e+06 3.230142e+06 1.440417e+06 1.389654e+06 7.795711e+05 2.860206e+06 1.660387e+06 1.033492e+06 1.737247e+06 1.422404e+06 7.406289e+05 1.570695e+06 1.332974e+06 8.422675e+05 7.795711e+05 4.069586e+06 1.669469e+06 3.255066e+06 2.946512e+06 2.846256e+06 1.208100e+06 2.168323e+06 2.837676e+06 1.088053e+06 1.208100e+06 2.703484e+06 3.487812e+06 2.011312e+06 2.846256e+06 
8.728472e+05 2.765970e+06 1.760361e+06 1.438852e+06 4.148088e+05 7.714063e+05 1.474076e+06 1.520039e+06 3.996981e+05 1.088915e+06 1.277056e+06 7.406019e+05 1.533254e+06 6.297002e+05 8.407077e+05 7.714063e+05 2.460793e+06 1.667996e+06 1.936002e+06 1.046614e+06 1.095428e+06 3.782349e+05 1.619558e+06 1.275486e+06 1.014598e+06 3.782349e+05 1.691822e+06 1.447346e+06 4.520362e+05 1.095428e+06 
5.995358e+05 3.302648e+05 5.424554e+05 1.035142e+06 1.888931e+05 3.303132e+05 6.847918e+05 3.986280e+05 2.219231e+05 1.821858e+05 5.150190e+05 7.405940e+05 3.774338e+05 2.425374e+05 6.784860e+05 3.303132e+05 9.218818e+05 3.726785e+05 9.801163e+05 4.607655e+05 5.290936e+05 3.771608e+05 7.219848e+05 2.309437e+05 4.057941e+05 3.771608e+05 1.118673e+06 1.026984e+06 4.519585e+05 5.290936e+05 
2.773851e+05 3.287847e+05 5.413716e+05 2.930392e+05 9.206149e+04 4.402719e+04 1.262145e+05 3.985519e+05 1.006278e+05 8.699684e+04 2.200112e+05 2.373749e+05 1.259245e+05 2.238783e+04 1.585836e+05 4.402719e+04 3.584914e+05 2.472711e+05 1.225736e+05 4.605240e+05 1.017992e+05 3.497401e+05 9.619688e+04 4.663630e+04 2.024683e+05 3.497401e+05 3.026668e+05 3.197946e+05 2.244339e+05 1.017992e+05 
1.239656e+05 1.209882e+05 1.094498e+05 8.707967e+04 2.315167e+04 3.555457e+04 4.910547e+04 1.310476e+05 3.417131e+04 6.021932e+04 1.075697e+05 5.041229e+04 4.359149e+04 2.220763e+04 7.914707e+04 3.555457e+04 1.102999e+05 3.990143e+04 5.730532e+04 1.449268e+05 5.024995e+04 1.498605e+05 2.549014e+04 3.068907e+04 1.305838e+05 1.498605e+05 1.001193e+05 1.280657e+05 6.310946e+04 5.024995e+04 
1.986961e+04 1.969997e+04 5.135959e+04 1.187000e+04 5.766317e+03 3.139052e+03 1.363475e+04 2.779229e+04 5.923851e+03 5.207228e+03 1.029434e+04 8.494476e+03 5.618656e+03 1.001606e+04 1.303459e+04 3.139052e+03 5.120883e+03 4.745788e+03 2.867601e+04 2.404006e+04 1.118038e+04 1.602483e+04 6.411993e+03 3.380110e+03 2.005233e+04 1.602483e+04 1.652631e+04 2.141607e+04 4.815272e+03 1.118038e+04 
9.209768e+02 5.939909e+02 8.130166e+02 1.255660e+03 3.587383e+03 1.614953e+03 1.250243e+03 7.265137e+02 2.508534e+03 1.558113e+03 1.193475e+03 7.488942e+02 1.394180e+03 1.619697e+03 1.272242e+03 1.614953e+03 1.417254e+03 2.278783e+03 9.451503e+02 7.829645e+02 1.226476e+03 9.719143e+02 2.118773e+03 2.619164e+03 8.431421e+02 9.719143e+02 1.538774e+03 5.957163e+02 7.767890e+02 1.226476e+03 
1.816015e+02 7.649686e+01 1.483118e+02 7.257113e+01 1.997602e+02 1.689040e+02 1.800136e+02 6.002407e+01 1.517630e+02 2.251047e+02 1.268684e+02 9.635832e+01 1.287601e+02 1.293395e+02 1.222929e+02 1.689040e+02 2.201824e+02 2.228826e+02 2.111455e+02 1.192955e+02 1.240104e+02 8.156753e+01 1.237674e+02 2.105135e+02 1.467446e+02 8.156753e+01 2.061125e+02 1.296687e+02 1.268046e+02 1.240104e+02 
3.182436e-01 2.588061e+00 9.807917e+00 1.058249e+00 2.395136e+00 9.151905e+00 7.060255e-01 1.138913e+01 6.854634e-01 9.037870e+00 1.012596e+00 2.109290e+00 2.171062e+00 1.511501e+00 6.427839e-01 9.151905e+00 1.317569e+01 1.216735e+01 6.448843e-01 1.201039e+01 3.895962e+00 5.173707e-01 9.095980e+00 9.756992e+00 4.605672e+00 5.173707e-01 8.779740e+00 5.998250e-01 9.883613e+00 3.895962e+00 
0.000000e+00 0.000000e+00 0.000000e+00 0.000000e+00 0.000000e+00 0.000000e+00 0.000000e+00 0.000000e+00 0.000000e+00 0.000000e+00 0.000000e+00 0.000000e+00 0.000000e+00 0.000000e+00 0.000000e+00 0.000000e+00 0.000000e+00 0.000000e+00 0.000000e+00 0.000000e+00 0.000000e+00 0.000000e+00 0.000000e+00 0.000000e+00 0.000000e+00 0.000000e+00 0.000000e+00 0.000000e+00 0.000000e+00 0.000000e+00 