1.758534e+03 1.319000e+03 1.191513e+03 1.462409e+03 1.186950e+03 1.710253e+03 1.196824e+03 1.350127e+03 1.586276e+03 2.469843e+03 1.370165e+03 1.759787e+03 1.370165e+03 1.750541e+03 1.783976e+03 1.710253e+03 1.687238e+03 8.490659e+02 1.534005e+03 1.958203e+03 1.186950e+03 9.322958e+02 1.488234e+03 1.753687e+03 1.830047e+03 1.520896e+03 2.097161e+03 1.561156e+03 1.846726e+03 1.341023e+03 
1.079919e+03 1.061699e+03 1.191513e+03 1.462409e+03 1.186950e+03 1.275374e+03 1.196824e+03 1.162095e+03 1.385983e+03 1.659536e+03 1.370165e+03 1.759787e+03 1.370165e+03 1.750541e+03 1.783976e+03 1.275374e+03 1.404363e+03 8.490659e+02 1.534005e+03 1.417412e+03 1.186950e+03 9.322958e+02 1.280098e+03 1.564183e+03 1.489470e+03 1.520896e+03 1.652897e+03 1.355086e+03 1.459074e+03 1.182460e+03 
1.079919e+03 1.061699e+03 1.191513e+03 1.462409e+03 1.186950e+03 1.275374e+03 1.196824e+03 1.162095e+03 1.385983e+03 1.659536e+03 1.370165e+03 1.759787e+03 1.370165e+03 1.750541e+03 1.783976e+03 1.275374e+03 1.404363e+03 8.490659e+02 1.534005e+03 1.417412e+03 1.186950e+03 9.322958e+02 1.280098e+03 1.564183e+03 1.489470e+03 1.520896e+03 1.652897e+03 1.355086e+03 1.459074e+03 1.182460e+03 
1.069847e+03 1.061699e+03 1.191513e+03 1.345372e+03 1.186950e+03 1.275374e+03 1.196824e+03 1.162095e+03 1.027854e+03 1.170358e+03 1.121340e+03 1.423337e+03 1.121340e+03 1.747346e+03 1.717130e+03 1.275374e+03 1.334234e+03 8.490659e+02 1.426535e+03 1.417412e+03 1.186950e+03 9.322958e+02 1.271363e+03 1.502565e+03 1.404474e+03 1.520896e+03 1.529607e+03 1.355086e+03 1.241216e+03 1.038835e+03 
1.069559e+03 9.243715e+02 1.190903e+03 1.148248e+03 8.783527e+02 1.191174e+03 1.092447e+03 1.061995e+03 1.027854e+03 9.597287e+02 1.121340e+03 1.385134e+03 1.121340e+03 7.450854e+02 1.418168e+03 1.191174e+03 1.310973e+03 8.490659e+02 1.207961e+03 1.166448e+03 8.783527e+02 9.300354e+02 1.162060e+03 1.151919e+03 1.150130e+03 9.119356e+02 1.178226e+03 1.024467e+03 1.172070e+03 9.035337e+02 
1.039957e+03 9.243715e+02 9.843029e+02 9.530989e+02 8.341496e+02 1.105650e+03 9.481935e+02 1.061995e+03 1.027854e+03 8.641173e+02 9.276325e+02 1.092831e+03 9.276325e+02 7.450854e+02 1.166972e+03 1.105650e+03 7.243438e+02 8.002976e+02 1.119586e+03 8.206696e+02 8.341496e+02 9.300354e+02 9.619683e+02 9.763140e+02 1.058111e+03 9.103013e+02 8.425578e+02 1.024467e+03 7.535649e+02 9.035337e+02 
8.025283e+02 8.587197e+02 9.026953e+02 8.381660e+02 7.751752e+02 8.638815e+02 8.333698e+02 8.362546e+02 8.974372e+02 8.292551e+02 9.080996e+02 9.010409e+02 9.080996e+02 6.668163e+02 7.642749e+02 8.638815e+02 7.243438e+02 7.957425e+02 8.381170e+02 7.209098e+02 7.751752e+02 8.793441e+02 5.503845e+02 8.738686e+02 8.707299e+02 9.103013e+02 7.421736e+02 7.066576e+02 7.412466e+02 6.698616e+02 
7.062718e+02 6.431964e+02 6.784987e+02 7.742689e+02 6.025217e+02 6.003457e+02 6.636657e+02 6.472235e+02 7.377217e+02 7.158321e+02 7.795172e+02 7.998753e+02 7.795172e+02 5.871018e+02 6.333279e+02 6.003457e+02 5.952149e+02 7.596046e+02 7.012217e+02 6.850809e+02 6.025217e+02 6.795220e+02 5.502432e+02 6.791724e+02 6.862082e+02 6.992819e+02 6.650173e+02 6.761059e+02 7.376568e+02 6.698616e+02 
5.940507e+02 5.548301e+02 6.131194e+02 5.654899e+02 5.429246e+02 5.594248e+02 5.975210e+02 6.089621e+02 6.180579e+02 5.897270e+02 5.433454e+02 5.296504e+02 5.433454e+02 5.007658e+02 5.427915e+02 5.594248e+02 4.602557e+02 6.006912e+02 5.424213e+02 5.649774e+02 5.429246e+02 5.814225e+02 5.502432e+02 5.697626e+02 5.672939e+02 4.812292e+02 5.856039e+02 5.385385e+02 5.613040e+02 5.507389e+02 
5.220505e+02 4.998349e+02 5.325545e+02 5.164853e+02 4.700701e+02 5.323250e+02 4.753023e+02 4.908492e+02 5.425878e+02 4.706761e+02 4.840044e+02 5.161304e+02 4.840044e+02 5.007658e+02 5.259372e+02 5.323250e+02 4.496686e+02 5.112865e+02 5.139955e+02 4.608746e+02 4.700701e+02 5.116237e+02 4.880728e+02 4.914406e+02 5.230298e+02 4.486305e+02 4.740134e+02 4.905867e+02 4.947963e+02 4.786315e+02 
4.381239e+02 4.264411e+02 4.443419e+02 4.546433e+02 4.374252e+02 4.317075e+02 4.382067e+02 4.202879e+02 4.286131e+02 4.326601e+02 4.444984e+02 4.285550e+02 4.444984e+02 4.342789e+02 4.260849e+02 4.317075e+02 4.328893e+02 4.245767e+02 4.360286e+02 4.328999e+02 4.374252e+02 4.357908e+02 4.331242e+02 4.177536e+02 4.325444e+02 4.287024e+02 4.265277e+02 4.239996e+02 4.359552e+02 4.298363e+02 
4.056272e+02 4.030531e+02 4.054984e+02 4.053331e+02 4.042220e+02 4.052924e+02 4.038386e+02 4.044027e+02 4.054582e+02 4.040518e+02 4.034120e+02 4.036159e+02 4.034120e+02 4.031493e+02 4.045082e+02 4.052924e+02 4.046316e+02 4.030477e+02 4.040074e+02 4.030201e+02 4.042220e+02 4.029085e+02 4.037917e+02 4.041462e+02 4.044216e+02 4.031191e+02 4.049242e+02 4.050458e+02 4.034703e+02 4.060085e+02 
4.000703e+02 4.000471e+02 4.000680e+02 4.000991e+02 4.000669e+02 4.000686e+02 4.000687e+02 4.000693e+02 4.000851e+02 4.000523e+02 4.000698e+02 4.000751e+02 4.000698e+02 4.000681e+02 4.000737e+02 4.000686e+02 4.000811e+02 4.000587e+02 4.000677e+02 4.000707e+02 4.000669e+02 4.000763e+02 4.000612e+02 4.000515e+02 4.000517e+02 4.000595e+02 4.000674e+02 4.000325e+02 4.000611e+02 4.000895e+02 
4.000000e+02 4.000001e+02 4.000001e+02 4.000001e+02 4.000000e+02 4.000001e+02 4.000000e+02 4.000001e+02 4.000001e+02 4.000000e+02 4.000001e+02 4.000001e+02 4.000001e+02 4.000000e+02 4.000000e+02 4.000001e+02 4.000000e+02 4.000000e+02 4.000000e+02 4.000000e+02 4.000000e+02 4.000001e+02 4.000000e+02 4.000000e+02 4.000000e+02 4.000001e+02 4.000001e+02 4.000001e+02 4.000000e+02 4.000001e+02 
4.000000e+02 4.000000e+02 4.000000e+02 4.000000e+02 4.000000e+02 4.000000e+02 4.000000e+02 4.000000e+02 4.000000e+02 4.000000e+02 4.000000e+02 3.375912e+02 4.000000e+02 4.000000e+02 3.567495e+02 4.000000e+02 4.000000e+02 4.000000e+02 4.000000e+02 4.000000e+02 4.000000e+02 1.653249e+02 4.000000e+02 4.000000e+02 4.000000e+02 4.000000e+02 4.000000e+02 4.000000e+02 4.000000e+02 4.000000e+02 
4.000000e+02 4.000000e+02 4.000000e+02 4.000000e+02 4.000000e+02 4.000000e+02 4.000000e+02 4.000000e+02 4.000000e+02 4.000000e+02 4.000000e+02 1.000070e+02 4.000000e+02 4.000000e+02 1.000045e+02 4.000000e+02 4.000000e+02 4.000000e+02 4.000000e+02 4.000000e+02 4.000000e+02 1.000044e+02 4.000000e+02 4.000000e+02 4.000000e+02 4.000000e+02 4.000000e+02 4.000000e+02 4.000000e+02 4.000000e+02 
0.000000e+00 0.000000e+00 0.000000e+00 0.000000e+00 0.000000e+00 0.000000e+00 0.000000e+00 0.000000e+00 0.000000e+00 0.000000e+00 0.000000e+00 0.000000e+00 0.000000e+00 0.000000e+00 0.000000e+00 0.000000e+00 0.000000e+00 0.000000e+00 0.000000e+00 0.000000e+00 0.000000e+00 0.000000e+00 0.000000e+00 0.000000e+00 0.000000e+00 0.000000e+00 0.000000e+00 0.000000e+00 0.000000e+00 0.000000e+00 