5.926365e+02 4.829978e+02 5.483416e+02 5.092653e+02 5.289038e+02 5.564636e+02 4.317657e+02 5.512241e+02 5.357904e+02 5.202400e+02 4.766392e+02 4.268147e+02 5.982521e+02 5.373672e+02 5.074164e+02 5.564636e+02 5.357904e+02 5.031944e+02 4.691658e+02 6.205480e+02 5.289038e+02 4.881004e+02 5.705101e+02 5.387181e+02 4.806237e+02 4.881004e+02 5.474919e+02 4.512495e+02 5.263161e+02 5.289038e+02 
5.538040e+02 4.829978e+02 5.426563e+02 4.885642e+02 5.289038e+02 5.485896e+02 4.317657e+02 5.455121e+02 5.246499e+02 5.202400e+02 4.541683e+02 4.268147e+02 5.255818e+02 5.346988e+02 5.074164e+02 5.485896e+02 5.246499e+02 4.938848e+02 4.691658e+02 6.192596e+02 5.289038e+02 4.881004e+02 5.439281e+02 5.387181e+02 4.806237e+02 4.881004e+02 4.849608e+02 4.512495e+02 4.773599e+02 5.289038e+02 
5.538040e+02 4.829978e+02 5.426563e+02 4.885642e+02 5.289038e+02 5.485896e+02 4.317657e+02 5.455121e+02 5.246499e+02 5.202400e+02 4.541683e+02 4.268147e+02 5.255818e+02 5.346988e+02 5.074164e+02 5.485896e+02 5.246499e+02 4.938848e+02 4.691658e+02 6.192596e+02 5.289038e+02 4.881004e+02 5.439281e+02 5.387181e+02 4.806237e+02 4.881004e+02 4.849608e+02 4.512495e+02 4.773599e+02 5.289038e+02 
5.039131e+02 4.794534e+02 4.933426e+02 4.813261e+02 5.289038e+02 5.485896e+02 4.299229e+02 5.380984e+02 4.213495e+02 5.070027e+02 4.541683e+02 4.268147e+02 4.163010e+02 4.852263e+02 4.934158e+02 5.485896e+02 4.213495e+02 4.938848e+02 4.691658e+02 6.192596e+02 5.289038e+02 4.769750e+02 5.355702e+02 5.369702e+02 4.801406e+02 4.769750e+02 4.849608e+02 4.512495e+02 4.761209e+02 5.289038e+02 
5.010864e+02 4.600238e+02 4.933426e+02 4.603518e+02 5.048268e+02 4.993218e+02 4.299229e+02 5.000848e+02 4.157821e+02 4.930018e+02 4.145071e+02 4.169354e+02 4.163010e+02 4.672726e+02 4.769212e+02 4.993218e+02 4.157821e+02 4.748554e+02 4.420821e+02 4.632313e+02 5.048268e+02 4.769750e+02 5.113646e+02 5.046991e+02 4.674117e+02 4.769750e+02 4.611807e+02 4.512495e+02 4.761209e+02 5.048268e+02 
4.578145e+02 4.261772e+02 4.597921e+02 4.441836e+02 4.901823e+02 4.614720e+02 4.299229e+02 4.245231e+02 3.985410e+02 4.674088e+02 4.145071e+02 4.169354e+02 3.388505e+02 4.672726e+02 4.595824e+02 4.614720e+02 3.985410e+02 4.633789e+02 4.420821e+02 4.632313e+02 4.901823e+02 4.600139e+02 4.836446e+02 4.449404e+02 4.448081e+02 4.600139e+02 4.279746e+02 4.512495e+02 4.462008e+02 4.901823e+02 
4.446662e+02 3.946338e+02 4.290519e+02 4.270992e+02 4.558940e+02 4.403024e+02 3.033525e+02 3.042584e+02 3.985410e+02 3.604197e+02 3.769072e+02 4.008179e+02 2.161392e+02 4.391957e+02 4.265828e+02 4.403024e+02 3.985410e+02 4.206131e+02 4.378798e+02 4.342895e+02 4.558940e+02 4.384580e+02 4.174813e+02 4.366043e+02 4.306378e+02 4.384580e+02 4.278360e+02 4.431299e+02 4.157229e+02 4.558940e+02 
3.566308e+02 2.682191e+02 3.412951e+02 4.061008e+02 2.639973e+02 4.250353e+02 3.033525e+02 3.031779e+02 3.943170e+02 3.377300e+02 2.391245e+02 3.103558e+02 2.161392e+02 4.180339e+02 3.775869e+02 4.250353e+02 3.943170e+02 3.540230e+02 3.849445e+02 3.603700e+02 2.639973e+02 3.453489e+02 4.124380e+02 4.141287e+02 2.938496e+02 3.453489e+02 3.521013e+02 4.189815e+02 4.076447e+02 2.639973e+02 
2.541905e+02 2.630522e+02 2.957763e+02 3.365850e+02 2.424453e+02 3.796101e+02 2.867162e+02 2.479974e+02 3.465163e+02 2.702002e+02 2.344739e+02 3.103558e+02 1.803844e+02 3.897971e+02 2.377201e+02 3.796101e+02 3.465163e+02 3.500856e+02 3.551433e+02 3.563615e+02 2.424453e+02 2.908560e+02 3.751524e+02 3.711076e+02 2.496528e+02 2.908560e+02 3.352248e+02 2.835656e+02 3.819702e+02 2.424453e+02 
2.349993e+02 2.609062e+02 2.184864e+02 3.139408e+02 2.271679e+02 3.370488e+02 2.655476e+02 1.891809e+02 2.915546e+02 2.597423e+02 2.082846e+02 2.833807e+02 1.803844e+02 3.662227e+02 2.377201e+02 3.370488e+02 2.915546e+02 3.441338e+02 2.224421e+02 2.409574e+02 2.271679e+02 2.573339e+02 3.134990e+02 3.545997e+02 2.462323e+02 2.573339e+02 2.754012e+02 2.774651e+02 3.153755e+02 2.271679e+02 
1.875536e+02 2.136473e+02 2.154233e+02 2.121109e+02 2.116500e+02 2.896449e+02 1.965713e+02 1.736128e+02 1.644309e+02 1.663379e+02 2.082846e+02 2.606316e+02 1.709904e+02 2.295034e+02 1.836833e+02 2.896449e+02 1.644309e+02 2.729935e+02 1.782512e+02 2.222491e+02 2.116500e+02 2.189487e+02 2.843823e+02 2.189521e+02 2.300480e+02 2.189487e+02 1.817043e+02 2.244157e+02 3.153564e+02 2.116500e+02 
1.689768e+02 2.054268e+02 1.895703e+02 1.798294e+02 1.729444e+02 2.703735e+02 1.468183e+02 1.553183e+02 1.612711e+02 1.380793e+02 1.816129e+02 2.238391e+02 1.384430e+02 1.681047e+02 1.589959e+02 2.703735e+02 1.612711e+02 1.893539e+02 1.558334e+02 1.555599e+02 1.729444e+02 1.579814e+02 2.735432e+02 1.888433e+02 1.888625e+02 1.579814e+02 1.488544e+02 1.757926e+02 2.241213e+02 1.729444e+02 
1.590267e+02 2.010773e+02 1.523395e+02 1.631862e+02 1.475937e+02 2.399350e+02 1.387994e+02 1.300571e+02 1.325099e+02 1.356294e+02 1.429917e+02 1.643212e+02 1.338903e+02 1.475579e+02 1.400948e+02 2.399350e+02 1.325099e+02 1.470258e+02 1.370149e+02 1.519854e+02 1.475937e+02 1.332163e+02 2.504494e+02 1.454356e+02 1.576073e+02 1.332163e+02 1.374667e+02 1.548316e+02 2.030160e+02 1.475937e+02 
1.155063e+02 1.108560e+02 1.189522e+02 1.050597e+02 1.130769e+02 1.266287e+02 1.101215e+02 1.102244e+02 1.069180e+02 1.107500e+02 1.066869e+02 1.321220e+02 1.131885e+02 1.267372e+02 1.130093e+02 1.266287e+02 1.069180e+02 1.191036e+02 1.141116e+02 1.249557e+02 1.130769e+02 1.088440e+02 1.203843e+02 1.105467e+02 1.150453e+02 1.088440e+02 1.125718e+02 1.089063e+02 1.203459e+02 1.130769e+02 
1.000005e+02 1.000001e+02 1.000002e+02 1.000007e+02 1.000002e+02 1.000004e+02 1.000001e+02 1.000003e+02 1.000029e+02 1.000003e+02 1.000005e+02 1.000016e+02 1.000005e+02 1.132536e+02 8.187327e+01 1.000004e+02 1.000029e+02 1.000003e+02 1.000010e+02 1.000076e+02 1.000002e+02 1.000001e+02 1.000012e+02 1.000002e+02 1.000003e+02 1.000001e+02 1.000004e+02 1.000001e+02 1.000003e+02 1.000002e+02 
1.000000e+02 1.000000e+02 1.000000e+02 1.000000e+02 1.000000e+02 1.000000e+02 1.000000e+02 1.000000e+02 1.000000e+02 1.000000e+02 1.000000e+02 1.000000e+02 1.000000e+02 1.000000e+02 0.000000e+00 1.000000e+02 1.000000e+02 1.000000e+02 1.000000e+02 1.000000e+02 1.000000e+02 1.000000e+02 1.000000e+02 1.000000e+02 1.000000e+02 1.000000e+02 1.000000e+02 1.000000e+02 1.000000e+02 1.000000e+02 
0.000000e+00 0.000000e+00 0.000000e+00 0.000000e+00 0.000000e+00 0.000000e+00 0.000000e+00 0.000000e+00 0.000000e+00 0.000000e+00 0.000000e+00 0.000000e+00 0.000000e+00 0.000000e+00 0.000000e+00 0.000000e+00 0.000000e+00 0.000000e+00 0.000000e+00 0.000000e+00 0.000000e+00 0.000000e+00 0.000000e+00 0.000000e+00 0.000000e+00 0.000000e+00 0.000000e+00 0.000000e+00 0.000000e+00 0.000000e+00 