2.967303e+06 1.291514e+07 7.015573e+06 7.685866e+06 1.804951e+07 5.103204e+06 3.781547e+06 1.156864e+07 6.753760e+06 7.404704e+06 2.288867e+07 2.275046e+06 2.868944e+07 1.406045e+07 3.724786e+06 5.103204e+06 1.018747e+07 2.338567e+07 2.768140e+07 1.239271e+07 9.293676e+06 3.605208e+06 3.100176e+07 5.205759e+06 2.368273e+07 3.605208e+06 1.234707e+07 3.083486e+07 1.768173e+07 9.293676e+06 
2.967303e+06 1.291514e+07 7.015573e+06 7.685866e+06 1.804951e+07 5.103204e+06 3.781547e+06 1.156864e+07 6.753760e+06 7.404704e+06 2.288867e+07 2.275046e+06 2.868944e+07 1.406045e+07 3.724786e+06 5.103204e+06 1.018747e+07 2.338567e+07 2.768140e+07 1.239271e+07 9.293676e+06 3.605208e+06 3.100176e+07 5.205759e+06 2.368273e+07 3.605208e+06 1.234707e+07 3.083486e+07 1.768173e+07 9.293676e+06 
2.967303e+06 1.291514e+07 7.015573e+06 7.685866e+06 1.804951e+07 5.103204e+06 3.781547e+06 1.156864e+07 6.753760e+06 7.404704e+06 2.288867e+07 2.275046e+06 2.868944e+07 1.406045e+07 3.724786e+06 5.103204e+06 1.018747e+07 2.338567e+07 2.768140e+07 1.239271e+07 9.293676e+06 3.605208e+06 3.100176e+07 5.205759e+06 2.368273e+07 3.605208e+06 1.234707e+07 3.083486e+07 1.768173e+07 9.293676e+06 
2.967303e+06 1.291514e+07 7.015573e+06 7.685866e+06 1.804951e+07 5.103204e+06 3.781547e+06 1.156864e+07 6.753760e+06 7.404704e+06 1.016755e+07 2.274766e+06 2.868944e+07 1.406045e+07 3.724786e+06 5.103204e+06 1.018747e+07 2.338567e+07 2.674760e+07 1.239271e+07 7.422347e+06 3.604585e+06 2.693618e+07 4.320671e+06 1.519442e+07 3.604585e+06 1.234707e+07 3.083462e+07 1.768172e+07 7.422347e+06 
2.967303e+06 1.502810e+06 7.015573e+06 7.683880e+06 1.557295e+07 5.103204e+06 3.781547e+06 1.156864e+07 6.753760e+06 7.404688e+06 1.016753e+07 2.274766e+06 2.868944e+07 4.668580e+06 3.724786e+06 5.103204e+06 9.405164e+06 2.162216e+07 9.465734e+06 1.208574e+07 7.422347e+06 8.437529e+05 2.693617e+07 4.320671e+06 3.075715e+06 8.437529e+05 1.234707e+07 2.146073e+06 1.279896e+07 7.422347e+06 
2.812093e+06 1.502810e+06 7.015573e+06 5.104130e+06 6.962242e+06 4.951827e+06 2.737149e+06 1.156864e+07 2.715350e+06 4.030320e+06 8.401355e+06 2.274766e+06 3.503944e+06 4.658769e+06 3.724785e+06 4.951827e+06 2.737214e+06 9.098485e+06 9.457786e+06 1.208574e+07 3.875318e+06 8.437478e+05 2.465631e+06 4.320434e+06 3.075715e+06 8.437478e+05 1.234706e+07 2.146073e+06 4.710188e+06 3.875318e+06 
2.811696e+06 7.776627e+05 3.228733e+06 3.950439e+06 4.711658e+05 4.881070e+06 2.143924e+06 5.043904e+06 2.715152e+06 3.284370e+06 3.264655e+06 1.562413e+06 3.503940e+06 1.638458e+06 3.724782e+06 4.881070e+06 2.031984e+06 6.545153e+06 5.659212e+06 5.982284e+06 3.875291e+06 8.437478e+05 1.157010e+06 2.311932e+06 3.075707e+06 8.437478e+05 4.756613e+06 2.056764e+06 4.710188e+06 3.875291e+06 
2.141760e+06 7.744270e+05 2.947098e+06 8.158771e+05 4.621430e+05 1.724297e+06 1.043400e+06 2.047221e+06 1.492401e+06 2.685322e+06 3.262647e+06 1.472546e+06 3.503918e+06 1.459631e+06 2.224888e+06 1.724297e+06 8.925774e+05 1.848963e+06 1.169256e+06 1.001878e+06 2.091961e+06 6.175968e+05 8.034101e+05 1.345985e+06 1.052118e+06 6.175968e+05 9.124771e+05 5.177669e+05 2.036757e+06 2.091961e+06 
1.526150e+05 2.294975e+05 1.906357e+05 1.009323e+05 2.718632e+05 1.217307e+05 2.682760e+05 2.808538e+05 2.263254e+05 1.401815e+05 5.429842e+05 2.916437e+05 2.721988e+05 1.076897e+05 4.793045e+05 1.217307e+05 2.959628e+04 1.315354e+04 8.217722e+04 2.252213e+05 2.371274e+05 1.370808e+05 1.373195e+05 1.717909e+05 1.576463e+05 1.370808e+05 8.698013e+05 7.226994e+04 1.980925e+05 2.371274e+05 
1.356987e+04 1.261160e+04 1.234176e+04 4.240107e+03 1.295162e+04 4.106638e+04 6.143943e+03 2.017007e+03 1.338833e+04 3.815370e+04 4.759502e+03 2.911516e+04 1.723256e+04 4.151373e+04 1.341582e+04 4.106638e+04 1.368806e+04 1.263870e+04 1.122360e+04 1.883606e+04 3.356233e+04 2.494169e+04 3.848254e+04 8.450135e+03 1.625698e+04 2.494169e+04 2.867999e+03 2.493295e+04 1.144068e+04 3.356233e+04 
7.671825e+01 3.496489e+02 3.230484e+02 2.590059e+02 6.019873e+01 6.030830e+02 2.193282e+02 5.018035e+02 7.638549e+01 5.635915e+02 3.210332e+02 4.215987e+02 4.888648e+02 3.437909e+02 3.017790e+02 6.030830e+02 5.150562e+02 4.836618e+02 6.685580e+02 3.954920e+02 3.061917e+02 4.182582e+02 2.113846e+02 8.561031e+02 3.301444e+02 4.182582e+02 4.919394e+02 2.745598e+02 5.154770e+02 3.061917e+02 
1.068601e+01 9.157430e+00 3.977944e+00 8.570183e+00 6.122551e+00 6.951611e+00 8.798533e+00 7.047206e+00 5.626504e+00 6.321743e+00 5.590037e+00 6.058324e+00 2.964860e+00 7.036283e+00 7.476593e+00 6.951611e+00 4.894711e+00 5.178533e+00 5.260928e+00 4.474085e+00 5.216764e+00 4.216182e+00 9.268442e+00 1.213379e+01 2.397304e+00 4.216182e+00 5.674034e+00 7.307136e+00 5.541946e+00 5.216764e+00 
5.504573e-01 3.481091e-01 3.311522e-01 2.419193e-01 2.717622e-01 3.135794e-01 5.120457e-01 2.835833e-01 3.032454e-01 3.509230e-01 3.906976e-01 2.682835e-01 3.499074e-01 4.404461e-01 3.193668e-01 3.135794e-01 3.320681e-01 3.676093e-01 3.359583e-01 2.855946e-01 3.242458e-01 3.110410e-01 3.235488e-01 3.919688e-01 3.695392e-01 3.110410e-01 5.002749e-01 3.104071e-01 2.562085e-01 3.242458e-01 
1.158585e-01 6.061556e-02 9.668877e-02 9.698853e-02 1.127936e-01 7.965784e-02 1.591388e-01 7.384304e-02 5.807900e-02 8.294820e-02 1.316193e-01 1.160607e-01 1.104859e-01 9.901067e-02 1.058018e-01 7.965784e-02 1.052953e-01 1.272065e-01 8.990912e-02 8.110006e-02 7.613617e-02 9.464638e-02 1.265329e-01 9.208662e-02 6.654351e-02 9.464638e-02 8.008541e-02 1.006682e-02 6.063243e-02 7.613617e-02 
3.143692e-02 6.185027e-03 2.304930e-02 1.495159e-02 1.132877e-02 3.061068e-03 5.981831e-03 2.070204e-02 1.181001e-02 8.619382e-03 1.495744e-02 1.633725e-02 4.719311e-03 2.314838e-02 6.063680e-03 3.061068e-03 2.883307e-02 1.260242e-02 1.380759e-02 1.610707e-03 1.045865e-02 2.402108e-02 6.924403e-03 2.278406e-02 9.227064e-03 2.402108e-02 2.140174e-02 3.962099e-03 1.244877e-02 1.045865e-02 
0.000000e+00 0.000000e+00 0.000000e+00 0.000000e+00 0.000000e+00 0.000000e+00 0.000000e+00 0.000000e+00 0.000000e+00 0.000000e+00 0.000000e+00 0.000000e+00 0.000000e+00 0.000000e+00 0.000000e+00 0.000000e+00 0.000000e+00 0.000000e+00 0.000000e+00 0.000000e+00 0.000000e+00 0.000000e+00 0.000000e+00 0.000000e+00 0.000000e+00 0.000000e+00 0.000000e+00 0.000000e+00 0.000000e+00 0.000000e+00 
0.000000e+00 0.000000e+00 0.000000e+00 0.000000e+00 0.000000e+00 0.000000e+00 0.000000e+00 0.000000e+00 0.000000e+00 0.000000e+00 0.000000e+00 0.000000e+00 0.000000e+00 0.000000e+00 0.000000e+00 0.000000e+00 0.000000e+00 0.000000e+00 0.000000e+00 0.000000e+00 0.000000e+00 0.000000e+00 0.000000e+00 0.000000e+00 0.000000e+00 0.000000e+00 0.000000e+00 0.000000e+00 0.000000e+00 0.000000e+00 