1.746325e+05 2.155936e+05 1.869806e+05 1.319628e+05 2.688867e+05 1.025026e+05 2.131956e+05 8.765333e+04 2.479499e+05 1.610566e+05 1.288850e+05 1.992300e+05 1.288850e+05 4.140746e+04 2.278886e+05 1.025026e+05 1.948449e+05 1.362800e+05 6.202106e+04 1.769396e+05 2.688867e+05 8.765333e+04 1.228411e+05 2.152585e+05 3.079356e+05 1.466922e+05 5.357808e+04 6.492827e+04 3.265960e+05 2.688867e+05 
1.746325e+05 2.155936e+05 1.869806e+05 1.319628e+05 2.688867e+05 1.025026e+05 2.131956e+05 8.765333e+04 2.479499e+05 1.610566e+05 1.288850e+05 1.992300e+05 1.288850e+05 4.140746e+04 2.278886e+05 1.025026e+05 1.948449e+05 1.362800e+05 6.202106e+04 1.769396e+05 2.688867e+05 8.765333e+04 1.228411e+05 2.152585e+05 3.079356e+05 1.466922e+05 5.357808e+04 6.492827e+04 3.265960e+05 2.688867e+05 
1.746325e+05 2.155936e+05 1.869806e+05 1.319628e+05 2.688867e+05 1.025026e+05 2.131956e+05 8.765333e+04 2.479499e+05 1.610566e+05 1.288850e+05 1.992300e+05 1.288850e+05 4.140746e+04 2.278886e+05 1.025026e+05 1.948449e+05 1.362800e+05 6.202106e+04 1.769396e+05 2.688867e+05 8.765333e+04 1.228411e+05 2.152585e+05 3.079356e+05 1.466922e+05 5.357808e+04 6.492827e+04 3.265960e+05 2.688867e+05 
1.219108e+05 1.804170e+05 1.869806e+05 1.317357e+05 2.631512e+05 8.024543e+04 5.638315e+04 8.765333e+04 1.232080e+05 1.610566e+05 1.288850e+05 1.944802e+05 1.288850e+05 4.140746e+04 1.195284e+05 8.024543e+04 1.948449e+05 7.092456e+04 4.697828e+04 1.769396e+05 2.631512e+05 8.765333e+04 1.228411e+05 8.980059e+04 1.139633e+05 1.151020e+05 5.357808e+04 6.492827e+04 1.737383e+05 2.631512e+05 
1.219108e+05 1.758813e+05 1.867136e+05 1.317357e+05 2.389258e+05 8.024543e+04 3.767030e+04 8.765333e+04 1.232080e+05 1.132574e+05 1.279258e+05 1.944802e+05 1.279258e+05 4.140746e+04 1.160161e+05 8.024543e+04 1.948449e+05 6.269285e+04 4.697828e+04 1.769396e+05 2.389258e+05 8.765333e+04 1.228411e+05 8.980059e+04 2.432258e+04 1.150764e+05 5.357808e+04 6.297760e+04 1.737166e+05 2.389258e+05 
5.885596e+04 1.111687e+05 4.173219e+04 9.231220e+04 3.688139e+04 3.342761e+04 3.764278e+04 8.765333e+04 7.558704e+04 4.318002e+04 4.549113e+04 5.034995e+04 4.549113e+04 2.465697e+04 8.664215e+04 3.342761e+04 4.622733e+04 6.269285e+04 4.186589e+04 1.233798e+04 3.688139e+04 8.765333e+04 2.951345e+04 4.414836e+04 2.432258e+04 8.600228e+04 5.357808e+04 4.633550e+04 1.484421e+05 3.688139e+04 
3.610213e+04 2.652968e+04 2.042105e+04 4.925771e+04 3.370369e+04 2.972564e+04 2.018865e+04 1.118524e+04 1.814192e+04 2.090327e+04 4.529273e+04 2.954047e+04 4.529273e+04 2.465697e+04 4.549340e+04 2.972564e+04 3.432925e+04 2.849595e+04 9.366873e+03 1.233798e+04 3.370369e+04 1.118524e+04 9.933815e+03 4.119358e+04 1.351321e+04 4.821406e+04 2.169459e+04 2.585363e+04 7.020602e+04 3.370369e+04 
3.009890e+03 6.069114e+03 3.238791e+03 3.728992e+03 3.071584e+03 6.271803e+03 1.714244e+03 8.881910e+03 4.776824e+03 6.291684e+03 9.836523e+03 7.646442e+03 9.836523e+03 1.296627e+03 1.364370e+03 6.271803e+03 6.781423e+03 3.934861e+03 9.120468e+03 8.838368e+03 3.071584e+03 8.881910e+03 5.356619e+03 2.180799e+03 5.494407e+03 5.459456e+03 5.073535e+03 2.998469e+03 4.317686e+03 3.071584e+03 
5.496182e+02 4.665033e+02 5.426346e+02 8.162615e+02 4.070721e+02 2.146951e+02 1.196128e+02 6.187769e+02 2.412575e+02 3.135812e+02 9.919744e+01 2.865432e+02 9.919744e+01 1.404007e+02 2.127166e+02 2.146951e+02 8.489044e+01 7.010714e+02 2.474295e+02 7.025819e+02 4.070721e+02 6.187769e+02 6.733667e+02 3.332686e+02 3.404877e+02 1.096564e+03 2.192317e+02 5.501763e+02 2.763761e+02 4.070721e+02 
2.782445e+01 4.700860e+01 2.557725e+01 3.864751e+01 2.078219e+01 3.129479e+01 3.524781e+01 4.026824e+01 2.958544e+01 3.416343e+01 2.670604e+01 2.294546e+01 2.670604e+01 3.223580e+01 2.632266e+01 3.129479e+01 2.637989e+01 2.965810e+01 2.651284e+01 2.544718e+01 2.078219e+01 4.026824e+01 2.957713e+01 3.124099e+01 3.891420e+01 2.963169e+01 2.591680e+01 2.638248e+01 3.735314e+01 2.078219e+01 
8.619538e+00 1.003138e+01 1.011436e+01 9.459681e+00 7.597479e+00 3.046395e+00 8.152297e+00 8.938873e+00 7.952514e+00 9.744300e+00 9.685455e+00 9.268735e+00 9.685455e+00 7.432213e+00 8.985545e+00 3.046395e+00 6.203833e+00 7.943812e+00 5.791278e+00 9.071884e+00 7.597479e+00 8.938873e+00 7.830560e+00 8.482462e+00 8.486820e+00 9.130332e+00 6.724912e+00 7.695568e+00 9.043850e+00 7.597479e+00 
3.877557e+00 3.196815e+00 2.397076e+00 2.749854e+00 2.545381e+00 1.778198e+00 3.632475e+00 3.863142e+00 2.077730e+00 2.215833e+00 2.346871e+00 1.177603e+00 2.346871e+00 2.922836e+00 3.064110e+00 1.778198e+00 3.166538e+00 4.357574e+00 2.952998e+00 2.419168e+00 2.545381e+00 3.863142e+00 3.686231e+00 2.894484e+00 1.670437e+00 1.690558e+00 1.276762e-01 2.351488e+00 2.594796e+00 2.545381e+00 
1.870467e-03 1.613574e-04 1.470325e+00 4.608405e-01 8.068467e-01 6.617356e-01 1.782339e-02 2.071415e-03 4.763697e-01 1.406409e+00 1.197491e+00 5.461998e-01 1.197491e+00 2.388402e-01 1.252355e+00 6.617356e-01 1.121936e+00 9.869155e-01 9.176592e-01 1.447693e-01 8.068467e-01 2.071415e-03 1.611112e+00 1.433474e+00 1.224976e+00 1.228611e+00 1.054368e-01 2.633176e-01 2.713991e-01 8.068467e-01 
1.860326e-04 1.649845e-06 2.274040e-04 4.065148e-05 4.105063e-06 3.288326e-06 5.516456e-06 3.937618e-06 4.371883e-04 5.129087e-06 1.687783e-03 9.063390e-05 1.687783e-03 0.000000e+00 2.102773e-06 3.288326e-06 4.370312e-05 1.061402e-04 3.502444e-04 6.573303e-03 4.105063e-06 3.937618e-06 1.908053e-06 3.147472e-05 1.789553e-04 5.847965e-02 1.815782e-02 1.027515e-05 1.722370e-04 4.105063e-06 
0.000000e+00 0.000000e+00 0.000000e+00 0.000000e+00 0.000000e+00 0.000000e+00 0.000000e+00 0.000000e+00 0.000000e+00 0.000000e+00 0.000000e+00 0.000000e+00 0.000000e+00 0.000000e+00 0.000000e+00 0.000000e+00 0.000000e+00 0.000000e+00 0.000000e+00 0.000000e+00 0.000000e+00 0.000000e+00 0.000000e+00 0.000000e+00 0.000000e+00 0.000000e+00 0.000000e+00 0.000000e+00 0.000000e+00 0.000000e+00 
0.000000e+00 0.000000e+00 0.000000e+00 0.000000e+00 0.000000e+00 0.000000e+00 0.000000e+00 0.000000e+00 0.000000e+00 0.000000e+00 0.000000e+00 0.000000e+00 0.000000e+00 0.000000e+00 0.000000e+00 0.000000e+00 0.000000e+00 0.000000e+00 0.000000e+00 0.000000e+00 0.000000e+00 0.000000e+00 0.000000e+00 0.000000e+00 0.000000e+00 0.000000e+00 0.000000e+00 0.000000e+00 0.000000e+00 0.000000e+00 
0.000000e+00 0.000000e+00 0.000000e+00 0.000000e+00 0.000000e+00 0.000000e+00 0.000000e+00 0.000000e+00 0.000000e+00 0.000000e+00 0.000000e+00 0.000000e+00 0.000000e+00 0.000000e+00 0.000000e+00 0.000000e+00 0.000000e+00 0.000000e+00 0.000000e+00 0.000000e+00 0.000000e+00 0.000000e+00 0.000000e+00 0.000000e+00 0.000000e+00 0.000000e+00 0.000000e+00 0.000000e+00 0.000000e+00 0.000000e+00 