5.705466e+03 5.563272e+03 4.973468e+03 4.798245e+03 4.973468e+03 5.624942e+03 5.010571e+03 5.223426e+03 5.508364e+03 5.373871e+03 5.495087e+03 5.437838e+03 5.495087e+03 5.374259e+03 5.167868e+03 5.624942e+03 5.537686e+03 5.603222e+03 5.160079e+03 5.625645e+03 4.973468e+03 5.223426e+03 5.326048e+03 5.526635e+03 5.472381e+03 5.223426e+03 5.431986e+03 5.240311e+03 5.466707e+03 4.973468e+03 
5.705466e+03 5.563272e+03 4.973468e+03 4.798245e+03 4.973468e+03 5.624942e+03 5.010571e+03 5.223426e+03 5.508364e+03 5.373871e+03 5.495087e+03 5.437838e+03 5.495087e+03 5.374259e+03 5.167868e+03 5.624942e+03 5.537686e+03 5.603222e+03 5.160079e+03 5.625645e+03 4.973468e+03 5.223426e+03 5.326048e+03 5.526635e+03 5.472381e+03 5.223426e+03 5.431986e+03 5.240311e+03 5.466707e+03 4.973468e+03 
5.705466e+03 5.563272e+03 4.973468e+03 4.798245e+03 4.973468e+03 5.624942e+03 5.010571e+03 5.223426e+03 5.508364e+03 5.373871e+03 5.495087e+03 5.437838e+03 5.495087e+03 5.374259e+03 5.167868e+03 5.624942e+03 5.537686e+03 5.603222e+03 5.160079e+03 5.625645e+03 4.973468e+03 5.223426e+03 5.326048e+03 5.526635e+03 5.472381e+03 5.223426e+03 5.431986e+03 5.240311e+03 5.466707e+03 4.973468e+03 
5.647725e+03 5.552901e+03 4.973468e+03 4.798245e+03 4.973468e+03 5.587467e+03 5.010571e+03 5.223426e+03 5.100003e+03 5.373871e+03 5.131505e+03 5.437838e+03 5.131505e+03 4.642167e+03 5.167868e+03 5.587467e+03 5.488318e+03 5.435570e+03 5.160079e+03 5.465331e+03 4.973468e+03 5.223426e+03 5.326048e+03 5.190350e+03 5.472381e+03 5.223426e+03 5.431986e+03 5.240311e+03 5.458783e+03 4.973468e+03 
5.550175e+03 5.124079e+03 4.973468e+03 4.798245e+03 4.973468e+03 5.432035e+03 5.010571e+03 5.201303e+03 5.030298e+03 5.296145e+03 5.131505e+03 5.437838e+03 5.131505e+03 4.383230e+03 5.167868e+03 5.432035e+03 4.968157e+03 5.403046e+03 5.160079e+03 5.447700e+03 4.973468e+03 5.201303e+03 5.326048e+03 5.190350e+03 5.290906e+03 5.201303e+03 5.431986e+03 5.240311e+03 4.735807e+03 4.973468e+03 
4.989308e+03 4.644611e+03 4.973468e+03 4.798245e+03 4.973468e+03 5.074550e+03 4.767026e+03 5.161905e+03 5.030298e+03 4.839632e+03 4.968416e+03 4.875633e+03 4.968416e+03 3.963646e+03 5.056626e+03 5.074550e+03 4.968157e+03 4.665376e+03 5.160079e+03 3.967910e+03 4.973468e+03 5.161905e+03 4.441516e+03 4.764712e+03 4.964109e+03 5.161905e+03 5.084528e+03 4.997659e+03 4.698927e+03 4.973468e+03 
4.495144e+03 4.347061e+03 4.876803e+03 4.117942e+03 4.876803e+03 4.507931e+03 4.560468e+03 4.453091e+03 4.355365e+03 4.839632e+03 4.936892e+03 4.260271e+03 4.936892e+03 3.810393e+03 4.549451e+03 4.507931e+03 4.058913e+03 4.617456e+03 4.773796e+03 3.967910e+03 4.876803e+03 4.453091e+03 4.381054e+03 4.530881e+03 4.407771e+03 4.453091e+03 4.453991e+03 4.997659e+03 4.578119e+03 4.876803e+03 
3.530194e+03 4.054680e+03 4.196447e+03 4.014208e+03 4.196447e+03 3.879000e+03 4.151183e+03 2.811314e+03 4.107822e+03 4.322162e+03 3.999277e+03 4.211223e+03 3.999277e+03 3.796001e+03 4.305589e+03 3.879000e+03 3.381922e+03 3.910974e+03 4.272112e+03 3.899902e+03 4.196447e+03 2.811314e+03 4.006341e+03 4.254978e+03 4.377593e+03 2.811314e+03 4.246004e+03 4.077450e+03 3.682722e+03 4.196447e+03 
3.411336e+03 3.368047e+03 3.257852e+03 3.317527e+03 3.257852e+03 3.518073e+03 3.397599e+03 2.811314e+03 3.233879e+03 3.488621e+03 3.730700e+03 3.480142e+03 3.730700e+03 3.309727e+03 3.550886e+03 3.518073e+03 3.381922e+03 3.232619e+03 3.913998e+03 3.586511e+03 3.257852e+03 2.811314e+03 3.752981e+03 3.472891e+03 3.380019e+03 2.811314e+03 3.593564e+03 3.890556e+03 3.452855e+03 3.257852e+03 
2.629842e+03 2.527318e+03 2.588870e+03 2.641164e+03 2.588870e+03 2.722549e+03 2.769120e+03 2.657602e+03 2.536668e+03 3.143378e+03 2.700025e+03 2.854405e+03 2.700025e+03 2.855597e+03 2.747927e+03 2.722549e+03 2.738847e+03 2.977548e+03 2.681451e+03 2.947003e+03 2.588870e+03 2.657602e+03 2.756055e+03 3.016152e+03 3.192523e+03 2.657602e+03 2.749136e+03 2.825531e+03 2.944758e+03 2.588870e+03 
2.057416e+03 1.858786e+03 1.829811e+03 1.970792e+03 1.829811e+03 1.774176e+03 1.879432e+03 2.060064e+03 1.914625e+03 2.029526e+03 1.405857e+03 1.983537e+03 1.405857e+03 1.994200e+03 1.930466e+03 1.774176e+03 2.067875e+03 1.984836e+03 1.665929e+03 1.960659e+03 1.829811e+03 2.060064e+03 2.273874e+03 1.988303e+03 2.072905e+03 2.060064e+03 1.544101e+03 1.982540e+03 1.347361e+03 1.829811e+03 
1.185015e+03 8.907338e+02 1.062368e+03 1.130924e+03 1.062368e+03 1.140730e+03 1.065114e+03 1.047894e+03 9.369700e+02 1.223278e+03 1.052011e+03 1.251626e+03 1.052011e+03 1.561433e+03 1.001231e+03 1.140730e+03 1.145497e+03 1.422312e+03 1.283625e+03 1.036509e+03 1.062368e+03 1.047894e+03 1.574929e+03 9.852169e+02 1.226014e+03 1.047894e+03 1.075012e+03 1.078184e+03 1.082840e+03 1.062368e+03 
6.094688e+02 4.994296e+02 5.624530e+02 5.866387e+02 5.624530e+02 6.772488e+02 7.425401e+02 4.147282e+02 3.603699e+02 6.053987e+02 6.375874e+02 5.788031e+02 6.375874e+02 8.931623e+02 7.021114e+02 6.772488e+02 2.667806e+02 6.088055e+02 5.703102e+02 7.246401e+02 5.624530e+02 4.147282e+02 5.689739e+02 4.996383e+02 5.392249e+02 4.147282e+02 3.410777e+02 5.676489e+02 6.670085e+02 5.624530e+02 
1.756637e+02 1.158963e+02 2.182139e+02 2.233164e+02 2.182139e+02 1.138416e+02 3.103544e+01 2.649172e+02 7.632532e+01 2.276362e+02 8.951137e+01 1.558955e+02 8.951137e+01 4.136588e+00 3.866082e+02 1.138416e+02 2.844448e+01 1.244952e+02 2.338241e+02 5.384618e+01 2.182139e+02 2.649172e+02 5.794599e+01 8.360490e+01 8.465498e+01 2.649172e+02 1.195182e+02 6.708294e+01 2.097286e+02 2.182139e+02 
9.142610e+00 7.800888e+00 2.659461e+00 1.045879e+00 2.659461e+00 3.401584e-01 5.659217e-02 7.122051e-01 2.070351e+00 5.572989e-01 1.909458e+00 2.525623e+01 1.909458e+00 1.053133e-01 1.569032e+00 3.401584e-01 7.262571e-01 3.310602e+00 2.677534e+00 2.329058e+00 2.659461e+00 7.122051e-01 4.103601e-01 2.478224e-02 7.814359e-01 7.122051e-01 1.137585e+00 1.151198e-06 4.505142e+00 2.659461e+00 
0.000000e+00 0.000000e+00 0.000000e+00 0.000000e+00 0.000000e+00 0.000000e+00 0.000000e+00 0.000000e+00 0.000000e+00 0.000000e+00 0.000000e+00 0.000000e+00 0.000000e+00 0.000000e+00 0.000000e+00 0.000000e+00 0.000000e+00 0.000000e+00 0.000000e+00 0.000000e+00 0.000000e+00 0.000000e+00 0.000000e+00 0.000000e+00 0.000000e+00 0.000000e+00 0.000000e+00 0.000000e+00 0.000000e+00 0.000000e+00 
0.000000e+00 0.000000e+00 0.000000e+00 0.000000e+00 0.000000e+00 0.000000e+00 0.000000e+00 0.000000e+00 0.000000e+00 0.000000e+00 0.000000e+00 0.000000e+00 0.000000e+00 0.000000e+00 0.000000e+00 0.000000e+00 0.000000e+00 0.000000e+00 0.000000e+00 0.000000e+00 0.000000e+00 0.000000e+00 0.000000e+00 0.000000e+00 0.000000e+00 0.000000e+00 0.000000e+00 0.000000e+00 0.000000e+00 0.000000e+00 