1.323030e+03 1.203850e+03 1.228143e+03 1.189584e+03 1.078498e+03 1.111494e+03 1.325782e+03 1.096941e+03 1.190267e+03 1.016357e+03 1.308692e+03 1.098286e+03 1.220530e+03 1.257653e+03 1.001642e+03 1.111494e+03 9.845375e+02 1.258776e+03 1.168560e+03 1.084821e+03 1.078498e+03 9.096346e+02 1.020284e+03 1.117501e+03 1.240527e+03 9.096346e+02 1.115931e+03 1.112555e+03 1.030953e+03 1.078498e+03 
1.323030e+03 1.203850e+03 1.228143e+03 1.189584e+03 1.078498e+03 1.111494e+03 1.325782e+03 1.096941e+03 1.190267e+03 1.016357e+03 1.308692e+03 1.098286e+03 1.220530e+03 1.257653e+03 1.001642e+03 1.111494e+03 9.845375e+02 1.258776e+03 1.168560e+03 1.084821e+03 1.078498e+03 9.096346e+02 1.020284e+03 1.117501e+03 1.240527e+03 9.096346e+02 1.115931e+03 1.112555e+03 1.030953e+03 1.078498e+03 
1.323030e+03 1.203850e+03 1.228143e+03 1.189584e+03 1.078498e+03 1.111494e+03 1.325782e+03 1.096941e+03 1.190267e+03 1.016357e+03 1.308692e+03 1.098286e+03 1.220530e+03 1.257653e+03 1.001642e+03 1.111494e+03 9.845375e+02 1.258776e+03 1.168560e+03 1.084821e+03 1.078498e+03 9.096346e+02 1.020284e+03 1.117501e+03 1.240527e+03 9.096346e+02 1.115931e+03 1.112555e+03 1.030953e+03 1.078498e+03 
9.134421e+02 1.068673e+03 1.077586e+03 1.051409e+03 1.078498e+03 1.111494e+03 1.325782e+03 1.096941e+03 1.190267e+03 1.016357e+03 1.308692e+03 1.098286e+03 1.135408e+03 1.230921e+03 1.001642e+03 1.111494e+03 9.845375e+02 1.232501e+03 1.168560e+03 1.048694e+03 1.078498e+03 8.393010e+02 1.020284e+03 1.117501e+03 1.240527e+03 8.393010e+02 1.112713e+03 1.100164e+03 1.030953e+03 1.078498e+03 
9.134421e+02 1.068673e+03 9.584745e+02 1.051409e+03 1.078498e+03 1.105351e+03 1.067624e+03 1.001130e+03 1.056270e+03 8.446022e+02 1.199963e+03 8.723211e+02 1.135408e+03 1.058484e+03 1.001642e+03 1.105351e+03 9.247588e+02 1.079121e+03 1.162783e+03 9.872802e+02 1.078498e+03 8.393010e+02 1.020284e+03 1.117501e+03 1.240527e+03 8.393010e+02 1.104530e+03 1.087003e+03 6.989420e+02 1.078498e+03 
8.939826e+02 8.404398e+02 7.548825e+02 1.012001e+03 9.690053e+02 7.380909e+02 1.018960e+03 8.629393e+02 6.953416e+02 8.446022e+02 1.014315e+03 8.723211e+02 8.823696e+02 1.058484e+03 9.270657e+02 7.380909e+02 7.928270e+02 1.003714e+03 1.162783e+03 9.744784e+02 9.690053e+02 8.077972e+02 9.521647e+02 1.074605e+03 1.163296e+03 8.077972e+02 9.751540e+02 9.719392e+02 6.989420e+02 9.690053e+02 
8.232894e+02 6.866286e+02 6.894372e+02 8.124384e+02 8.307126e+02 7.233668e+02 6.600304e+02 6.835318e+02 6.875080e+02 7.197494e+02 7.424757e+02 7.796870e+02 6.147699e+02 8.283448e+02 7.676664e+02 7.233668e+02 6.871377e+02 7.610802e+02 7.514322e+02 8.898110e+02 8.307126e+02 7.827984e+02 8.060830e+02 9.598027e+02 9.456659e+02 7.827984e+02 7.427472e+02 7.289721e+02 6.428398e+02 8.307126e+02 
5.193067e+02 5.211938e+02 5.142340e+02 5.032478e+02 5.106197e+02 6.254662e+02 4.548429e+02 4.524558e+02 6.381415e+02 6.330873e+02 5.684890e+02 4.830994e+02 4.747437e+02 5.289464e+02 6.039711e+02 6.254662e+02 6.081735e+02 5.791351e+02 5.803898e+02 5.583932e+02 5.106197e+02 5.608291e+02 5.796187e+02 6.717850e+02 7.049741e+02 5.608291e+02 4.402626e+02 5.196963e+02 5.770127e+02 5.106197e+02 
3.272596e+02 3.312037e+02 2.969538e+02 3.369701e+02 3.961205e+02 3.429027e+02 3.443736e+02 3.590528e+02 3.606887e+02 3.258040e+02 3.479097e+02 3.196710e+02 2.612419e+02 2.985851e+02 2.687547e+02 3.429027e+02 3.502894e+02 3.397256e+02 3.103831e+02 3.708984e+02 3.961205e+02 3.057233e+02 3.674672e+02 3.623061e+02 3.272672e+02 3.057233e+02 3.134291e+02 3.074627e+02 3.173250e+02 3.961205e+02 
1.951506e+02 2.127832e+02 2.137144e+02 1.897971e+02 1.742494e+02 1.603609e+02 1.723518e+02 1.930194e+02 1.784030e+02 1.682655e+02 1.988330e+02 1.806529e+02 1.658409e+02 1.627688e+02 1.750779e+02 1.603609e+02 1.841646e+02 1.681310e+02 1.717802e+02 1.933878e+02 1.742494e+02 1.850721e+02 1.892318e+02 1.998412e+02 1.676806e+02 1.850721e+02 1.688615e+02 1.435059e+02 1.931577e+02 1.742494e+02 
8.835026e+01 6.916260e+01 8.175631e+01 8.046134e+01 6.803473e+01 9.051461e+01 8.523437e+01 8.153591e+01 7.505248e+01 7.442460e+01 8.317674e+01 6.869043e+01 7.752215e+01 5.756486e+01 7.903020e+01 9.051461e+01 8.270857e+01 6.129868e+01 7.439181e+01 6.707301e+01 6.803473e+01 9.621469e+01 8.035932e+01 7.749446e+01 8.030521e+01 9.621469e+01 4.709450e+01 7.013151e+01 7.755772e+01 6.803473e+01 
3.709393e+01 2.146075e+01 4.059017e+01 4.086772e+01 3.892609e+01 3.672580e+01 2.317480e+01 3.455885e+01 3.063570e+01 3.456980e+01 5.045704e+01 3.625363e+01 3.578079e+01 2.951728e+01 3.580750e+01 3.672580e+01 3.890171e+01 3.175825e+01 4.646638e+01 1.656367e+01 3.892609e+01 3.857920e+01 2.632522e+01 3.916525e+01 3.942620e+01 3.857920e+01 2.905379e+01 1.802172e+01 4.159524e+01 3.892609e+01 
1.446060e+01 9.754498e+00 7.085009e+00 1.314068e+01 1.149520e+01 1.544273e+01 1.038757e+01 1.313539e+01 1.097705e+01 6.454985e+00 1.365367e+01 9.810348e+00 1.910345e+01 1.672136e+01 4.481735e+00 1.544273e+01 1.586786e+01 1.084551e+01 1.898059e+01 1.045060e+01 1.149520e+01 1.682856e+01 1.029632e+01 1.576592e+01 7.330536e+00 1.682856e+01 1.131582e+01 9.601847e+00 1.717832e+01 1.149520e+01 
1.257568e-01 2.361326e+00 2.642532e-02 3.927807e-03 1.187112e-02 2.138745e-02 2.749045e-03 1.569308e-02 5.806716e-03 1.353906e-04 5.428099e-01 3.986742e-05 2.114648e+00 2.283446e-02 9.666926e-02 2.138745e-02 3.759388e-01 1.887535e+00 2.938772e+00 1.654371e+00 1.187112e-02 2.044695e+00 4.323946e-04 1.324974e+00 6.386762e-03 2.044695e+00 1.321311e-04 4.014181e-01 3.368632e-01 1.187112e-02 
0.000000e+00 0.000000e+00 0.000000e+00 0.000000e+00 0.000000e+00 0.000000e+00 0.000000e+00 0.000000e+00 0.000000e+00 0.000000e+00 0.000000e+00 0.000000e+00 0.000000e+00 0.000000e+00 0.000000e+00 0.000000e+00 0.000000e+00 0.000000e+00 0.000000e+00 0.000000e+00 0.000000e+00 0.000000e+00 0.000000e+00 0.000000e+00 0.000000e+00 0.000000e+00 0.000000e+00 0.000000e+00 0.000000e+00 0.000000e+00 
0.000000e+00 0.000000e+00 0.000000e+00 0.000000e+00 0.000000e+00 0.000000e+00 0.000000e+00 0.000000e+00 0.000000e+00 0.000000e+00 0.000000e+00 0.000000e+00 0.000000e+00 0.000000e+00 0.000000e+00 0.000000e+00 0.000000e+00 0.000000e+00 0.000000e+00 0.000000e+00 0.000000e+00 0.000000e+00 0.000000e+00 0.000000e+00 0.000000e+00 0.000000e+00 0.000000e+00 0.000000e+00 0.000000e+00 0.000000e+00 
0.000000e+00 0.000000e+00 0.000000e+00 0.000000e+00 0.000000e+00 0.000000e+00 0.000000e+00 0.000000e+00 0.000000e+00 0.000000e+00 0.000000e+00 0.000000e+00 0.000000e+00 0.000000e+00 0.000000e+00 0.000000e+00 0.000000e+00 0.000000e+00 0.000000e+00 0.000000e+00 0.000000e+00 0.000000e+00 0.000000e+00 0.000000e+00 0.000000e+00 0.000000e+00 0.000000e+00 0.000000e+00 0.000000e+00 0.000000e+00 