5.496165e+02 4.031372e+02 4.577839e+02 2.398591e+02 5.724798e+02 4.793496e+02 5.507941e+02 3.172879e+02 2.472200e+02 2.890016e+02 5.229112e+02 6.558760e+02 6.918581e+02 6.330476e+02 5.399692e+02 4.793496e+02 6.578249e+02 5.888593e+02 3.441128e+02 6.866550e+02 5.724798e+02 6.209682e+02 4.863972e+02 7.005670e+02 2.747669e+02 6.209682e+02 5.712387e+02 6.328907e+02 4.111952e+02 5.724798e+02 
2.808160e+02 4.031372e+02 4.577839e+02 2.398591e+02 5.724798e+02 4.793496e+02 2.876820e+02 3.172879e+02 2.472200e+02 2.890016e+02 5.214278e+02 6.041159e+02 5.178858e+02 4.456202e+02 4.863382e+02 4.793496e+02 5.507059e+02 5.858391e+02 3.441128e+02 6.866550e+02 5.724798e+02 6.105589e+02 4.863972e+02 7.005670e+02 2.747669e+02 6.105589e+02 4.954711e+02 4.006199e+02 4.111952e+02 5.724798e+02 
2.808160e+02 4.031372e+02 4.577839e+02 2.398591e+02 5.724798e+02 4.793496e+02 2.876820e+02 3.172879e+02 2.472200e+02 2.890016e+02 5.214278e+02 6.041159e+02 5.178858e+02 4.456202e+02 4.863382e+02 4.793496e+02 5.507059e+02 5.858391e+02 3.441128e+02 6.866550e+02 5.724798e+02 6.105589e+02 4.863972e+02 7.005670e+02 2.747669e+02 6.105589e+02 4.954711e+02 4.006199e+02 4.111952e+02 5.724798e+02 
2.808160e+02 4.031372e+02 4.469998e+02 2.398591e+02 2.903655e+02 4.377559e+02 2.876260e+02 3.164486e+02 2.472200e+02 2.890016e+02 4.940238e+02 5.421434e+02 3.107423e+02 4.456202e+02 4.863382e+02 4.377559e+02 1.978774e+02 3.926689e+02 3.441128e+02 3.627047e+02 2.903655e+02 6.105589e+02 3.009713e+02 6.096263e+02 2.747669e+02 6.105589e+02 4.925049e+02 4.006199e+02 4.111952e+02 2.903655e+02 
2.489939e+02 2.528147e+02 1.911001e+02 2.236022e+02 2.903648e+02 4.377559e+02 2.876260e+02 3.164486e+02 2.472200e+02 2.860111e+02 2.616334e+02 4.502071e+02 2.929637e+02 2.515542e+02 3.691478e+02 4.377559e+02 1.978774e+02 3.921404e+02 1.833321e+02 3.591799e+02 2.903648e+02 5.501594e+02 3.009713e+02 5.253118e+02 1.946891e+02 5.501594e+02 4.925049e+02 2.889204e+02 3.055679e+02 2.903648e+02 
2.419114e+02 2.528147e+02 1.852411e+02 2.236022e+02 2.903648e+02 3.312347e+02 2.876260e+02 3.105907e+02 2.470040e+02 2.860111e+02 2.479611e+02 3.720990e+02 2.865643e+02 2.515542e+02 3.450418e+02 3.312347e+02 1.978774e+02 2.378294e+02 1.833321e+02 3.263207e+02 2.903648e+02 1.516208e+02 3.009713e+02 4.852359e+02 1.946891e+02 1.516208e+02 2.522215e+02 2.861732e+02 2.957328e+02 2.903648e+02 
1.982876e+02 7.666439e+01 1.705497e+02 1.960417e+02 2.897322e+02 1.499397e+02 2.464828e+02 2.662851e+02 1.101465e+02 2.247406e+02 1.116244e+02 3.103609e+02 1.031666e+02 2.496650e+02 3.044445e+02 1.499397e+02 1.978774e+02 2.146922e+02 7.785358e+01 1.639375e+02 2.897322e+02 1.464739e+02 2.299294e+02 1.770475e+02 1.399444e+02 1.464739e+02 1.145366e+02 2.839199e+02 1.378696e+02 2.897322e+02 
1.917579e+02 7.231173e+01 1.381745e+02 1.960417e+02 1.750830e+02 1.077215e+02 2.202095e+02 1.417434e+02 1.101465e+02 1.983210e+02 8.132224e+01 1.565380e+02 9.753947e+01 5.760370e+01 2.174201e+02 1.077215e+02 1.978774e+02 1.395098e+02 7.751118e+01 1.561826e+02 1.750830e+02 1.285567e+02 2.100762e+02 1.465232e+02 1.341502e+02 1.285567e+02 1.052239e+02 1.842978e+02 1.316422e+02 1.750830e+02 
1.067287e+02 5.371548e+01 1.294329e+02 1.306544e+02 7.968463e+01 1.077215e+02 3.868659e+01 1.310915e+02 1.046606e+02 9.651459e+01 7.483714e+01 1.056560e+02 9.119740e+01 5.562486e+01 3.748435e+01 1.077215e+02 1.222687e+02 1.395098e+02 7.751118e+01 1.107302e+02 7.968463e+01 2.212406e+01 2.091806e+02 6.811745e+01 8.155500e+01 2.212406e+01 9.257755e+01 1.842978e+02 7.241583e+01 7.968463e+01 
7.055673e+01 4.283776e+01 3.808452e+01 8.993849e+01 6.644806e+01 5.212191e+01 2.225745e+01 6.823885e+01 5.419817e+01 5.741381e+01 6.360961e+01 4.951833e+01 2.511833e+01 4.505451e+01 3.340105e+01 5.212191e+01 7.216871e+01 5.592948e+01 7.751118e+01 7.551776e+01 6.644806e+01 2.025896e+01 8.649364e+01 2.071028e+01 1.482303e+01 2.025896e+01 7.305343e+01 3.416134e+01 7.241583e+01 6.644806e+01 
3.105933e+01 7.840551e+00 2.171545e+01 1.520781e+01 2.025922e+01 2.336763e+01 2.225745e+01 2.747034e+01 1.077368e+01 3.212817e+01 1.408457e+01 1.473917e+01 1.483475e+01 7.405079e+00 3.202056e+01 2.336763e+01 1.546641e+01 2.733779e+01 4.704799e+01 1.860300e+01 2.025922e+01 1.572692e+01 3.891422e+01 1.900230e+01 1.362317e+01 1.572692e+01 3.495506e+01 1.673169e+01 2.331171e+01 2.025922e+01 
1.335501e+01 7.318428e+00 1.090683e+01 1.296701e+01 1.017934e+01 2.041861e+01 1.996148e+01 1.335113e+01 9.694664e+00 9.959984e+00 5.626085e+00 1.236804e+01 5.572306e+00 6.743473e+00 2.107711e+01 2.041861e+01 1.499703e+01 1.455602e+01 2.270307e+01 1.085218e+01 1.017934e+01 1.304232e+01 1.561857e+01 1.650087e+01 6.746087e+00 1.304232e+01 2.096048e+01 1.207839e+01 1.321487e+01 1.017934e+01 
5.765932e+00 4.443286e+00 1.605565e+00 7.444234e-01 3.454327e+00 1.218468e+01 5.930421e+00 5.915985e+00 7.412545e+00 5.572739e+00 4.012416e+00 7.628063e+00 5.560690e+00 4.548762e+00 7.763634e+00 1.218468e+01 7.525645e+00 7.929180e+00 8.977482e+00 9.399872e+00 3.454327e+00 4.435952e+00 4.381742e+00 8.451683e+00 3.437503e+00 4.435952e+00 6.425340e+00 5.756935e+00 4.976351e+00 3.454327e+00 
9.564556e-01 1.978950e+00 1.257737e+00 2.988199e-01 6.811836e-01 3.481318e+00 1.651777e+00 2.787594e+00 4.491079e+00 2.254450e+00 3.131556e+00 2.778797e+00 2.303027e+00 2.042492e+00 3.717780e+00 3.481318e+00 2.495237e+00 3.918656e+00 2.863215e+00 2.669844e+00 6.811836e-01 2.267257e+00 2.732436e+00 2.206527e+00 4.266988e-02 2.267257e+00 1.702271e+00 3.207661e+00 2.240523e+00 6.811836e-01 
5.843381e-01 2.929350e-01 1.216903e-01 4.729204e-02 2.279201e-01 9.629127e-02 1.362232e-01 8.194137e-01 5.474474e-01 6.953871e-02 7.593564e-01 1.441487e+00 7.211930e-02 3.423711e-01 1.786500e-01 9.629127e-02 5.127799e-01 2.049119e+00 1.551518e+00 3.168148e-01 2.279201e-01 1.316948e-01 7.763305e-02 1.988563e-01 3.369862e-02 1.316948e-01 6.106070e-02 2.003478e-02 1.870038e-01 2.279201e-01 
0.000000e+00 0.000000e+00 0.000000e+00 0.000000e+00 0.000000e+00 0.000000e+00 0.000000e+00 0.000000e+00 0.000000e+00 0.000000e+00 0.000000e+00 0.000000e+00 0.000000e+00 0.000000e+00 0.000000e+00 0.000000e+00 0.000000e+00 1.634629e-08 0.000000e+00 0.000000e+00 0.000000e+00 0.000000e+00 0.000000e+00 0.000000e+00 0.000000e+00 0.000000e+00 0.000000e+00 0.000000e+00 0.000000e+00 0.000000e+00 
0.000000e+00 0.000000e+00 0.000000e+00 0.000000e+00 0.000000e+00 0.000000e+00 0.000000e+00 0.000000e+00 0.000000e+00 0.000000e+00 0.000000e+00 0.000000e+00 0.000000e+00 0.000000e+00 0.000000e+00 0.000000e+00 0.000000e+00 0.000000e+00 0.000000e+00 0.000000e+00 0.000000e+00 0.000000e+00 0.000000e+00 0.000000e+00 0.000000e+00 0.000000e+00 0.000000e+00 0.000000e+00 0.000000e+00 0.000000e+00 