3.074294e+03 5.373245e+04 2.732999e+04 1.501547e+04 2.732999e+04 2.808135e+04 5.670685e+03 3.708656e+04 1.083191e+05 1.204280e+05 6.535604e+04 7.932153e+03 6.535604e+04 3.490731e+03 1.530883e+03 2.808135e+04 2.674203e+04 1.720596e+04 7.893845e+02 1.059302e+04 2.732999e+04 3.708656e+04 3.340519e+03 1.318066e+04 7.595219e+04 3.708656e+04 1.108774e+04 3.330442e+04 2.210204e+04 2.732999e+04 
3.074294e+03 5.373245e+04 2.732999e+04 1.501547e+04 2.732999e+04 2.014957e+04 5.670685e+03 3.708656e+04 7.536007e+04 1.479967e+04 2.376580e+04 7.714011e+03 2.376580e+04 3.490731e+03 1.530883e+03 2.014957e+04 1.297375e+04 3.265315e+03 7.893845e+02 1.059302e+04 2.732999e+04 3.708656e+04 3.340519e+03 2.186809e+03 7.628579e+03 3.708656e+04 1.108774e+04 5.793185e+03 2.210204e+04 2.732999e+04 
3.074294e+03 5.373245e+04 2.732999e+04 1.501547e+04 2.732999e+04 2.014957e+04 5.670685e+03 3.708656e+04 7.536007e+04 1.479967e+04 2.376580e+04 7.714011e+03 2.376580e+04 3.490731e+03 1.530883e+03 2.014957e+04 1.297375e+04 3.265315e+03 7.893845e+02 1.059302e+04 2.732999e+04 3.708656e+04 3.340519e+03 2.186809e+03 7.628579e+03 3.708656e+04 1.108774e+04 5.793185e+03 2.210204e+04 2.732999e+04 
3.074294e+03 5.373245e+04 9.008089e+02 1.501547e+04 9.008089e+02 9.733122e+03 5.670685e+03 2.666888e+03 7.536007e+04 1.479967e+04 1.446205e+04 5.731284e+03 1.446205e+04 1.304722e+03 1.530883e+03 9.733122e+03 1.230727e+04 3.265315e+03 7.893845e+02 9.247634e+02 9.008089e+02 2.666888e+03 3.340519e+03 2.186809e+03 7.628579e+03 2.666888e+03 9.490678e+03 5.105326e+03 2.210204e+04 9.008089e+02 
3.074294e+03 1.281062e+04 9.008089e+02 1.261030e+04 9.008089e+02 7.699277e+02 5.670685e+03 2.666888e+03 1.885128e+04 4.781785e+03 9.519149e+03 1.299680e+03 9.519149e+03 1.304722e+03 1.527640e+03 7.699277e+02 5.905470e+03 3.184629e+03 7.893845e+02 9.247634e+02 9.008089e+02 2.666888e+03 3.340519e+03 9.239507e+02 2.410115e+03 2.666888e+03 9.488594e+03 4.882425e+03 2.017910e+04 9.008089e+02 
3.074294e+03 1.047951e+04 7.974550e+02 3.932165e+03 7.974550e+02 6.657128e+02 4.662042e+03 2.564597e+03 1.916857e+03 1.348062e+03 1.976375e+03 1.299680e+03 1.976375e+03 1.304722e+03 1.527640e+03 6.657128e+02 4.370175e+03 1.195713e+03 7.893845e+02 9.247634e+02 7.974550e+02 2.564597e+03 3.340519e+03 7.719127e+02 1.650075e+03 2.564597e+03 8.650761e+03 2.012393e+03 3.792349e+02 7.974550e+02 
1.047024e+03 5.894306e+02 4.115525e+02 1.178492e+02 4.115525e+02 2.108547e+02 7.877071e+02 5.661765e+02 1.090386e+03 9.639158e+02 7.786289e+02 5.000324e+02 7.786289e+02 1.242286e+03 6.783654e+02 2.108547e+02 7.882716e+02 1.001620e+03 7.893845e+02 5.336250e+02 4.115525e+02 5.661765e+02 9.225451e+01 2.247026e+02 6.629587e+01 5.661765e+02 1.706765e+03 4.103765e+02 2.026217e+02 4.115525e+02 
1.358977e+02 2.987395e+02 1.902268e+01 1.067046e+02 1.902268e+01 6.053274e+01 9.466672e+01 4.465657e+01 1.995228e+02 3.321485e+02 1.090705e+02 2.976139e+02 1.090705e+02 1.032631e+02 3.168652e+01 6.053274e+01 5.299415e+01 2.003613e+02 1.507609e+02 3.933328e+01 1.902268e+01 4.465657e+01 4.311151e+01 7.444320e+01 5.668838e+01 4.465657e+01 5.509785e+01 1.428699e+02 7.280861e+01 1.902268e+01 
2.022443e+01 1.370940e+01 9.101416e+00 1.358411e+01 9.101416e+00 8.765346e+00 1.204487e+01 1.460830e+01 1.089165e+01 1.531440e+01 9.872083e+00 1.411224e+01 9.872083e+00 1.171095e+01 1.336450e+01 8.765346e+00 1.079251e+01 1.517777e+01 1.118253e+01 1.601179e+01 9.101416e+00 1.460830e+01 9.625091e+00 1.342484e+01 1.500182e+01 1.460830e+01 1.691621e+01 1.775183e+01 6.858226e+00 9.101416e+00 
4.690651e+00 8.684461e+00 6.160449e+00 6.899916e+00 6.160449e+00 6.617898e+00 6.258814e+00 5.121087e+00 6.514405e+00 7.385617e+00 5.331901e+00 5.243537e+00 5.331901e+00 6.688365e+00 4.863906e+00 6.617898e+00 4.619247e+00 6.834630e+00 4.335456e+00 5.552467e+00 6.160449e+00 5.121087e+00 6.537185e+00 5.377321e+00 6.123825e+00 5.121087e+00 7.423654e+00 5.820247e+00 6.174162e+00 6.160449e+00 
2.726765e+00 2.315437e+00 2.018808e+00 2.788219e+00 2.018808e+00 2.473214e+00 2.133102e+00 2.437764e+00 2.349831e+00 2.343799e+00 2.729534e+00 2.825070e+00 2.729534e+00 2.010411e+00 2.576493e+00 2.473214e+00 2.065610e+00 1.510291e+00 2.440970e+00 2.856296e+00 2.018808e+00 2.437764e+00 2.247921e+00 2.108147e+00 2.192746e+00 2.437764e+00 2.182190e+00 1.594779e+00 2.293249e+00 2.018808e+00 
1.541341e+00 1.405275e+00 1.404920e+00 1.167087e+00 1.404920e+00 1.802982e+00 1.281582e+00 1.298039e+00 1.524510e+00 1.545974e+00 1.639468e+00 1.472529e+00 1.639468e+00 1.501733e+00 1.687539e+00 1.802982e+00 1.569963e+00 1.211985e+00 1.046409e+00 1.754198e+00 1.404920e+00 1.298039e+00 1.052066e+00 1.506228e+00 1.477651e+00 1.298039e+00 1.637584e+00 1.334925e+00 1.508598e+00 1.404920e+00 
1.158413e+00 1.234004e+00 8.607773e-01 7.854025e-01 8.607773e-01 1.081880e+00 9.773391e-01 1.060390e+00 1.175898e+00 1.020964e+00 9.735719e-01 1.244301e+00 9.735719e-01 1.143297e+00 1.008041e+00 1.081880e+00 1.337725e+00 1.211985e+00 9.896589e-01 8.659440e-01 8.607773e-01 1.060390e+00 1.036250e+00 1.217409e+00 8.623223e-01 1.060390e+00 1.145480e+00 9.309191e-01 1.191862e+00 8.607773e-01 
8.071274e-01 7.251622e-01 7.828730e-01 5.522339e-01 7.828730e-01 1.067189e+00 9.577814e-01 7.281229e-01 9.062429e-01 5.733576e-01 7.980739e-01 9.053868e-01 7.980739e-01 7.657996e-01 8.573656e-01 1.067189e+00 7.880939e-01 8.710945e-01 9.655463e-01 8.279792e-01 7.828730e-01 7.281229e-01 7.069705e-01 8.132450e-01 8.363171e-01 7.281229e-01 8.983347e-01 7.126192e-01 6.527405e-01 7.828730e-01 
5.129218e-01 5.313702e-01 5.274254e-01 4.061386e-01 5.274254e-01 5.171547e-01 5.658182e-01 5.246909e-01 5.542597e-01 4.833917e-01 4.804682e-01 6.828003e-01 4.804682e-01 5.345624e-01 6.061768e-01 5.171547e-01 5.858909e-01 5.692995e-01 6.281490e-01 4.281980e-01 5.274254e-01 5.246909e-01 5.573446e-01 4.349477e-01 5.705765e-01 5.246909e-01 4.612306e-01 4.609205e-01 5.446765e-01 5.274254e-01 
3.564573e-01 2.959402e-01 2.514429e-01 2.864481e-01 2.514429e-01 2.303816e-01 3.575698e-01 2.408300e-01 3.584637e-01 2.132069e-01 3.180226e-01 2.806542e-01 3.180226e-01 2.955371e-01 3.232192e-01 2.303816e-01 2.755132e-01 3.779335e-01 2.777867e-01 3.313684e-01 2.514429e-01 2.408300e-01 2.367521e-01 2.705041e-01 2.511152e-01 2.408300e-01 2.634960e-01 2.282783e-01 2.170228e-01 2.514429e-01 
0.000000e+00 0.000000e+00 0.000000e+00 0.000000e+00 0.000000e+00 0.000000e+00 0.000000e+00 0.000000e+00 0.000000e+00 0.000000e+00 0.000000e+00 0.000000e+00 0.000000e+00 0.000000e+00 0.000000e+00 0.000000e+00 0.000000e+00 0.000000e+00 0.000000e+00 0.000000e+00 0.000000e+00 0.000000e+00 0.000000e+00 0.000000e+00 0.000000e+00 0.000000e+00 0.000000e+00 0.000000e+00 0.000000e+00 0.000000e+00 