1.559950e+06 1.244345e+05 8.315823e+05 3.710295e+05 2.263704e+06 3.554261e+06 4.525424e+05 6.399292e+05 1.935881e+06 1.160841e+06 3.252085e+05 6.118770e+05 3.252085e+05 2.167130e+06 2.230035e+06 3.554261e+06 1.935881e+06 3.364050e+05 2.360151e+06 4.626214e+06 8.315823e+05 1.630817e+06 1.126644e+06 1.952152e+05 2.698994e+05 1.630817e+06 1.658012e+06 6.031927e+04 4.236123e+05 8.315823e+05 
1.559950e+06 1.243687e+05 8.315823e+05 3.710295e+05 2.263704e+06 1.223100e+06 4.504830e+05 6.398827e+05 1.935855e+06 1.160841e+06 3.252085e+05 6.118709e+05 3.252085e+05 2.167130e+06 3.758302e+05 1.223100e+06 1.935855e+06 3.072864e+05 2.162249e+05 8.808466e+05 8.315823e+05 1.630249e+06 1.126644e+06 1.952152e+05 2.698994e+05 1.630249e+06 1.658012e+06 6.031867e+04 4.233850e+05 8.315823e+05 
1.559950e+06 1.243687e+05 8.315823e+05 3.710295e+05 2.263704e+06 1.223100e+06 4.504830e+05 6.398827e+05 1.935855e+06 1.160841e+06 3.252085e+05 6.118709e+05 3.252085e+05 2.167130e+06 3.758302e+05 1.223100e+06 1.935855e+06 3.072864e+05 2.162249e+05 8.808466e+05 8.315823e+05 1.630249e+06 1.126644e+06 1.952152e+05 2.698994e+05 1.630249e+06 1.658012e+06 6.031867e+04 4.233850e+05 8.315823e+05 
1.559950e+06 1.243643e+05 8.310543e+05 3.707086e+05 2.263704e+06 1.223100e+06 4.504830e+05 1.668322e+05 1.199909e+06 6.308674e+04 3.252080e+05 6.118709e+05 3.252080e+05 2.167130e+06 2.772055e+05 1.223100e+06 1.199909e+06 1.219399e+05 2.162249e+05 3.223932e+05 8.310543e+05 9.372341e+05 1.126644e+06 1.899938e+05 2.698994e+05 9.372341e+05 1.658012e+06 6.031867e+04 4.233850e+05 8.310543e+05 
3.087322e+05 1.243027e+05 8.007393e+05 3.707086e+05 1.150174e+06 1.029360e+06 4.504830e+05 1.668322e+05 3.038598e+05 6.308674e+04 3.252080e+05 6.118709e+05 3.252080e+05 2.164892e+06 2.772055e+05 1.029360e+06 3.038598e+05 6.136239e+04 2.151949e+05 1.826058e+05 8.007393e+05 2.695087e+05 1.126623e+06 1.899938e+05 2.698994e+05 2.695087e+05 1.097813e+06 5.996445e+04 4.228170e+05 8.007393e+05 
3.086737e+05 1.241628e+05 3.984588e+04 3.488257e+05 3.692441e+05 1.029090e+06 4.504830e+05 1.668096e+05 3.038598e+05 6.258319e+04 8.790653e+04 2.687744e+05 8.790653e+04 4.557478e+05 8.996296e+04 1.029090e+06 3.038598e+05 6.136239e+04 2.150445e+05 1.423600e+05 3.984588e+04 5.531932e+04 5.229495e+05 1.875526e+05 2.698994e+05 5.531932e+04 1.097813e+06 3.594286e+04 4.721596e+04 3.984588e+04 
6.584173e+04 5.713751e+04 3.979108e+04 1.284259e+05 2.039576e+05 1.244194e+04 7.643978e+04 2.893644e+04 1.677129e+05 6.255466e+04 2.949763e+04 2.451744e+04 2.949763e+04 4.512904e+05 8.989796e+04 1.244194e+04 1.677129e+05 6.087679e+04 1.821483e+05 1.307216e+05 3.979108e+04 1.370975e+04 6.459263e+04 5.003198e+04 2.698429e+05 1.370975e+04 9.027027e+04 3.594286e+04 1.923510e+04 3.979108e+04 
1.133702e+04 3.666706e+04 3.975047e+04 4.265051e+04 8.275975e+04 1.222432e+04 9.625600e+03 2.022204e+04 7.304100e+04 1.839723e+04 2.411099e+04 1.751869e+04 2.411099e+04 6.266046e+04 8.975493e+04 1.222432e+04 7.304100e+04 6.079946e+04 6.759631e+03 8.337005e+04 3.975047e+04 1.368513e+04 2.851805e+04 2.472628e+04 3.812661e+04 1.368513e+04 6.324617e+03 3.594281e+04 1.918494e+04 3.975047e+04 
7.523635e+02 1.551439e+03 1.048877e+04 4.269136e+03 1.032412e+04 8.628555e+03 7.694036e+03 1.446416e+04 5.741549e+03 7.583304e+03 1.872034e+04 1.222039e+04 1.872034e+04 3.305954e+03 4.623692e+04 8.628555e+03 5.741549e+03 7.821365e+03 2.476196e+03 1.094550e+04 1.048877e+04 7.612500e+03 6.372156e+03 2.457695e+04 2.279828e+04 7.612500e+03 6.054560e+03 9.993121e+03 1.101714e+04 1.048877e+04 
1.990957e+02 1.519406e+03 1.303649e+03 9.959663e+02 2.653136e+03 1.195682e+03 1.444879e+03 7.172515e+02 2.185309e+03 1.312902e+03 2.410978e+03 2.416885e+03 2.410978e+03 1.309472e+03 1.573616e+03 1.195682e+03 2.185309e+03 4.103396e+02 1.523561e+03 2.080130e+03 1.303649e+03 2.384330e+03 2.185830e+03 1.267164e+03 1.442926e+03 2.384330e+03 2.572488e+03 1.364535e+03 2.002851e+03 1.303649e+03 
1.171268e+02 1.732927e+02 1.378023e+02 2.801872e+02 1.865095e+02 1.974373e+02 3.001500e+02 1.102345e+02 2.089946e+02 2.855145e+02 3.219013e+02 2.377066e+02 3.219013e+02 1.141848e+02 2.042677e+02 1.974373e+02 2.089946e+02 2.692954e+02 1.625187e+02 1.742195e+02 1.378023e+02 1.844654e+02 2.227416e+02 2.867460e+02 4.017308e+02 1.844654e+02 1.261800e+02 3.581876e+02 1.611659e+02 1.378023e+02 
2.649444e+01 1.305619e+01 1.814733e+01 2.796221e+01 8.954331e+00 9.726172e+00 1.594327e+01 2.256280e+01 5.959347e+00 9.193894e+00 2.543841e+01 4.733855e+01 2.543841e+01 2.427872e+01 9.929831e+00 9.726172e+00 5.959347e+00 1.350016e+01 2.217095e+01 1.429856e+01 1.814733e+01 2.145360e+00 1.337008e+01 1.485707e+01 1.084773e+01 2.145360e+00 1.082399e+01 9.409550e+00 1.717320e+01 1.814733e+01 
3.811225e+00 3.644083e+00 1.846618e+00 1.749974e+00 2.589328e+00 3.094027e+00 2.481782e+00 1.622024e+00 2.458741e+00 3.200664e+00 2.960699e+00 2.760164e+00 2.960699e+00 2.718818e+00 2.694869e+00 3.094027e+00 2.458741e+00 2.149599e+00 1.977035e+00 1.754306e+00 1.846618e+00 1.448186e+00 2.571144e+00 2.659232e+00 3.044602e+00 1.448186e+00 2.315698e+00 2.240900e+00 1.752302e+00 1.846618e+00 
8.247866e-01 1.294250e+00 8.407414e-01 7.324430e-01 7.198886e-01 8.060744e-01 7.745543e-01 8.291924e-01 7.480907e-01 9.838579e-01 7.577572e-01 7.240640e-01 7.577572e-01 6.728987e-01 8.772277e-01 8.060744e-01 7.480907e-01 1.064602e+00 1.233386e+00 6.747535e-01 8.407414e-01 5.564848e-01 7.180369e-01 8.934145e-01 9.714373e-01 5.564848e-01 8.264864e-01 7.658789e-01 7.466499e-01 8.407414e-01 
1.242359e-01 2.000233e-01 1.783893e-01 9.924779e-02 1.826931e-01 7.942725e-02 1.298097e-01 1.308307e-01 8.661965e-02 1.251026e-01 1.241023e-01 1.650215e-01 1.241023e-01 7.647840e-02 1.287538e-01 7.942725e-02 8.661965e-02 1.286067e-01 1.654754e-01 1.275943e-01 1.783893e-01 1.401627e-01 1.021235e-01 1.509269e-01 8.346949e-02 1.401627e-01 1.596055e-01 1.447285e-01 9.936513e-02 1.783893e-01 
3.591683e-06 4.536896e-04 1.629718e-03 1.022404e-03 7.848774e-04 3.558739e-05 5.854577e-04 7.186231e-07 2.016795e-03 4.831519e-05 1.469152e-03 2.456750e-03 1.469152e-03 0.000000e+00 7.134479e-03 3.558739e-05 2.016795e-03 3.852454e-04 9.596545e-04 2.626109e-03 1.629718e-03 1.092801e-04 7.800552e-04 7.809952e-04 5.147956e-05 1.092801e-04 1.229820e-03 7.482443e-04 5.390466e-04 1.629718e-03 
0.000000e+00 0.000000e+00 0.000000e+00 0.000000e+00 0.000000e+00 0.000000e+00 0.000000e+00 0.000000e+00 0.000000e+00 0.000000e+00 0.000000e+00 0.000000e+00 0.000000e+00 0.000000e+00 0.000000e+00 0.000000e+00 0.000000e+00 0.000000e+00 0.000000e+00 0.000000e+00 0.000000e+00 0.000000e+00 0.000000e+00 0.000000e+00 0.000000e+00 0.000000e+00 0.000000e+00 0.000000e+00 0.000000e+00 0.000000e+00 