1.423203e+03 1.367595e+03 5.492197e+02 1.033300e+03 1.024596e+03 6.045576e+02 1.247284e+03 1.666534e+03 1.240851e+03 1.589080e+03 5.461007e+02 1.202526e+03 5.461007e+02 1.031012e+03 1.673395e+03 6.045576e+02 7.237022e+02 1.022863e+03 1.474406e+03 1.594193e+03 1.024596e+03 1.666534e+03 1.158416e+03 1.464000e+03 1.228639e+03 1.117422e+03 1.165969e+03 1.113597e+03 1.329448e+03 1.024596e+03 
1.423203e+03 1.291720e+03 5.492197e+02 1.033300e+03 5.359411e+02 6.045576e+02 1.118361e+03 1.666534e+03 1.087558e+03 1.529103e+03 5.461007e+02 1.202526e+03 5.461007e+02 1.031012e+03 1.482151e+03 6.045576e+02 7.237022e+02 1.022863e+03 1.147895e+03 7.902783e+02 5.359411e+02 1.666534e+03 8.981334e+02 1.208326e+03 1.228639e+03 1.117422e+03 1.165969e+03 1.113597e+03 1.329448e+03 5.359411e+02 
1.423203e+03 1.291720e+03 5.492197e+02 1.033300e+03 5.359411e+02 6.045576e+02 1.118361e+03 1.666534e+03 1.087558e+03 1.529103e+03 5.461007e+02 1.202526e+03 5.461007e+02 1.031012e+03 1.482151e+03 6.045576e+02 7.237022e+02 1.022863e+03 1.147895e+03 7.902783e+02 5.359411e+02 1.666534e+03 8.981334e+02 1.208326e+03 1.228639e+03 1.117422e+03 1.165969e+03 1.113597e+03 1.329448e+03 5.359411e+02 
9.322265e+02 1.041532e+03 5.492197e+02 7.977345e+02 5.359411e+02 6.045576e+02 1.118361e+03 1.567915e+03 1.087558e+03 1.464076e+03 5.461007e+02 1.026238e+03 5.461007e+02 1.012634e+03 1.342867e+03 6.045576e+02 7.237022e+02 1.010758e+03 8.371072e+02 7.902783e+02 5.359411e+02 1.567915e+03 8.981334e+02 1.206860e+03 1.073136e+03 1.117422e+03 1.140468e+03 6.611542e+02 1.238549e+03 5.359411e+02 
9.322265e+02 8.040535e+02 5.492197e+02 5.087147e+02 5.359411e+02 5.086861e+02 7.948192e+02 9.302344e+02 6.699304e+02 7.946986e+02 5.072768e+02 6.198704e+02 5.072768e+02 1.000299e+03 1.298889e+03 5.086861e+02 6.992209e+02 5.840596e+02 8.371072e+02 7.902783e+02 5.359411e+02 9.302344e+02 8.981334e+02 7.645326e+02 4.804962e+02 9.619262e+02 9.135851e+02 6.611542e+02 9.030586e+02 5.359411e+02 
7.510010e+02 7.822898e+02 4.294158e+02 4.279776e+02 5.191072e+02 5.086861e+02 7.523953e+02 6.551694e+02 5.107723e+02 5.153511e+02 5.072768e+02 6.198704e+02 5.072768e+02 6.763844e+02 7.918124e+02 5.086861e+02 6.591856e+02 5.840596e+02 6.602597e+02 4.021429e+02 5.191072e+02 6.551694e+02 8.981334e+02 3.509583e+02 4.804962e+02 9.308432e+02 5.840278e+02 6.347595e+02 5.947905e+02 5.191072e+02 
2.155538e+02 5.440223e+02 4.106920e+02 3.453478e+02 3.648248e+02 5.086861e+02 6.580535e+02 3.870413e+02 2.511136e+02 3.671408e+02 4.927187e+02 5.539315e+02 4.927187e+02 4.624165e+02 4.697385e+02 5.086861e+02 4.494825e+02 5.251084e+02 6.602597e+02 4.021429e+02 3.648248e+02 3.870413e+02 5.225078e+02 3.193220e+02 4.804962e+02 5.700953e+02 3.557245e+02 5.588690e+02 2.731588e+02 3.648248e+02 
2.155538e+02 3.986007e+02 2.489775e+02 3.453478e+02 1.671027e+02 4.253435e+02 2.694396e+02 3.742268e+02 2.511136e+02 2.867972e+02 3.330238e+02 3.477768e+02 3.330238e+02 3.061456e+02 3.357231e+02 4.253435e+02 2.750375e+02 3.416373e+02 2.192312e+02 2.533160e+02 1.671027e+02 3.742268e+02 3.666756e+02 2.917995e+02 3.259798e+02 3.751710e+02 3.095076e+02 3.861635e+02 2.731588e+02 1.671027e+02 
2.087300e+02 1.833523e+02 1.587572e+02 2.167327e+02 1.480460e+02 2.814176e+02 2.209605e+02 1.947223e+02 1.940533e+02 1.969928e+02 2.302734e+02 2.154724e+02 2.302734e+02 1.716328e+02 2.215767e+02 2.814176e+02 1.763192e+02 2.327423e+02 2.099957e+02 2.251699e+02 1.480460e+02 1.947223e+02 1.839206e+02 1.707118e+02 2.404480e+02 1.961166e+02 1.922095e+02 1.970478e+02 1.262472e+02 1.480460e+02 
1.497009e+02 1.480164e+02 1.380177e+02 1.500005e+02 1.370903e+02 1.706720e+02 1.641137e+02 1.511224e+02 1.458541e+02 1.504359e+02 1.624677e+02 1.619179e+02 1.624677e+02 1.506718e+02 1.465709e+02 1.706720e+02 1.457779e+02 1.682937e+02 1.599664e+02 1.381718e+02 1.370903e+02 1.511224e+02 1.531389e+02 1.326459e+02 1.436820e+02 1.619116e+02 1.500990e+02 1.438601e+02 1.262472e+02 1.370903e+02 
1.060405e+02 1.016916e+02 1.150818e+02 1.175717e+02 1.190398e+02 1.212588e+02 1.157296e+02 1.146216e+02 1.199204e+02 1.215788e+02 1.144422e+02 1.167300e+02 1.144422e+02 1.197506e+02 1.139681e+02 1.212588e+02 1.207537e+02 1.189652e+02 1.158299e+02 1.159180e+02 1.190398e+02 1.146216e+02 1.172762e+02 1.136179e+02 1.150975e+02 1.222579e+02 1.143322e+02 1.218867e+02 1.135958e+02 1.190398e+02 
1.019344e+02 7.281408e+01 9.376713e+01 7.920248e+01 1.101810e+02 1.072692e+02 1.081750e+02 1.085707e+02 1.093516e+02 1.089636e+02 1.079051e+02 1.084871e+02 1.079051e+02 1.095298e+02 1.092177e+02 1.072692e+02 1.091878e+02 1.103856e+02 1.069033e+02 1.085795e+02 1.101810e+02 1.085707e+02 1.086153e+02 1.073123e+02 1.093474e+02 1.010786e+02 1.083826e+02 1.106180e+02 1.093362e+02 1.101810e+02 
9.315516e+01 4.835586e+01 6.961044e+01 6.552279e+01 1.053689e+02 1.049377e+02 1.041118e+02 1.038787e+02 1.037571e+02 1.040811e+02 1.035521e+02 1.031533e+02 1.035521e+02 1.044249e+02 1.026607e+02 1.049377e+02 1.040935e+02 1.046743e+02 1.046839e+02 1.034033e+02 1.053689e+02 1.038787e+02 1.038525e+02 1.025407e+02 1.034274e+02 8.771947e+01 1.021605e+02 1.016983e+02 1.041165e+02 1.053689e+02 
5.179605e+01 4.200677e+01 4.842260e+01 5.053119e+01 7.224979e+01 1.026196e+02 1.012381e+02 1.012905e+02 1.017341e+02 1.024811e+02 1.015617e+02 1.010203e+02 1.015617e+02 7.820534e+01 1.014804e+02 1.026196e+02 1.026830e+02 1.019513e+02 1.017943e+02 1.015468e+02 7.224979e+01 1.012905e+02 1.015210e+02 1.017621e+02 1.019800e+02 8.003015e+01 1.021056e+02 1.008612e+02 1.018079e+02 7.224979e+01 
1.833490e+01 1.613961e+01 4.264445e+01 4.265982e+01 2.787880e+01 2.973393e+01 4.654047e+01 1.002879e+02 1.002450e+02 1.004568e+02 1.005575e+02 1.004895e+02 1.005575e+02 4.668170e+01 1.002322e+02 2.973393e+01 1.002670e+02 1.003147e+02 3.435408e+01 1.001752e+02 2.787880e+01 1.002879e+02 1.002085e+02 1.001683e+02 1.001506e+02 3.928932e+01 1.002907e+02 1.001158e+02 1.002673e+02 2.787880e+01 
0.000000e+00 1.518150e+01 1.156306e+01 4.262208e+01 0.000000e+00 2.207045e+01 2.207045e+01 1.000000e+02 1.000000e+02 1.000000e+02 1.000000e+02 1.000000e+02 1.000000e+02 2.285043e+01 1.000000e+02 2.207045e+01 1.000000e+02 1.000000e+02 1.609488e+01 1.000000e+02 0.000000e+00 1.000000e+02 1.000000e+02 1.000000e+02 1.000000e+02 0.000000e+00 1.000000e+02 1.000000e+02 1.000000e+02 0.000000e+00 
0.000000e+00 0.000000e+00 0.000000e+00 0.000000e+00 0.000000e+00 0.000000e+00 0.000000e+00 0.000000e+00 0.000000e+00 0.000000e+00 0.000000e+00 0.000000e+00 0.000000e+00 0.000000e+00 0.000000e+00 0.000000e+00 0.000000e+00 0.000000e+00 0.000000e+00 0.000000e+00 0.000000e+00 0.000000e+00 0.000000e+00 0.000000e+00 0.000000e+00 0.000000e+00 0.000000e+00 0.000000e+00 0.000000e+00 0.000000e+00 