5.496165e+02 4.031372e+02 4.577839e+02 2.398591e+02 5.724798e+02 4.793496e+02 5.507941e+02 3.172879e+02 2.472200e+02 2.890016e+02 5.229112e+02 6.558760e+02 6.918581e+02 6.330476e+02 5.399692e+02 4.793496e+02 6.578249e+02 5.888593e+02 3.441128e+02 6.866550e+02 5.724798e+02 6.209682e+02 4.863972e+02 7.005670e+02 2.747669e+02 6.209682e+02 5.712387e+02 6.328907e+02 4.111952e+02 5.724798e+02 
2.808160e+02 4.031372e+02 4.577839e+02 2.398591e+02 5.724798e+02 4.793496e+02 2.876820e+02 3.172879e+02 2.472200e+02 2.890016e+02 5.214278e+02 6.041159e+02 5.178858e+02 4.456202e+02 4.863382e+02 4.793496e+02 5.507059e+02 5.858391e+02 3.441128e+02 6.866550e+02 5.724798e+02 6.105589e+02 4.863972e+02 7.005670e+02 2.747669e+02 6.105589e+02 4.954711e+02 4.006199e+02 4.111952e+02 5.724798e+02 
2.808160e+02 4.031372e+02 4.577839e+02 2.398591e+02 5.724798e+02 4.793496e+02 2.876820e+02 3.172879e+02 2.472200e+02 2.890016e+02 5.214278e+02 6.041159e+02 5.178858e+02 4.456202e+02 4.863382e+02 4.793496e+02 5.507059e+02 5.858391e+02 3.441128e+02 6.866550e+02 5.724798e+02 6.105589e+02 4.863972e+02 7.005670e+02 2.747669e+02 6.105589e+02 4.954711e+02 4.006199e+02 4.111952e+02 5.724798e+02 
2.808160e+02 3.798464e+02 4.469998e+02 2.398591e+02 2.903655e+02 4.377559e+02 2.876260e+02 3.164486e+02 2.472200e+02 2.890016e+02 4.940238e+02 5.421434e+02 3.107423e+02 4.456202e+02 4.863382e+02 4.377559e+02 1.978774e+02 3.926689e+02 3.441128e+02 3.627047e+02 2.903655e+02 6.105589e+02 3.009713e+02 6.096263e+02 2.747669e+02 6.105589e+02 4.925049e+02 4.006199e+02 4.111952e+02 2.903655e+02 
2.408123e+02 2.528147e+02 1.648465e+02 2.230697e+02 2.903648e+02 3.004702e+02 2.876260e+02 3.164486e+02 2.472200e+02 2.855257e+02 2.616334e+02 4.731572e+02 2.824469e+02 2.515542e+02 3.735064e+02 3.004702e+02 1.978774e+02 3.926689e+02 3.441128e+02 3.627047e+02 2.903648e+02 3.341802e+02 3.009713e+02 5.294470e+02 1.946891e+02 3.341802e+02 3.623075e+02 2.832210e+02 3.175145e+02 2.903648e+02 
2.326143e+02 2.528147e+02 1.579757e+02 1.724038e+02 2.903648e+02 3.004702e+02 2.876260e+02 2.005139e+02 2.470040e+02 2.855257e+02 2.479611e+02 3.988976e+02 1.867712e+02 2.515542e+02 3.661087e+02 3.004702e+02 1.978774e+02 2.378294e+02 2.701645e+02 3.284481e+02 2.903648e+02 9.986198e+01 3.009713e+02 5.079537e+02 1.946891e+02 9.986198e+01 3.232526e+02 2.619283e+02 3.175145e+02 2.903648e+02 
2.143136e+02 1.611474e+02 1.579757e+02 1.593435e+02 1.824708e+02 3.004702e+02 7.659474e+01 1.963140e+02 1.094201e+02 2.855257e+02 2.479611e+02 2.130501e+02 1.867712e+02 2.496650e+02 2.617004e+02 3.004702e+02 1.753656e+02 2.146922e+02 5.444739e+01 2.529557e+02 1.824708e+02 6.995210e+01 1.315430e+02 2.971030e+02 5.149412e+01 6.995210e+01 2.678784e+02 2.186421e+02 3.171023e+02 1.824708e+02 
1.078742e+02 1.599248e+02 1.537840e+02 1.056497e+02 1.732270e+02 2.293021e+02 7.659474e+01 1.963140e+02 8.828824e+01 1.799408e+02 1.704026e+02 5.765991e+01 1.836971e+02 1.538471e+02 7.186434e+01 2.293021e+02 1.753656e+02 9.689614e+01 3.568458e+01 2.529557e+02 1.732270e+02 6.995210e+01 1.102204e+02 2.262274e+02 3.710077e+01 6.995210e+01 2.011178e+02 1.284893e+02 2.929062e+02 1.732270e+02 
1.074994e+02 9.411902e+01 5.263787e+01 2.115394e+01 2.362046e+01 9.911916e+01 5.485985e+01 1.008853e+02 7.688234e+01 7.413354e+01 5.824496e+01 3.003182e+01 9.032767e+01 8.181061e+01 6.167921e+01 9.911916e+01 3.671818e+01 9.387323e+01 3.568458e+01 9.340908e+01 2.362046e+01 5.949314e+01 1.041694e+02 8.830155e+01 3.299349e+01 5.949314e+01 1.300911e+02 7.223254e+01 9.149210e+01 2.362046e+01 
3.547574e+01 8.750091e+01 4.248273e+01 2.057436e+01 2.016278e+01 2.311010e+01 4.425462e+01 6.474726e+01 2.769672e+01 4.869413e+01 5.523300e+01 2.995670e+01 5.629750e+01 3.869740e+01 6.078075e+01 2.311010e+01 3.168620e+01 5.629556e+01 3.568458e+01 8.962361e+01 2.016278e+01 4.487509e+01 8.043781e+01 5.213276e+01 3.299349e+01 4.487509e+01 5.878224e+01 1.616809e+01 8.736505e+01 2.016278e+01 
1.937372e+01 2.520343e+01 3.331996e+01 1.400857e+01 1.880744e+01 1.918926e+01 1.466066e+01 2.107051e+01 1.106709e+01 1.670981e+01 3.742363e+01 2.835360e+01 2.740538e+01 2.481329e+01 1.186433e+01 1.918926e+01 2.827082e+01 3.606725e+01 3.426738e+01 2.569315e+01 1.880744e+01 2.235463e+01 1.866374e+01 1.261900e+01 2.805400e+01 2.235463e+01 2.610870e+01 1.616809e+01 1.787485e+01 1.880744e+01 
7.221913e+00 1.171241e+01 8.432407e+00 1.015376e+01 1.309723e+01 8.391283e+00 9.096822e+00 5.556453e+00 4.261735e+00 1.405633e+01 1.509137e+01 1.112396e+01 1.564500e+01 9.698934e+00 7.854172e+00 8.391283e+00 1.032704e+01 1.571753e+01 1.649652e+01 7.978977e+00 1.309723e+01 1.470424e+01 1.692922e+01 5.385593e+00 1.006347e+01 1.470424e+01 7.515850e+00 1.280155e+01 1.694211e+01 1.309723e+01 
3.704307e+00 8.040281e+00 3.953623e+00 5.825197e+00 2.172593e+00 6.471352e+00 3.389959e+00 3.715396e+00 3.545143e+00 6.290058e+00 6.989528e+00 2.897332e+00 6.678287e+00 6.286168e+00 6.882347e+00 6.471352e+00 7.601576e+00 8.566318e+00 4.250357e+00 5.572127e+00 2.172593e+00 4.229904e+00 6.387154e+00 4.075068e+00 5.405696e+00 4.229904e+00 2.724481e+00 6.039118e+00 1.083559e+01 2.172593e+00 
1.865276e+00 3.624066e+00 2.880614e+00 2.375673e+00 2.096737e+00 3.072664e+00 1.949672e+00 2.057277e+00 2.649921e+00 3.696688e+00 3.137629e+00 1.736887e+00 2.498924e+00 4.125840e+00 3.706968e+00 3.072664e+00 3.719034e+00 1.790876e+00 1.854408e+00 1.475479e+00 2.096737e+00 3.797805e+00 1.006419e-01 2.062643e+00 3.111471e+00 3.797805e+00 2.354958e+00 1.961658e+00 2.396485e+00 2.096737e+00 
1.301651e-02 1.101669e-02 1.248583e-01 6.370074e-01 1.056934e+00 1.375818e+00 6.464509e-01 5.680475e-01 4.537197e-01 3.224807e-01 2.955213e-01 1.656435e-02 4.441853e-01 1.224209e+00 2.190464e-01 1.375818e+00 4.138515e-01 4.810467e-01 2.680218e-01 1.201336e-01 1.056934e+00 6.707741e-01 7.818634e-02 7.357315e-01 1.514907e-01 6.707741e-01 5.747378e-01 4.355113e-01 2.794230e-02 1.056934e+00 
0.000000e+00 0.000000e+00 0.000000e+00 0.000000e+00 0.000000e+00 0.000000e+00 0.000000e+00 0.000000e+00 0.000000e+00 0.000000e+00 0.000000e+00 0.000000e+00 0.000000e+00 0.000000e+00 0.000000e+00 0.000000e+00 0.000000e+00 0.000000e+00 0.000000e+00 0.000000e+00 0.000000e+00 0.000000e+00 0.000000e+00 0.000000e+00 0.000000e+00 0.000000e+00 0.000000e+00 0.000000e+00 0.000000e+00 0.000000e+00 
0.000000e+00 0.000000e+00 0.000000e+00 0.000000e+00 0.000000e+00 0.000000e+00 0.000000e+00 0.000000e+00 0.000000e+00 0.000000e+00 0.000000e+00 0.000000e+00 0.000000e+00 0.000000e+00 0.000000e+00 0.000000e+00 0.000000e+00 0.000000e+00 0.000000e+00 0.000000e+00 0.000000e+00 0.000000e+00 0.000000e+00 0.000000e+00 0.000000e+00 0.000000e+00 0.000000e+00 0.000000e+00 0.000000e+00 0.000000e+00 