6.906494e+06 3.243336e+06 1.731049e+06 1.256264e+06 1.225500e+06 7.636894e+06 2.392110e+06 3.720083e+06 5.486147e+06 3.348336e+06 3.113210e+06 6.174220e+06 3.113210e+06 2.967603e+06 5.131478e+06 7.636894e+06 5.486147e+06 5.123789e+06 3.988032e+05 5.088431e+06 1.225500e+06 3.720083e+06 2.326724e+06 2.783483e+06 2.627181e+07 2.274792e+06 3.745064e+06 1.263141e+06 1.177546e+06 1.225500e+06 
6.033378e+06 3.243336e+06 1.725761e+06 1.256264e+06 1.224075e+06 7.636894e+06 2.392110e+06 3.720083e+06 5.486147e+06 3.348336e+06 6.698479e+04 6.174220e+06 6.698479e+04 2.967603e+06 5.131478e+06 7.636894e+06 5.486147e+06 5.123604e+06 3.988032e+05 2.245189e+06 1.224075e+06 3.720083e+06 2.326724e+06 2.783483e+06 1.581214e+07 2.274792e+06 3.487571e+06 1.263141e+06 1.177546e+06 1.224075e+06 
6.033378e+06 3.243336e+06 1.725761e+06 1.256264e+06 1.224075e+06 7.636894e+06 2.392110e+06 3.720083e+06 5.486147e+06 3.348336e+06 6.698479e+04 6.174220e+06 6.698479e+04 2.967603e+06 5.131478e+06 7.636894e+06 5.486147e+06 5.123604e+06 3.988032e+05 2.245189e+06 1.224075e+06 3.720083e+06 2.326724e+06 2.783483e+06 1.581214e+07 2.274792e+06 3.487571e+06 1.263141e+06 1.177546e+06 1.224075e+06 
2.309268e+06 9.963718e+05 1.725761e+06 9.871914e+05 4.955025e+05 3.591352e+06 2.392110e+06 3.719764e+06 3.170423e+06 3.348336e+06 6.698479e+04 6.174220e+06 6.698479e+04 2.656479e+06 4.867402e+06 3.591352e+06 3.170423e+06 5.123573e+06 2.342405e+05 2.073058e+06 4.955025e+05 3.719764e+06 2.326724e+06 1.694677e+06 1.245077e+07 2.246074e+06 3.487571e+06 1.263141e+06 1.177540e+06 4.955025e+05 
2.309257e+06 9.963718e+05 1.642041e+06 9.871914e+05 4.954682e+05 2.699172e+06 1.268432e+06 3.050408e+06 3.170414e+06 3.348336e+06 6.686409e+04 3.803138e+06 6.686409e+04 1.163378e+06 4.867174e+06 2.699172e+06 3.170414e+06 7.815384e+05 2.342294e+05 5.815742e+05 4.954682e+05 3.050408e+06 2.313036e+06 1.694662e+06 4.005858e+06 2.237805e+06 3.295649e+06 1.263141e+06 1.177526e+06 4.954682e+05 
2.309168e+06 7.364579e+05 4.268957e+05 9.871844e+05 4.954682e+05 3.183795e+05 1.268432e+06 8.460066e+05 3.170395e+06 3.348104e+06 6.686409e+04 1.161229e+06 6.686409e+04 1.163378e+06 2.418836e+06 3.183795e+05 3.170395e+06 7.815255e+05 2.337579e+05 5.815742e+05 4.954682e+05 8.460066e+05 3.229700e+05 1.694098e+06 9.848322e+05 2.237797e+06 3.295649e+06 1.263141e+06 1.177526e+06 4.954682e+05 
9.183392e+05 2.981587e+05 3.584349e+05 9.850376e+05 4.703289e+05 3.183572e+05 5.665032e+05 1.464545e+05 1.526566e+06 1.269734e+06 6.685727e+04 9.604987e+05 6.685727e+04 1.040602e+06 1.609768e+06 3.183572e+05 1.526566e+06 2.731556e+05 2.208201e+05 5.814808e+05 4.703289e+05 1.464545e+05 1.283216e+05 1.178522e+06 9.407788e+05 1.593442e+06 2.184674e+06 4.339682e+05 1.017119e+06 4.703289e+05 
5.520762e+05 8.214303e+04 3.425138e+05 1.509992e+05 4.703289e+05 5.764319e+03 9.271690e+04 1.452606e+05 3.568201e+05 1.241361e+05 2.367689e+04 1.971850e+05 2.367689e+04 3.233984e+05 2.740758e+05 5.764319e+03 3.568201e+05 5.011509e+04 2.208201e+05 2.411606e+05 4.703289e+05 1.452606e+05 1.275768e+05 1.178514e+06 1.660481e+05 2.018079e+05 2.610976e+05 4.155055e+05 4.286621e+05 4.703289e+05 
5.277704e+04 2.742154e+04 1.228870e+05 9.083842e+04 7.582324e+04 5.639904e+03 4.299810e+04 6.590524e+04 1.683116e+05 2.941845e+04 2.340898e+04 4.517356e+04 2.340898e+04 4.076209e+04 7.050796e+04 5.639904e+03 1.683116e+05 4.007649e+04 1.782038e+04 1.369332e+05 7.582324e+04 6.590524e+04 1.230321e+05 7.315136e+03 1.026772e+05 1.468505e+05 1.914169e+05 3.230873e+04 6.844456e+04 7.582324e+04 
6.152562e+03 7.239751e+03 6.349143e+03 1.960283e+04 1.154795e+04 4.614592e+03 1.027482e+04 1.490576e+04 8.342537e+03 1.442496e+03 4.979050e+03 5.588445e+03 4.979050e+03 3.493802e+04 2.053092e+04 4.614592e+03 8.342537e+03 2.090604e+03 1.269687e+04 1.558448e+04 1.154795e+04 1.490576e+04 1.052167e+04 7.166550e+03 5.822124e+03 6.830645e+03 1.261977e+04 1.246043e+03 4.410135e+04 1.154795e+04 
9.260623e+02 6.392479e+02 1.446867e+03 9.152971e+02 1.157330e+03 6.323397e+02 1.001323e+03 5.586085e+02 6.920394e+02 8.036208e+02 1.048980e+03 1.087305e+03 1.048980e+03 8.953636e+02 1.102677e+03 6.323397e+02 6.920394e+02 1.126495e+03 4.320796e+02 5.459729e+02 1.157330e+03 5.586085e+02 1.588681e+03 2.114720e+03 5.230698e+02 1.143435e+03 7.156381e+02 1.942482e+02 1.233607e+03 1.157330e+03 
1.260723e+02 1.641874e+02 2.237000e+02 8.857062e+01 1.799791e+02 2.001798e+02 1.182183e+02 1.347797e+02 1.154354e+02 6.613877e+01 1.234250e+02 9.027008e+01 1.234250e+02 8.437393e+01 1.469715e+02 2.001798e+02 1.154354e+02 8.272891e+01 1.256003e+02 1.652069e+02 1.799791e+02 1.347797e+02 1.436953e+02 1.312740e+02 1.332882e+02 1.455604e+02 8.670947e+01 7.610404e+01 7.318643e+01 1.799791e+02 
1.392271e+01 2.903516e+01 2.589411e+01 2.801279e+01 2.125905e+01 1.317609e+01 1.477286e+01 2.134678e+01 1.665866e+01 2.433481e+01 1.406456e+01 1.102169e+01 1.406456e+01 1.476258e+01 2.404002e+01 1.317609e+01 1.665866e+01 1.205229e+01 2.938865e+01 1.881193e+01 2.125905e+01 2.134678e+01 1.798949e+01 1.357517e+01 2.780077e+01 2.481347e+01 2.046340e+01 2.816917e+01 1.883425e+01 2.125905e+01 
3.091188e+00 3.616593e+00 5.926775e+00 6.761699e+00 2.901258e+00 8.229229e+00 3.619296e+00 3.760524e+00 3.395035e+00 4.522315e+00 4.898963e+00 3.576043e+00 4.898963e+00 3.096600e+00 2.959379e+00 8.229229e+00 3.395035e+00 2.447726e+00 4.068328e+00 3.706261e+00 2.901258e+00 3.760524e+00 4.776809e+00 1.609794e+00 3.080101e+00 3.121949e+00 4.279241e+00 6.298842e+00 3.609117e+00 2.901258e+00 
2.224179e-04 5.129190e-04 4.891765e-04 1.503183e-03 1.568354e-04 2.948151e-03 1.042005e-04 2.156051e-04 7.478040e-04 2.290337e-04 8.838610e-04 3.607189e-05 8.838610e-04 5.472617e-04 1.156087e-04 2.948151e-03 7.478040e-04 9.023629e-05 1.657117e-03 6.658224e-04 1.568354e-04 2.156051e-04 1.186715e-03 7.401665e-05 5.660655e-04 3.799930e-04 5.493677e-05 2.026208e-04 4.708786e-04 1.568354e-04 
0.000000e+00 0.000000e+00 0.000000e+00 0.000000e+00 0.000000e+00 0.000000e+00 0.000000e+00 0.000000e+00 0.000000e+00 0.000000e+00 0.000000e+00 0.000000e+00 0.000000e+00 0.000000e+00 0.000000e+00 0.000000e+00 0.000000e+00 0.000000e+00 0.000000e+00 0.000000e+00 0.000000e+00 0.000000e+00 0.000000e+00 0.000000e+00 0.000000e+00 0.000000e+00 0.000000e+00 0.000000e+00 0.000000e+00 0.000000e+00 
0.000000e+00 0.000000e+00 0.000000e+00 0.000000e+00 0.000000e+00 0.000000e+00 0.000000e+00 0.000000e+00 0.000000e+00 0.000000e+00 0.000000e+00 0.000000e+00 0.000000e+00 0.000000e+00 0.000000e+00 0.000000e+00 0.000000e+00 0.000000e+00 0.000000e+00 0.000000e+00 0.000000e+00 0.000000e+00 0.000000e+00 0.000000e+00 0.000000e+00 0.000000e+00 0.000000e+00 0.000000e+00 0.000000e+00 0.000000e+00 