2.692539e+10 3.299738e+10 3.509669e+10 2.701588e+10 3.509669e+10 3.162892e+10 2.820326e+10 3.881827e+10 3.339087e+10 2.981208e+10 3.348420e+10 3.660921e+10 3.348420e+10 3.582345e+10 3.046771e+10 3.162892e+10 2.910376e+10 3.509669e+10 3.162892e+10 2.844521e+10 3.509669e+10 3.881827e+10 3.400641e+10 3.046771e+10 3.352734e+10 3.881827e+10 2.910376e+10 2.470478e+10 3.660921e+10 3.509669e+10 
2.692539e+10 3.299738e+10 3.509669e+10 2.701588e+10 3.509669e+10 3.162892e+10 2.820326e+10 3.881827e+10 3.339087e+10 2.981208e+10 3.348420e+10 3.660921e+10 3.348420e+10 3.582345e+10 3.046771e+10 3.162892e+10 2.910376e+10 3.509669e+10 3.162892e+10 2.844521e+10 3.509669e+10 3.881827e+10 3.400641e+10 3.046771e+10 3.352734e+10 3.881827e+10 2.910376e+10 2.470478e+10 3.660921e+10 3.509669e+10 
2.692539e+10 3.299738e+10 3.509669e+10 2.701588e+10 3.509669e+10 3.162892e+10 2.820326e+10 3.881827e+10 3.339087e+10 2.981208e+10 3.348420e+10 3.660921e+10 3.348420e+10 3.582345e+10 3.046771e+10 3.162892e+10 2.910376e+10 3.509669e+10 3.162892e+10 2.844521e+10 3.509669e+10 3.881827e+10 3.400641e+10 3.046771e+10 3.352734e+10 3.881827e+10 2.910376e+10 2.470478e+10 3.660921e+10 3.509669e+10 
2.175031e+10 3.285924e+10 2.684640e+10 2.701588e+10 2.684640e+10 2.605379e+10 2.820326e+10 3.559011e+10 3.097949e+10 2.981208e+10 3.178191e+10 3.163446e+10 3.178191e+10 3.350158e+10 3.046771e+10 2.605379e+10 2.638633e+10 2.684640e+10 2.605379e+10 2.818027e+10 2.684640e+10 3.559011e+10 3.400641e+10 3.046771e+10 2.661318e+10 3.559011e+10 2.638633e+10 2.470478e+10 3.163446e+10 2.684640e+10 
1.907610e+10 3.081654e+10 2.608910e+10 2.690919e+10 2.608910e+10 2.605379e+10 2.718967e+10 3.037512e+10 2.898050e+10 2.981208e+10 3.178191e+10 2.939772e+10 3.178191e+10 3.325486e+10 3.002454e+10 2.605379e+10 2.510500e+10 2.608910e+10 2.605379e+10 2.818027e+10 2.608910e+10 3.037512e+10 3.273986e+10 3.002454e+10 2.661318e+10 3.037512e+10 2.510500e+10 2.470478e+10 2.939772e+10 2.608910e+10 
1.839621e+10 1.012230e+10 2.422673e+10 2.268081e+10 2.422673e+10 2.076245e+10 2.570989e+10 2.599220e+10 2.415221e+10 2.842225e+10 2.987973e+10 2.717288e+10 2.987973e+10 2.875410e+10 2.716700e+10 2.076245e+10 2.403119e+10 2.422673e+10 2.076245e+10 2.360895e+10 2.422673e+10 2.599220e+10 2.054442e+10 2.716700e+10 2.183616e+10 2.599220e+10 2.403119e+10 1.581431e+10 2.717288e+10 2.422673e+10 
1.366855e+10 1.007423e+10 1.092461e+10 1.461069e+10 1.092461e+10 1.667964e+10 1.660246e+10 2.431690e+10 2.050304e+10 2.380481e+10 1.774291e+10 1.433097e+10 1.774291e+10 2.071739e+10 1.820005e+10 1.667964e+10 1.537928e+10 1.092461e+10 1.667964e+10 1.695651e+10 1.092461e+10 2.431690e+10 1.770202e+10 1.820005e+10 1.648140e+10 2.431690e+10 1.537928e+10 1.483078e+10 1.433097e+10 1.092461e+10 
8.315919e+09 9.009602e+09 8.076065e+09 9.276445e+09 8.076065e+09 8.073042e+09 9.931408e+09 1.015973e+10 1.453332e+10 9.370256e+09 8.558255e+09 1.224542e+10 8.558255e+09 9.518980e+09 1.134632e+10 8.073042e+09 1.042238e+10 8.076065e+09 8.073042e+09 8.578125e+09 8.076065e+09 1.015973e+10 8.801199e+09 1.134632e+10 1.074047e+10 1.015973e+10 1.042238e+10 1.108113e+10 1.224542e+10 8.076065e+09 
3.532937e+09 3.477848e+09 2.833581e+09 3.355352e+09 2.833581e+09 3.127313e+09 3.242157e+09 3.771528e+09 2.165666e+09 2.568234e+09 1.872824e+09 4.415296e+09 1.872824e+09 2.190348e+09 4.952424e+09 3.127313e+09 2.986690e+09 2.833581e+09 3.127313e+09 3.539132e+09 2.833581e+09 3.771528e+09 3.179789e+09 4.952424e+09 1.100953e+09 3.771528e+09 2.986690e+09 2.804944e+09 4.415296e+09 2.833581e+09 
7.397068e+08 4.898351e+08 8.615095e+08 7.044720e+08 8.615095e+08 6.209869e+08 7.886102e+08 8.210202e+08 9.159864e+08 5.937010e+08 2.869991e+08 7.744924e+08 2.869991e+08 9.319780e+08 9.464389e+08 6.209869e+08 6.426079e+08 8.615095e+08 6.209869e+08 8.904173e+08 8.615095e+08 8.210202e+08 9.326073e+08 9.464389e+08 4.935807e+08 8.210202e+08 6.426079e+08 4.281038e+08 7.744924e+08 8.615095e+08 
2.477902e+07 1.506465e+07 3.517918e+07 2.234820e+07 3.517918e+07 2.564799e+07 3.137874e+07 3.170662e+07 2.474153e+07 2.880409e+07 1.439185e+07 3.178284e+07 1.439185e+07 3.435488e+07 2.496380e+07 2.564799e+07 2.267440e+07 3.517918e+07 2.564799e+07 3.067076e+07 3.517918e+07 3.170662e+07 3.161893e+07 2.496380e+07 2.158448e+07 3.170662e+07 2.267440e+07 3.271341e+07 3.178284e+07 3.517918e+07 
2.674967e+05 2.191270e+05 3.615274e+05 2.213928e+05 3.615274e+05 4.431723e+05 2.311382e+05 8.400748e+05 3.384127e+05 7.338091e+05 5.060005e+05 5.912214e+05 5.060005e+05 3.436871e+05 3.427515e+05 4.431723e+05 3.138870e+05 3.615274e+05 4.431723e+05 3.454255e+05 3.615274e+05 8.400748e+05 5.741991e+05 3.427515e+05 4.241884e+05 8.400748e+05 3.138870e+05 4.721128e+05 5.912214e+05 3.615274e+05 
8.109890e+02 3.564555e+02 1.838428e+03 7.548378e+02 1.838428e+03 2.165252e+00 4.012936e+02 1.186323e+03 1.444116e+03 2.115334e+03 3.242596e+02 1.682867e+03 3.242596e+02 1.525041e+03 1.241293e+03 2.165252e+00 1.532243e+03 1.838428e+03 2.165252e+00 3.554217e+02 1.838428e+03 1.186323e+03 2.186430e+02 1.241293e+03 6.380250e+02 1.186323e+03 1.532243e+03 1.216745e+03 1.682867e+03 1.838428e+03 
1.562629e-02 5.325406e-03 3.737926e-03 1.236876e-02 3.737926e-03 4.671992e-02 8.227724e-03 7.917844e-02 3.903187e-03 2.095832e-02 3.899915e-02 1.476384e-03 3.899915e-02 7.055264e-02 2.763332e-03 4.671992e-02 2.310354e-02 3.737926e-03 4.671992e-02 2.517825e-05 3.737926e-03 7.917844e-02 1.761638e-02 2.763332e-03 9.875024e-03 7.917844e-02 2.310354e-02 2.264082e-02 1.476384e-03 3.737926e-03 
0.000000e+00 0.000000e+00 0.000000e+00 0.000000e+00 0.000000e+00 0.000000e+00 0.000000e+00 0.000000e+00 0.000000e+00 0.000000e+00 0.000000e+00 0.000000e+00 0.000000e+00 0.000000e+00 0.000000e+00 0.000000e+00 0.000000e+00 0.000000e+00 0.000000e+00 0.000000e+00 0.000000e+00 0.000000e+00 0.000000e+00 0.000000e+00 0.000000e+00 0.000000e+00 0.000000e+00 0.000000e+00 0.000000e+00 0.000000e+00 
0.000000e+00 0.000000e+00 0.000000e+00 0.000000e+00 0.000000e+00 0.000000e+00 0.000000e+00 0.000000e+00 0.000000e+00 0.000000e+00 0.000000e+00 0.000000e+00 0.000000e+00 0.000000e+00 0.000000e+00 0.000000e+00 0.000000e+00 0.000000e+00 0.000000e+00 0.000000e+00 0.000000e+00 0.000000e+00 0.000000e+00 0.000000e+00 0.000000e+00 0.000000e+00 0.000000e+00 0.000000e+00 0.000000e+00 0.000000e+00 
0.000000e+00 0.000000e+00 0.000000e+00 0.000000e+00 0.000000e+00 0.000000e+00 0.000000e+00 0.000000e+00 0.000000e+00 0.000000e+00 0.000000e+00 0.000000e+00 0.000000e+00 0.000000e+00 0.000000e+00 0.000000e+00 0.000000e+00 0.000000e+00 0.000000e+00 0.000000e+00 0.000000e+00 0.000000e+00 0.000000e+00 0.000000e+00 0.000000e+00 0.000000e+00 0.000000e+00 0.000000e+00 0.000000e+00 0.000000e+00 