5.705466e+03 5.563272e+03 4.973468e+03 4.798245e+03 4.973468e+03 5.624942e+03 5.010571e+03 5.223426e+03 5.508364e+03 5.373871e+03 5.495087e+03 5.437838e+03 5.495087e+03 5.374259e+03 5.167868e+03 5.624942e+03 5.537686e+03 5.603222e+03 5.160079e+03 5.625645e+03 4.973468e+03 5.223426e+03 5.326048e+03 5.526635e+03 5.472381e+03 5.223426e+03 5.431986e+03 5.240311e+03 5.466707e+03 4.973468e+03 
5.705466e+03 5.563272e+03 4.973468e+03 4.798245e+03 4.973468e+03 5.624942e+03 5.010571e+03 5.223426e+03 5.508364e+03 5.373871e+03 5.495087e+03 5.437838e+03 5.495087e+03 5.374259e+03 5.167868e+03 5.624942e+03 5.537686e+03 5.603222e+03 5.160079e+03 5.625645e+03 4.973468e+03 5.223426e+03 5.326048e+03 5.526635e+03 5.472381e+03 5.223426e+03 5.431986e+03 5.240311e+03 5.466707e+03 4.973468e+03 
5.705466e+03 5.563272e+03 4.973468e+03 4.798245e+03 4.973468e+03 5.624942e+03 5.010571e+03 5.223426e+03 5.508364e+03 5.373871e+03 5.495087e+03 5.437838e+03 5.495087e+03 5.374259e+03 5.167868e+03 5.624942e+03 5.537686e+03 5.603222e+03 5.160079e+03 5.625645e+03 4.973468e+03 5.223426e+03 5.326048e+03 5.526635e+03 5.472381e+03 5.223426e+03 5.431986e+03 5.240311e+03 5.466707e+03 4.973468e+03 
5.647725e+03 5.552901e+03 4.973468e+03 4.798245e+03 4.973468e+03 5.587467e+03 5.010571e+03 5.223426e+03 5.100003e+03 5.373871e+03 5.131505e+03 5.437838e+03 5.131505e+03 4.642167e+03 5.167868e+03 5.587467e+03 5.488318e+03 5.435570e+03 5.160079e+03 5.465331e+03 4.973468e+03 5.223426e+03 5.326048e+03 5.190350e+03 5.472381e+03 5.223426e+03 5.431986e+03 5.240311e+03 5.458783e+03 4.973468e+03 
5.550175e+03 5.124079e+03 4.973468e+03 4.798245e+03 4.973468e+03 5.432035e+03 5.010571e+03 5.201303e+03 5.030298e+03 5.296145e+03 5.131505e+03 5.437838e+03 5.131505e+03 4.383230e+03 5.167868e+03 5.432035e+03 4.968157e+03 5.403046e+03 5.160079e+03 5.447700e+03 4.973468e+03 5.201303e+03 5.326048e+03 5.190350e+03 5.290906e+03 5.201303e+03 5.431986e+03 5.240311e+03 4.735807e+03 4.973468e+03 
4.989308e+03 4.644611e+03 4.973468e+03 4.798245e+03 4.973468e+03 4.962198e+03 4.767026e+03 5.161905e+03 5.030298e+03 4.839632e+03 5.002287e+03 4.875633e+03 5.002287e+03 3.963646e+03 5.056626e+03 4.962198e+03 4.968157e+03 5.180538e+03 5.160079e+03 3.967910e+03 4.973468e+03 5.161905e+03 5.090783e+03 4.764712e+03 4.964109e+03 5.161905e+03 5.084528e+03 4.997659e+03 4.698927e+03 4.973468e+03 
4.495144e+03 4.529515e+03 4.876803e+03 4.117942e+03 4.876803e+03 4.449786e+03 4.767026e+03 4.453091e+03 4.355365e+03 4.209711e+03 4.482760e+03 4.260271e+03 4.482760e+03 3.810393e+03 4.549451e+03 4.449786e+03 4.400328e+03 4.617456e+03 4.871563e+03 3.967910e+03 4.876803e+03 4.453091e+03 4.792525e+03 4.219372e+03 4.624675e+03 4.453091e+03 4.453991e+03 4.997659e+03 4.386642e+03 4.876803e+03 
3.909438e+03 4.264815e+03 4.196447e+03 3.771669e+03 4.196447e+03 4.448781e+03 3.888994e+03 4.104311e+03 4.001950e+03 4.121437e+03 4.106187e+03 3.896047e+03 4.106187e+03 3.768108e+03 4.113051e+03 4.448781e+03 4.156647e+03 3.910974e+03 3.892712e+03 3.967910e+03 4.196447e+03 4.104311e+03 3.775627e+03 4.219372e+03 4.352361e+03 4.104311e+03 4.453991e+03 3.953540e+03 4.033394e+03 4.196447e+03 
3.373110e+03 2.647154e+03 3.565685e+03 3.104591e+03 3.565685e+03 3.588705e+03 3.391665e+03 3.843575e+03 3.207591e+03 3.535821e+03 3.250307e+03 3.421522e+03 3.250307e+03 3.094534e+03 3.419916e+03 3.588705e+03 3.460186e+03 3.817326e+03 3.692938e+03 3.854142e+03 3.565685e+03 3.843575e+03 2.923198e+03 3.543350e+03 3.517750e+03 3.843575e+03 3.324147e+03 3.768270e+03 2.580019e+03 3.565685e+03 
1.706671e+03 2.568444e+03 2.556454e+03 1.989835e+03 2.556454e+03 2.908605e+03 2.879463e+03 2.843633e+03 2.741148e+03 2.831965e+03 2.706359e+03 2.983002e+03 2.706359e+03 2.874300e+03 2.708230e+03 2.908605e+03 2.397817e+03 3.189178e+03 2.669199e+03 2.626908e+03 2.556454e+03 2.843633e+03 2.343161e+03 2.412650e+03 2.905985e+03 2.843633e+03 3.100710e+03 2.784311e+03 2.580019e+03 2.556454e+03 
1.097310e+03 2.005285e+03 1.793011e+03 1.958393e+03 1.793011e+03 1.632442e+03 2.058472e+03 1.799173e+03 2.073970e+03 1.943076e+03 1.725449e+03 2.186441e+03 1.725449e+03 2.091149e+03 1.873838e+03 1.632442e+03 2.076889e+03 2.299513e+03 1.795204e+03 1.839218e+03 1.793011e+03 1.799173e+03 1.562123e+03 1.962939e+03 1.752256e+03 1.799173e+03 2.126984e+03 1.877463e+03 1.836054e+03 1.793011e+03 
8.704421e+02 1.184389e+03 1.195296e+03 1.239056e+03 1.195296e+03 1.231419e+03 1.310213e+03 1.317344e+03 1.280140e+03 1.338851e+03 1.178733e+03 1.466221e+03 1.178733e+03 1.408573e+03 1.110265e+03 1.231419e+03 1.240832e+03 1.480031e+03 1.061860e+03 1.279894e+03 1.195296e+03 1.317344e+03 9.899752e+02 8.480437e+02 1.320604e+03 1.317344e+03 1.232122e+03 1.077977e+03 1.082414e+03 1.195296e+03 
4.714819e+02 6.596966e+02 5.208963e+02 7.577417e+02 5.208963e+02 3.122801e+02 5.695321e+02 6.715157e+02 4.553306e+02 5.116015e+02 7.691310e+02 5.772684e+02 7.691310e+02 5.755264e+02 6.067985e+02 3.122801e+02 5.698411e+02 5.189848e+02 8.590678e+02 7.666206e+02 5.208963e+02 6.715157e+02 7.581588e+02 5.011883e+02 6.423985e+02 6.715157e+02 6.751526e+02 7.704101e+02 5.271133e+02 5.208963e+02 
1.700651e+02 2.697167e+02 8.680691e+01 3.098376e+01 8.680691e+01 5.907567e+01 9.978512e+01 2.207295e+02 8.570936e+01 2.597141e+02 9.980491e+00 1.224637e+02 9.980491e+00 5.826017e+01 2.334577e+02 5.907567e+01 9.078569e+01 1.037477e+02 1.488673e+02 3.073377e+02 8.680691e+01 2.207295e+02 8.077707e+01 8.545633e+01 6.433840e+01 2.207295e+02 2.142976e+01 1.281642e+02 2.306312e+01 8.680691e+01 
3.041639e+00 1.441808e+00 3.621912e+00 4.005050e-01 3.621912e+00 3.658874e+00 2.029015e+00 7.701248e+00 3.523136e-01 2.346682e+00 8.695894e-01 2.168261e+00 8.695894e-01 1.261490e+00 1.174383e-01 3.658874e+00 1.734023e+00 1.396445e-02 5.596334e+00 3.431068e+00 3.621912e+00 7.701248e+00 9.649616e-01 3.939377e+00 9.210845e-01 7.701248e+00 6.911825e-01 8.555693e-01 6.747549e-03 3.621912e+00 
0.000000e+00 0.000000e+00 0.000000e+00 0.000000e+00 0.000000e+00 0.000000e+00 0.000000e+00 0.000000e+00 0.000000e+00 0.000000e+00 0.000000e+00 0.000000e+00 0.000000e+00 0.000000e+00 0.000000e+00 0.000000e+00 0.000000e+00 0.000000e+00 0.000000e+00 0.000000e+00 0.000000e+00 0.000000e+00 0.000000e+00 0.000000e+00 0.000000e+00 0.000000e+00 0.000000e+00 0.000000e+00 0.000000e+00 0.000000e+00 
0.000000e+00 0.000000e+00 0.000000e+00 0.000000e+00 0.000000e+00 0.000000e+00 0.000000e+00 0.000000e+00 0.000000e+00 0.000000e+00 0.000000e+00 0.000000e+00 0.000000e+00 0.000000e+00 0.000000e+00 0.000000e+00 0.000000e+00 0.000000e+00 0.000000e+00 0.000000e+00 0.000000e+00 0.000000e+00 0.000000e+00 0.000000e+00 0.000000e+00 0.000000e+00 0.000000e+00 0.000000e+00 0.000000e+00 0.000000e+00 