3.155465e+07 1.618942e+07 1.362882e+07 1.394816e+07 2.003415e+07 1.899838e+07 8.717904e+06 9.315758e+06 8.477477e+05 1.838941e+07 1.703858e+07 2.259878e+07 1.000645e+07 8.032814e+06 1.162687e+07 1.899838e+07 8.490668e+06 3.045232e+07 8.605401e+06 1.184097e+07 1.367243e+07 2.035123e+07 6.642929e+06 1.111247e+07 6.182790e+06 2.035123e+07 1.966423e+07 3.487840e+06 1.275073e+07 1.367243e+07 
3.155465e+07 1.618942e+07 1.362882e+07 1.394816e+07 2.003415e+07 1.899838e+07 8.717904e+06 9.315758e+06 8.477477e+05 1.838941e+07 1.703858e+07 2.259878e+07 1.000645e+07 8.032814e+06 1.162687e+07 1.899838e+07 8.490668e+06 3.045232e+07 8.605401e+06 1.184097e+07 1.367243e+07 2.035123e+07 6.642929e+06 1.111247e+07 6.182790e+06 2.035123e+07 1.966423e+07 3.487840e+06 1.275073e+07 1.367243e+07 
3.155465e+07 1.618942e+07 1.362882e+07 1.394816e+07 2.003415e+07 1.899838e+07 8.717904e+06 9.315758e+06 8.477477e+05 1.838941e+07 1.703858e+07 2.259878e+07 1.000645e+07 8.032814e+06 1.162687e+07 1.899838e+07 8.490668e+06 3.045232e+07 8.605401e+06 1.184097e+07 1.367243e+07 2.035123e+07 6.642929e+06 1.111247e+07 6.182790e+06 2.035123e+07 1.966423e+07 3.487840e+06 1.275073e+07 1.367243e+07 
1.103897e+07 1.616605e+07 1.362882e+07 1.394816e+07 1.948735e+07 1.899805e+07 6.031691e+06 9.315758e+06 8.477477e+05 1.838941e+07 1.660613e+07 2.259878e+07 1.000645e+07 8.030445e+06 1.162687e+07 1.899805e+07 8.490649e+06 3.045232e+07 8.603369e+06 1.184097e+07 1.367243e+07 2.035051e+07 6.642929e+06 4.015463e+06 6.182785e+06 2.035051e+07 9.705318e+06 3.487840e+06 1.275072e+07 1.367243e+07 
1.103897e+07 1.616605e+07 1.362882e+07 1.394808e+07 8.649142e+06 1.001650e+07 6.031680e+06 9.315758e+06 8.433645e+05 1.838939e+07 1.636836e+07 2.021784e+07 1.000645e+07 8.030445e+06 1.162586e+07 1.001650e+07 8.490649e+06 3.045188e+07 6.382970e+06 1.184097e+07 1.367243e+07 1.570625e+07 6.634978e+06 4.015463e+06 6.182785e+06 1.570625e+07 9.705318e+06 3.454292e+06 7.401746e+06 1.367243e+07 
1.103897e+07 6.384494e+06 1.362882e+07 6.642229e+06 8.637919e+06 1.001650e+07 6.031534e+06 9.315758e+06 8.243914e+05 1.838930e+07 7.434102e+06 1.158856e+07 1.000645e+07 8.030040e+06 4.014664e+06 1.001650e+07 8.490649e+06 1.849961e+07 6.382970e+06 1.148221e+07 1.367242e+07 1.570067e+07 6.634868e+06 1.995019e+06 6.182298e+06 1.570067e+07 8.203322e+06 3.454292e+06 7.401297e+06 1.367242e+07 
9.534614e+06 5.545810e+06 1.362877e+07 5.077251e+06 1.724188e+06 1.001650e+07 6.031502e+06 8.598796e+06 8.243914e+05 1.270651e+07 5.199109e+06 4.654278e+06 9.264556e+06 5.978088e+06 4.014664e+06 1.001650e+07 5.910407e+06 3.500383e+06 1.373774e+06 4.872612e+06 2.413003e+06 8.527324e+06 3.402329e+06 1.994685e+06 6.156855e+06 8.527324e+06 2.488649e+06 1.735013e+06 7.386213e+06 2.413003e+06 
2.037843e+06 1.261985e+06 1.300448e+06 4.308544e+06 1.562670e+06 1.589872e+06 2.884639e+06 3.854225e+06 6.788614e+05 2.349707e+06 5.108765e+06 3.266854e+06 4.333105e+06 3.756696e+06 4.014664e+06 1.589872e+06 1.622208e+06 2.687038e+06 7.669309e+05 1.269132e+06 1.806257e+06 8.293137e+05 3.165832e+06 1.609702e+06 1.790909e+06 8.293137e+05 1.429284e+06 1.505528e+06 2.402967e+06 1.806257e+06 
9.586009e+05 4.728983e+05 1.129212e+06 6.195511e+05 6.109487e+05 4.770330e+05 7.789401e+05 4.515366e+05 3.638297e+05 1.023998e+06 3.359663e+05 6.794249e+05 5.341980e+05 1.346208e+06 3.697732e+05 4.770330e+05 5.356604e+05 2.763146e+05 3.918045e+05 8.893449e+04 3.709091e+05 7.668484e+05 9.668001e+05 5.991272e+05 4.747222e+05 7.668484e+05 4.666084e+05 7.613971e+05 5.305394e+05 3.709091e+05 
1.120266e+05 3.661235e+04 5.257086e+04 4.554707e+04 1.639342e+05 8.382816e+04 6.277462e+04 1.576599e+04 1.059846e+05 1.241804e+04 5.591012e+04 4.088888e+04 6.619477e+04 8.807338e+04 1.422333e+05 8.382816e+04 9.331398e+04 1.591973e+05 4.473504e+04 5.986215e+04 6.867204e+04 8.794352e+04 1.161442e+05 1.387079e+05 5.151855e+04 8.794352e+04 1.085694e+05 6.027181e+04 9.397166e+04 6.867204e+04 
2.823559e+03 2.090398e+03 3.672154e+03 2.035476e+03 2.540811e+03 1.485582e+03 3.645241e+03 2.256968e+03 2.778829e+03 1.893637e+03 2.374874e+03 2.213046e+03 2.599711e+03 2.135648e+03 2.850281e+03 1.485582e+03 2.496907e+03 3.843612e+03 3.248916e+03 2.770401e+03 3.542371e+03 2.374656e+03 3.179736e+03 2.119720e+03 2.538876e+03 2.374656e+03 2.063282e+03 2.842741e+03 1.982357e+03 3.542371e+03 
1.579139e+02 2.251415e+02 2.369487e+02 1.686103e+02 1.413048e+02 2.163634e+02 1.635437e+02 1.256933e+02 1.637113e+02 1.675143e+02 1.232347e+02 1.504691e+02 1.028250e+02 2.175907e+02 1.192461e+02 2.163634e+02 2.628446e+02 1.538388e+02 1.523228e+02 1.569822e+02 1.698347e+02 2.283386e+02 2.048925e+02 1.951663e+02 1.914703e+02 2.283386e+02 1.604880e+02 1.240168e+02 7.403558e+01 1.698347e+02 
9.317531e+00 5.075776e+00 7.709009e+00 1.163022e+01 1.079930e+01 1.231090e+01 6.582977e+00 1.076549e+01 1.068594e+01 1.008799e+01 6.268577e+00 7.975332e+00 7.329970e+00 8.987993e+00 7.648748e+00 1.231090e+01 5.485655e+00 1.092511e+01 1.017190e+01 8.788028e+00 9.514218e+00 1.039122e+01 7.343732e+00 8.940227e+00 1.460393e+01 1.039122e+01 8.179745e+00 8.116310e+00 1.022894e+01 9.514218e+00 
1.399495e+00 1.595114e+00 2.259940e+00 2.380340e+00 2.167040e+00 1.602529e+00 1.929413e+00 1.956094e+00 2.044861e+00 1.879719e+00 2.297074e+00 1.855127e+00 1.776552e+00 2.014322e+00 1.932081e+00 1.602529e+00 1.796264e+00 1.710394e+00 2.031433e+00 2.002809e+00 2.366501e+00 2.137832e+00 2.098353e+00 1.747368e+00 1.907224e+00 2.137832e+00 2.114473e+00 1.862270e+00 2.341951e+00 2.366501e+00 
6.453053e-01 6.281008e-01 6.596299e-01 5.548818e-01 3.180642e-01 7.226019e-01 5.322479e-01 6.233054e-01 3.401152e-01 5.934226e-01 6.359011e-01 4.916742e-01 3.992948e-01 4.836587e-01 4.800940e-01 7.226019e-01 5.623299e-01 3.853643e-01 5.036018e-01 6.179689e-01 7.005676e-01 5.406788e-01 4.794741e-01 4.566947e-01 6.642737e-01 5.406788e-01 6.307440e-01 3.891579e-01 6.044009e-01 7.005676e-01 
3.580585e-02 1.461822e-02 2.168681e-02 3.291217e-02 1.234576e-02 2.188875e-02 8.190393e-02 4.663659e-02 4.676262e-02 7.138418e-03 1.964151e-02 2.620510e-02 4.105365e-02 6.077345e-03 3.280253e-02 2.188875e-02 4.178240e-02 2.935423e-02 3.418174e-02 3.827525e-02 4.860604e-02 5.475234e-02 2.053262e-02 6.982325e-02 7.031973e-02 5.475234e-02 1.640991e-02 3.841559e-02 1.019066e-02 4.860604e-02 
0.000000e+00 0.000000e+00 0.000000e+00 0.000000e+00 0.000000e+00 0.000000e+00 0.000000e+00 0.000000e+00 0.000000e+00 0.000000e+00 0.000000e+00 0.000000e+00 0.000000e+00 0.000000e+00 0.000000e+00 0.000000e+00 0.000000e+00 0.000000e+00 0.000000e+00 0.000000e+00 0.000000e+00 0.000000e+00 0.000000e+00 0.000000e+00 0.000000e+00 0.000000e+00 0.000000e+00 0.000000e+00 0.000000e+00 0.000000e+00 