3.386294e+06 1.090698e+05 3.680452e+05 1.356173e+06 2.780136e+06 2.333915e+06 6.547922e+04 1.682342e+05 2.889975e+06 5.124661e+05 1.731430e+06 1.543137e+06 1.731430e+06 4.265518e+05 3.635718e+06 2.333915e+06 2.889975e+06 6.436133e+05 1.845662e+06 7.609261e+05 3.680452e+05 1.829865e+06 2.595431e+06 1.133152e+06 2.907777e+06 1.829865e+06 9.819136e+04 4.468332e+04 2.972175e+05 3.680452e+05 
3.386066e+06 7.814613e+04 3.680452e+05 1.209897e+06 1.184274e+05 2.333915e+06 6.547922e+04 1.681705e+05 2.889914e+06 5.124661e+05 7.857265e+05 1.543137e+06 7.857265e+05 4.265518e+05 3.635718e+06 2.333915e+06 2.889914e+06 6.436133e+05 4.715847e+05 3.815514e+04 3.680452e+05 1.829437e+06 9.553970e+05 1.133152e+06 2.452546e+05 1.829437e+06 9.819118e+04 4.468332e+04 2.972175e+05 3.680452e+05 
3.386066e+06 7.814613e+04 3.680452e+05 1.209897e+06 1.184274e+05 2.333915e+06 6.547922e+04 1.681705e+05 2.889914e+06 5.124661e+05 7.857265e+05 1.543137e+06 7.857265e+05 4.265518e+05 3.635718e+06 2.333915e+06 2.889914e+06 6.436133e+05 4.715847e+05 3.815514e+04 3.680452e+05 1.829437e+06 9.553970e+05 1.133152e+06 2.452546e+05 1.829437e+06 9.819118e+04 4.468332e+04 2.972175e+05 3.680452e+05 
1.898312e+06 7.814613e+04 3.680452e+05 1.208197e+06 1.184274e+05 2.072113e+04 6.547922e+04 1.681705e+05 1.653969e+06 4.666583e+05 4.032762e+05 6.694547e+05 4.032762e+05 3.190765e+05 3.449207e+06 2.072113e+04 1.653969e+06 6.436133e+05 4.711513e+05 3.815514e+04 3.680452e+05 5.276378e+05 9.553970e+05 1.222022e+05 2.452546e+05 5.276378e+05 9.819118e+04 4.468332e+04 2.972175e+05 3.680452e+05 
3.003920e+05 7.798324e+04 3.680452e+05 2.722851e+05 1.183867e+05 2.072113e+04 6.545246e+04 1.681586e+05 3.733195e+05 3.948897e+05 1.092720e+05 6.694547e+05 1.092720e+05 2.489469e+05 8.508487e+05 2.072113e+04 3.733195e+05 6.188732e+05 3.342150e+05 3.663470e+04 3.680452e+05 5.276378e+05 9.706519e+03 1.221947e+05 2.077547e+05 5.276378e+05 9.814940e+04 4.468332e+04 1.976309e+05 3.680452e+05 
3.003424e+05 7.798324e+04 4.553045e+04 7.107603e+03 1.183867e+05 1.831431e+04 6.525892e+04 1.452608e+05 1.980108e+05 1.111556e+05 1.092720e+05 8.237466e+04 1.092720e+05 3.223144e+04 2.063537e+05 1.831431e+04 1.980108e+05 6.188732e+05 3.342150e+05 5.577348e+03 4.553045e+04 5.276378e+05 9.706519e+03 1.194570e+05 4.359578e+04 5.276378e+05 9.814940e+04 4.468332e+04 1.976309e+05 4.553045e+04 
2.080479e+05 7.798324e+04 6.822631e+03 5.839150e+03 4.318985e+04 1.831414e+04 6.524702e+04 6.273081e+04 1.279551e+05 3.750534e+04 3.747025e+04 4.368838e+04 3.747025e+04 4.932932e+03 2.063537e+05 1.831414e+04 1.279551e+05 3.572347e+05 7.886677e+04 5.200761e+03 6.822631e+03 2.005149e+05 9.544655e+03 1.194536e+05 4.328527e+04 2.005149e+05 4.951192e+04 4.463012e+04 6.206190e+04 6.822631e+03 
1.891949e+04 7.795458e+04 6.763566e+03 5.439924e+03 2.905304e+04 1.310755e+04 6.524698e+04 5.893985e+04 7.911476e+04 1.488476e+04 1.758271e+04 3.952809e+04 1.758271e+04 4.932932e+03 1.362639e+05 1.310755e+04 7.911476e+04 1.133957e+05 4.871151e+04 4.954613e+03 6.763566e+03 6.813488e+04 9.541723e+03 4.972033e+04 2.055273e+04 6.813488e+04 4.950946e+04 4.463012e+04 6.169298e+04 6.763566e+03 
1.891947e+04 1.125895e+04 6.730714e+03 5.439924e+03 4.626965e+03 3.209778e+03 9.447454e+03 1.347876e+04 4.942222e+03 1.421559e+04 1.588728e+04 6.926308e+03 1.588728e+04 4.932932e+03 3.318092e+04 3.209778e+03 4.942222e+03 1.786523e+04 2.037442e+04 4.930390e+03 6.730714e+03 7.875030e+03 2.335474e+03 1.822715e+04 1.356204e+04 7.875030e+03 1.314688e+04 4.432463e+04 3.852198e+04 6.730714e+03 
7.081304e+03 2.429932e+03 5.517988e+03 3.278304e+03 3.535151e+03 3.072251e+03 1.175668e+03 2.149697e+03 1.161885e+03 5.658006e+03 1.588666e+04 6.926308e+03 1.588666e+04 4.932932e+03 9.962417e+03 3.072251e+03 1.161885e+03 7.394263e+02 1.105548e+04 4.499067e+03 5.517988e+03 1.212719e+03 2.312104e+03 1.506492e+03 7.886396e+03 1.212719e+03 6.704701e+03 1.506183e+04 2.222063e+03 5.517988e+03 
2.302678e+03 6.075562e+02 1.484495e+03 1.300100e+03 5.869317e+02 3.071550e+03 4.570394e+02 1.507986e+03 9.746679e+02 4.591304e+03 7.922981e+02 1.189401e+03 7.922981e+02 2.565533e+03 9.237931e+02 3.071550e+03 9.746679e+02 6.121758e+02 1.369924e+03 1.451802e+03 1.484495e+03 4.247166e+02 1.325149e+03 1.340786e+03 2.980950e+02 4.247166e+02 1.411611e+03 2.850580e+03 1.120371e+03 1.484495e+03 
3.756846e+02 3.713700e+01 1.436384e-02 5.049866e+02 3.463172e+02 2.785359e+02 4.087171e+02 4.382020e+02 7.105177e+01 5.485882e+01 3.994863e+02 3.943007e+02 3.994863e+02 4.221349e+02 2.668425e+02 2.785359e+02 7.105177e+01 4.512824e+02 4.536737e+02 5.477922e+02 1.436384e-02 1.506819e+02 1.744042e+02 1.963568e+02 2.512007e+02 1.506819e+02 5.843846e+02 2.355467e+02 8.356445e+00 1.436384e-02 
9.284908e+00 1.818248e+01 1.436384e-02 2.602492e+01 2.214758e-01 7.038535e+00 3.522286e+01 4.058859e+01 1.052522e+01 1.707977e+01 4.832051e+01 1.140291e+02 4.832051e+01 1.773443e+01 1.403239e+02 7.038535e+00 1.052522e+01 5.185322e+01 5.202963e+01 1.632562e+02 1.436384e-02 8.955563e+00 5.379393e+00 4.278538e+01 2.622139e+01 8.955563e+00 1.358193e+01 1.804695e+01 8.356445e+00 1.436384e-02 
7.968211e-01 1.855492e-01 1.436384e-02 3.673186e+00 2.211239e-01 4.635981e-01 2.673112e+00 1.675620e+00 3.271978e-01 2.455401e+00 3.451301e-02 2.649349e+00 3.451301e-02 3.966110e-02 2.000355e+00 4.635981e-01 3.271978e-01 1.527743e+00 1.035135e+00 7.420307e-01 1.436384e-02 2.551840e-01 1.287953e-01 7.187395e-01 3.297621e-01 2.551840e-01 4.297380e-01 1.133654e+00 7.587141e-02 1.436384e-02 
2.562208e-03 5.653165e-04 2.277286e-04 1.426665e-02 1.274022e-02 6.195490e-04 1.426206e-02 4.082908e-03 4.587796e-05 5.615912e-03 2.371570e-03 5.502293e-03 2.371570e-03 2.883165e-03 2.862312e-02 6.195490e-04 4.587796e-05 6.282799e-03 5.869761e-03 1.890519e-02 2.277286e-04 2.764303e-04 5.080652e-03 8.868471e-03 1.811973e-03 2.764303e-04 4.905663e-04 2.108728e-03 5.863318e-04 2.277286e-04 
0.000000e+00 0.000000e+00 0.000000e+00 0.000000e+00 0.000000e+00 0.000000e+00 0.000000e+00 0.000000e+00 0.000000e+00 0.000000e+00 0.000000e+00 0.000000e+00 0.000000e+00 0.000000e+00 0.000000e+00 0.000000e+00 0.000000e+00 0.000000e+00 0.000000e+00 0.000000e+00 0.000000e+00 0.000000e+00 0.000000e+00 0.000000e+00 0.000000e+00 0.000000e+00 0.000000e+00 0.000000e+00 0.000000e+00 0.000000e+00 
0.000000e+00 0.000000e+00 0.000000e+00 0.000000e+00 0.000000e+00 0.000000e+00 0.000000e+00 0.000000e+00 0.000000e+00 0.000000e+00 0.000000e+00 0.000000e+00 0.000000e+00 0.000000e+00 0.000000e+00 0.000000e+00 0.000000e+00 0.000000e+00 0.000000e+00 0.000000e+00 0.000000e+00 0.000000e+00 0.000000e+00 0.000000e+00 0.000000e+00 0.000000e+00 0.000000e+00 0.000000e+00 0.000000e+00 0.000000e+00 