4.877492e+03 5.075905e+03 4.910629e+03 5.670306e+03 5.060569e+03 5.411193e+03 5.078766e+03 4.795680e+03 5.416946e+03 4.719601e+03 5.313174e+03 5.158166e+03 5.313174e+03 4.977899e+03 5.400735e+03 5.411193e+03 4.658731e+03 5.705940e+03 5.607822e+03 4.920503e+03 5.060569e+03 5.314019e+03 5.209174e+03 5.645734e+03 5.376037e+03 5.699312e+03 5.240783e+03 4.790694e+03 5.102121e+03 5.329094e+03 
4.877492e+03 5.075905e+03 4.910629e+03 5.670306e+03 5.060569e+03 5.411193e+03 5.078766e+03 4.795680e+03 5.416946e+03 4.719601e+03 5.313174e+03 5.158166e+03 5.313174e+03 4.977899e+03 5.400735e+03 5.411193e+03 4.658731e+03 5.705940e+03 5.607822e+03 4.920503e+03 5.060569e+03 5.314019e+03 5.209174e+03 5.645734e+03 5.376037e+03 5.699312e+03 5.240783e+03 4.790694e+03 5.102121e+03 5.329094e+03 
4.877492e+03 5.075905e+03 4.910629e+03 5.670306e+03 5.060569e+03 5.411193e+03 5.078766e+03 4.795680e+03 5.416946e+03 4.719601e+03 5.313174e+03 5.158166e+03 5.313174e+03 4.977899e+03 5.400735e+03 5.411193e+03 4.658731e+03 5.705940e+03 5.607822e+03 4.920503e+03 5.060569e+03 5.314019e+03 5.209174e+03 5.645734e+03 5.376037e+03 5.699312e+03 5.240783e+03 4.790694e+03 5.102121e+03 5.329094e+03 
4.877492e+03 5.075905e+03 4.414434e+03 5.161809e+03 5.060569e+03 5.411193e+03 5.016357e+03 4.163257e+03 5.416946e+03 4.719601e+03 5.313174e+03 5.158166e+03 5.313174e+03 4.977899e+03 5.400735e+03 5.411193e+03 4.154662e+03 5.701982e+03 5.167801e+03 4.861179e+03 5.060569e+03 5.314019e+03 5.209174e+03 5.645734e+03 5.130490e+03 5.699312e+03 5.240783e+03 4.692817e+03 5.102121e+03 5.224969e+03 
2.969896e+03 4.854215e+03 3.980537e+03 5.161809e+03 5.012974e+03 5.070825e+03 5.016357e+03 4.163257e+03 5.414087e+03 4.719601e+03 5.313174e+03 5.074651e+03 5.313174e+03 4.977899e+03 5.054833e+03 5.070825e+03 4.154662e+03 5.268643e+03 4.736901e+03 4.861179e+03 5.012974e+03 5.103765e+03 5.082748e+03 5.592427e+03 5.062628e+03 5.371761e+03 5.013697e+03 4.540327e+03 5.102121e+03 5.102337e+03 
2.850380e+03 4.397031e+03 3.696164e+03 4.565338e+03 4.900348e+03 4.916283e+03 4.748834e+03 4.033177e+03 4.802722e+03 4.267886e+03 5.096228e+03 4.288691e+03 5.096228e+03 4.729592e+03 4.874180e+03 4.916283e+03 3.903424e+03 4.650899e+03 3.985020e+03 4.810109e+03 4.900348e+03 4.711343e+03 4.852042e+03 5.228489e+03 5.025833e+03 4.938974e+03 4.535069e+03 4.396500e+03 4.709298e+03 4.776455e+03 
2.850380e+03 2.092310e+03 2.939070e+03 4.536975e+03 4.261221e+03 4.442988e+03 4.024050e+03 3.491230e+03 4.483463e+03 4.267886e+03 4.452235e+03 4.076747e+03 4.452235e+03 4.446907e+03 4.423880e+03 4.442988e+03 3.443663e+03 3.990267e+03 3.860965e+03 4.083038e+03 4.261221e+03 4.043834e+03 4.489545e+03 4.458371e+03 4.611355e+03 4.535209e+03 4.398027e+03 4.035695e+03 4.338414e+03 3.485749e+03 
2.551994e+03 2.006083e+03 2.939070e+03 3.866751e+03 3.682162e+03 3.897201e+03 3.761684e+03 2.935574e+03 3.272550e+03 3.569682e+03 3.766433e+03 3.510488e+03 3.766433e+03 2.958223e+03 3.255699e+03 3.897201e+03 2.933652e+03 2.895667e+03 3.544601e+03 3.418789e+03 3.682162e+03 3.738813e+03 3.932325e+03 3.338364e+03 2.844498e+03 3.932775e+03 3.498866e+03 3.648666e+03 3.519664e+03 3.485749e+03 
2.264508e+03 1.635700e+03 2.110971e+03 2.247625e+03 2.593993e+03 2.500812e+03 2.295271e+03 2.209622e+03 2.228836e+03 2.264829e+03 1.568159e+03 1.736632e+03 1.568159e+03 2.052551e+03 2.250434e+03 2.500812e+03 2.055907e+03 1.869575e+03 2.372319e+03 2.020016e+03 2.593993e+03 2.432611e+03 2.882785e+03 2.456577e+03 1.890062e+03 2.466084e+03 2.682691e+03 2.844274e+03 1.774466e+03 2.259321e+03 
7.336248e+02 1.033618e+03 1.062434e+03 1.194752e+03 1.379470e+03 1.190176e+03 1.332879e+03 1.202891e+03 1.028956e+03 1.230698e+03 1.330608e+03 6.622756e+02 1.330608e+03 1.417454e+03 9.291777e+02 1.190176e+03 1.266219e+03 1.273599e+03 1.143864e+03 7.791485e+02 1.379470e+03 1.382249e+03 1.385963e+03 1.005479e+03 1.136785e+03 1.300714e+03 1.161909e+03 1.343439e+03 1.418286e+03 1.344523e+03 
2.263839e+02 1.572290e+02 1.851255e+02 2.136253e+02 1.311960e+02 2.916580e+02 2.716971e+02 3.149982e+02 2.352580e+02 1.995259e+02 3.765753e+02 2.060153e+02 3.765753e+02 2.867378e+02 3.511547e+02 2.916580e+02 2.205630e+02 3.554074e+02 2.433161e+02 1.468022e+02 1.311960e+02 3.118738e+02 3.525654e+02 2.534329e+02 2.782184e+02 1.745286e+02 2.596945e+02 2.528388e+02 3.352606e+02 3.270887e+02 
1.176525e+01 1.258451e+01 1.347033e+01 9.136595e+00 6.365952e+00 1.127720e+01 1.385253e+01 1.040745e+01 6.908631e+00 7.900909e+00 1.037930e+01 8.981141e+00 1.037930e+01 2.429740e+01 1.393010e+01 1.127720e+01 7.025242e+00 6.436122e+00 8.284510e+00 9.120896e+00 6.365952e+00 1.643791e+01 8.293170e+00 9.027034e+00 1.472589e+01 1.656259e+01 1.030648e+01 2.237147e+01 1.376088e+01 8.023075e+00 
8.584125e-05 7.147488e-04 2.867725e-04 2.035450e-04 9.229662e-05 3.870383e-04 1.460400e-04 1.158348e-04 4.812020e-04 4.350387e-04 9.839230e-04 4.434585e-04 9.839230e-04 8.790901e-04 3.323441e-04 3.870383e-04 2.466697e-04 3.644095e-04 6.060765e-04 1.812054e-04 9.229662e-05 4.506657e-04 4.189040e-04 6.889858e-04 3.826890e-04 6.783128e-04 2.485394e-04 4.927604e-04 2.941076e-04 1.768240e-05 
0.000000e+00 0.000000e+00 0.000000e+00 0.000000e+00 0.000000e+00 0.000000e+00 0.000000e+00 0.000000e+00 0.000000e+00 0.000000e+00 0.000000e+00 0.000000e+00 0.000000e+00 0.000000e+00 0.000000e+00 0.000000e+00 0.000000e+00 0.000000e+00 0.000000e+00 0.000000e+00 0.000000e+00 0.000000e+00 0.000000e+00 0.000000e+00 0.000000e+00 0.000000e+00 0.000000e+00 0.000000e+00 0.000000e+00 0.000000e+00 
0.000000e+00 0.000000e+00 0.000000e+00 0.000000e+00 0.000000e+00 0.000000e+00 0.000000e+00 0.000000e+00 0.000000e+00 0.000000e+00 0.000000e+00 0.000000e+00 0.000000e+00 0.000000e+00 0.000000e+00 0.000000e+00 0.000000e+00 0.000000e+00 0.000000e+00 0.000000e+00 0.000000e+00 0.000000e+00 0.000000e+00 0.000000e+00 0.000000e+00 0.000000e+00 0.000000e+00 0.000000e+00 0.000000e+00 0.000000e+00 
0.000000e+00 0.000000e+00 0.000000e+00 0.000000e+00 0.000000e+00 0.000000e+00 0.000000e+00 0.000000e+00 0.000000e+00 0.000000e+00 0.000000e+00 0.000000e+00 0.000000e+00 0.000000e+00 0.000000e+00 0.000000e+00 0.000000e+00 0.000000e+00 0.000000e+00 0.000000e+00 0.000000e+00 0.000000e+00 0.000000e+00 0.000000e+00 0.000000e+00 0.000000e+00 0.000000e+00 0.000000e+00 0.000000e+00 0.000000e+00 
0.000000e+00 0.000000e+00 0.000000e+00 0.000000e+00 0.000000e+00 0.000000e+00 0.000000e+00 0.000000e+00 0.000000e+00 0.000000e+00 0.000000e+00 0.000000e+00 0.000000e+00 0.000000e+00 0.000000e+00 0.000000e+00 0.000000e+00 0.000000e+00 0.000000e+00 0.000000e+00 0.000000e+00 0.000000e+00 0.000000e+00 0.000000e+00 0.000000e+00 0.000000e+00 0.000000e+00 0.000000e+00 0.000000e+00 0.000000e+00 