2.386235e+03 1.779274e+03 2.225193e+03 2.217328e+03 2.225193e+03 2.662523e+03 2.274188e+03 2.318637e+03 2.430584e+03 2.241667e+03 2.149720e+03 2.399154e+03 2.149720e+03 2.209407e+03 2.466101e+03 2.662523e+03 2.450597e+03 2.225193e+03 2.662523e+03 1.943328e+03 2.225193e+03 2.318637e+03 1.858450e+03 2.466101e+03 2.121359e+03 2.318637e+03 2.450597e+03 2.332289e+03 2.399154e+03 2.225193e+03 
2.291341e+03 1.779274e+03 2.225193e+03 2.160727e+03 2.225193e+03 2.511745e+03 2.192228e+03 2.318637e+03 2.430584e+03 2.241667e+03 2.062884e+03 2.112218e+03 2.062884e+03 2.209407e+03 1.892987e+03 2.511745e+03 2.309797e+03 2.225193e+03 2.511745e+03 1.943328e+03 2.225193e+03 2.318637e+03 1.858450e+03 1.892987e+03 2.121359e+03 2.318637e+03 2.309797e+03 2.157253e+03 2.112218e+03 2.225193e+03 
2.291341e+03 1.779274e+03 2.225193e+03 2.160727e+03 2.225193e+03 2.511745e+03 2.192228e+03 2.318637e+03 2.430584e+03 2.241667e+03 2.062884e+03 2.112218e+03 2.062884e+03 2.209407e+03 1.892987e+03 2.511745e+03 2.309797e+03 2.225193e+03 2.511745e+03 1.943328e+03 2.225193e+03 2.318637e+03 1.858450e+03 1.892987e+03 2.121359e+03 2.318637e+03 2.309797e+03 2.157253e+03 2.112218e+03 2.225193e+03 
2.291341e+03 1.225674e+03 2.208406e+03 1.919758e+03 2.208406e+03 1.953618e+03 2.192228e+03 2.262092e+03 2.007137e+03 2.241667e+03 2.062884e+03 2.112218e+03 2.062884e+03 2.209407e+03 1.892987e+03 1.953618e+03 2.159007e+03 2.208406e+03 1.953618e+03 1.943328e+03 2.208406e+03 2.262092e+03 1.858450e+03 1.892987e+03 2.121359e+03 2.262092e+03 2.159007e+03 2.157253e+03 2.112218e+03 2.208406e+03 
1.862263e+03 1.225674e+03 1.978364e+03 1.919758e+03 1.978364e+03 1.880896e+03 1.916294e+03 2.023874e+03 2.007137e+03 2.050146e+03 2.062884e+03 1.905067e+03 2.062884e+03 2.132169e+03 1.657768e+03 1.880896e+03 1.004192e+03 1.978364e+03 1.880896e+03 1.776927e+03 1.978364e+03 2.023874e+03 1.549330e+03 1.657768e+03 2.040577e+03 2.023874e+03 1.004192e+03 1.835231e+03 1.905067e+03 1.978364e+03 
1.746156e+03 1.225674e+03 1.764376e+03 1.585043e+03 1.764376e+03 1.760172e+03 1.916294e+03 1.704789e+03 2.007137e+03 1.860563e+03 1.587924e+03 1.665147e+03 1.587924e+03 2.132169e+03 1.657768e+03 1.760172e+03 1.004192e+03 1.764376e+03 1.760172e+03 1.776927e+03 1.764376e+03 1.704789e+03 1.549330e+03 1.657768e+03 1.460253e+03 1.704789e+03 1.004192e+03 1.232470e+03 1.665147e+03 1.764376e+03 
1.621316e+03 9.520276e+02 1.693223e+03 1.384021e+03 1.693223e+03 1.587007e+03 1.790346e+03 1.315351e+03 1.439418e+03 1.722190e+03 1.587924e+03 1.401617e+03 1.587924e+03 1.424861e+03 1.427185e+03 1.587007e+03 9.860957e+02 1.693223e+03 1.587007e+03 1.629615e+03 1.693223e+03 1.315351e+03 1.406463e+03 1.427185e+03 9.354521e+02 1.315351e+03 9.860957e+02 1.232470e+03 1.401617e+03 1.693223e+03 
7.383600e+02 9.520276e+02 1.088841e+03 6.874221e+02 1.088841e+03 1.232893e+03 9.302969e+02 9.178534e+02 1.197313e+03 1.195887e+03 1.033692e+03 9.850714e+02 1.033692e+03 8.287905e+02 1.145353e+03 1.232893e+03 9.634552e+02 1.088841e+03 1.232893e+03 1.268365e+03 1.088841e+03 9.178534e+02 1.264957e+03 1.145353e+03 8.364275e+02 9.178534e+02 9.634552e+02 1.232470e+03 9.850714e+02 1.088841e+03 
7.383600e+02 6.214674e+02 8.145844e+02 6.874221e+02 8.145844e+02 6.358477e+02 7.623720e+02 8.507714e+02 8.512596e+02 8.829548e+02 5.939145e+02 3.721508e+02 5.939145e+02 6.877120e+02 7.743193e+02 6.358477e+02 7.582152e+02 8.145844e+02 6.358477e+02 6.445850e+02 8.145844e+02 8.507714e+02 9.339227e+02 7.743193e+02 6.371168e+02 8.507714e+02 7.582152e+02 8.517908e+02 3.721508e+02 8.145844e+02 
3.536450e+02 4.509331e+02 4.476186e+02 4.459766e+02 4.476186e+02 4.748633e+02 5.847205e+02 2.595894e+02 4.142508e+02 5.126028e+02 4.775881e+02 3.717887e+02 4.775881e+02 8.285957e+01 5.499828e+02 4.748633e+02 6.026354e+02 4.476186e+02 4.748633e+02 1.636847e+02 4.476186e+02 2.595894e+02 5.645834e+02 5.499828e+02 1.401400e+02 2.595894e+02 6.026354e+02 6.726790e+02 3.717887e+02 4.476186e+02 
2.185094e+02 1.259978e+02 1.383669e+02 1.167158e+02 1.383669e+02 2.450274e+02 1.267917e+02 1.573822e+02 2.268716e+02 1.620141e+02 8.838314e+01 1.915363e+02 8.838314e+01 8.285957e+01 1.221429e+02 2.450274e+02 2.080861e+02 1.383669e+02 2.450274e+02 8.273240e+01 1.383669e+02 1.573822e+02 2.079125e+02 1.221429e+02 5.285498e+01 1.573822e+02 2.080861e+02 4.030225e+01 1.915363e+02 1.383669e+02 
4.821225e+01 1.096888e+01 3.188297e+01 4.774966e+01 3.188297e+01 9.014852e+01 3.713163e+01 1.077753e+01 1.103862e+01 6.249562e+01 3.577773e+01 4.536196e+01 3.577773e+01 1.509460e+01 2.921542e+01 9.014852e+01 4.812829e+01 3.188297e+01 9.014852e+01 4.312081e+01 3.188297e+01 1.077753e+01 5.441633e+01 2.921542e+01 2.349194e+01 1.077753e+01 4.812829e+01 2.346611e+01 4.536196e+01 3.188297e+01 
2.167799e+00 2.918712e+00 2.318721e+00 1.267227e+00 2.318721e+00 4.467515e+00 7.781937e+00 5.755926e+00 1.342936e+00 3.483252e+00 5.107024e+00 2.504013e+00 5.107024e+00 1.121892e+00 8.052179e-01 4.467515e+00 4.181834e+00 2.318721e+00 4.467515e+00 4.927362e+00 2.318721e+00 5.755926e+00 2.402130e+00 8.052179e-01 1.964930e+00 5.755926e+00 4.181834e+00 3.800926e+00 2.504013e+00 2.318721e+00 
8.046745e-03 1.902094e-05 2.367462e-04 7.568169e-05 2.367462e-04 1.393050e-01 3.513517e-02 2.022499e-04 6.243778e-05 7.188346e-04 9.729623e-03 1.888469e-05 9.729623e-03 4.828998e-06 6.256241e-07 1.393050e-01 1.919925e-03 2.367462e-04 1.393050e-01 2.574769e-04 2.367462e-04 2.022499e-04 1.270874e-01 6.256241e-07 3.553036e-05 2.022499e-04 1.919925e-03 1.190186e-05 1.888469e-05 2.367462e-04 
0.000000e+00 0.000000e+00 0.000000e+00 0.000000e+00 0.000000e+00 0.000000e+00 0.000000e+00 0.000000e+00 0.000000e+00 0.000000e+00 0.000000e+00 0.000000e+00 0.000000e+00 0.000000e+00 0.000000e+00 0.000000e+00 0.000000e+00 0.000000e+00 0.000000e+00 0.000000e+00 0.000000e+00 0.000000e+00 0.000000e+00 0.000000e+00 0.000000e+00 0.000000e+00 0.000000e+00 0.000000e+00 0.000000e+00 0.000000e+00 
0.000000e+00 0.000000e+00 0.000000e+00 0.000000e+00 0.000000e+00 0.000000e+00 0.000000e+00 0.000000e+00 0.000000e+00 0.000000e+00 0.000000e+00 0.000000e+00 0.000000e+00 0.000000e+00 0.000000e+00 0.000000e+00 0.000000e+00 0.000000e+00 0.000000e+00 0.000000e+00 0.000000e+00 0.000000e+00 0.000000e+00 0.000000e+00 0.000000e+00 0.000000e+00 0.000000e+00 0.000000e+00 0.000000e+00 0.000000e+00 
0.000000e+00 0.000000e+00 0.000000e+00 0.000000e+00 0.000000e+00 0.000000e+00 0.000000e+00 0.000000e+00 0.000000e+00 0.000000e+00 0.000000e+00 0.000000e+00 0.000000e+00 0.000000e+00 0.000000e+00 0.000000e+00 0.000000e+00 0.000000e+00 0.000000e+00 0.000000e+00 0.000000e+00 0.000000e+00 0.000000e+00 0.000000e+00 0.000000e+00 0.000000e+00 0.000000e+00 0.000000e+00 0.000000e+00 0.000000e+00 