4.030569e+02 3.561117e+02 2.977354e+02 4.322274e+02 3.998294e+02 3.326893e+02 3.428878e+02 2.807037e+02 2.800485e+02 2.294841e+02 3.927932e+02 3.384626e+02 4.578022e+02 2.444011e+02 3.749518e+02 3.326893e+02 2.800485e+02 3.998294e+02 3.497825e+02 3.326893e+02 3.998294e+02 4.199838e+02 4.103214e+02 4.199838e+02 4.149733e+02 4.199838e+02 3.675711e+02 4.440769e+02 3.528723e+02 3.998294e+02 
3.992130e+02 2.597691e+02 2.977354e+02 3.300889e+02 3.998294e+02 3.326893e+02 3.302029e+02 2.807037e+02 2.800485e+02 2.294841e+02 3.927932e+02 3.384626e+02 4.345880e+02 2.444011e+02 3.548020e+02 3.326893e+02 2.800485e+02 3.998294e+02 3.497825e+02 3.326893e+02 3.998294e+02 4.199838e+02 3.875052e+02 4.199838e+02 3.140176e+02 4.199838e+02 3.170080e+02 2.677049e+02 3.403596e+02 3.998294e+02 
3.992130e+02 2.597691e+02 2.977354e+02 3.300889e+02 3.998294e+02 3.326893e+02 3.302029e+02 2.807037e+02 2.800485e+02 2.294841e+02 3.927932e+02 3.384626e+02 4.345880e+02 2.444011e+02 3.548020e+02 3.326893e+02 2.800485e+02 3.998294e+02 3.497825e+02 3.326893e+02 3.998294e+02 4.199838e+02 3.875052e+02 4.199838e+02 3.140176e+02 4.199838e+02 3.170080e+02 2.677049e+02 3.403596e+02 3.998294e+02 
3.992130e+02 2.355449e+02 2.973268e+02 1.957201e+02 3.349215e+02 2.926284e+02 2.853895e+02 2.807037e+02 8.076971e+01 2.294841e+02 3.927932e+02 3.363251e+02 2.919955e+02 2.444011e+02 2.397262e+02 2.926284e+02 8.076971e+01 3.349215e+02 2.779284e+02 2.926284e+02 3.349215e+02 3.323399e+02 3.752676e+02 3.323399e+02 3.021947e+02 3.323399e+02 2.943641e+02 2.357252e+02 3.268562e+02 3.349215e+02 
2.718733e+02 1.880100e+02 2.359802e+02 1.957201e+02 2.702912e+02 2.837111e+02 2.586588e+02 2.411096e+02 8.076971e+01 2.074009e+02 2.816517e+02 2.827049e+02 2.580590e+02 2.444011e+02 2.210574e+02 2.837111e+02 8.076971e+01 2.702912e+02 2.107499e+02 2.837111e+02 2.702912e+02 1.401029e+02 2.465871e+02 1.401029e+02 2.788772e+02 1.401029e+02 2.164107e+02 2.164335e+02 2.600804e+02 2.702912e+02 
2.016142e+02 1.346860e+02 2.359802e+02 1.900289e+02 2.292493e+02 2.414962e+02 2.520673e+02 2.116394e+02 8.076971e+01 1.543674e+02 1.799903e+02 2.209334e+02 1.727325e+02 2.179772e+02 1.931305e+02 2.414962e+02 8.076971e+01 2.292493e+02 2.107499e+02 2.414962e+02 2.292493e+02 1.370522e+02 2.465871e+02 1.370522e+02 1.698955e+02 1.370522e+02 1.935404e+02 1.534699e+02 1.979015e+02 2.292493e+02 
1.658046e+02 1.275253e+02 1.526474e+02 1.149272e+02 1.615390e+02 1.853539e+02 1.630547e+02 1.324086e+02 8.076971e+01 1.253559e+02 1.075477e+02 1.661950e+02 1.727325e+02 1.634660e+02 1.733486e+02 1.853539e+02 8.076971e+01 1.615390e+02 1.642898e+02 1.853539e+02 1.615390e+02 8.989678e+01 1.397379e+02 8.989678e+01 1.684079e+02 8.989678e+01 1.372498e+02 1.195107e+02 1.516320e+02 1.615390e+02 
9.400782e+01 9.372181e+01 1.255306e+02 9.090732e+01 1.056584e+02 8.373350e+01 1.261889e+02 1.202774e+02 7.624390e+01 1.048140e+02 1.075477e+02 1.132785e+02 1.077627e+02 1.132576e+02 9.436010e+01 8.373350e+01 7.624390e+01 1.056584e+02 9.829877e+01 8.373350e+01 1.056584e+02 8.288678e+01 1.138872e+02 8.288678e+01 1.261316e+02 8.288678e+01 1.092437e+02 1.081623e+02 1.355670e+02 1.056584e+02 
7.506548e+01 7.363815e+01 6.999616e+01 6.656411e+01 8.082158e+01 7.087483e+01 7.958837e+01 6.757507e+01 6.789584e+01 7.448562e+01 7.389581e+01 7.840896e+01 7.375779e+01 7.840416e+01 6.524039e+01 7.087483e+01 6.789584e+01 8.082158e+01 7.261026e+01 7.087483e+01 8.082158e+01 6.745033e+01 5.891880e+01 6.745033e+01 7.706227e+01 6.745033e+01 6.949393e+01 7.594580e+01 8.715638e+01 8.082158e+01 
4.336929e+01 4.676279e+01 5.092023e+01 4.998651e+01 4.323135e+01 4.157186e+01 2.312294e+01 3.936347e+01 3.649107e+01 4.340116e+01 4.869470e+01 5.381254e+01 3.819678e+01 3.548242e+01 5.517994e+01 4.157186e+01 3.649107e+01 4.323135e+01 4.010843e+01 4.157186e+01 4.323135e+01 5.288670e+01 4.817601e+01 5.288670e+01 6.133077e+01 5.288670e+01 4.483102e+01 4.082120e+01 5.864156e+01 4.323135e+01 
2.669679e+01 1.682375e+01 2.866665e+01 2.597572e+01 3.078945e+01 3.295754e+01 2.226593e+01 2.281262e+01 3.047592e+01 2.517507e+01 2.297268e+01 2.780436e+01 2.042533e+01 2.439845e+01 2.299039e+01 3.295754e+01 3.047592e+01 3.078945e+01 2.797140e+01 3.295754e+01 3.078945e+01 2.044211e+01 1.954241e+01 2.044211e+01 3.039309e+01 2.044211e+01 2.340693e+01 2.109953e+01 2.737369e+01 3.078945e+01 
1.026028e+01 1.301922e+01 2.205458e+01 1.492204e+01 1.146118e+01 1.064872e+01 1.177648e+01 1.781995e+01 1.459434e+01 1.529160e+01 1.057388e+01 1.107681e+01 1.278398e+01 1.536933e+01 1.335354e+01 1.064872e+01 1.459434e+01 1.146118e+01 1.629539e+01 1.064872e+01 1.146118e+01 1.143353e+01 1.049755e+01 1.143353e+01 1.006028e+01 1.143353e+01 1.706407e+01 1.123502e+01 1.490666e+01 1.146118e+01 
5.516861e+00 7.057708e+00 2.932177e+00 1.068942e+01 4.031977e+00 2.761877e+00 2.664565e+00 7.104399e+00 2.982034e+00 5.405544e+00 8.051114e+00 7.975845e+00 7.072182e+00 7.338069e+00 5.333011e+00 2.761877e+00 2.982034e+00 4.031977e+00 8.634920e+00 2.761877e+00 4.031977e+00 7.624209e+00 5.346472e+00 7.624209e+00 7.215416e+00 7.624209e+00 7.940196e+00 8.735487e+00 6.730597e+00 4.031977e+00 
1.304984e+00 2.313442e+00 2.723660e+00 1.643266e+00 2.350521e+00 9.502444e-01 1.243232e+00 2.403125e+00 1.861585e+00 1.163766e-04 1.108281e+00 2.740254e+00 2.794670e+00 2.675712e+00 4.920576e-01 9.502444e-01 1.861585e+00 2.350521e+00 9.558961e-01 9.502444e-01 2.350521e+00 2.470619e+00 1.033714e+00 2.470619e+00 4.638764e+00 2.470619e+00 2.556633e+00 1.114894e+00 6.893208e-01 2.350521e+00 
0.000000e+00 0.000000e+00 3.005561e-07 1.008844e-07 0.000000e+00 0.000000e+00 0.000000e+00 0.000000e+00 0.000000e+00 0.000000e+00 0.000000e+00 2.365323e-08 0.000000e+00 0.000000e+00 0.000000e+00 0.000000e+00 0.000000e+00 0.000000e+00 0.000000e+00 0.000000e+00 0.000000e+00 0.000000e+00 1.847866e-08 0.000000e+00 3.318273e-04 0.000000e+00 4.461219e-08 0.000000e+00 0.000000e+00 0.000000e+00 
0.000000e+00 0.000000e+00 0.000000e+00 0.000000e+00 0.000000e+00 0.000000e+00 0.000000e+00 0.000000e+00 0.000000e+00 0.000000e+00 0.000000e+00 0.000000e+00 0.000000e+00 0.000000e+00 0.000000e+00 0.000000e+00 0.000000e+00 0.000000e+00 0.000000e+00 0.000000e+00 0.000000e+00 0.000000e+00 0.000000e+00 0.000000e+00 0.000000e+00 0.000000e+00 0.000000e+00 0.000000e+00 0.000000e+00 0.000000e+00 
0.000000e+00 0.000000e+00 0.000000e+00 0.000000e+00 0.000000e+00 0.000000e+00 0.000000e+00 0.000000e+00 0.000000e+00 0.000000e+00 0.000000e+00 0.000000e+00 0.000000e+00 0.000000e+00 0.000000e+00 0.000000e+00 0.000000e+00 0.000000e+00 0.000000e+00 0.000000e+00 0.000000e+00 0.000000e+00 0.000000e+00 0.000000e+00 0.000000e+00 0.000000e+00 0.000000e+00 0.000000e+00 0.000000e+00 0.000000e+00 