8.644846e+02 5.981878e+02 4.053563e+02 2.055798e+02 3.359093e+02 3.330196e+02 2.449681e+02 5.505391e+02 7.515644e+02 8.408976e+02 7.400965e+02 3.859963e+02 7.400965e+02 4.709724e+02 4.278911e+02 3.330196e+02 2.368090e+02 1.258471e+02 2.233479e+02 3.935786e+02 3.359093e+02 2.886612e+02 4.867970e+02 4.122197e+02 4.729216e+02 3.892466e+02 4.359964e+02 2.448019e+02 3.838392e+02 8.315132e+02 
2.224257e+02 5.515191e+02 2.010235e+02 2.055798e+02 3.359093e+02 3.330196e+02 2.449681e+02 3.854193e+02 3.041411e+02 7.816138e+02 5.749313e+02 2.001440e+02 5.749313e+02 3.444158e+02 4.278911e+02 3.330196e+02 2.173754e+02 1.258471e+02 2.233479e+02 3.935786e+02 3.359093e+02 2.884697e+02 4.769788e+02 1.698131e+02 4.729216e+02 2.662183e+02 4.359964e+02 2.448019e+02 3.838392e+02 7.850979e+02 
2.224257e+02 5.515191e+02 2.010235e+02 2.055798e+02 3.359093e+02 3.330196e+02 2.449681e+02 3.854193e+02 3.041411e+02 7.816138e+02 5.749313e+02 2.001440e+02 5.749313e+02 3.444158e+02 4.278911e+02 3.330196e+02 2.173754e+02 1.258471e+02 2.233479e+02 3.935786e+02 3.359093e+02 2.884697e+02 4.769788e+02 1.698131e+02 4.729216e+02 2.662183e+02 4.359964e+02 2.448019e+02 3.838392e+02 7.850979e+02 
2.224257e+02 3.777600e+02 1.664655e+02 2.055798e+02 3.104548e+02 2.150332e+02 2.219677e+02 3.555041e+02 2.780331e+02 3.578215e+02 3.343116e+02 2.001440e+02 3.343116e+02 3.444158e+02 3.560462e+02 2.150332e+02 2.173754e+02 1.228491e+02 2.233479e+02 3.507516e+02 3.104548e+02 2.884697e+02 3.536246e+02 1.698131e+02 2.608429e+02 2.662183e+02 3.419175e+02 2.448019e+02 3.838392e+02 5.043857e+02 
2.224257e+02 3.093496e+02 1.630649e+02 1.270618e+02 2.900270e+02 1.759155e+02 1.985263e+02 3.329831e+02 2.724808e+02 1.906041e+02 2.517041e+02 1.992026e+02 2.517041e+02 3.059059e+02 2.875503e+02 1.759155e+02 2.173754e+02 1.228491e+02 2.032587e+02 2.356833e+02 2.900270e+02 2.623475e+02 2.563440e+02 1.400266e+02 1.659207e+02 2.271261e+02 2.350310e+02 1.925712e+02 3.462007e+02 2.048877e+02 
1.991024e+02 1.894471e+02 1.630649e+02 1.118816e+02 1.938198e+02 1.484834e+02 1.283954e+02 2.270189e+02 2.724808e+02 1.745855e+02 1.357557e+02 1.663690e+02 1.357557e+02 2.214177e+02 2.196782e+02 1.484834e+02 1.778488e+02 1.228491e+02 1.906894e+02 2.356833e+02 1.938198e+02 2.043165e+02 2.563440e+02 1.346778e+02 1.659207e+02 1.702059e+02 2.040432e+02 1.925712e+02 1.927287e+02 1.657962e+02 
1.852215e+02 1.513083e+02 1.475283e+02 1.118816e+02 1.288052e+02 9.374257e+01 9.455737e+01 1.476810e+02 1.382261e+02 1.563120e+02 1.183443e+02 1.407391e+02 1.183443e+02 1.585186e+02 1.391055e+02 9.374257e+01 1.257556e+02 9.288692e+01 1.454190e+02 1.724382e+02 1.288052e+02 1.222855e+02 1.302272e+02 1.130906e+02 1.204733e+02 9.643976e+01 1.158354e+02 9.994032e+01 1.201946e+02 1.256850e+02 
8.866968e+01 9.953536e+01 1.150657e+02 1.032522e+02 1.149413e+02 8.877091e+01 7.841784e+01 1.133978e+02 1.248579e+02 9.513571e+01 1.058424e+02 1.006992e+02 1.058424e+02 1.031009e+02 1.238918e+02 8.877091e+01 9.954645e+01 7.450814e+01 9.616037e+01 8.330959e+01 1.149413e+02 1.073805e+02 1.236917e+02 1.058073e+02 1.149980e+02 9.643976e+01 1.005042e+02 7.331412e+01 1.077693e+02 1.104658e+02 
7.183525e+01 8.088775e+01 8.603882e+01 8.192834e+01 7.953093e+01 7.917438e+01 7.050927e+01 8.456456e+01 9.085092e+01 8.744578e+01 7.046569e+01 6.275105e+01 7.046569e+01 8.122584e+01 8.442538e+01 7.917438e+01 6.791568e+01 7.450814e+01 7.569983e+01 8.237742e+01 7.953093e+01 8.392272e+01 8.188032e+01 7.075548e+01 8.642275e+01 7.297041e+01 8.042924e+01 7.331412e+01 7.122971e+01 6.790746e+01 
6.558830e+01 6.458064e+01 6.462262e+01 6.164977e+01 5.707372e+01 6.079219e+01 6.234766e+01 6.137458e+01 6.099285e+01 6.545730e+01 5.504296e+01 6.250270e+01 5.504296e+01 6.659895e+01 6.652537e+01 6.079219e+01 6.569846e+01 5.634262e+01 6.081412e+01 6.534776e+01 5.707372e+01 6.650328e+01 6.712162e+01 6.216546e+01 6.419752e+01 6.205716e+01 6.267249e+01 6.029692e+01 6.265105e+01 5.782618e+01 
5.328890e+01 5.279553e+01 3.941854e+01 5.248049e+01 4.670851e+01 5.192918e+01 5.352650e+01 5.278115e+01 4.555359e+01 5.345238e+01 5.229066e+01 4.810043e+01 5.229066e+01 5.238477e+01 5.425244e+01 5.192918e+01 5.260856e+01 5.405455e+01 2.568424e+01 5.301799e+01 4.670851e+01 5.227503e+01 5.305172e+01 5.282701e+01 5.342992e+01 5.412736e+01 5.279527e+01 5.290084e+01 3.498394e+01 5.118915e+01 
4.967616e+01 4.977180e+01 2.827224e+01 4.971163e+01 4.516402e+01 4.963182e+01 4.960431e+01 4.930275e+01 2.762105e+01 4.994870e+01 1.334576e+01 2.149518e+01 1.334576e+01 4.934821e+01 4.986898e+01 4.963182e+01 4.975905e+01 4.946545e+01 2.279641e+01 4.987338e+01 4.516402e+01 4.980925e+01 4.917701e+01 4.927520e+01 4.929350e+01 4.885841e+01 4.972990e+01 4.934439e+01 3.092913e+01 4.962235e+01 
4.860661e+01 4.851046e+01 1.003526e+01 4.840748e+01 2.040490e+01 4.862478e+01 4.838023e+01 3.467955e+01 1.685306e+01 4.857490e+01 8.524976e+00 1.525421e+01 8.524976e+00 4.857917e+01 4.865250e+01 4.862478e+01 1.250228e+01 1.833630e+01 1.072746e+01 4.862511e+01 2.040490e+01 4.838311e+01 4.859517e+01 4.841405e+01 4.874282e+01 1.054942e+01 4.864734e+01 4.857404e+01 1.327159e+01 4.877243e+01 
4.820749e+01 4.822557e+01 7.331043e-01 1.345003e+01 6.738235e+00 1.468817e+01 1.539524e+01 7.789890e+00 4.791824e+00 6.406029e+00 1.592670e+00 6.518618e+00 1.592670e+00 4.810673e+01 4.823720e+01 1.468817e+01 8.886579e+00 7.197256e+00 7.312888e+00 6.967767e+00 6.738235e+00 1.009214e+01 4.816513e+01 4.246118e+00 2.462299e+01 8.294202e+00 4.823631e+01 3.041932e+00 3.312647e+00 4.824308e+01 
1.326764e-02 4.799251e+01 3.971270e-03 6.943103e-03 1.554124e-02 3.037595e-03 7.364706e-03 5.349215e-03 7.359819e-03 4.896050e-03 7.174468e-03 1.120105e-02 7.174468e-03 1.426507e-02 4.800970e+01 3.037595e-03 4.966901e-03 1.297543e-02 1.671969e-02 6.765616e-03 1.554124e-02 5.867996e-03 1.041219e-02 3.491175e-03 1.018885e-02 2.940401e-03 1.243753e-02 5.286907e-03 8.776596e-03 2.026571e-02 
0.000000e+00 0.000000e+00 0.000000e+00 0.000000e+00 0.000000e+00 0.000000e+00 0.000000e+00 0.000000e+00 0.000000e+00 0.000000e+00 0.000000e+00 0.000000e+00 0.000000e+00 0.000000e+00 0.000000e+00 0.000000e+00 0.000000e+00 0.000000e+00 0.000000e+00 0.000000e+00 0.000000e+00 0.000000e+00 0.000000e+00 0.000000e+00 0.000000e+00 0.000000e+00 0.000000e+00 0.000000e+00 0.000000e+00 0.000000e+00 
0.000000e+00 0.000000e+00 0.000000e+00 0.000000e+00 0.000000e+00 0.000000e+00 0.000000e+00 0.000000e+00 0.000000e+00 0.000000e+00 0.000000e+00 0.000000e+00 0.000000e+00 0.000000e+00 0.000000e+00 0.000000e+00 0.000000e+00 0.000000e+00 0.000000e+00 0.000000e+00 0.000000e+00 0.000000e+00 0.000000e+00 0.000000e+00 0.000000e+00 0.000000e+00 0.000000e+00 0.000000e+00 0.000000e+00 0.000000e+00 