2.488447e+03 2.015245e+03 2.566224e+03 2.182491e+03 2.566224e+03 2.371056e+03 2.213231e+03 2.303337e+03 2.100458e+03 2.282994e+03 2.355834e+03 2.196835e+03 2.355834e+03 2.103492e+03 1.904189e+03 2.371056e+03 2.286574e+03 2.566224e+03 2.371056e+03 2.156513e+03 2.566224e+03 2.303337e+03 2.053341e+03 1.904189e+03 2.084102e+03 2.303337e+03 2.286574e+03 1.928799e+03 2.196835e+03 2.566224e+03 
2.448772e+03 1.899021e+03 2.209749e+03 2.182491e+03 2.209749e+03 2.316871e+03 2.213231e+03 2.182149e+03 2.100458e+03 2.282994e+03 2.355834e+03 2.196835e+03 2.355834e+03 2.103492e+03 1.904189e+03 2.316871e+03 2.267838e+03 2.209749e+03 2.316871e+03 2.121502e+03 2.209749e+03 2.182149e+03 2.053341e+03 1.904189e+03 2.084102e+03 2.182149e+03 2.267838e+03 1.928799e+03 2.196835e+03 2.209749e+03 
2.448772e+03 1.899021e+03 2.209749e+03 2.182491e+03 2.209749e+03 2.316871e+03 2.213231e+03 2.182149e+03 2.100458e+03 2.282994e+03 2.355834e+03 2.196835e+03 2.355834e+03 2.103492e+03 1.904189e+03 2.316871e+03 2.267838e+03 2.209749e+03 2.316871e+03 2.121502e+03 2.209749e+03 2.182149e+03 2.053341e+03 1.904189e+03 2.084102e+03 2.182149e+03 2.267838e+03 1.928799e+03 2.196835e+03 2.209749e+03 
2.275423e+03 1.715671e+03 2.209749e+03 1.781161e+03 2.209749e+03 2.316871e+03 2.127556e+03 1.939474e+03 2.100458e+03 2.231383e+03 1.329623e+03 2.133807e+03 1.329623e+03 2.103492e+03 1.904189e+03 2.316871e+03 2.014710e+03 2.209749e+03 2.316871e+03 2.105078e+03 2.209749e+03 1.939474e+03 2.053341e+03 1.904189e+03 2.030125e+03 1.939474e+03 2.014710e+03 1.928799e+03 2.133807e+03 2.209749e+03 
2.031391e+03 1.667057e+03 2.209749e+03 1.781161e+03 2.209749e+03 1.861145e+03 1.896418e+03 1.939474e+03 2.100458e+03 1.853944e+03 1.329623e+03 1.845718e+03 1.329623e+03 1.969445e+03 1.615348e+03 1.861145e+03 1.708776e+03 2.209749e+03 1.861145e+03 1.582331e+03 2.209749e+03 1.939474e+03 2.053341e+03 1.615348e+03 1.817526e+03 1.939474e+03 1.708776e+03 1.786478e+03 1.845718e+03 2.209749e+03 
1.886126e+03 1.667057e+03 2.149235e+03 1.781161e+03 2.149235e+03 1.861145e+03 1.810510e+03 1.939474e+03 1.894169e+03 1.853944e+03 1.329623e+03 1.516906e+03 1.329623e+03 1.770845e+03 1.615348e+03 1.861145e+03 1.679357e+03 2.149235e+03 1.861145e+03 1.582331e+03 2.149235e+03 1.939474e+03 1.330412e+03 1.615348e+03 1.817526e+03 1.939474e+03 1.679357e+03 1.786478e+03 1.516906e+03 2.149235e+03 
1.603866e+03 1.667057e+03 1.521100e+03 1.562115e+03 1.521100e+03 1.596922e+03 1.810510e+03 1.649415e+03 1.774344e+03 1.465077e+03 9.811282e+02 1.516906e+03 9.811282e+02 1.723173e+03 1.356955e+03 1.596922e+03 1.548217e+03 1.521100e+03 1.596922e+03 1.582331e+03 1.521100e+03 1.649415e+03 1.330412e+03 1.356955e+03 1.145306e+03 1.649415e+03 1.548217e+03 1.558317e+03 1.516906e+03 1.521100e+03 
1.400737e+03 1.235941e+03 1.483725e+03 1.365144e+03 1.483725e+03 1.537277e+03 1.418925e+03 1.510146e+03 1.519570e+03 1.326283e+03 9.811282e+02 1.149930e+03 9.811282e+02 1.171430e+03 1.333911e+03 1.537277e+03 1.548217e+03 1.483725e+03 1.537277e+03 1.397996e+03 1.483725e+03 1.510146e+03 1.330412e+03 1.333911e+03 1.145306e+03 1.510146e+03 1.548217e+03 1.116949e+03 1.149930e+03 1.483725e+03 
9.276116e+02 1.155827e+03 1.151679e+03 1.164201e+03 1.151679e+03 1.167478e+03 1.176748e+03 9.783365e+02 1.035582e+03 1.318286e+03 8.666235e+02 1.006013e+03 8.666235e+02 8.715636e+02 9.493237e+02 1.167478e+03 8.375948e+02 1.151679e+03 1.167478e+03 9.406339e+02 1.151679e+03 9.783365e+02 1.204450e+03 9.493237e+02 1.145306e+03 9.783365e+02 8.375948e+02 1.116949e+03 1.006013e+03 1.151679e+03 
8.686823e+02 9.634943e+02 1.127600e+03 1.010580e+03 1.127600e+03 5.626910e+02 1.125936e+03 8.599995e+02 9.600101e+02 9.781428e+02 8.134458e+02 1.006013e+03 8.134458e+02 7.152918e+02 9.142731e+02 5.626910e+02 5.335953e+02 1.127600e+03 5.626910e+02 9.246489e+02 1.127600e+03 8.599995e+02 8.111570e+02 9.142731e+02 9.501991e+02 8.599995e+02 5.335953e+02 1.116949e+03 1.006013e+03 1.127600e+03 
6.256153e+02 7.603777e+02 6.450329e+02 8.933792e+02 6.450329e+02 5.626910e+02 9.698141e+02 6.589545e+02 5.302159e+02 7.614500e+02 7.630972e+02 7.178234e+02 7.630972e+02 7.152918e+02 6.377586e+02 5.626910e+02 5.335953e+02 6.450329e+02 5.626910e+02 8.638029e+02 6.450329e+02 6.589545e+02 6.711008e+02 6.377586e+02 7.595675e+02 6.589545e+02 5.335953e+02 7.719567e+02 7.178234e+02 6.450329e+02 
4.576005e+02 5.593935e+02 4.857993e+02 4.757090e+02 4.857993e+02 4.984174e+02 4.153495e+02 5.571052e+02 4.666115e+02 7.311730e+02 4.733262e+02 5.471934e+02 4.733262e+02 6.868307e+02 3.982899e+02 4.984174e+02 4.639715e+02 4.857993e+02 4.984174e+02 6.182305e+02 4.857993e+02 5.571052e+02 6.289262e+02 3.982899e+02 7.514572e+02 5.571052e+02 4.639715e+02 6.088018e+02 5.471934e+02 4.857993e+02 
4.154970e+02 3.524959e+02 2.211150e+02 4.417452e+02 2.211150e+02 4.879201e+02 3.966826e+02 3.857010e+02 2.254276e+02 3.310345e+02 2.491612e+02 2.982252e+02 2.491612e+02 5.074607e+02 3.694957e+02 4.879201e+02 3.905516e+02 2.211150e+02 4.879201e+02 3.060373e+02 2.211150e+02 3.857010e+02 3.334750e+02 3.694957e+02 5.608042e+02 3.857010e+02 3.905516e+02 2.467767e+02 2.982252e+02 2.211150e+02 
2.154074e+02 1.948037e+00 1.131931e+02 3.048580e+02 1.131931e+02 3.628217e+02 8.550830e+00 1.312460e+02 1.424651e+02 1.073893e+02 9.069337e+01 9.185242e+01 9.069337e+01 1.652056e+02 1.037869e+02 3.628217e+02 1.554605e+02 1.131931e+02 3.628217e+02 1.488572e+02 1.131931e+02 1.312460e+02 1.624696e+02 1.037869e+02 8.543515e+01 1.312460e+02 1.554605e+02 1.716991e+02 9.185242e+01 1.131931e+02 
3.004801e-03 5.660740e-01 3.142536e+00 8.754798e-01 3.142536e+00 4.029913e+00 4.628178e-01 2.718953e-01 3.674878e-02 5.800788e-01 2.612873e-01 1.620203e+00 2.612873e-01 2.345501e+00 2.533124e+00 4.029913e+00 2.097274e+01 3.142536e+00 4.029913e+00 3.093845e-01 3.142536e+00 2.718953e-01 1.081438e+00 2.533124e+00 1.502518e-01 2.718953e-01 2.097274e+01 2.354939e-01 1.620203e+00 3.142536e+00 
0.000000e+00 0.000000e+00 0.000000e+00 0.000000e+00 0.000000e+00 0.000000e+00 0.000000e+00 0.000000e+00 0.000000e+00 0.000000e+00 0.000000e+00 0.000000e+00 0.000000e+00 0.000000e+00 0.000000e+00 0.000000e+00 0.000000e+00 0.000000e+00 0.000000e+00 0.000000e+00 0.000000e+00 0.000000e+00 0.000000e+00 0.000000e+00 0.000000e+00 0.000000e+00 0.000000e+00 0.000000e+00 0.000000e+00 0.000000e+00 
0.000000e+00 0.000000e+00 0.000000e+00 0.000000e+00 0.000000e+00 0.000000e+00 0.000000e+00 0.000000e+00 0.000000e+00 0.000000e+00 0.000000e+00 0.000000e+00 0.000000e+00 0.000000e+00 0.000000e+00 0.000000e+00 0.000000e+00 0.000000e+00 0.000000e+00 0.000000e+00 0.000000e+00 0.000000e+00 0.000000e+00 0.000000e+00 0.000000e+00 0.000000e+00 0.000000e+00 0.000000e+00 0.000000e+00 0.000000e+00 