5.897873e+02 4.973561e+02 5.215669e+02 4.994866e+02 5.603067e+02 5.150087e+02 4.803809e+02 5.672224e+02 5.052874e+02 5.300701e+02 4.837377e+02 5.133276e+02 6.029062e+02 5.139843e+02 5.076911e+02 5.150087e+02 5.052874e+02 4.485669e+02 4.468089e+02 3.938948e+02 5.603067e+02 5.037996e+02 5.737607e+02 5.186073e+02 4.415783e+02 5.037996e+02 5.524835e+02 4.336299e+02 5.516695e+02 5.603067e+02 
5.897873e+02 4.820496e+02 4.756806e+02 4.994866e+02 5.495177e+02 5.150087e+02 4.769319e+02 5.393755e+02 4.333726e+02 5.300701e+02 4.837377e+02 5.133276e+02 5.616395e+02 5.139843e+02 5.076911e+02 5.150087e+02 4.333726e+02 4.485669e+02 4.468089e+02 3.938948e+02 5.495177e+02 5.021329e+02 5.737607e+02 5.186073e+02 4.415783e+02 5.021329e+02 4.821307e+02 4.336299e+02 5.507965e+02 5.495177e+02 
5.897873e+02 4.820496e+02 4.756806e+02 4.994866e+02 5.495177e+02 5.150087e+02 4.769319e+02 5.393755e+02 4.333726e+02 5.300701e+02 4.837377e+02 5.133276e+02 5.616395e+02 5.139843e+02 5.076911e+02 5.150087e+02 4.333726e+02 4.485669e+02 4.468089e+02 3.938948e+02 5.495177e+02 5.021329e+02 5.737607e+02 5.186073e+02 4.415783e+02 5.021329e+02 4.821307e+02 4.336299e+02 5.507965e+02 5.495177e+02 
5.359125e+02 4.820496e+02 4.428729e+02 4.724764e+02 5.495177e+02 3.432697e+02 4.769319e+02 5.393755e+02 4.333726e+02 5.300701e+02 4.816836e+02 4.432503e+02 5.550480e+02 4.891371e+02 4.568891e+02 3.432697e+02 4.333726e+02 4.485669e+02 4.468089e+02 3.938948e+02 5.495177e+02 4.830876e+02 5.327252e+02 5.010315e+02 4.415783e+02 4.830876e+02 4.638571e+02 4.336299e+02 5.469404e+02 5.495177e+02 
4.619881e+02 4.583155e+02 4.428729e+02 4.272500e+02 4.816450e+02 3.432697e+02 4.454896e+02 5.135154e+02 4.254808e+02 4.681262e+02 4.816836e+02 4.201031e+02 4.584542e+02 4.769156e+02 4.438403e+02 3.432697e+02 4.254808e+02 4.440706e+02 4.468089e+02 3.938948e+02 4.816450e+02 4.830876e+02 5.133776e+02 4.970963e+02 4.415783e+02 4.830876e+02 4.638571e+02 4.336299e+02 4.557770e+02 4.816450e+02 
4.614241e+02 4.396363e+02 4.402424e+02 4.058865e+02 4.575860e+02 3.432697e+02 3.492690e+02 4.737950e+02 2.733419e+02 4.368597e+02 4.507917e+02 4.201031e+02 4.260806e+02 4.368474e+02 4.352692e+02 3.432697e+02 2.733419e+02 3.932097e+02 4.177480e+02 3.867282e+02 4.575860e+02 4.352036e+02 3.539715e+02 4.864044e+02 3.690866e+02 4.352036e+02 4.638571e+02 4.336299e+02 4.557770e+02 4.575860e+02 
4.463524e+02 4.059004e+02 4.273730e+02 4.058865e+02 4.202149e+02 3.432697e+02 3.010808e+02 4.341387e+02 2.733419e+02 4.303648e+02 4.216596e+02 4.151210e+02 4.238520e+02 4.292176e+02 4.083013e+02 3.432697e+02 2.733419e+02 3.765176e+02 3.354921e+02 3.666415e+02 4.202149e+02 4.352036e+02 3.539715e+02 4.438704e+02 3.690866e+02 4.352036e+02 4.153412e+02 4.336299e+02 3.831029e+02 4.202149e+02 
4.134254e+02 3.949145e+02 3.885235e+02 3.899071e+02 4.149390e+02 3.265674e+02 3.010808e+02 3.346902e+02 2.733419e+02 3.957063e+02 4.094986e+02 3.070759e+02 3.701462e+02 3.739494e+02 3.532154e+02 3.265674e+02 2.733419e+02 3.139283e+02 3.009836e+02 2.833392e+02 4.149390e+02 3.844922e+02 3.518235e+02 4.078590e+02 3.690866e+02 3.844922e+02 3.774984e+02 4.047943e+02 3.831029e+02 4.149390e+02 
3.901475e+02 3.714935e+02 3.574201e+02 3.228300e+02 2.996844e+02 3.172920e+02 2.600826e+02 3.346902e+02 2.621613e+02 3.703340e+02 2.793137e+02 2.842424e+02 2.827477e+02 3.678608e+02 2.919369e+02 3.172920e+02 2.621613e+02 2.932298e+02 2.718137e+02 2.258835e+02 2.996844e+02 3.095212e+02 2.293007e+02 3.998389e+02 3.228699e+02 3.095212e+02 3.137531e+02 3.883366e+02 2.473415e+02 2.996844e+02 
3.247987e+02 2.246331e+02 2.182894e+02 2.587610e+02 2.420097e+02 3.172920e+02 2.273342e+02 2.617812e+02 2.561168e+02 3.373008e+02 2.655110e+02 2.570008e+02 2.483723e+02 2.952294e+02 2.881885e+02 3.172920e+02 2.561168e+02 2.504417e+02 2.699641e+02 1.907631e+02 2.420097e+02 2.913441e+02 1.874886e+02 3.655063e+02 3.172849e+02 2.913441e+02 2.159489e+02 3.273075e+02 1.909606e+02 2.420097e+02 
2.722959e+02 2.132930e+02 2.081343e+02 2.029296e+02 2.079252e+02 2.135051e+02 1.908815e+02 2.107784e+02 2.169382e+02 2.635975e+02 2.525051e+02 2.352071e+02 1.770253e+02 2.795625e+02 2.522584e+02 2.135051e+02 2.169382e+02 1.948662e+02 1.841158e+02 1.749049e+02 2.079252e+02 2.418662e+02 1.868774e+02 2.771650e+02 2.374399e+02 2.418662e+02 1.689276e+02 2.429542e+02 1.749014e+02 2.079252e+02 
2.583554e+02 2.033904e+02 1.975294e+02 1.677547e+02 1.969833e+02 1.884501e+02 1.667497e+02 1.947758e+02 1.975963e+02 2.442697e+02 2.274582e+02 1.679296e+02 1.731125e+02 2.182262e+02 1.905011e+02 1.884501e+02 1.975963e+02 1.938946e+02 1.787508e+02 1.554571e+02 1.969833e+02 1.801531e+02 1.546867e+02 2.562340e+02 2.133519e+02 1.801531e+02 1.630515e+02 2.364533e+02 1.475183e+02 1.969833e+02 
2.030849e+02 1.407794e+02 1.836289e+02 1.398244e+02 1.602811e+02 1.754589e+02 1.377992e+02 1.792662e+02 1.805116e+02 1.905906e+02 1.943449e+02 1.581210e+02 1.571564e+02 1.638204e+02 1.641687e+02 1.754589e+02 1.805116e+02 1.527838e+02 1.494165e+02 1.349330e+02 1.602811e+02 1.779215e+02 1.250237e+02 2.425218e+02 1.745411e+02 1.779215e+02 1.543972e+02 2.137330e+02 1.446042e+02 1.602811e+02 
1.547820e+02 1.263757e+02 1.525705e+02 1.195515e+02 1.541030e+02 1.363085e+02 1.222289e+02 1.633964e+02 1.451532e+02 1.712087e+02 1.549016e+02 1.562533e+02 1.386467e+02 1.227928e+02 1.377379e+02 1.363085e+02 1.451532e+02 1.411789e+02 1.321859e+02 1.147497e+02 1.541030e+02 1.440704e+02 1.175630e+02 1.987854e+02 1.350455e+02 1.440704e+02 1.286280e+02 1.491156e+02 1.366038e+02 1.541030e+02 
1.210635e+02 1.071859e+02 1.159957e+02 1.064685e+02 1.251196e+02 1.095866e+02 1.068371e+02 1.209937e+02 1.175028e+02 1.147734e+02 1.127885e+02 1.321804e+02 1.087723e+02 1.194436e+02 1.068196e+02 1.095866e+02 1.175028e+02 1.158004e+02 1.043083e+02 1.037947e+02 1.251196e+02 1.160626e+02 1.092569e+02 1.206829e+02 1.098558e+02 1.160626e+02 1.103309e+02 1.101146e+02 1.070862e+02 1.251196e+02 
1.000000e+02 1.000000e+02 1.000000e+02 1.000000e+02 1.000000e+02 1.000000e+02 1.000000e+02 1.000000e+02 1.000000e+02 1.000000e+02 1.000000e+02 1.000000e+02 1.000000e+02 1.000000e+02 2.321536e+01 1.000000e+02 1.000000e+02 1.000000e+02 1.000000e+02 1.000000e+02 1.000000e+02 1.000000e+02 1.000000e+02 0.000000e+00 1.000000e+02 1.000000e+02 1.000000e+02 1.000000e+02 1.000000e+02 1.000000e+02 
0.000000e+00 0.000000e+00 0.000000e+00 0.000000e+00 0.000000e+00 0.000000e+00 0.000000e+00 0.000000e+00 0.000000e+00 0.000000e+00 0.000000e+00 0.000000e+00 0.000000e+00 0.000000e+00 0.000000e+00 0.000000e+00 0.000000e+00 0.000000e+00 0.000000e+00 0.000000e+00 0.000000e+00 0.000000e+00 0.000000e+00 0.000000e+00 0.000000e+00 0.000000e+00 0.000000e+00 0.000000e+00 0.000000e+00 0.000000e+00 