6.421826e+03 5.828254e+03 4.448193e+03 4.364980e+03 5.500751e+03 5.859590e+03 5.661494e+03 2.994784e+03 2.963585e+03 6.470763e+03 5.185622e+03 3.409606e+03 6.170459e+03 6.300507e+03 3.754244e+03 5.591114e+03 4.628550e+03 3.064828e+03 6.864049e+03 7.248565e+03 5.500751e+03 5.884234e+03 4.697483e+03 3.487876e+03 3.057222e+03 6.422955e+03 4.832313e+03 7.029147e+03 3.933198e+03 6.861958e+03 
6.421826e+03 5.828254e+03 4.448193e+03 4.364980e+03 5.500751e+03 5.859590e+03 5.661494e+03 2.994784e+03 2.963585e+03 6.470763e+03 5.185622e+03 3.409606e+03 6.170459e+03 6.300507e+03 3.754244e+03 5.591114e+03 4.628550e+03 3.064828e+03 6.864049e+03 7.248565e+03 5.500751e+03 5.884234e+03 4.697483e+03 3.487876e+03 3.057222e+03 6.422955e+03 4.832313e+03 7.029147e+03 3.933198e+03 6.861958e+03 
6.421826e+03 5.828254e+03 4.448193e+03 4.364980e+03 5.500751e+03 5.859590e+03 5.661494e+03 2.994784e+03 2.963585e+03 6.470763e+03 5.185622e+03 3.409606e+03 6.170459e+03 6.300507e+03 3.754244e+03 5.591114e+03 4.628550e+03 3.064828e+03 6.864049e+03 7.248565e+03 5.500751e+03 5.884234e+03 4.697483e+03 3.487876e+03 3.057222e+03 6.422955e+03 4.832313e+03 7.029147e+03 3.933198e+03 6.861958e+03 
4.252169e+03 5.828254e+03 4.331375e+03 4.364980e+03 4.063960e+03 5.838725e+03 4.320786e+03 2.994784e+03 2.602992e+03 6.097454e+03 4.889560e+03 3.409606e+03 6.170459e+03 5.966543e+03 3.754244e+03 5.286752e+03 4.599206e+03 3.064828e+03 6.835785e+03 6.737729e+03 4.063960e+03 5.268276e+03 4.642958e+03 3.487876e+03 3.057222e+03 5.614011e+03 4.832313e+03 6.293565e+03 3.732602e+03 5.523377e+03 
3.910875e+03 5.828254e+03 4.331375e+03 4.364980e+03 4.063960e+03 5.191525e+03 4.318354e+03 2.994784e+03 2.551213e+03 4.619180e+03 4.889560e+03 3.409606e+03 5.494196e+03 5.966543e+03 3.754244e+03 5.286752e+03 4.599206e+03 3.064828e+03 6.835785e+03 6.124116e+03 4.063960e+03 4.975784e+03 4.642958e+03 3.487876e+03 3.057222e+03 5.614011e+03 4.779180e+03 3.824487e+03 3.732602e+03 3.131956e+03 
3.773388e+03 4.469879e+03 4.331375e+03 4.364980e+03 3.853201e+03 4.049501e+03 4.318354e+03 2.267623e+03 2.551213e+03 3.123838e+03 4.889560e+03 3.366958e+03 5.035253e+03 4.108146e+03 3.090599e+03 5.277781e+03 1.918391e+03 2.466979e+03 4.030365e+03 4.536336e+03 3.853201e+03 4.807256e+03 3.413721e+03 3.487876e+03 2.656027e+03 4.940067e+03 3.523135e+03 3.814255e+03 3.527829e+03 3.045800e+03 
2.124335e+03 2.922462e+03 2.510231e+03 2.560392e+03 3.853201e+03 2.880296e+03 3.056236e+03 2.267623e+03 2.551213e+03 2.169092e+03 2.653440e+03 3.035074e+03 3.993591e+03 3.136261e+03 2.399371e+03 4.610758e+03 1.692730e+03 2.466979e+03 2.380994e+03 3.932979e+03 3.853201e+03 3.517667e+03 3.413721e+03 2.632686e+03 2.533294e+03 3.543987e+03 2.487637e+03 2.425173e+03 3.275986e+03 1.618368e+03 
1.187976e+03 2.191078e+03 2.123065e+03 2.341138e+03 1.956989e+03 1.973046e+03 2.392167e+03 2.218164e+03 2.270850e+03 1.632201e+03 2.003198e+03 2.253119e+03 1.709141e+03 2.491149e+03 1.922529e+03 2.370730e+03 1.361139e+03 1.949430e+03 1.144435e+03 1.829397e+03 1.956989e+03 1.515654e+03 1.750578e+03 2.232853e+03 1.762719e+03 2.283006e+03 2.082886e+03 2.424985e+03 1.863739e+03 1.618368e+03 
1.115471e+03 1.136146e+03 1.360931e+03 9.501964e+02 1.170771e+03 1.265666e+03 1.209091e+03 1.038520e+03 1.131409e+03 1.493589e+03 9.960300e+02 1.006960e+03 1.093623e+03 1.523043e+03 1.352267e+03 1.202330e+03 1.108976e+03 1.142031e+03 1.138691e+03 1.028238e+03 1.170771e+03 1.276316e+03 1.506081e+03 1.176929e+03 1.301907e+03 1.352653e+03 1.020293e+03 1.441090e+03 1.319395e+03 1.041180e+03 
7.057245e+02 7.381201e+02 6.977162e+02 7.245836e+02 7.224469e+02 7.601181e+02 6.344488e+02 6.469920e+02 8.004795e+02 7.161042e+02 6.709871e+02 7.145443e+02 6.025992e+02 8.131225e+02 7.061839e+02 6.670180e+02 6.583955e+02 6.967045e+02 6.920253e+02 7.008342e+02 7.224469e+02 7.458291e+02 8.174640e+02 7.328860e+02 7.529365e+02 7.121970e+02 7.500193e+02 6.584167e+02 6.342825e+02 7.166706e+02 
5.316482e+02 5.296737e+02 5.271379e+02 5.260496e+02 5.273710e+02 5.310592e+02 5.356150e+02 5.158593e+02 5.382541e+02 5.393540e+02 5.416525e+02 5.123520e+02 5.329410e+02 5.478194e+02 5.328331e+02 5.363832e+02 5.229536e+02 5.405880e+02 5.362648e+02 5.397076e+02 5.273710e+02 5.167664e+02 4.939474e+02 5.309261e+02 5.294188e+02 5.261403e+02 5.334203e+02 5.253166e+02 5.474051e+02 5.303958e+02 
4.873647e+02 4.832023e+02 4.771002e+02 4.400982e+02 4.513849e+02 4.820687e+02 4.804758e+02 4.664003e+02 4.529823e+02 4.846091e+02 4.722765e+02 4.624222e+02 4.885246e+02 4.955020e+02 4.865916e+02 4.480704e+02 4.644553e+02 4.925356e+02 4.753444e+02 4.821197e+02 4.513849e+02 4.833302e+02 4.525456e+02 4.951135e+02 4.506376e+02 4.858214e+02 4.845497e+02 4.722656e+02 4.796470e+02 4.643624e+02 
4.529599e+02 4.457339e+02 4.423466e+02 4.234114e+02 4.331037e+02 4.413754e+02 4.365063e+02 4.303642e+02 4.220190e+02 4.578534e+02 4.446203e+02 4.337798e+02 4.556182e+02 4.428777e+02 4.310553e+02 4.319872e+02 4.358908e+02 4.681219e+02 4.312085e+02 4.670408e+02 4.331037e+02 4.494952e+02 4.271886e+02 4.702774e+02 4.252730e+02 4.459315e+02 4.495537e+02 4.252133e+02 4.407885e+02 4.306845e+02 
4.164733e+02 4.150040e+02 4.160537e+02 4.181848e+02 4.144132e+02 4.170349e+02 4.149997e+02 4.149107e+02 4.140489e+02 4.172162e+02 4.156327e+02 4.162225e+02 4.160869e+02 4.153555e+02 4.146660e+02 4.155353e+02 4.158415e+02 4.186918e+02 4.146076e+02 4.170004e+02 4.144132e+02 4.150604e+02 4.158994e+02 4.192202e+02 4.175202e+02 4.155426e+02 4.165586e+02 4.149249e+02 4.171706e+02 4.155539e+02 
4.137415e+02 4.137089e+02 4.137590e+02 4.138254e+02 4.136696e+02 4.136923e+02 4.137201e+02 4.136897e+02 4.136714e+02 4.137379e+02 4.136952e+02 4.137980e+02 4.136852e+02 4.137146e+02 4.136957e+02 4.137383e+02 4.136979e+02 4.137967e+02 4.136965e+02 4.137095e+02 4.136696e+02 4.137255e+02 4.138042e+02 4.137807e+02 4.137182e+02 4.137474e+02 4.137130e+02 4.137376e+02 4.137662e+02 4.137318e+02 
4.136573e+02 4.016434e+02 4.136573e+02 4.136573e+02 4.136573e+02 3.991248e+02 3.990379e+02 4.136573e+02 4.136573e+02 4.136573e+02 4.136573e+02 4.100752e+02 4.136573e+02 4.006555e+02 4.136573e+02 4.010028e+02 4.136573e+02 3.993030e+02 4.136573e+02 4.136573e+02 4.136573e+02 4.136573e+02 4.136573e+02 4.136573e+02 4.136573e+02 4.136584e+02 4.136573e+02 4.136573e+02 4.013460e+02 4.100952e+02 
0.000000e+00 0.000000e+00 0.000000e+00 0.000000e+00 0.000000e+00 0.000000e+00 0.000000e+00 0.000000e+00 0.000000e+00 0.000000e+00 0.000000e+00 0.000000e+00 0.000000e+00 0.000000e+00 0.000000e+00 0.000000e+00 0.000000e+00 0.000000e+00 0.000000e+00 0.000000e+00 0.000000e+00 0.000000e+00 0.000000e+00 0.000000e+00 0.000000e+00 0.000000e+00 0.000000e+00 0.000000e+00 0.000000e+00 0.000000e+00 