4.877492e+03 5.075905e+03 4.910629e+03 5.670306e+03 5.060569e+03 5.411193e+03 5.078766e+03 4.795680e+03 5.416946e+03 4.719601e+03 5.313174e+03 5.158166e+03 5.313174e+03 4.977899e+03 5.400735e+03 5.411193e+03 4.658731e+03 5.705940e+03 5.607822e+03 4.920503e+03 5.060569e+03 5.314019e+03 5.209174e+03 5.645734e+03 5.376037e+03 5.699312e+03 5.240783e+03 4.790694e+03 5.102121e+03 5.329094e+03 
4.877492e+03 5.075905e+03 4.910629e+03 5.670306e+03 5.060569e+03 5.411193e+03 5.078766e+03 4.795680e+03 5.416946e+03 4.719601e+03 5.313174e+03 5.158166e+03 5.313174e+03 4.977899e+03 5.400735e+03 5.411193e+03 4.658731e+03 5.705940e+03 5.607822e+03 4.920503e+03 5.060569e+03 5.314019e+03 5.209174e+03 5.645734e+03 5.376037e+03 5.699312e+03 5.240783e+03 4.790694e+03 5.102121e+03 5.329094e+03 
4.877492e+03 5.075905e+03 4.910629e+03 5.670306e+03 5.060569e+03 5.411193e+03 5.078766e+03 4.795680e+03 5.416946e+03 4.719601e+03 5.313174e+03 5.158166e+03 5.313174e+03 4.977899e+03 5.400735e+03 5.411193e+03 4.658731e+03 5.705940e+03 5.607822e+03 4.920503e+03 5.060569e+03 5.314019e+03 5.209174e+03 5.645734e+03 5.376037e+03 5.699312e+03 5.240783e+03 4.790694e+03 5.102121e+03 5.329094e+03 
4.877492e+03 5.075905e+03 4.414434e+03 5.161809e+03 5.060569e+03 5.411193e+03 5.016357e+03 4.163257e+03 5.416946e+03 4.719601e+03 5.313174e+03 5.158166e+03 5.313174e+03 4.977899e+03 5.400735e+03 5.411193e+03 4.154662e+03 5.701982e+03 5.167801e+03 4.861179e+03 5.060569e+03 5.314019e+03 5.209174e+03 5.645734e+03 5.130490e+03 5.699312e+03 5.240783e+03 4.692817e+03 5.102121e+03 5.224969e+03 
2.969896e+03 4.854215e+03 3.980537e+03 5.161809e+03 5.012974e+03 5.070825e+03 5.016357e+03 4.163257e+03 5.414087e+03 4.719601e+03 5.313174e+03 5.074651e+03 5.313174e+03 4.977899e+03 5.054833e+03 5.070825e+03 4.154662e+03 5.268643e+03 4.736901e+03 4.861179e+03 5.012974e+03 5.103765e+03 5.082748e+03 5.592427e+03 5.062628e+03 5.371761e+03 5.013697e+03 4.540327e+03 5.102121e+03 5.102337e+03 
2.850380e+03 4.537748e+03 3.696164e+03 4.628640e+03 4.900348e+03 4.916283e+03 4.819005e+03 4.033177e+03 4.873991e+03 4.267886e+03 5.096228e+03 4.504432e+03 5.096228e+03 4.729592e+03 4.874180e+03 4.916283e+03 3.903424e+03 4.650899e+03 4.565037e+03 4.810109e+03 4.900348e+03 4.774644e+03 4.852042e+03 5.228489e+03 5.025833e+03 4.997976e+03 5.013697e+03 4.396500e+03 4.709298e+03 4.776455e+03 
2.850380e+03 2.323855e+03 3.696164e+03 4.330490e+03 4.681517e+03 4.002010e+03 4.365582e+03 2.911051e+03 3.847684e+03 4.141437e+03 4.548382e+03 3.980430e+03 4.548382e+03 4.074328e+03 4.033528e+03 4.002010e+03 3.443663e+03 4.054364e+03 3.726829e+03 3.896604e+03 4.681517e+03 4.345675e+03 4.788235e+03 4.458371e+03 4.638328e+03 3.971564e+03 4.516401e+03 4.035695e+03 4.160271e+03 3.972909e+03 
2.551994e+03 1.880305e+03 2.940533e+03 3.976666e+03 3.572421e+03 3.779049e+03 3.330626e+03 2.621643e+03 3.474190e+03 3.185154e+03 2.995477e+03 2.483772e+03 2.995477e+03 2.550657e+03 3.604289e+03 3.779049e+03 2.818802e+03 3.171588e+03 3.371355e+03 2.677016e+03 3.572421e+03 3.768888e+03 3.640261e+03 3.677802e+03 2.731368e+03 3.643685e+03 3.157182e+03 3.692508e+03 3.520066e+03 3.046174e+03 
2.321208e+03 1.064966e+03 1.618215e+03 2.783203e+03 2.668835e+03 2.265124e+03 1.942251e+03 2.372162e+03 2.731362e+03 2.073255e+03 2.578147e+03 1.620892e+03 2.578147e+03 1.644431e+03 2.454825e+03 2.265124e+03 2.111959e+03 2.087418e+03 2.143609e+03 2.158466e+03 2.668835e+03 2.465667e+03 2.399324e+03 2.229251e+03 2.189672e+03 2.737156e+03 2.409189e+03 2.528289e+03 2.608273e+03 2.074709e+03 
1.111258e+03 7.774086e+02 8.627432e+02 1.084548e+03 1.222120e+03 7.366114e+02 1.001057e+03 9.685679e+02 1.303766e+03 1.146934e+03 1.493966e+03 8.358002e+02 1.493966e+03 1.006837e+03 1.153671e+03 7.366114e+02 1.126742e+03 1.237364e+03 1.179906e+03 1.153427e+03 1.222120e+03 1.114467e+03 1.081914e+03 1.069427e+03 1.231255e+03 1.345474e+03 1.493462e+03 1.454180e+03 1.286628e+03 1.327399e+03 
2.614934e+02 1.484044e+02 1.771699e+02 3.033370e+02 2.862504e+02 2.325103e+02 2.872643e+02 2.577718e+02 3.086003e+02 2.359819e+02 3.064864e+02 1.780057e+02 3.064864e+02 2.100163e+02 3.053221e+02 2.325103e+02 2.816371e+02 2.180667e+02 2.313181e+02 2.733692e+02 2.862504e+02 2.390243e+02 2.143671e+02 2.643189e+02 1.763475e+02 2.140724e+02 3.111338e+02 4.215229e+02 2.262060e+02 2.005690e+02 
1.345945e+01 8.080613e+00 1.155753e+01 1.114266e+01 1.974592e+01 1.205346e+01 7.317686e+00 8.729691e+00 1.376044e+01 9.027818e+00 1.077252e+01 1.002010e+01 1.077252e+01 1.759809e+01 5.527148e+00 1.205346e+01 9.285670e+00 1.023134e+01 1.216703e+01 1.514142e+01 1.974592e+01 1.196252e+01 1.476785e+01 1.154182e+01 1.027989e+01 1.666055e+01 1.282169e+01 1.842992e+01 5.058166e+00 1.053528e+01 
3.747256e-04 4.450917e-04 4.418273e-04 3.962653e-04 6.875161e-04 3.065248e-05 3.062361e-04 1.775410e-04 1.107186e-03 1.630329e-04 2.048050e-04 1.112579e-04 2.048050e-04 6.119183e-04 2.696625e-04 3.065248e-05 2.749802e-04 2.851407e-04 1.457921e-04 5.782297e-04 6.875161e-04 2.739712e-04 2.289847e-04 3.552383e-04 8.077967e-04 1.046403e-03 4.324949e-04 3.454553e-04 4.578859e-04 1.811379e-04 
0.000000e+00 0.000000e+00 0.000000e+00 0.000000e+00 0.000000e+00 0.000000e+00 0.000000e+00 0.000000e+00 0.000000e+00 0.000000e+00 0.000000e+00 0.000000e+00 0.000000e+00 0.000000e+00 0.000000e+00 0.000000e+00 0.000000e+00 0.000000e+00 0.000000e+00 0.000000e+00 0.000000e+00 0.000000e+00 0.000000e+00 0.000000e+00 0.000000e+00 0.000000e+00 0.000000e+00 0.000000e+00 0.000000e+00 0.000000e+00 
0.000000e+00 0.000000e+00 0.000000e+00 0.000000e+00 0.000000e+00 0.000000e+00 0.000000e+00 0.000000e+00 0.000000e+00 0.000000e+00 0.000000e+00 0.000000e+00 0.000000e+00 0.000000e+00 0.000000e+00 0.000000e+00 0.000000e+00 0.000000e+00 0.000000e+00 0.000000e+00 0.000000e+00 0.000000e+00 0.000000e+00 0.000000e+00 0.000000e+00 0.000000e+00 0.000000e+00 0.000000e+00 0.000000e+00 0.000000e+00 
0.000000e+00 0.000000e+00 0.000000e+00 0.000000e+00 0.000000e+00 0.000000e+00 0.000000e+00 0.000000e+00 0.000000e+00 0.000000e+00 0.000000e+00 0.000000e+00 0.000000e+00 0.000000e+00 0.000000e+00 0.000000e+00 0.000000e+00 0.000000e+00 0.000000e+00 0.000000e+00 0.000000e+00 0.000000e+00 0.000000e+00 0.000000e+00 0.000000e+00 0.000000e+00 0.000000e+00 0.000000e+00 0.000000e+00 0.000000e+00 
0.000000e+00 0.000000e+00 0.000000e+00 0.000000e+00 0.000000e+00 0.000000e+00 0.000000e+00 0.000000e+00 0.000000e+00 0.000000e+00 0.000000e+00 0.000000e+00 0.000000e+00 0.000000e+00 0.000000e+00 0.000000e+00 0.000000e+00 0.000000e+00 0.000000e+00 0.000000e+00 0.000000e+00 0.000000e+00 0.000000e+00 0.000000e+00 0.000000e+00 0.000000e+00 0.000000e+00 0.000000e+00 0.000000e+00 0.000000e+00 