3.174033e+06 1.223090e+06 4.612511e+06 8.925407e+06 2.148568e+06 5.794115e+05 1.737148e+06 2.131034e+06 5.596931e+06 1.821918e+07 3.214090e+05 1.997858e+06 3.214090e+05 1.193726e+06 3.000482e+06 5.794115e+05 5.596931e+06 1.566399e+07 1.534264e+07 3.260979e+06 2.148568e+06 2.131034e+06 1.456729e+06 6.412480e+06 2.249161e+06 4.935327e+06 3.283997e+06 1.962899e+06 1.147104e+06 2.148568e+06 
3.174033e+06 1.223090e+06 4.610195e+06 8.925407e+06 1.491954e+06 5.794115e+05 1.737148e+06 2.131034e+06 5.596931e+06 8.272415e+06 3.214090e+05 1.997858e+06 3.214090e+05 8.279608e+03 3.000482e+06 5.794115e+05 5.596931e+06 2.237142e+06 1.302955e+07 2.358271e+06 1.491954e+06 2.131034e+06 1.456370e+06 6.412480e+06 2.249161e+06 3.593310e+06 3.283997e+06 1.962646e+06 1.147104e+06 1.491954e+06 
3.174033e+06 1.223090e+06 4.610195e+06 8.925407e+06 1.491954e+06 5.794115e+05 1.737148e+06 2.131034e+06 5.596931e+06 8.272415e+06 3.214090e+05 1.997858e+06 3.214090e+05 8.279608e+03 3.000482e+06 5.794115e+05 5.596931e+06 2.237142e+06 1.302955e+07 2.358271e+06 1.491954e+06 2.131034e+06 1.456370e+06 6.412480e+06 2.249161e+06 3.593310e+06 3.283997e+06 1.962646e+06 1.147104e+06 1.491954e+06 
3.173887e+06 2.235381e+05 4.610172e+06 6.925085e+06 1.491954e+06 5.794115e+05 1.736798e+06 2.130616e+06 1.858968e+06 8.272415e+06 3.214090e+05 1.997858e+06 3.214090e+05 8.279608e+03 2.999918e+06 5.794115e+05 1.858968e+06 2.204646e+06 1.280959e+07 2.355407e+06 1.491954e+06 2.130616e+06 1.456274e+06 6.412480e+06 2.249161e+06 1.739718e+06 3.072500e+06 1.962646e+06 1.147104e+06 1.491954e+06 
3.129002e+06 2.235381e+05 3.652396e+06 6.749303e+05 1.491954e+06 5.364384e+05 1.736785e+06 1.712497e+06 1.507248e+06 9.798447e+05 3.171954e+05 1.772770e+06 3.171954e+05 8.279608e+03 2.999918e+06 5.364384e+05 1.507248e+06 1.250401e+06 2.189678e+06 2.355121e+06 1.491954e+06 1.712497e+06 2.173363e+05 6.411641e+06 5.160973e+05 6.946445e+05 1.961972e+06 1.962646e+06 1.147104e+06 1.491954e+06 
2.942568e+06 2.235381e+05 3.241400e+06 6.749256e+05 5.742167e+05 2.184676e+05 2.231131e+05 1.712497e+06 1.697193e+03 2.350720e+05 3.068442e+05 1.772770e+06 3.068442e+05 5.133510e+03 9.381105e+05 2.184676e+05 1.697193e+03 1.249909e+06 5.149746e+04 6.711001e+05 5.742167e+05 1.712497e+06 2.173363e+05 5.777706e+06 5.160973e+05 6.946445e+05 1.961972e+06 1.962323e+06 6.809272e+05 5.742167e+05 
2.914979e+06 1.862051e+05 1.538288e+06 2.834870e+05 5.539427e+05 2.179970e+05 1.339915e+05 1.561366e+06 1.454156e+03 1.682311e+05 3.042700e+05 3.040117e+05 3.042700e+05 4.280217e+03 4.580243e+05 2.179970e+05 1.454156e+03 6.631417e+05 3.479903e+04 5.439085e+04 5.539427e+05 1.561366e+06 2.173133e+05 7.407655e+05 5.101798e+05 6.944891e+05 2.252867e+05 9.455976e+05 4.409086e+05 5.539427e+05 
9.348448e+04 3.232938e+04 2.268974e+04 2.834010e+05 1.463147e+05 1.411844e+05 1.339908e+05 1.046574e+05 9.564776e+02 6.617850e+04 1.388422e+05 1.486096e+05 1.388422e+05 4.280217e+03 4.192849e+05 1.411844e+05 9.564776e+02 7.816868e+04 3.458278e+04 4.662622e+04 1.463147e+05 1.046574e+05 6.349052e+03 3.389029e+05 4.103568e+05 3.695373e+05 1.045979e+05 3.219130e+05 3.804372e+04 1.463147e+05 
1.208448e+04 1.879113e+04 2.219392e+04 6.023014e+04 1.022903e+04 1.012664e+04 3.272627e+04 5.040548e+03 9.564776e+02 1.181989e+04 3.212867e+04 7.014967e+03 3.212867e+04 4.280217e+03 3.643703e+04 1.012664e+04 9.564776e+02 1.117817e+04 3.435769e+04 2.919597e+03 1.022903e+04 5.040548e+03 2.185661e+03 1.370361e+04 4.534875e+04 1.118980e+04 1.408421e+04 2.072000e+04 7.169062e+03 1.022903e+04 
4.209554e+03 9.119825e+02 7.636665e+02 1.362366e+03 3.834618e+03 1.918718e+03 6.468354e+02 1.694184e+03 7.171915e+02 1.388310e+03 2.466902e+03 3.537346e+03 2.466902e+03 1.256928e+03 7.896813e+02 1.918718e+03 7.171915e+02 8.923896e+02 2.077522e+03 1.952161e+03 3.834618e+03 1.694184e+03 9.097852e+02 2.580142e+03 1.474201e+03 1.462918e+03 1.783452e+03 3.893669e+03 1.659651e+03 3.834618e+03 
9.421104e+01 2.215856e+02 1.338841e+02 1.504803e+02 9.207048e+01 1.278809e+02 7.297797e+01 1.355094e+02 1.942487e+01 1.662199e+02 2.631093e+02 1.760665e+02 2.631093e+02 1.089216e+02 9.278858e+01 1.278809e+02 1.942487e+01 2.202190e+02 6.963836e+01 2.150202e+02 9.207048e+01 1.355094e+02 1.156744e+02 1.691628e+02 6.279271e+00 7.601593e+01 4.602723e+01 2.518898e+02 8.801739e+01 9.207048e+01 
3.071712e+00 6.798279e+00 5.470404e+00 1.411281e+01 5.533636e+00 5.309636e+00 5.242983e-01 8.209108e+00 2.965532e+00 2.845185e+00 3.589327e+00 8.204743e+00 3.589327e+00 6.899250e+00 3.633994e+00 5.309636e+00 2.965532e+00 8.037939e+00 3.018767e+00 1.383426e+01 5.533636e+00 8.209108e+00 2.679938e-01 3.122391e+00 3.500256e+00 5.838308e+00 4.109736e+00 6.613615e+00 5.853129e+00 5.533636e+00 
2.976671e-04 1.398600e-02 1.346786e-03 2.857516e-04 3.217120e-03 7.047210e-03 3.135186e-05 8.469051e-04 3.243825e-06 6.253679e-04 2.826972e-03 1.162510e-04 2.826972e-03 1.572880e-03 2.198634e-05 7.047210e-03 3.243825e-06 9.255589e-02 3.057144e-05 2.355228e-04 3.217120e-03 8.469051e-04 1.688078e-05 1.372995e-04 3.015235e-05 4.717892e-05 1.034637e-04 1.424657e-04 3.366012e-04 3.217120e-03 
0.000000e+00 0.000000e+00 0.000000e+00 0.000000e+00 0.000000e+00 0.000000e+00 0.000000e+00 0.000000e+00 0.000000e+00 0.000000e+00 0.000000e+00 0.000000e+00 0.000000e+00 0.000000e+00 0.000000e+00 0.000000e+00 0.000000e+00 0.000000e+00 0.000000e+00 0.000000e+00 0.000000e+00 0.000000e+00 0.000000e+00 0.000000e+00 0.000000e+00 0.000000e+00 0.000000e+00 0.000000e+00 0.000000e+00 0.000000e+00 
0.000000e+00 0.000000e+00 0.000000e+00 0.000000e+00 0.000000e+00 0.000000e+00 0.000000e+00 0.000000e+00 0.000000e+00 0.000000e+00 0.000000e+00 0.000000e+00 0.000000e+00 0.000000e+00 0.000000e+00 0.000000e+00 0.000000e+00 0.000000e+00 0.000000e+00 0.000000e+00 0.000000e+00 0.000000e+00 0.000000e+00 0.000000e+00 0.000000e+00 0.000000e+00 0.000000e+00 0.000000e+00 0.000000e+00 0.000000e+00 
0.000000e+00 0.000000e+00 0.000000e+00 0.000000e+00 0.000000e+00 0.000000e+00 0.000000e+00 0.000000e+00 0.000000e+00 0.000000e+00 0.000000e+00 0.000000e+00 0.000000e+00 0.000000e+00 0.000000e+00 0.000000e+00 0.000000e+00 0.000000e+00 0.000000e+00 0.000000e+00 0.000000e+00 0.000000e+00 0.000000e+00 0.000000e+00 0.000000e+00 0.000000e+00 0.000000e+00 0.000000e+00 0.000000e+00 0.000000e+00 
0.000000e+00 0.000000e+00 0.000000e+00 0.000000e+00 0.000000e+00 0.000000e+00 0.000000e+00 0.000000e+00 0.000000e+00 0.000000e+00 0.000000e+00 0.000000e+00 0.000000e+00 0.000000e+00 0.000000e+00 0.000000e+00 0.000000e+00 0.000000e+00 0.000000e+00 0.000000e+00 0.000000e+00 0.000000e+00 0.000000e+00 0.000000e+00 0.000000e+00 0.000000e+00 0.000000e+00 0.000000e+00 0.000000e+00 0.000000e+00 