4.284087e+02 3.209395e+02 5.029115e+02 4.765630e+02 5.132756e+02 3.444220e+02 5.131267e+02 2.423859e+02 5.977515e+02 3.282259e+02 3.895499e+02 6.483056e+02 1.657030e+02 5.049242e+02 5.565465e+02 3.444220e+02 5.977515e+02 3.890524e+02 4.090463e+02 4.105580e+02 5.132756e+02 3.587391e+02 4.740902e+02 2.985876e+02 4.280960e+02 3.587391e+02 3.183494e+02 3.628831e+02 5.705841e+02 5.132756e+02 
4.284087e+02 3.209395e+02 4.004659e+02 4.649169e+02 5.132756e+02 3.444220e+02 4.972263e+02 2.423859e+02 4.078341e+02 3.282259e+02 3.895499e+02 6.400122e+02 1.657030e+02 5.049242e+02 3.437156e+02 3.444220e+02 4.078341e+02 3.890524e+02 4.090463e+02 4.105580e+02 5.132756e+02 3.587391e+02 4.438734e+02 2.985876e+02 4.280960e+02 3.587391e+02 3.183494e+02 3.628831e+02 5.276653e+02 5.132756e+02 
4.284087e+02 3.209395e+02 4.004659e+02 4.649169e+02 5.132756e+02 3.444220e+02 4.972263e+02 2.423859e+02 4.078341e+02 3.282259e+02 3.895499e+02 6.400122e+02 1.657030e+02 5.049242e+02 3.437156e+02 3.444220e+02 4.078341e+02 3.890524e+02 4.090463e+02 4.105580e+02 5.132756e+02 3.587391e+02 4.438734e+02 2.985876e+02 4.280960e+02 3.587391e+02 3.183494e+02 3.628831e+02 5.276653e+02 5.132756e+02 
4.284087e+02 3.180164e+02 2.605839e+02 3.996558e+02 4.043579e+02 3.326096e+02 4.806686e+02 2.423859e+02 3.607495e+02 2.778066e+02 3.895499e+02 4.904227e+02 1.324563e+02 4.515917e+02 3.403902e+02 3.326096e+02 3.607495e+02 3.890524e+02 2.931454e+02 4.105580e+02 4.043579e+02 3.587391e+02 4.374917e+02 2.985876e+02 3.714660e+02 3.587391e+02 2.812641e+02 3.628831e+02 1.642414e+02 4.043579e+02 
3.545534e+02 2.420014e+02 2.448751e+02 3.039054e+02 3.115275e+02 3.220149e+02 2.706766e+02 2.313451e+02 3.369636e+02 2.508990e+02 3.247111e+02 3.810335e+02 1.324563e+02 3.411012e+02 2.594555e+02 3.220149e+02 3.369636e+02 3.890524e+02 2.855075e+02 3.581054e+02 3.115275e+02 1.713244e+02 3.685214e+02 2.985876e+02 3.048415e+02 1.713244e+02 2.812641e+02 3.628831e+02 1.590241e+02 3.115275e+02 
2.521149e+02 2.281012e+02 2.214292e+02 3.039054e+02 2.334559e+02 1.556151e+02 2.269144e+02 2.313451e+02 2.350493e+02 2.504450e+02 2.429897e+02 3.602155e+02 1.322381e+02 2.180246e+02 1.806970e+02 1.556151e+02 2.350493e+02 2.984639e+02 2.439643e+02 2.312439e+02 2.334559e+02 1.147448e+02 2.223690e+02 2.026094e+02 2.837310e+02 1.147448e+02 2.634855e+02 2.553043e+02 1.340306e+02 2.334559e+02 
1.263153e+02 1.418575e+02 1.303259e+02 1.887793e+02 9.896204e+01 1.442938e+02 1.446771e+02 1.341461e+02 1.732004e+02 1.284721e+02 1.354863e+02 1.881344e+02 1.322381e+02 1.192678e+02 1.534743e+02 1.442938e+02 1.732004e+02 2.074231e+02 2.021500e+02 1.584240e+02 9.896204e+01 1.002792e+02 1.232923e+02 9.825787e+01 1.260654e+02 1.002792e+02 1.296617e+02 1.123655e+02 9.694501e+01 9.896204e+01 
9.108798e+01 8.060486e+01 7.402128e+01 8.357140e+01 4.452728e+01 9.501242e+01 9.185224e+01 5.112481e+01 7.313811e+01 8.330349e+01 9.581629e+01 9.844830e+01 8.762512e+01 8.596542e+01 7.190310e+01 9.501242e+01 7.313811e+01 9.260293e+01 9.699035e+01 8.048854e+01 4.452728e+01 5.826432e+01 1.029036e+02 7.847814e+01 1.137169e+02 5.826432e+01 1.057979e+02 1.083717e+02 9.072961e+01 4.452728e+01 
3.373113e+01 6.099769e+01 4.943826e+01 4.422234e+01 2.649163e+01 5.875215e+01 4.388614e+01 9.527581e+00 4.597078e+01 5.287121e+01 4.993359e+01 4.117703e+01 5.793925e+01 4.534904e+01 4.159797e+01 5.875215e+01 4.597078e+01 4.751507e+01 3.137930e+01 6.410989e+01 2.649163e+01 5.695242e+01 4.178573e+01 4.418863e+01 6.494980e+01 5.695242e+01 3.244706e+01 4.918619e+01 5.173069e+01 2.649163e+01 
1.476329e+01 2.037365e+01 1.490651e+01 2.065764e+01 1.478539e+01 1.786592e+01 2.148708e+01 9.527581e+00 1.605657e+01 1.624073e+01 1.154252e+01 1.992122e+01 2.067675e+01 1.941833e+01 1.652643e+01 1.786592e+01 1.605657e+01 1.886921e+01 2.404836e+01 2.275210e+01 1.478539e+01 1.897833e+01 2.119628e+01 2.631802e+01 1.562798e+01 1.897833e+01 2.381538e+01 1.772245e+01 2.281524e+01 1.478539e+01 
3.881763e+00 4.658072e+00 3.964045e+00 5.981396e+00 4.341075e+00 2.976046e+00 3.105831e+00 6.317663e+00 9.723487e-01 6.344213e+00 2.159625e+00 7.066605e+00 5.456575e+00 3.611186e+00 4.116619e+00 2.976046e+00 9.723487e-01 5.723880e+00 6.419593e+00 6.034080e+00 4.341075e+00 8.074712e-01 2.299934e+00 6.141076e+00 6.621760e+00 8.074712e-01 3.447513e+00 3.332615e+00 5.303718e+00 4.341075e+00 
4.848929e-02 6.513798e-02 5.600607e-02 9.468821e-02 6.567884e-03 7.420394e-02 4.550702e-02 7.916919e-02 6.934639e-02 6.468733e-02 6.077799e-02 5.109099e-02 5.205372e-02 5.772281e-02 6.484335e-02 7.420394e-02 6.934639e-02 6.333137e-02 1.665965e-02 9.678900e-02 6.567884e-03 9.658255e-02 7.384782e-02 4.411606e-03 7.847637e-02 9.658255e-02 3.418330e-02 7.114492e-02 5.494707e-02 6.567884e-03 
1.067771e-04 9.236759e-05 1.451127e-04 1.270223e-04 1.025288e-04 7.010272e-05 1.235705e-04 2.174542e-04 1.054817e-04 7.884528e-05 9.121687e-05 2.318441e-04 1.469072e-04 1.770937e-04 4.701219e-06 7.010272e-05 1.054817e-04 1.180911e-04 9.811155e-05 1.918351e-05 1.025288e-04 1.211987e-04 1.818081e-04 1.945800e-04 1.158272e-04 1.211987e-04 8.084198e-05 1.136240e-04 2.607877e-04 1.025288e-04 
0.000000e+00 0.000000e+00 0.000000e+00 0.000000e+00 0.000000e+00 0.000000e+00 0.000000e+00 0.000000e+00 0.000000e+00 0.000000e+00 0.000000e+00 0.000000e+00 0.000000e+00 0.000000e+00 0.000000e+00 0.000000e+00 0.000000e+00 0.000000e+00 0.000000e+00 0.000000e+00 0.000000e+00 0.000000e+00 0.000000e+00 0.000000e+00 0.000000e+00 0.000000e+00 0.000000e+00 0.000000e+00 0.000000e+00 0.000000e+00 
0.000000e+00 0.000000e+00 0.000000e+00 0.000000e+00 0.000000e+00 0.000000e+00 0.000000e+00 0.000000e+00 0.000000e+00 0.000000e+00 0.000000e+00 0.000000e+00 0.000000e+00 0.000000e+00 0.000000e+00 0.000000e+00 0.000000e+00 0.000000e+00 0.000000e+00 0.000000e+00 0.000000e+00 0.000000e+00 0.000000e+00 0.000000e+00 0.000000e+00 0.000000e+00 0.000000e+00 0.000000e+00 0.000000e+00 0.000000e+00 
0.000000e+00 0.000000e+00 0.000000e+00 0.000000e+00 0.000000e+00 0.000000e+00 0.000000e+00 0.000000e+00 0.000000e+00 0.000000e+00 0.000000e+00 0.000000e+00 0.000000e+00 0.000000e+00 0.000000e+00 0.000000e+00 0.000000e+00 0.000000e+00 0.000000e+00 0.000000e+00 0.000000e+00 0.000000e+00 0.000000e+00 0.000000e+00 0.000000e+00 0.000000e+00 0.000000e+00 0.000000e+00 0.000000e+00 0.000000e+00 
0.000000e+00 0.000000e+00 0.000000e+00 0.000000e+00 0.000000e+00 0.000000e+00 0.000000e+00 0.000000e+00 0.000000e+00 0.000000e+00 0.000000e+00 0.000000e+00 0.000000e+00 0.000000e+00 0.000000e+00 0.000000e+00 0.000000e+00 0.000000e+00 0.000000e+00 0.000000e+00 0.000000e+00 0.000000e+00 0.000000e+00 0.000000e+00 0.000000e+00 0.000000e+00 0.000000e+00 0.000000e+00 0.000000e+00 0.000000e+00 