3.901334e+05 2.423833e+05 5.602545e+05 9.356280e+04 4.449705e+05 5.850764e+05 6.304838e+05 4.251548e+05 3.276200e+05 1.423018e+05 2.500649e+05 2.549243e+05 2.500649e+05 2.973670e+05 3.750089e+05 5.850764e+05 2.053952e+05 1.840175e+05 3.324250e+05 1.813436e+05 4.449705e+05 4.251548e+05 4.991117e+05 2.904930e+05 5.709293e+05 2.185784e+05 2.257831e+05 4.072287e+05 2.307419e+05 4.449705e+05 
3.901334e+05 2.423833e+05 5.602545e+05 9.356280e+04 4.449705e+05 5.850764e+05 6.304838e+05 4.251548e+05 3.276200e+05 1.423018e+05 2.500649e+05 2.549243e+05 2.500649e+05 2.973670e+05 3.750089e+05 5.850764e+05 2.053952e+05 1.840175e+05 3.324250e+05 1.813436e+05 4.449705e+05 4.251548e+05 4.991117e+05 2.904930e+05 5.709293e+05 2.185784e+05 2.257831e+05 4.072287e+05 2.307419e+05 4.449705e+05 
3.901334e+05 2.423833e+05 5.602545e+05 9.356280e+04 4.449705e+05 5.850764e+05 6.304838e+05 4.251548e+05 3.276200e+05 1.423018e+05 2.500649e+05 2.549243e+05 2.500649e+05 2.973670e+05 3.750089e+05 5.850764e+05 2.053952e+05 1.840175e+05 3.324250e+05 1.813436e+05 4.449705e+05 4.251548e+05 4.991117e+05 2.904930e+05 5.709293e+05 2.185784e+05 2.257831e+05 4.072287e+05 2.307419e+05 4.449705e+05 
3.901334e+05 2.423833e+05 5.602545e+05 9.356280e+04 4.430044e+05 2.974955e+05 5.002012e+04 4.251548e+05 3.222153e+05 1.423018e+05 2.500649e+05 2.358093e+05 2.500649e+05 1.804149e+05 4.057441e+04 2.974955e+05 1.926845e+05 1.815290e+05 1.251173e+05 1.813436e+05 4.430044e+05 4.251548e+05 4.299827e+05 2.094274e+05 4.036121e+05 2.185784e+05 8.307935e+04 4.072287e+05 2.160582e+05 4.430044e+05 
3.901334e+05 1.122683e+05 3.844543e+05 9.356280e+04 1.327062e+05 8.020394e+04 5.002012e+04 3.010484e+05 1.039865e+05 8.119229e+04 2.035374e+05 1.044913e+05 2.035374e+05 4.875457e+04 3.922286e+04 8.020394e+04 1.926845e+05 1.458798e+05 6.671215e+04 1.416890e+05 1.327062e+05 3.010484e+05 2.752803e+05 1.759154e+05 2.994133e+05 2.106207e+05 8.307935e+04 2.628072e+05 1.959817e+05 1.327062e+05 
2.085259e+05 9.746946e+04 9.611357e+04 9.247411e+04 1.327062e+05 1.919578e+04 5.002012e+04 2.620151e+05 1.027368e+05 6.201546e+04 2.316845e+04 7.073605e+04 2.316845e+04 2.382958e+04 3.751175e+04 1.919578e+04 4.973128e+04 4.182162e+03 6.671215e+04 1.387642e+05 1.327062e+05 2.620151e+05 2.012328e+05 1.096523e+05 1.945476e+05 2.106207e+05 8.307935e+04 3.198447e+04 1.959817e+05 1.327062e+05 
1.516275e+05 3.531933e+04 4.126828e+04 3.737238e+04 1.327062e+05 1.919578e+04 1.417044e+04 1.314260e+05 6.066609e+04 5.467573e+04 2.292799e+04 5.023008e+04 2.292799e+04 2.382958e+04 3.229781e+04 1.919578e+04 7.581930e+03 4.182162e+03 1.765394e+04 2.027628e+04 1.327062e+05 1.314260e+05 1.980607e+04 1.771993e+04 6.173700e+04 9.494327e+04 5.420938e+03 1.978906e+04 6.505076e+04 1.327062e+05 
4.608532e+03 3.159777e+03 1.327162e+04 1.497322e+04 3.472021e+04 9.997100e+03 1.386386e+04 6.018672e+03 6.098056e+03 1.308826e+03 1.139588e+04 9.672311e+03 1.139588e+04 7.502021e+03 2.529585e+03 9.997100e+03 3.189396e+03 3.124001e+03 2.562487e+03 6.943190e+03 3.472021e+04 6.018672e+03 1.782190e+04 1.586401e+04 1.723053e+04 3.336072e+03 5.210941e+03 3.957560e+03 1.046655e+04 3.472021e+04 
1.115662e+03 1.378092e+03 8.232886e+02 1.460657e+03 6.045214e+02 9.069610e+02 1.713524e+03 1.206251e+03 7.531097e+02 7.558785e+02 2.249538e+03 7.151230e+02 2.249538e+03 3.425536e+02 4.567619e+02 9.069610e+02 2.820051e+02 8.523406e+02 1.216821e+03 8.588846e+02 6.045214e+02 1.206251e+03 1.071557e+03 1.386393e+03 6.325961e+02 6.895604e+02 6.375624e+02 2.789864e+02 8.055132e+02 6.045214e+02 
8.009972e+01 3.552027e+01 4.356399e+01 6.989101e+01 1.005385e+02 1.140913e+02 6.660043e+01 6.471589e+01 3.596113e+01 4.816337e+01 6.712081e+01 4.868019e+01 6.712081e+01 3.504661e+01 7.073187e+01 1.140913e+02 7.112662e+01 7.217761e+01 2.378763e+01 1.013151e+02 1.005385e+02 6.471589e+01 7.723936e+01 6.567831e+01 6.599450e+01 5.609502e+01 4.262565e+01 6.257678e+01 3.688929e+01 1.005385e+02 
1.245324e+01 1.183579e+01 1.134610e+01 1.253040e+01 1.079252e+01 1.050677e+01 1.206970e+01 1.222794e+01 1.012075e+01 1.007867e+01 1.187222e+01 9.544234e+00 1.187222e+01 1.065611e+01 1.088602e+01 1.050677e+01 1.026347e+01 8.779507e+00 1.140269e+01 1.145513e+01 1.079252e+01 1.222794e+01 1.119585e+01 1.195489e+01 1.150885e+01 1.157854e+01 1.048447e+01 8.881580e+00 1.659689e+00 1.079252e+01 
3.625203e+00 5.461691e+00 3.119838e+00 4.935799e+00 6.221830e+00 4.863968e+00 4.903699e+00 3.808084e+00 3.910053e+00 5.659910e+00 4.724589e+00 5.350110e+00 4.724589e+00 4.673927e+00 2.963533e+00 4.863968e+00 4.045417e+00 4.597459e+00 5.376835e+00 4.424778e+00 6.221830e+00 3.808084e+00 7.156127e-02 4.111924e+00 4.769321e+00 5.576286e+00 8.927589e-01 5.656994e+00 1.377784e+00 6.221830e+00 
2.529631e-01 4.144096e-01 1.874801e+00 2.157097e+00 2.826906e+00 2.412394e+00 6.138686e-02 2.707958e-04 1.071431e-01 1.804032e+00 1.806878e+00 6.076708e-03 1.806878e+00 1.906498e+00 4.740532e-02 2.412394e+00 9.139642e-01 7.494486e-01 2.961217e+00 1.105037e+00 2.826906e+00 2.707958e-04 4.994389e-02 2.741364e+00 4.649410e-03 9.341334e-03 3.173474e-01 2.249540e+00 9.674142e-01 2.826906e+00 
6.386740e-04 3.088745e-02 3.443420e-05 1.520618e-04 9.463506e-03 8.216606e-03 2.098352e-07 0.000000e+00 1.567403e-02 1.712605e-06 1.464812e-03 2.227717e-03 1.464812e-03 1.597005e-02 2.176492e-06 8.216606e-03 7.820288e-04 4.809362e-05 7.046776e-04 1.645389e-04 9.463506e-03 0.000000e+00 7.076886e-04 0.000000e+00 1.150437e-03 1.568413e-05 6.498529e-06 3.782450e-02 1.972569e-03 9.463506e-03 
0.000000e+00 0.000000e+00 0.000000e+00 0.000000e+00 0.000000e+00 0.000000e+00 0.000000e+00 0.000000e+00 0.000000e+00 0.000000e+00 0.000000e+00 0.000000e+00 0.000000e+00 0.000000e+00 0.000000e+00 0.000000e+00 0.000000e+00 0.000000e+00 0.000000e+00 0.000000e+00 0.000000e+00 0.000000e+00 0.000000e+00 0.000000e+00 0.000000e+00 0.000000e+00 0.000000e+00 0.000000e+00 0.000000e+00 0.000000e+00 
0.000000e+00 0.000000e+00 0.000000e+00 0.000000e+00 0.000000e+00 0.000000e+00 0.000000e+00 0.000000e+00 0.000000e+00 0.000000e+00 0.000000e+00 0.000000e+00 0.000000e+00 0.000000e+00 0.000000e+00 0.000000e+00 0.000000e+00 0.000000e+00 0.000000e+00 0.000000e+00 0.000000e+00 0.000000e+00 0.000000e+00 0.000000e+00 0.000000e+00 0.000000e+00 0.000000e+00 0.000000e+00 0.000000e+00 0.000000e+00 
0.000000e+00 0.000000e+00 0.000000e+00 0.000000e+00 0.000000e+00 0.000000e+00 0.000000e+00 0.000000e+00 0.000000e+00 0.000000e+00 0.000000e+00 0.000000e+00 0.000000e+00 0.000000e+00 0.000000e+00 0.000000e+00 0.000000e+00 0.000000e+00 0.000000e+00 0.000000e+00 0.000000e+00 0.000000e+00 0.000000e+00 0.000000e+00 0.000000e+00 0.000000e+00 0.000000e+00 0.000000e+00 0.000000e+00 0.000000e+00 