5.957856e+03 5.623933e+03 5.423361e+03 5.462062e+03 5.594518e+03 5.535956e+03 5.006460e+03 4.664792e+03 5.639592e+03 5.549696e+03 5.258619e+03 5.169309e+03 5.258619e+03 5.470631e+03 4.707261e+03 5.535956e+03 5.523047e+03 5.439312e+03 5.843089e+03 5.422983e+03 5.594518e+03 5.429347e+03 4.699557e+03 4.925740e+03 4.775079e+03 5.365622e+03 5.643198e+03 5.255525e+03 5.387688e+03 5.023849e+03 
5.957856e+03 5.623933e+03 5.423361e+03 5.462062e+03 5.594518e+03 5.535956e+03 5.006460e+03 4.664792e+03 5.639592e+03 5.549696e+03 5.258619e+03 5.169309e+03 5.258619e+03 5.470631e+03 4.707261e+03 5.535956e+03 5.523047e+03 5.439312e+03 5.843089e+03 5.422983e+03 5.594518e+03 5.429347e+03 4.699557e+03 4.925740e+03 4.775079e+03 5.365622e+03 5.643198e+03 5.255525e+03 5.387688e+03 5.023849e+03 
5.957856e+03 5.623933e+03 5.423361e+03 5.462062e+03 5.594518e+03 5.535956e+03 5.006460e+03 4.664792e+03 5.639592e+03 5.549696e+03 5.258619e+03 5.169309e+03 5.258619e+03 5.470631e+03 4.707261e+03 5.535956e+03 5.523047e+03 5.439312e+03 5.843089e+03 5.422983e+03 5.594518e+03 5.429347e+03 4.699557e+03 4.925740e+03 4.775079e+03 5.365622e+03 5.643198e+03 5.255525e+03 5.387688e+03 5.023849e+03 
5.650293e+03 5.600509e+03 5.423361e+03 5.462062e+03 4.968921e+03 5.205029e+03 5.006460e+03 4.664792e+03 5.039270e+03 5.178142e+03 5.195244e+03 5.169309e+03 5.195244e+03 5.470631e+03 4.707261e+03 5.205029e+03 4.783417e+03 5.439312e+03 5.780052e+03 5.380737e+03 4.968921e+03 5.429347e+03 4.699557e+03 4.925740e+03 4.775079e+03 5.365622e+03 5.209805e+03 5.255525e+03 5.387688e+03 5.001555e+03 
5.621213e+03 4.942568e+03 4.795976e+03 5.462062e+03 4.827312e+03 5.205029e+03 5.006460e+03 4.664792e+03 5.039270e+03 5.178142e+03 5.195244e+03 4.755662e+03 5.195244e+03 5.470631e+03 4.707261e+03 5.205029e+03 4.783417e+03 4.634185e+03 5.282016e+03 5.380737e+03 4.827312e+03 5.298473e+03 4.699557e+03 4.925740e+03 4.775079e+03 5.365622e+03 5.209805e+03 5.255525e+03 5.386534e+03 5.001555e+03 
4.638449e+03 4.942568e+03 4.795976e+03 4.462461e+03 4.756820e+03 4.907528e+03 5.006460e+03 4.664792e+03 4.918899e+03 4.834451e+03 4.253806e+03 4.755662e+03 4.253806e+03 4.997721e+03 4.549725e+03 4.907528e+03 4.783417e+03 4.634185e+03 5.097918e+03 4.395112e+03 4.756820e+03 4.994064e+03 4.699557e+03 4.847614e+03 4.252145e+03 5.055921e+03 4.924639e+03 4.871188e+03 5.185366e+03 5.001555e+03 
4.570232e+03 4.575864e+03 4.461640e+03 4.462461e+03 4.756820e+03 4.510808e+03 4.945665e+03 4.434781e+03 4.552360e+03 4.834451e+03 4.253806e+03 3.970101e+03 4.253806e+03 4.446492e+03 4.549725e+03 4.510808e+03 4.159490e+03 4.634185e+03 4.966610e+03 4.292641e+03 4.756820e+03 4.170634e+03 4.699557e+03 4.420131e+03 4.252145e+03 4.372890e+03 4.799194e+03 4.403971e+03 4.709933e+03 4.593780e+03 
3.614265e+03 3.986948e+03 3.995984e+03 4.114912e+03 4.323580e+03 4.101692e+03 4.063507e+03 4.011755e+03 4.308076e+03 4.471564e+03 4.003149e+03 3.948630e+03 4.003149e+03 3.715411e+03 4.538891e+03 4.101692e+03 4.159490e+03 3.802652e+03 4.279518e+03 4.292641e+03 4.323580e+03 4.170634e+03 3.600315e+03 4.178483e+03 4.163206e+03 4.101241e+03 4.114773e+03 4.003174e+03 4.181642e+03 3.908847e+03 
3.500102e+03 3.498594e+03 3.898748e+03 3.741747e+03 3.968400e+03 3.729235e+03 3.521022e+03 3.727069e+03 3.792731e+03 3.122981e+03 3.209444e+03 3.513377e+03 3.209444e+03 2.948606e+03 3.955129e+03 3.729235e+03 3.795931e+03 3.802652e+03 2.813811e+03 4.065158e+03 3.968400e+03 3.491023e+03 3.491273e+03 3.482068e+03 3.605271e+03 3.350741e+03 3.809791e+03 3.877833e+03 3.678229e+03 3.657836e+03 
2.258332e+03 2.457130e+03 3.097544e+03 3.178441e+03 2.994248e+03 2.426632e+03 2.809163e+03 3.056303e+03 3.333294e+03 2.428474e+03 3.209444e+03 3.220643e+03 3.209444e+03 2.847944e+03 2.896318e+03 2.426632e+03 3.154108e+03 2.892218e+03 2.351116e+03 2.828010e+03 2.994248e+03 2.811901e+03 2.683116e+03 2.423327e+03 2.894266e+03 2.941389e+03 3.175357e+03 3.078419e+03 2.270254e+03 2.833203e+03 
1.590164e+03 2.020330e+03 2.200439e+03 1.973645e+03 2.356077e+03 1.815034e+03 2.042606e+03 2.037427e+03 1.912036e+03 1.749930e+03 1.636735e+03 1.951704e+03 1.636735e+03 1.927218e+03 1.972617e+03 1.815034e+03 2.190445e+03 1.809500e+03 1.891548e+03 1.290375e+03 2.356077e+03 2.177906e+03 2.174584e+03 1.816205e+03 2.460148e+03 2.295411e+03 2.250750e+03 1.633185e+03 1.484926e+03 2.487271e+03 
1.335379e+03 1.554799e+03 1.792676e+03 1.254287e+03 1.710083e+03 1.418333e+03 1.464829e+03 1.504521e+03 1.602061e+03 1.328877e+03 1.467021e+03 1.530152e+03 1.467021e+03 7.717034e+02 1.483171e+03 1.418333e+03 1.921471e+03 1.431185e+03 1.364907e+03 7.195319e+02 1.710083e+03 1.514794e+03 1.179873e+03 1.293351e+03 1.646336e+03 1.615798e+03 1.457437e+03 1.113233e+03 1.210508e+03 1.787597e+03 
9.097354e+02 5.031433e+02 1.002347e+03 8.234927e+02 9.990763e+02 8.996850e+02 1.036514e+03 8.242372e+02 1.079792e+03 1.054461e+03 9.453950e+02 1.133653e+03 9.453950e+02 3.027172e+02 9.282597e+02 8.996850e+02 1.241964e+03 9.344959e+02 7.211266e+02 2.506299e+02 9.990763e+02 9.352096e+00 9.010750e+02 6.896117e+02 1.049274e+03 9.331322e+02 7.987014e+02 9.261396e+02 9.200430e+02 1.033283e+03 
6.708459e+02 3.460918e+02 1.659842e+02 4.838660e+02 5.280430e+02 4.147611e+02 6.382294e+02 3.399371e+02 4.399538e+02 5.506511e+02 5.763149e+02 5.318383e+02 5.763149e+02 1.541267e+02 6.506390e+02 4.147611e+02 6.398979e+02 6.031218e+02 3.531759e+02 1.175305e+02 5.280430e+02 7.201632e+00 5.978488e+02 4.806423e+02 3.941900e+02 6.154088e+02 3.319238e+02 5.345859e+02 7.508118e+02 3.198062e+02 
1.710339e+01 1.828612e-01 1.059273e+01 4.214304e+00 2.047309e+00 3.100368e+01 1.352892e+01 3.435452e+00 2.394577e+00 2.493801e+01 9.963091e+00 3.316406e+01 9.963091e+00 5.145961e+00 2.286588e+01 3.100368e+01 3.385680e+01 1.146507e+01 9.302200e+00 7.636970e+00 2.047309e+00 1.638328e-01 1.072125e+01 3.911218e+01 6.358044e+00 7.321722e+01 3.451922e-01 2.113451e+01 8.719893e+00 3.810386e+01 
0.000000e+00 0.000000e+00 0.000000e+00 0.000000e+00 0.000000e+00 0.000000e+00 0.000000e+00 0.000000e+00 0.000000e+00 0.000000e+00 0.000000e+00 0.000000e+00 0.000000e+00 0.000000e+00 0.000000e+00 0.000000e+00 0.000000e+00 0.000000e+00 0.000000e+00 0.000000e+00 0.000000e+00 0.000000e+00 0.000000e+00 0.000000e+00 0.000000e+00 0.000000e+00 0.000000e+00 0.000000e+00 0.000000e+00 0.000000e+00 
0.000000e+00 0.000000e+00 0.000000e+00 0.000000e+00 0.000000e+00 0.000000e+00 0.000000e+00 0.000000e+00 0.000000e+00 0.000000e+00 0.000000e+00 0.000000e+00 0.000000e+00 0.000000e+00 0.000000e+00 0.000000e+00 0.000000e+00 0.000000e+00 0.000000e+00 0.000000e+00 0.000000e+00 0.000000e+00 0.000000e+00 0.000000e+00 0.000000e+00 0.000000e+00 0.000000e+00 0.000000e+00 0.000000e+00 0.000000e+00 