1.158432e+03 1.103843e+03 1.096311e+03 1.051371e+03 1.178135e+03 9.466543e+02 1.098371e+03 1.248071e+03 8.806347e+02 1.340196e+03 1.066458e+03 9.606989e+02 1.095603e+03 1.122323e+03 1.274015e+03 9.466543e+02 1.061411e+03 1.132743e+03 1.260077e+03 1.143711e+03 1.178135e+03 1.117334e+03 1.133226e+03 1.117989e+03 1.077187e+03 1.117334e+03 1.140249e+03 1.167379e+03 1.004822e+03 1.178135e+03 
1.158432e+03 1.103843e+03 1.096311e+03 1.051371e+03 1.178135e+03 9.466543e+02 1.098371e+03 1.248071e+03 8.806347e+02 1.340196e+03 1.066458e+03 9.606989e+02 1.095603e+03 1.122323e+03 1.274015e+03 9.466543e+02 1.061411e+03 1.132743e+03 1.260077e+03 1.143711e+03 1.178135e+03 1.117334e+03 1.133226e+03 1.117989e+03 1.077187e+03 1.117334e+03 1.140249e+03 1.167379e+03 1.004822e+03 1.178135e+03 
1.158432e+03 1.103843e+03 1.096311e+03 1.051371e+03 1.178135e+03 9.466543e+02 1.098371e+03 1.248071e+03 8.806347e+02 1.340196e+03 1.066458e+03 9.606989e+02 1.095603e+03 1.122323e+03 1.274015e+03 9.466543e+02 1.061411e+03 1.132743e+03 1.260077e+03 1.143711e+03 1.178135e+03 1.117334e+03 1.133226e+03 1.117989e+03 1.077187e+03 1.117334e+03 1.140249e+03 1.167379e+03 1.004822e+03 1.178135e+03 
1.158432e+03 1.103843e+03 7.939220e+02 1.034878e+03 1.177785e+03 8.275805e+02 1.024166e+03 1.163534e+03 8.297135e+02 1.027744e+03 1.056530e+03 9.606989e+02 1.095603e+03 1.110423e+03 1.274015e+03 8.275805e+02 1.048135e+03 1.046453e+03 1.103225e+03 1.143711e+03 1.177785e+03 1.045388e+03 1.049632e+03 1.117989e+03 1.007407e+03 1.045388e+03 1.140249e+03 1.167379e+03 9.688277e+02 1.177785e+03 
1.016848e+03 1.047923e+03 7.939220e+02 1.022855e+03 1.133248e+03 8.275805e+02 1.024166e+03 1.001157e+03 8.276163e+02 1.027744e+03 1.056530e+03 9.606989e+02 1.069163e+03 1.074152e+03 1.255001e+03 8.275805e+02 1.004876e+03 9.122373e+02 1.103225e+03 1.049337e+03 1.133248e+03 1.035605e+03 1.049632e+03 1.117989e+03 9.672055e+02 1.035605e+03 1.130249e+03 1.032877e+03 9.688277e+02 1.133248e+03 
9.949265e+02 9.696865e+02 6.812754e+02 9.149674e+02 1.043660e+03 8.259864e+02 8.451828e+02 8.499640e+02 8.121478e+02 9.914566e+02 9.809770e+02 9.572536e+02 1.055640e+03 8.782356e+02 1.228132e+03 8.259864e+02 9.819380e+02 8.537601e+02 1.015701e+03 1.034027e+03 1.043660e+03 1.035605e+03 1.013626e+03 1.013675e+03 8.993627e+02 1.035605e+03 1.130249e+03 9.166295e+02 8.732433e+02 1.043660e+03 
7.226186e+02 7.466229e+02 6.622264e+02 6.351557e+02 7.870873e+02 6.276274e+02 7.546670e+02 5.231848e+02 7.590874e+02 8.572566e+02 8.104418e+02 8.833952e+02 5.442952e+02 7.957003e+02 9.055562e+02 6.276274e+02 5.922794e+02 7.483968e+02 7.854526e+02 9.532682e+02 7.870873e+02 8.076668e+02 8.759961e+02 6.047804e+02 8.187012e+02 8.076668e+02 8.159075e+02 8.811602e+02 7.158047e+02 7.870873e+02 
4.882955e+02 6.073219e+02 4.931380e+02 5.422895e+02 5.247853e+02 4.893232e+02 4.610652e+02 4.857369e+02 6.300356e+02 6.530930e+02 5.387474e+02 5.537768e+02 4.361557e+02 5.657261e+02 5.097146e+02 4.893232e+02 5.289055e+02 6.063823e+02 5.972820e+02 5.668755e+02 5.247853e+02 4.739021e+02 5.511607e+02 5.900497e+02 6.187126e+02 4.739021e+02 5.102509e+02 5.142998e+02 5.979939e+02 5.247853e+02 
3.310153e+02 3.811523e+02 3.053302e+02 3.497895e+02 3.486305e+02 3.272964e+02 3.292428e+02 3.220643e+02 3.710800e+02 3.734128e+02 3.548056e+02 3.131445e+02 3.119567e+02 3.583885e+02 3.694095e+02 3.272964e+02 3.294708e+02 3.347301e+02 3.480354e+02 3.914917e+02 3.486305e+02 2.836500e+02 3.766537e+02 4.099659e+02 3.950797e+02 2.836500e+02 3.204605e+02 3.269824e+02 3.402635e+02 3.486305e+02 
1.969371e+02 2.021537e+02 2.015442e+02 1.763376e+02 1.963507e+02 1.934776e+02 2.089758e+02 2.024556e+02 2.144770e+02 1.921470e+02 2.084957e+02 1.590903e+02 1.568823e+02 2.105007e+02 1.982838e+02 1.934776e+02 2.115645e+02 1.978715e+02 2.289665e+02 2.116627e+02 1.963507e+02 2.201177e+02 2.089015e+02 2.174496e+02 2.337124e+02 2.201177e+02 1.794589e+02 1.669552e+02 2.153738e+02 1.963507e+02 
1.039181e+02 1.015720e+02 1.004597e+02 9.392563e+01 1.079991e+02 9.849661e+01 1.066183e+02 1.099896e+02 9.970676e+01 9.842245e+01 9.502834e+01 9.490175e+01 1.061822e+02 9.624383e+01 1.075704e+02 9.849661e+01 1.017281e+02 1.078174e+02 1.043118e+02 1.036431e+02 1.079991e+02 9.888193e+01 9.618516e+01 1.011844e+02 9.903236e+01 9.888193e+01 8.821904e+01 1.095782e+02 9.569891e+01 1.079991e+02 
5.535859e+01 6.036056e+01 5.504197e+01 5.615874e+01 5.869901e+01 5.603909e+01 5.034281e+01 5.133684e+01 5.997283e+01 5.357948e+01 6.331346e+01 6.094796e+01 6.320980e+01 5.884097e+01 5.818770e+01 5.603909e+01 5.684116e+01 6.298418e+01 5.421986e+01 6.339028e+01 5.869901e+01 6.057733e+01 6.024121e+01 6.396021e+01 6.313489e+01 6.057733e+01 5.962874e+01 6.178524e+01 5.446688e+01 5.869901e+01 
3.503495e+01 3.654746e+01 3.380397e+01 3.757448e+01 3.635246e+01 3.709563e+01 3.131683e+01 3.470412e+01 3.714926e+01 3.907988e+01 3.663981e+01 3.783157e+01 3.711095e+01 3.462179e+01 3.596984e+01 3.709563e+01 3.914689e+01 3.814547e+01 3.804850e+01 3.309526e+01 3.635246e+01 3.444460e+01 3.396655e+01 3.323354e+01 4.029887e+01 3.444460e+01 3.477202e+01 4.003461e+01 3.574087e+01 3.635246e+01 
2.228881e+01 2.214704e+01 2.299488e+01 2.285320e+01 2.291383e+01 2.260866e+01 2.375068e+01 2.312849e+01 2.324325e+01 2.365152e+01 2.347666e+01 2.235254e+01 2.230510e+01 2.343651e+01 2.262524e+01 2.260866e+01 2.213231e+01 2.326565e+01 2.283870e+01 2.361728e+01 2.291383e+01 2.300390e+01 2.299253e+01 2.316470e+01 2.303420e+01 2.300390e+01 2.388801e+01 2.250283e+01 2.315774e+01 2.291383e+01 
2.016173e+01 2.016173e+01 2.016173e+01 2.016173e+01 2.016173e+01 2.016173e+01 2.016173e+01 2.016173e+01 2.016173e+01 2.016173e+01 2.016173e+01 2.016173e+01 2.016173e+01 2.016173e+01 2.016173e+01 2.016173e+01 2.016173e+01 2.016173e+01 2.016173e+01 2.016173e+01 2.016173e+01 2.016173e+01 2.016173e+01 2.016173e+01 2.016173e+01 2.016173e+01 2.016173e+01 2.016173e+01 2.016173e+01 2.016173e+01 
2.016173e+01 2.016173e+01 2.016173e+01 2.016173e+01 2.016173e+01 2.016173e+01 2.016173e+01 2.016173e+01 2.016173e+01 2.016173e+01 2.016173e+01 2.016173e+01 2.016173e+01 2.016173e+01 2.016173e+01 2.016173e+01 2.016173e+01 2.016173e+01 2.016173e+01 2.016173e+01 2.016173e+01 2.016173e+01 2.016173e+01 2.016173e+01 2.016173e+01 2.016173e+01 2.016173e+01 2.016173e+01 2.016173e+01 2.016173e+01 
0.000000e+00 0.000000e+00 0.000000e+00 0.000000e+00 0.000000e+00 0.000000e+00 0.000000e+00 0.000000e+00 0.000000e+00 0.000000e+00 0.000000e+00 0.000000e+00 0.000000e+00 0.000000e+00 0.000000e+00 0.000000e+00 0.000000e+00 0.000000e+00 0.000000e+00 0.000000e+00 0.000000e+00 0.000000e+00 0.000000e+00 0.000000e+00 0.000000e+00 0.000000e+00 0.000000e+00 0.000000e+00 0.000000e+00 0.000000e+00 