1.185227e+03 1.327462e+03 1.278565e+03 1.372619e+03 1.048625e+03 1.530663e+03 1.210107e+03 1.334576e+03 1.296771e+03 1.361263e+03 1.312038e+03 1.282856e+03 1.454108e+03 1.160745e+03 1.120084e+03 1.530663e+03 1.397836e+03 1.057195e+03 1.208750e+03 1.253766e+03 1.274483e+03 1.261853e+03 1.311469e+03 1.357590e+03 1.119699e+03 1.055985e+03 1.286339e+03 1.297644e+03 1.384685e+03 1.274483e+03 
1.185227e+03 1.327462e+03 1.278565e+03 1.372619e+03 1.048625e+03 1.530663e+03 1.210107e+03 1.334576e+03 1.296771e+03 1.361263e+03 1.312038e+03 1.282856e+03 1.454108e+03 1.160745e+03 1.120084e+03 1.530663e+03 1.397836e+03 1.057195e+03 1.208750e+03 1.253766e+03 1.274483e+03 1.261853e+03 1.311469e+03 1.357590e+03 1.119699e+03 1.055985e+03 1.286339e+03 1.297644e+03 1.384685e+03 1.274483e+03 
1.185227e+03 1.327462e+03 1.278565e+03 1.372619e+03 1.048625e+03 1.530663e+03 1.210107e+03 1.334576e+03 1.296771e+03 1.361263e+03 1.312038e+03 1.282856e+03 1.454108e+03 1.160745e+03 1.120084e+03 1.530663e+03 1.397836e+03 1.057195e+03 1.208750e+03 1.253766e+03 1.274483e+03 1.261853e+03 1.311469e+03 1.357590e+03 1.119699e+03 1.055985e+03 1.286339e+03 1.297644e+03 1.384685e+03 1.274483e+03 
1.185227e+03 1.084359e+03 1.189451e+03 1.372619e+03 1.048625e+03 1.166494e+03 1.166688e+03 1.334576e+03 1.296771e+03 1.358983e+03 1.312038e+03 1.282856e+03 1.311234e+03 1.160183e+03 1.120084e+03 1.166494e+03 1.303414e+03 1.057195e+03 1.208750e+03 1.176842e+03 1.233010e+03 1.261853e+03 1.311469e+03 1.057547e+03 1.111807e+03 1.055985e+03 1.286339e+03 1.283530e+03 1.021346e+03 1.233010e+03 
9.024547e+02 1.084359e+03 1.130502e+03 1.366582e+03 1.048625e+03 1.166494e+03 1.166688e+03 1.216358e+03 1.296771e+03 1.298210e+03 1.243793e+03 1.126994e+03 1.311234e+03 1.158327e+03 9.135404e+02 1.166494e+03 1.189754e+03 1.057195e+03 9.192035e+02 9.140037e+02 9.754725e+02 1.123004e+03 1.289989e+03 1.057547e+03 1.091632e+03 8.672540e+02 1.286339e+03 1.155187e+03 9.805150e+02 9.754725e+02 
6.588643e+02 1.061786e+03 1.129063e+03 1.149527e+03 1.034754e+03 1.013113e+03 8.191712e+02 9.490754e+02 1.150754e+03 1.196576e+03 1.162441e+03 9.316648e+02 1.053372e+03 9.268821e+02 6.920813e+02 1.013113e+03 1.021539e+03 1.057195e+03 8.384343e+02 9.140037e+02 9.754725e+02 1.046158e+03 1.208042e+03 1.057547e+03 1.002975e+03 8.553975e+02 1.208512e+03 8.973953e+02 8.114293e+02 9.754725e+02 
5.572158e+02 8.904874e+02 9.473336e+02 1.039092e+03 5.862907e+02 6.715976e+02 7.793821e+02 7.842292e+02 7.935109e+02 1.089183e+03 7.849836e+02 6.507414e+02 9.044504e+02 7.844069e+02 5.951833e+02 6.715976e+02 8.918854e+02 9.074635e+02 5.498484e+02 7.623397e+02 8.766477e+02 8.779855e+02 8.705023e+02 8.345644e+02 7.180923e+02 7.642910e+02 8.683141e+02 8.315031e+02 6.175718e+02 8.766477e+02 
4.109290e+02 7.545431e+02 6.215519e+02 4.138967e+02 4.624636e+02 5.409197e+02 3.094941e+02 3.682767e+02 6.212263e+02 6.176969e+02 4.952182e+02 3.794078e+02 6.411715e+02 3.483442e+02 4.541730e+02 5.409197e+02 3.123839e+02 5.593531e+02 4.942602e+02 5.955458e+02 4.256648e+02 2.753035e+02 3.418646e+02 5.729782e+02 4.765556e+02 4.185503e+02 4.877402e+02 3.791183e+02 2.107999e+02 4.256648e+02 
1.987270e+02 1.549598e+02 3.275030e+02 2.283886e+02 2.285575e+02 2.291244e+02 2.091918e+02 1.673400e+02 2.707293e+02 2.750325e+02 2.064304e+02 1.337379e+02 2.090915e+02 2.566560e+02 2.660918e+02 2.291244e+02 2.237575e+02 2.038428e+02 2.578869e+02 2.283061e+02 1.663148e+02 2.513950e+02 2.102752e+02 2.106771e+02 2.446355e+02 2.348579e+02 1.634713e+02 1.951322e+02 1.352982e+02 1.663148e+02 
7.477393e+01 9.114279e+01 8.689010e+01 1.001868e+02 9.463057e+01 9.269164e+01 8.475958e+01 7.462115e+01 9.112628e+01 9.886280e+01 9.702080e+01 8.661441e+01 9.732204e+01 8.712241e+01 7.941187e+01 9.269164e+01 1.064208e+02 1.034349e+02 8.626060e+01 9.722116e+01 1.017503e+02 1.134980e+02 1.047914e+02 1.105825e+02 1.046563e+02 7.834540e+01 1.024701e+02 1.087800e+02 9.517996e+01 1.017503e+02 
1.686172e+01 1.785196e+01 1.834801e+01 1.823442e+01 1.678879e+01 1.867437e+01 1.761150e+01 1.439757e+01 1.555724e+01 1.908921e+01 1.734079e+01 1.612786e+01 1.668076e+01 1.734300e+01 1.659842e+01 1.867437e+01 1.811000e+01 1.931104e+01 1.456105e+01 1.918067e+01 1.807173e+01 1.836573e+01 1.858118e+01 2.325217e+01 1.731594e+01 1.865292e+01 1.406401e+01 1.667065e+01 1.346764e+01 1.807173e+01 
6.469924e-01 1.205572e+00 1.002038e+00 8.558136e-01 1.220117e+00 1.270299e+00 7.568288e-01 5.691266e-01 1.142896e+00 9.152162e-01 7.911629e-01 6.432981e-01 1.105004e+00 1.087855e+00 8.982101e-01 1.270299e+00 8.325963e-01 8.055821e-01 9.128112e-01 1.314481e+00 1.077148e+00 1.026450e+00 7.420182e-01 5.050030e-01 9.337876e-01 7.139335e-01 6.113068e-01 1.009474e+00 8.740643e-01 1.077148e+00 
1.103963e-03 1.191423e-03 1.832647e-03 1.258769e-03 1.888618e-03 1.708464e-03 3.097707e-04 6.970746e-04 1.011408e-03 1.061261e-03 1.568325e-03 1.130940e-03 1.733173e-03 6.711141e-04 1.009726e-03 1.708464e-03 7.923261e-04 1.275578e-03 4.229663e-04 1.775814e-03 1.324756e-03 1.750069e-03 4.980703e-04 1.555308e-03 1.210963e-03 3.288256e-04 8.995303e-04 1.617103e-03 1.193618e-03 1.324756e-03 
0.000000e+00 0.000000e+00 0.000000e+00 0.000000e+00 0.000000e+00 0.000000e+00 0.000000e+00 0.000000e+00 0.000000e+00 0.000000e+00 0.000000e+00 0.000000e+00 0.000000e+00 0.000000e+00 0.000000e+00 0.000000e+00 0.000000e+00 0.000000e+00 0.000000e+00 0.000000e+00 0.000000e+00 0.000000e+00 0.000000e+00 0.000000e+00 0.000000e+00 0.000000e+00 0.000000e+00 0.000000e+00 0.000000e+00 0.000000e+00 
0.000000e+00 0.000000e+00 0.000000e+00 0.000000e+00 0.000000e+00 0.000000e+00 0.000000e+00 0.000000e+00 0.000000e+00 0.000000e+00 0.000000e+00 0.000000e+00 0.000000e+00 0.000000e+00 0.000000e+00 0.000000e+00 0.000000e+00 0.000000e+00 0.000000e+00 0.000000e+00 0.000000e+00 0.000000e+00 0.000000e+00 0.000000e+00 0.000000e+00 0.000000e+00 0.000000e+00 0.000000e+00 0.000000e+00 0.000000e+00 
0.000000e+00 0.000000e+00 0.000000e+00 0.000000e+00 0.000000e+00 0.000000e+00 0.000000e+00 0.000000e+00 0.000000e+00 0.000000e+00 0.000000e+00 0.000000e+00 0.000000e+00 0.000000e+00 0.000000e+00 0.000000e+00 0.000000e+00 0.000000e+00 0.000000e+00 0.000000e+00 0.000000e+00 0.000000e+00 0.000000e+00 0.000000e+00 0.000000e+00 0.000000e+00 0.000000e+00 0.000000e+00 0.000000e+00 0.000000e+00 
0.000000e+00 0.000000e+00 0.000000e+00 0.000000e+00 0.000000e+00 0.000000e+00 0.000000e+00 0.000000e+00 0.000000e+00 0.000000e+00 0.000000e+00 0.000000e+00 0.000000e+00 0.000000e+00 0.000000e+00 0.000000e+00 0.000000e+00 0.000000e+00 0.000000e+00 0.000000e+00 0.000000e+00 0.000000e+00 0.000000e+00 0.000000e+00 0.000000e+00 0.000000e+00 0.000000e+00 0.000000e+00 0.000000e+00 0.000000e+00 