5.066192e+05 2.859244e+04 9.379773e+05 4.674918e+05 9.379773e+05 1.789329e+05 6.561899e+05 1.212776e+06 4.351383e+05 2.526444e+05 1.334162e+05 2.221834e+05 1.334162e+05 6.486250e+04 1.699111e+05 1.789329e+05 3.519060e+04 4.957995e+05 1.481893e+04 9.605532e+04 9.379773e+05 1.212776e+06 2.627206e+05 2.108503e+05 1.160314e+05 1.212776e+06 1.281389e+05 4.302636e+04 1.008149e+05 9.379773e+05 
5.066192e+05 2.859244e+04 9.068809e+05 4.674918e+05 9.068809e+05 1.009652e+05 5.720925e+05 1.126355e+06 4.351383e+05 2.526444e+05 1.518625e+04 2.221834e+05 1.518625e+04 6.370283e+04 1.699111e+05 1.009652e+05 3.519060e+04 4.575571e+05 1.481893e+04 9.590319e+04 9.068809e+05 1.126355e+06 2.367299e+05 2.108503e+05 1.085362e+05 1.126355e+06 1.281389e+05 4.302636e+04 9.908327e+04 9.068809e+05 
5.066192e+05 2.859244e+04 9.068809e+05 4.674918e+05 9.068809e+05 1.009652e+05 5.720925e+05 1.126355e+06 4.351383e+05 2.526444e+05 1.518625e+04 2.221834e+05 1.518625e+04 6.370283e+04 1.699111e+05 1.009652e+05 3.519060e+04 4.575571e+05 1.481893e+04 9.590319e+04 9.068809e+05 1.126355e+06 2.367299e+05 2.108503e+05 1.085362e+05 1.126355e+06 1.281389e+05 4.302636e+04 9.908327e+04 9.068809e+05 
5.066192e+05 2.859244e+04 3.593653e+05 1.748617e+05 3.593653e+05 1.009652e+05 4.186887e+05 3.669249e+05 4.351383e+05 2.526444e+05 1.518625e+04 2.221834e+05 1.518625e+04 6.370283e+04 4.893157e+04 1.009652e+05 3.519060e+04 2.704759e+05 1.481893e+04 9.590319e+04 3.593653e+05 3.669249e+05 2.127979e+05 5.414359e+03 1.085362e+05 3.669249e+05 7.386579e+04 4.302636e+04 7.898515e+04 3.593653e+05 
2.184666e+05 2.769463e+04 1.203028e+05 7.242964e+03 1.203028e+05 1.409201e+04 1.675980e+05 1.939450e+05 4.441131e+04 2.019094e+04 1.486469e+04 1.732996e+05 1.486469e+04 3.253672e+03 4.406188e+04 1.409201e+04 2.901217e+04 1.999437e+05 1.182319e+04 1.472205e+04 1.203028e+05 1.939450e+05 6.585511e+04 5.414359e+03 7.898331e+03 1.939450e+05 7.308068e+04 4.195592e+04 7.898515e+04 1.203028e+05 
2.184666e+05 2.769463e+04 8.589080e+04 7.242964e+03 8.589080e+04 9.565782e+03 1.008007e+05 3.540992e+04 4.441131e+04 2.019094e+04 1.486469e+04 1.732996e+05 1.486469e+04 1.954476e+03 4.007886e+04 9.565782e+03 1.279391e+04 5.471621e+04 1.182319e+04 1.472205e+04 8.589080e+04 3.540992e+04 6.282736e+04 5.414359e+03 7.010476e+03 3.540992e+04 7.308068e+04 4.195592e+04 6.777159e+04 8.589080e+04 
1.506063e+04 1.456827e+04 1.003527e+04 7.242964e+03 1.003527e+04 6.496505e+03 5.341687e+04 3.403074e+03 2.030157e+03 9.023978e+03 4.870795e+03 6.024968e+04 4.870795e+03 1.954476e+03 2.042542e+04 6.496505e+03 1.279391e+04 1.686851e+04 5.062419e+03 1.374049e+04 1.003527e+04 3.403074e+03 1.129944e+04 2.629824e+03 4.833116e+03 3.403074e+03 4.785667e+04 1.139769e+04 2.184768e+04 1.003527e+04 
2.017062e+03 4.561019e+02 5.522674e+02 6.142981e+03 5.522674e+02 1.173511e+03 2.732334e+03 2.079380e+03 1.913171e+03 7.598113e+03 1.670731e+03 3.474806e+03 1.670731e+03 1.560281e+03 2.519040e+03 1.173511e+03 4.550224e+02 2.992899e+02 2.490479e+03 1.325206e+04 5.522674e+02 2.079380e+03 9.018538e+02 2.072557e+03 2.337485e+03 2.079380e+03 2.565645e+04 6.550128e+03 8.114368e+03 5.522674e+02 
3.015904e+01 2.668516e+02 2.403925e+02 7.126995e+01 2.403925e+02 1.342820e+02 2.340544e+02 3.374082e+02 6.859440e+01 1.824092e+03 1.055391e+02 3.506970e+02 1.055391e+02 1.423587e+01 2.389408e+02 1.342820e+02 1.123718e+02 2.179023e+01 9.816577e+02 5.831733e+02 2.403925e+02 3.374082e+02 2.732210e+02 2.196540e+02 5.207090e+02 3.374082e+02 1.344683e+02 6.523134e+02 7.062006e+02 2.403925e+02 
1.654052e+01 2.526945e+01 6.714737e+01 1.862574e+01 6.714737e+01 1.557981e+01 3.614784e+01 2.324432e+01 1.990979e+01 3.058120e+01 1.481006e+01 3.837857e+01 1.481006e+01 1.423587e+01 5.327310e+01 1.557981e+01 3.234697e+01 1.244962e+01 3.138026e+01 9.844772e+01 6.714737e+01 2.324432e+01 1.961572e+01 1.777251e+01 1.180907e+01 2.324432e+01 2.182230e+01 1.156513e+02 3.523189e+01 6.714737e+01 
5.159131e+00 3.705193e+00 6.365379e+00 5.344201e+00 6.365379e+00 3.849785e+00 7.544056e+00 5.330562e+00 4.783461e+00 5.268088e+00 4.421837e+00 5.145385e+00 4.421837e+00 5.021487e+00 5.786489e+00 3.849785e+00 5.008465e+00 5.024947e+00 7.398010e+00 4.714098e+00 6.365379e+00 5.330562e+00 5.229721e+00 4.399873e+00 4.886430e+00 5.330562e+00 6.991546e+00 7.049543e+00 7.848685e+00 6.365379e+00 
2.041388e+00 3.265082e+00 2.955484e+00 3.211009e+00 2.955484e+00 3.331960e+00 2.019881e+00 2.898445e+00 3.340450e+00 2.633807e+00 2.679311e+00 2.506713e+00 2.679311e+00 2.559962e+00 2.572044e+00 3.331960e+00 2.579700e+00 2.931476e+00 2.582515e+00 2.209093e+00 2.955484e+00 2.898445e+00 1.941178e+00 2.991405e+00 2.251744e+00 2.898445e+00 2.037991e+00 2.651635e+00 3.637842e+00 2.955484e+00 
1.742153e+00 1.792707e+00 2.342410e+00 1.590689e+00 2.342410e+00 2.447517e+00 2.019881e+00 1.585569e+00 1.827483e+00 1.187378e+00 2.429540e+00 2.391733e+00 2.429540e+00 1.878719e+00 1.662104e+00 2.447517e+00 9.396090e-01 1.156112e+00 1.044770e+00 1.662338e+00 2.342410e+00 1.585569e+00 1.848727e+00 1.840556e+00 1.949358e+00 1.585569e+00 1.542361e+00 2.424635e+00 2.209215e+00 2.342410e+00 
1.572538e+00 1.401368e+00 1.800293e+00 1.563258e+00 1.800293e+00 9.084305e-01 1.660783e+00 1.585569e+00 1.528523e+00 1.187378e+00 1.738643e+00 1.539335e+00 1.738643e+00 1.580024e+00 1.329090e+00 9.084305e-01 9.396090e-01 1.150167e+00 8.468132e-01 1.475110e+00 1.800293e+00 1.585569e+00 1.214181e+00 1.292250e+00 9.612835e-01 1.585569e+00 1.169883e+00 9.601060e-01 1.356782e+00 1.800293e+00 
9.592530e-01 6.375948e-01 5.532697e-01 3.676722e-01 5.532697e-01 4.836204e-01 7.347748e-01 7.987466e-01 4.200987e-01 5.991326e-01 7.584855e-01 8.142420e-01 7.584855e-01 6.999368e-01 6.620210e-01 4.836204e-01 4.693931e-01 5.404167e-01 1.541177e-01 4.175861e-01 5.532697e-01 7.987466e-01 6.519423e-01 6.149056e-01 7.901960e-01 7.987466e-01 3.694754e-01 4.045609e-01 7.779093e-01 5.532697e-01 
4.348515e-01 3.105298e-01 1.096251e-01 9.958573e-02 1.096251e-01 9.877857e-03 6.975955e-02 3.495110e-01 1.412707e-02 5.938747e-02 1.394480e-01 4.785522e-01 1.394480e-01 1.387662e-01 2.212856e-01 9.877857e-03 1.187908e-01 1.793245e-01 1.977866e-02 5.936786e-02 1.096251e-01 3.495110e-01 3.119355e-01 1.484981e-01 2.848666e-01 3.495110e-01 1.830691e-01 1.599727e-01 2.666321e-01 1.096251e-01 
0.000000e+00 0.000000e+00 0.000000e+00 0.000000e+00 0.000000e+00 0.000000e+00 0.000000e+00 0.000000e+00 0.000000e+00 0.000000e+00 0.000000e+00 0.000000e+00 0.000000e+00 0.000000e+00 0.000000e+00 0.000000e+00 0.000000e+00 0.000000e+00 0.000000e+00 0.000000e+00 0.000000e+00 0.000000e+00 0.000000e+00 0.000000e+00 0.000000e+00 0.000000e+00 0.000000e+00 0.000000e+00 0.000000e+00 0.000000e+00 