1.482466e+03 1.043722e+03 1.558808e+03 1.070467e+03 6.797538e+02 1.298335e+03 1.050050e+03 1.879573e+03 8.842993e+02 1.054136e+03 1.397967e+03 1.628129e+03 1.397967e+03 1.292939e+03 7.209416e+02 1.298335e+03 1.125554e+03 1.442716e+03 1.242424e+03 1.143938e+03 6.797538e+02 1.324649e+03 1.447658e+03 1.022592e+03 1.118155e+03 1.163954e+03 1.258969e+03 1.286095e+03 1.017759e+03 1.113621e+03 
1.048092e+03 1.000189e+03 1.040446e+03 1.070467e+03 6.797538e+02 1.298335e+03 1.050050e+03 1.571891e+03 8.842993e+02 1.054136e+03 1.149537e+03 1.222623e+03 1.149537e+03 1.292939e+03 7.209416e+02 1.298335e+03 1.111516e+03 1.130753e+03 8.331945e+02 1.143938e+03 6.797538e+02 8.050396e+02 1.447658e+03 1.022592e+03 1.118155e+03 1.163954e+03 1.258969e+03 1.209059e+03 6.248214e+02 1.113621e+03 
1.048092e+03 1.000189e+03 1.040446e+03 1.070467e+03 6.797538e+02 1.298335e+03 1.050050e+03 1.571891e+03 8.842993e+02 1.054136e+03 1.149537e+03 1.222623e+03 1.149537e+03 1.292939e+03 7.209416e+02 1.298335e+03 1.111516e+03 1.130753e+03 8.331945e+02 1.143938e+03 6.797538e+02 8.050396e+02 1.447658e+03 1.022592e+03 1.118155e+03 1.163954e+03 1.258969e+03 1.209059e+03 6.248214e+02 1.113621e+03 
1.048092e+03 1.000189e+03 1.040446e+03 1.070467e+03 6.797538e+02 1.298335e+03 1.050050e+03 1.571891e+03 8.527876e+02 9.086566e+02 1.078852e+03 1.158163e+03 1.078852e+03 7.084590e+02 7.209416e+02 1.298335e+03 1.111516e+03 8.871896e+02 8.331945e+02 9.645398e+02 6.797538e+02 7.708911e+02 1.447658e+03 8.205644e+02 1.118155e+03 1.163954e+03 1.126481e+03 9.277818e+02 5.970654e+02 1.113621e+03 
1.048092e+03 9.365232e+02 1.040446e+03 9.234272e+02 6.322835e+02 1.219221e+03 7.515906e+02 1.054617e+03 7.467820e+02 9.086566e+02 1.019644e+03 1.142056e+03 1.019644e+03 7.084590e+02 6.301197e+02 1.219221e+03 1.108968e+03 8.594775e+02 8.331945e+02 5.922994e+02 6.322835e+02 7.708911e+02 1.254522e+03 8.205644e+02 1.019763e+03 1.105885e+03 1.059021e+03 6.996465e+02 5.537265e+02 7.286704e+02 
9.529691e+02 8.526679e+02 9.515229e+02 6.951585e+02 6.273656e+02 8.195225e+02 7.515906e+02 9.029517e+02 7.467820e+02 9.065977e+02 8.618463e+02 9.502447e+02 8.618463e+02 5.539956e+02 6.301197e+02 8.195225e+02 7.710420e+02 6.809309e+02 8.331945e+02 5.905881e+02 6.273656e+02 7.708911e+02 8.321170e+02 7.011958e+02 8.834851e+02 7.649053e+02 8.683936e+02 6.614087e+02 5.489750e+02 7.127899e+02 
7.225084e+02 6.829790e+02 6.497425e+02 6.446001e+02 6.147023e+02 6.160632e+02 6.466222e+02 6.691292e+02 6.998709e+02 6.749400e+02 6.459780e+02 7.381407e+02 6.459780e+02 5.539956e+02 5.909972e+02 6.160632e+02 6.528198e+02 6.809309e+02 6.111671e+02 5.905881e+02 6.147023e+02 7.011922e+02 7.240377e+02 6.933524e+02 5.794730e+02 5.688143e+02 6.885703e+02 6.247903e+02 5.489750e+02 6.255073e+02 
5.756037e+02 5.614668e+02 5.614354e+02 5.608389e+02 5.705655e+02 5.266702e+02 5.971407e+02 5.704374e+02 5.883001e+02 5.649653e+02 5.355987e+02 5.590263e+02 5.355987e+02 4.919216e+02 5.582902e+02 5.266702e+02 5.548065e+02 5.455888e+02 5.471557e+02 5.197473e+02 5.705655e+02 6.030192e+02 5.365964e+02 5.180686e+02 5.511944e+02 4.985706e+02 5.536599e+02 5.678219e+02 5.388434e+02 5.626440e+02 
4.885934e+02 4.832093e+02 4.994520e+02 4.803909e+02 5.146157e+02 5.091284e+02 4.610339e+02 5.094930e+02 5.140424e+02 4.874242e+02 4.672973e+02 4.586537e+02 4.672973e+02 4.832272e+02 4.960957e+02 5.091284e+02 4.901964e+02 4.994095e+02 4.861930e+02 5.095960e+02 5.146157e+02 4.961560e+02 4.992911e+02 4.983089e+02 4.838130e+02 4.605680e+02 4.977651e+02 4.849264e+02 4.896341e+02 4.700701e+02 
4.304370e+02 4.245726e+02 4.636003e+02 4.638777e+02 4.620039e+02 4.554382e+02 4.610339e+02 4.539749e+02 4.603008e+02 4.588724e+02 4.560720e+02 4.475184e+02 4.560720e+02 4.607840e+02 4.521194e+02 4.554382e+02 4.635052e+02 4.606126e+02 4.571772e+02 4.528975e+02 4.620039e+02 4.346514e+02 4.535750e+02 4.653797e+02 4.640659e+02 4.494221e+02 4.680842e+02 4.590446e+02 4.586658e+02 4.575338e+02 
4.249587e+02 4.152545e+02 4.316040e+02 4.402176e+02 4.482370e+02 4.401757e+02 4.395193e+02 4.188658e+02 4.493533e+02 4.357846e+02 4.283499e+02 4.239977e+02 4.283499e+02 4.260323e+02 4.315025e+02 4.401757e+02 4.328805e+02 4.329765e+02 4.251841e+02 4.298364e+02 4.482370e+02 4.158467e+02 4.306925e+02 4.340868e+02 4.315593e+02 4.211902e+02 4.449531e+02 4.260470e+02 4.300821e+02 4.161364e+02 
4.128723e+02 4.058321e+02 4.127344e+02 4.192199e+02 4.237113e+02 4.261054e+02 4.118841e+02 4.091085e+02 4.280646e+02 4.095396e+02 4.152694e+02 4.069894e+02 4.152694e+02 4.070317e+02 4.124821e+02 4.261054e+02 4.152350e+02 4.147085e+02 4.194096e+02 4.116894e+02 4.237113e+02 4.069976e+02 4.055731e+02 4.159964e+02 4.148352e+02 4.142645e+02 4.228577e+02 4.106958e+02 4.233748e+02 4.061716e+02 
4.058718e+02 4.025974e+02 4.016540e+02 4.082305e+02 4.137083e+02 4.130899e+02 4.023442e+02 4.013601e+02 4.135054e+02 4.007354e+02 4.030636e+02 4.029934e+02 4.030636e+02 4.025127e+02 3.846806e+02 4.130899e+02 4.062990e+02 4.029311e+02 4.082862e+02 4.028003e+02 4.137083e+02 4.012396e+02 4.012077e+02 4.015402e+02 4.057429e+02 4.085800e+02 4.064094e+02 4.038010e+02 4.089419e+02 4.008968e+02 
3.982611e+02 3.985875e+02 3.980671e+02 3.981176e+02 4.006679e+02 3.750230e+02 3.981688e+02 3.983178e+02 4.007802e+02 3.984241e+02 3.373260e+02 3.990324e+02 3.373260e+02 3.979987e+02 3.269777e+02 3.750230e+02 3.764639e+02 3.981467e+02 3.986792e+02 3.987759e+02 4.006679e+02 2.739497e+02 3.986271e+02 3.993687e+02 3.674445e+02 4.007207e+02 4.008632e+02 3.987709e+02 4.007663e+02 3.998466e+02 
3.977429e+02 3.977429e+02 3.977429e+02 3.977429e+02 3.978516e+02 2.477920e+02 3.977429e+02 3.977429e+02 3.977431e+02 2.753195e+02 1.421295e+02 1.909862e+02 1.421295e+02 3.977429e+02 2.134870e+02 2.477920e+02 2.194501e+02 3.184566e+02 3.977429e+02 1.851392e+02 3.978516e+02 1.990941e+02 3.977429e+02 3.977429e+02 2.216036e+02 3.977439e+02 3.977471e+02 3.977429e+02 3.977452e+02 3.977429e+02 
3.977429e+02 3.977429e+02 3.977429e+02 3.977429e+02 3.977429e+02 1.000201e+02 3.977429e+02 3.977429e+02 3.977429e+02 1.000194e+02 1.000109e+02 1.000131e+02 1.000109e+02 3.977429e+02 1.000246e+02 1.000201e+02 1.000130e+02 1.000190e+02 3.977429e+02 1.000168e+02 3.977429e+02 1.000045e+02 3.977429e+02 3.977429e+02 1.000091e+02 3.977429e+02 3.977429e+02 3.977429e+02 3.977429e+02 3.977429e+02 
0.000000e+00 0.000000e+00 0.000000e+00 0.000000e+00 0.000000e+00 0.000000e+00 0.000000e+00 0.000000e+00 0.000000e+00 0.000000e+00 0.000000e+00 0.000000e+00 0.000000e+00 0.000000e+00 0.000000e+00 0.000000e+00 0.000000e+00 0.000000e+00 0.000000e+00 0.000000e+00 0.000000e+00 0.000000e+00 0.000000e+00 0.000000e+00 0.000000e+00 0.000000e+00 0.000000e+00 0.000000e+00 0.000000e+00 0.000000e+00 