2.967303e+06 1.291514e+07 7.015573e+06 7.685866e+06 1.804951e+07 5.103204e+06 3.781547e+06 1.156864e+07 6.753760e+06 7.404704e+06 2.288867e+07 2.275046e+06 2.868944e+07 1.406045e+07 3.724786e+06 5.103204e+06 1.018747e+07 2.338567e+07 2.768140e+07 1.239271e+07 9.293676e+06 3.605208e+06 3.100176e+07 5.205759e+06 2.368273e+07 3.605208e+06 1.234707e+07 3.083486e+07 1.768173e+07 9.293676e+06 
2.967303e+06 1.291514e+07 7.015573e+06 7.685866e+06 1.804951e+07 5.103204e+06 3.781547e+06 1.156864e+07 6.753760e+06 7.404704e+06 2.288867e+07 2.275046e+06 2.868944e+07 1.406045e+07 3.724786e+06 5.103204e+06 1.018747e+07 2.338567e+07 2.768140e+07 1.239271e+07 9.293676e+06 3.605208e+06 3.100176e+07 5.205759e+06 2.368273e+07 3.605208e+06 1.234707e+07 3.083486e+07 1.768173e+07 9.293676e+06 
2.967303e+06 1.291514e+07 7.015573e+06 7.685866e+06 1.804951e+07 5.103204e+06 3.781547e+06 1.156864e+07 6.753760e+06 7.404704e+06 2.288867e+07 2.275046e+06 2.868944e+07 1.406045e+07 3.724786e+06 5.103204e+06 1.018747e+07 2.338567e+07 2.768140e+07 1.239271e+07 9.293676e+06 3.605208e+06 3.100176e+07 5.205759e+06 2.368273e+07 3.605208e+06 1.234707e+07 3.083486e+07 1.768173e+07 9.293676e+06 
2.967303e+06 1.291514e+07 7.015573e+06 7.685866e+06 1.804951e+07 5.103204e+06 3.781547e+06 1.156864e+07 6.753760e+06 7.404704e+06 1.016755e+07 2.274766e+06 2.868944e+07 1.406045e+07 3.724786e+06 5.103204e+06 1.018747e+07 2.338567e+07 2.674760e+07 1.239271e+07 7.422347e+06 3.604585e+06 2.693618e+07 4.320671e+06 1.519442e+07 3.604585e+06 1.234707e+07 3.083462e+07 1.768172e+07 7.422347e+06 
2.967303e+06 1.502810e+06 7.015573e+06 7.683880e+06 1.557295e+07 5.103204e+06 3.781547e+06 1.156864e+07 6.753760e+06 7.404688e+06 1.016753e+07 2.274766e+06 2.868944e+07 4.668580e+06 3.724786e+06 5.103204e+06 9.405164e+06 2.162216e+07 9.465734e+06 1.208574e+07 7.422347e+06 8.437529e+05 2.693617e+07 4.320671e+06 3.075715e+06 8.437529e+05 1.234707e+07 2.146073e+06 1.279896e+07 7.422347e+06 
2.812093e+06 1.502810e+06 7.015573e+06 5.104130e+06 6.962242e+06 4.951827e+06 2.737149e+06 1.156864e+07 2.715350e+06 4.030320e+06 8.401355e+06 2.274766e+06 3.503944e+06 4.658769e+06 3.724785e+06 4.951827e+06 2.737214e+06 9.098485e+06 9.457786e+06 1.208574e+07 3.875318e+06 8.437478e+05 2.465631e+06 4.320434e+06 3.075715e+06 8.437478e+05 1.234706e+07 2.146073e+06 4.710188e+06 3.875318e+06 
2.811696e+06 7.776627e+05 3.228733e+06 3.950439e+06 4.711658e+05 4.881070e+06 2.143924e+06 5.043904e+06 2.715152e+06 3.284370e+06 3.264655e+06 1.562413e+06 3.503940e+06 1.638458e+06 3.724782e+06 4.881070e+06 2.031984e+06 6.545153e+06 5.659212e+06 5.982284e+06 3.875291e+06 8.437478e+05 1.157010e+06 2.311932e+06 3.075707e+06 8.437478e+05 4.756613e+06 2.056764e+06 4.710188e+06 3.875291e+06 
2.141760e+06 7.744270e+05 2.947098e+06 8.158771e+05 4.621430e+05 6.469279e+05 1.043400e+06 2.047221e+06 1.492401e+06 2.685322e+06 3.262647e+06 1.472546e+06 3.503918e+06 1.459631e+06 2.224888e+06 6.469279e+05 8.925774e+05 1.848963e+06 1.169256e+06 1.001878e+06 2.091961e+06 6.175968e+05 8.034101e+05 1.345985e+06 1.052118e+06 6.175968e+05 9.124771e+05 5.177669e+05 2.036757e+06 2.091961e+06 
1.526150e+05 2.294975e+05 1.906357e+05 1.009323e+05 2.718632e+05 3.612210e+05 2.682760e+05 2.808538e+05 2.263254e+05 1.401815e+05 5.429842e+05 2.916437e+05 2.721988e+05 1.076897e+05 4.793045e+05 3.612210e+05 2.959628e+04 1.315354e+04 8.217722e+04 2.252213e+05 2.371274e+05 1.370808e+05 1.373195e+05 1.717909e+05 1.576463e+05 1.370808e+05 8.698013e+05 7.226994e+04 1.980925e+05 2.371274e+05 
1.356987e+04 1.261160e+04 1.234176e+04 4.240107e+03 1.482309e+04 1.584704e+04 6.143943e+03 2.021543e+03 1.338833e+04 8.686190e+03 4.759502e+03 2.911516e+04 1.723256e+04 1.291452e+04 5.950108e+03 1.584704e+04 1.368806e+04 1.276114e+04 2.987688e+04 1.883606e+04 2.599721e+04 2.494169e+04 3.848254e+04 2.045797e+04 1.447041e+04 2.494169e+04 2.867999e+03 2.493295e+04 1.144068e+04 2.599721e+04 
2.304116e+02 4.445667e+02 3.620121e+02 6.385579e+02 3.768154e+02 4.250270e+02 4.835359e+02 1.291410e+02 4.888636e+02 3.539673e+02 3.034507e+02 2.797368e+02 6.889740e+02 4.917057e+02 5.342826e+02 4.250270e+02 3.365366e+02 5.518528e+02 7.088214e+02 5.047094e+02 4.299600e+02 4.986994e+02 3.647312e+02 3.783296e+02 3.636687e+02 4.986994e+02 5.505549e+02 2.441578e+01 1.388647e+02 4.299600e+02 
6.429427e+00 6.498316e+00 5.896571e+00 2.623219e+00 4.186032e+00 9.345670e+00 2.047531e+00 1.290365e+00 6.657046e+00 6.150289e+00 1.586546e+00 8.361504e+00 8.222997e+00 7.056187e+00 1.558358e+00 9.345670e+00 6.328045e-01 6.064993e+00 1.397461e+01 5.066497e+00 9.740688e+00 1.042061e+01 7.238573e+00 1.093626e+00 8.776958e+00 1.042061e+01 5.272280e+00 7.584489e+00 1.856563e+00 9.740688e+00 
4.525163e-01 3.029781e-01 3.199615e-01 3.864562e-01 2.134148e-01 4.933652e-01 3.031630e-01 3.216998e-01 2.153492e-01 3.643729e-01 3.285812e-01 4.646107e-01 2.977936e-01 3.471495e-01 3.701903e-01 4.933652e-01 3.190653e-01 4.663892e-01 4.171541e-01 3.588892e-01 2.624199e-01 4.409325e-01 3.050819e-01 3.075481e-01 3.972309e-01 4.409325e-01 5.237840e-01 3.785921e-01 3.281199e-01 2.624199e-01 
4.323961e-02 7.685906e-02 6.390562e-02 6.535893e-02 7.455440e-02 6.844021e-02 1.021697e-01 1.129424e-01 9.074525e-02 9.569781e-02 1.191221e-01 1.200455e-01 5.204792e-02 4.114315e-02 7.153628e-02 6.844021e-02 1.112201e-01 1.127638e-01 1.334837e-01 7.162778e-02 5.271890e-02 1.051830e-01 4.466975e-02 5.564371e-02 7.172440e-02 1.051830e-01 1.180199e-01 9.992131e-02 1.408841e-01 5.271890e-02 
1.577725e-02 2.261137e-02 6.334271e-03 1.633951e-02 1.223027e-02 1.244270e-02 2.261231e-02 7.585209e-03 1.759547e-02 2.201561e-02 5.862341e-03 1.569190e-02 7.595606e-03 1.002989e-02 1.758942e-02 1.244270e-02 1.564312e-02 1.155719e-02 2.563279e-02 6.868558e-03 9.129695e-03 4.675012e-03 4.296862e-03 1.338037e-02 1.600249e-02 4.675012e-03 1.581661e-02 2.215633e-02 1.966498e-02 9.129695e-03 
0.000000e+00 0.000000e+00 0.000000e+00 0.000000e+00 0.000000e+00 0.000000e+00 0.000000e+00 0.000000e+00 0.000000e+00 0.000000e+00 0.000000e+00 0.000000e+00 0.000000e+00 0.000000e+00 0.000000e+00 0.000000e+00 0.000000e+00 0.000000e+00 0.000000e+00 0.000000e+00 0.000000e+00 0.000000e+00 0.000000e+00 0.000000e+00 0.000000e+00 0.000000e+00 0.000000e+00 0.000000e+00 0.000000e+00 0.000000e+00 
0.000000e+00 0.000000e+00 0.000000e+00 0.000000e+00 0.000000e+00 0.000000e+00 0.000000e+00 0.000000e+00 0.000000e+00 0.000000e+00 0.000000e+00 0.000000e+00 0.000000e+00 0.000000e+00 0.000000e+00 0.000000e+00 0.000000e+00 0.000000e+00 0.000000e+00 0.000000e+00 0.000000e+00 0.000000e+00 0.000000e+00 0.000000e+00 0.000000e+00 0.000000e+00 0.000000e+00 0.000000e+00 0.000000e+00 0.000000e+00 