1.185227e+03 1.327462e+03 1.278565e+03 1.372619e+03 1.048625e+03 1.530663e+03 1.210107e+03 1.334576e+03 1.296771e+03 1.361263e+03 1.312038e+03 1.282856e+03 1.454108e+03 1.160745e+03 1.120084e+03 1.530663e+03 1.397836e+03 1.057195e+03 1.208750e+03 1.253766e+03 1.274483e+03 1.261853e+03 1.311469e+03 1.357590e+03 1.119699e+03 1.055985e+03 1.286339e+03 1.297644e+03 1.384685e+03 1.274483e+03 
1.185227e+03 1.327462e+03 1.278565e+03 1.372619e+03 1.048625e+03 1.530663e+03 1.210107e+03 1.334576e+03 1.296771e+03 1.361263e+03 1.312038e+03 1.282856e+03 1.454108e+03 1.160745e+03 1.120084e+03 1.530663e+03 1.397836e+03 1.057195e+03 1.208750e+03 1.253766e+03 1.274483e+03 1.261853e+03 1.311469e+03 1.357590e+03 1.119699e+03 1.055985e+03 1.286339e+03 1.297644e+03 1.384685e+03 1.274483e+03 
1.185227e+03 1.327462e+03 1.278565e+03 1.372619e+03 1.048625e+03 1.530663e+03 1.210107e+03 1.334576e+03 1.296771e+03 1.361263e+03 1.312038e+03 1.282856e+03 1.454108e+03 1.160745e+03 1.120084e+03 1.530663e+03 1.397836e+03 1.057195e+03 1.208750e+03 1.253766e+03 1.274483e+03 1.261853e+03 1.311469e+03 1.357590e+03 1.119699e+03 1.055985e+03 1.286339e+03 1.297644e+03 1.384685e+03 1.274483e+03 
1.185227e+03 1.084359e+03 1.189451e+03 1.372619e+03 1.048625e+03 1.166494e+03 1.166688e+03 1.334576e+03 1.296771e+03 1.358983e+03 1.312038e+03 1.282856e+03 1.311234e+03 1.160183e+03 1.120084e+03 1.166494e+03 1.303414e+03 1.057195e+03 1.208750e+03 1.176842e+03 1.233010e+03 1.261853e+03 1.311469e+03 1.057547e+03 1.111807e+03 1.055985e+03 1.286339e+03 1.283530e+03 1.021346e+03 1.233010e+03 
9.024547e+02 1.084359e+03 1.130502e+03 1.366582e+03 1.048625e+03 1.166494e+03 1.166688e+03 1.216358e+03 1.296771e+03 1.298210e+03 1.243793e+03 1.126994e+03 1.311234e+03 1.158327e+03 9.135404e+02 1.166494e+03 1.189754e+03 1.057195e+03 9.192035e+02 9.140037e+02 9.754725e+02 1.123004e+03 1.289989e+03 1.057547e+03 1.091632e+03 9.641081e+02 1.286339e+03 1.155187e+03 9.805150e+02 9.754725e+02 
9.024547e+02 1.061786e+03 1.129063e+03 1.134641e+03 1.034754e+03 1.013113e+03 8.105983e+02 9.416843e+02 1.174992e+03 1.233302e+03 1.162441e+03 9.316648e+02 1.118322e+03 9.320284e+02 6.920813e+02 1.013113e+03 9.762624e+02 1.057195e+03 7.778163e+02 8.855839e+02 9.754725e+02 1.046158e+03 1.078962e+03 9.811122e+02 1.002975e+03 8.337387e+02 1.172868e+03 1.100419e+03 8.588297e+02 9.754725e+02 
5.445207e+02 8.625392e+02 1.083637e+03 9.228012e+02 5.942397e+02 9.373506e+02 4.568731e+02 8.486655e+02 8.755178e+02 8.890211e+02 9.471713e+02 6.428877e+02 7.800164e+02 8.967206e+02 5.902625e+02 9.373506e+02 8.726294e+02 9.692803e+02 7.778163e+02 8.091803e+02 8.463192e+02 8.744805e+02 8.545278e+02 8.133944e+02 8.674029e+02 8.337387e+02 8.240117e+02 9.045736e+02 5.878347e+02 8.463192e+02 
3.845394e+02 7.057875e+02 3.964825e+02 6.430112e+02 3.453716e+02 5.603334e+02 2.798172e+02 4.739139e+02 6.332798e+02 6.018574e+02 5.127081e+02 4.299571e+02 4.333979e+02 3.736130e+02 5.279470e+02 5.603334e+02 5.178142e+02 5.277105e+02 4.714111e+02 5.944645e+02 4.141204e+02 5.622152e+02 4.726488e+02 3.883813e+02 4.296908e+02 5.077550e+02 3.352115e+02 4.672755e+02 4.144301e+02 4.141204e+02 
2.745627e+02 2.625578e+02 2.983163e+02 2.021841e+02 2.387838e+02 2.526967e+02 1.757835e+02 2.729919e+02 2.796330e+02 2.357734e+02 2.782267e+02 2.028271e+02 1.969875e+02 2.019552e+02 1.977259e+02 2.526967e+02 2.086028e+02 1.874517e+02 2.708082e+02 3.018699e+02 2.153849e+02 1.943930e+02 2.342884e+02 2.087266e+02 2.590133e+02 1.832056e+02 2.129999e+02 1.832466e+02 1.733679e+02 2.153849e+02 
9.484649e+01 1.187182e+02 9.358473e+01 1.067190e+02 7.841677e+01 1.066593e+02 8.294125e+01 1.060458e+02 6.976278e+01 8.799794e+01 1.082884e+02 9.547217e+01 9.624902e+01 9.040513e+01 1.008070e+02 1.066593e+02 1.010784e+02 9.321003e+01 9.848403e+01 1.047447e+02 8.186356e+01 1.000088e+02 9.874764e+01 7.791331e+01 9.905943e+01 7.579648e+01 9.467703e+01 1.042260e+02 8.367858e+01 8.186356e+01 
1.795219e+01 1.654420e+01 1.692106e+01 2.159961e+01 1.471767e+01 1.842180e+01 1.738445e+01 1.272972e+01 1.574979e+01 1.698009e+01 1.411271e+01 1.811623e+01 1.672383e+01 1.969784e+01 1.951166e+01 1.842180e+01 1.913344e+01 1.870173e+01 1.917753e+01 1.387555e+01 1.565567e+01 1.570153e+01 1.687406e+01 1.578655e+01 1.506328e+01 1.728703e+01 1.602885e+01 1.646649e+01 1.448484e+01 1.565567e+01 
4.908220e-01 8.929537e-01 6.821785e-01 1.407679e+00 1.102376e+00 1.257979e+00 4.358397e-01 1.002636e+00 5.489463e-01 9.517125e-01 3.828981e-01 1.533537e+00 7.444707e-01 1.205736e+00 8.985176e-01 1.257979e+00 1.167261e+00 2.837884e-01 7.741636e-01 1.144730e+00 8.658634e-01 9.216929e-01 1.238636e+00 4.461878e-01 4.967548e-01 5.445576e-01 8.220155e-01 1.413078e+00 7.377818e-01 8.658634e-01 
1.051913e-03 1.396751e-03 1.700723e-03 1.250617e-03 1.030025e-03 1.118218e-03 8.099505e-04 8.658326e-04 8.278928e-04 1.354568e-03 1.244854e-03 1.348794e-03 8.378207e-04 1.238034e-03 1.060054e-03 1.118218e-03 1.599678e-03 1.700555e-03 1.195679e-03 1.342327e-03 1.406625e-03 9.328533e-04 1.172540e-03 4.800035e-04 1.217650e-03 9.450512e-04 1.470060e-03 1.500359e-03 7.336361e-04 1.406625e-03 
0.000000e+00 0.000000e+00 0.000000e+00 0.000000e+00 0.000000e+00 0.000000e+00 0.000000e+00 0.000000e+00 0.000000e+00 0.000000e+00 0.000000e+00 0.000000e+00 0.000000e+00 0.000000e+00 0.000000e+00 0.000000e+00 0.000000e+00 0.000000e+00 0.000000e+00 0.000000e+00 0.000000e+00 0.000000e+00 0.000000e+00 0.000000e+00 0.000000e+00 0.000000e+00 0.000000e+00 0.000000e+00 0.000000e+00 0.000000e+00 
0.000000e+00 0.000000e+00 0.000000e+00 0.000000e+00 0.000000e+00 0.000000e+00 0.000000e+00 0.000000e+00 0.000000e+00 0.000000e+00 0.000000e+00 0.000000e+00 0.000000e+00 0.000000e+00 0.000000e+00 0.000000e+00 0.000000e+00 0.000000e+00 0.000000e+00 0.000000e+00 0.000000e+00 0.000000e+00 0.000000e+00 0.000000e+00 0.000000e+00 0.000000e+00 0.000000e+00 0.000000e+00 0.000000e+00 0.000000e+00 
0.000000e+00 0.000000e+00 0.000000e+00 0.000000e+00 0.000000e+00 0.000000e+00 0.000000e+00 0.000000e+00 0.000000e+00 0.000000e+00 0.000000e+00 0.000000e+00 0.000000e+00 0.000000e+00 0.000000e+00 0.000000e+00 0.000000e+00 0.000000e+00 0.000000e+00 0.000000e+00 0.000000e+00 0.000000e+00 0.000000e+00 0.000000e+00 0.000000e+00 0.000000e+00 0.000000e+00 0.000000e+00 0.000000e+00 0.000000e+00 
0.000000e+00 0.000000e+00 0.000000e+00 0.000000e+00 0.000000e+00 0.000000e+00 0.000000e+00 0.000000e+00 0.000000e+00 0.000000e+00 0.000000e+00 0.000000e+00 0.000000e+00 0.000000e+00 0.000000e+00 0.000000e+00 0.000000e+00 0.000000e+00 0.000000e+00 0.000000e+00 0.000000e+00 0.000000e+00 0.000000e+00 0.000000e+00 0.000000e+00 0.000000e+00 0.000000e+00 0.000000e+00 0.000000e+00 0.000000e+00 