1.046954e+03 9.814853e+02 9.370624e+02 9.462524e+02 1.024194e+03 1.204963e+03 9.733129e+02 1.062306e+03 1.133819e+03 9.939601e+02 9.956231e+02 1.093640e+03 9.082795e+02 1.144158e+03 1.058741e+03 1.204963e+03 1.187344e+03 1.033010e+03 1.012408e+03 9.795718e+02 1.125612e+03 1.084369e+03 9.138088e+02 1.042626e+03 9.962234e+02 1.093272e+03 1.122727e+03 9.575977e+02 1.080685e+03 1.125612e+03 
1.046954e+03 9.814853e+02 9.370624e+02 9.462524e+02 1.024194e+03 1.204963e+03 9.733129e+02 1.062306e+03 1.133819e+03 9.939601e+02 9.956231e+02 1.093640e+03 9.082795e+02 1.144158e+03 1.058741e+03 1.204963e+03 1.187344e+03 1.033010e+03 1.012408e+03 9.795718e+02 1.125612e+03 1.084369e+03 9.138088e+02 1.042626e+03 9.962234e+02 1.093272e+03 1.122727e+03 9.575977e+02 1.080685e+03 1.125612e+03 
1.046954e+03 9.814853e+02 9.370624e+02 9.462524e+02 1.024194e+03 1.204963e+03 9.733129e+02 1.062306e+03 1.133819e+03 9.939601e+02 9.956231e+02 1.093640e+03 9.082795e+02 1.144158e+03 1.058741e+03 1.204963e+03 1.187344e+03 1.033010e+03 1.012408e+03 9.795718e+02 1.125612e+03 1.084369e+03 9.138088e+02 1.042626e+03 9.962234e+02 1.093272e+03 1.122727e+03 9.575977e+02 1.080685e+03 1.125612e+03 
1.020375e+03 9.814853e+02 9.158226e+02 9.462524e+02 1.024194e+03 1.076665e+03 9.733129e+02 1.010715e+03 1.084271e+03 9.939601e+02 9.532988e+02 9.707273e+02 8.902304e+02 1.144158e+03 1.048828e+03 1.076665e+03 1.176538e+03 1.033010e+03 1.012408e+03 9.190589e+02 9.772782e+02 1.084369e+03 9.138088e+02 1.042626e+03 8.969800e+02 8.690783e+02 1.122727e+03 9.575977e+02 1.080685e+03 9.772782e+02 
1.020375e+03 8.868245e+02 9.158226e+02 8.916454e+02 1.012954e+03 1.019203e+03 9.733129e+02 1.010715e+03 1.063913e+03 9.202325e+02 9.223854e+02 9.707273e+02 8.902304e+02 1.144158e+03 1.048828e+03 1.019203e+03 1.088212e+03 9.923614e+02 9.490311e+02 8.572801e+02 9.703958e+02 1.037179e+03 9.136693e+02 1.042626e+03 8.969800e+02 8.690783e+02 1.035409e+03 9.439848e+02 1.016821e+03 9.703958e+02 
9.742550e+02 8.304143e+02 8.470402e+02 8.916454e+02 9.453434e+02 9.202300e+02 9.427048e+02 1.007572e+03 1.016380e+03 9.115183e+02 9.093960e+02 9.105796e+02 8.902304e+02 1.077797e+03 9.048495e+02 9.202300e+02 8.278419e+02 8.823891e+02 8.763714e+02 8.489435e+02 9.314941e+02 9.185615e+02 8.525178e+02 9.778471e+02 8.704793e+02 8.573680e+02 9.914427e+02 9.146149e+02 9.106771e+02 9.314941e+02 
8.775895e+02 8.147300e+02 8.436307e+02 8.916454e+02 7.623199e+02 8.602173e+02 8.242976e+02 8.708797e+02 9.075681e+02 8.395021e+02 8.677919e+02 8.874674e+02 8.578096e+02 8.573262e+02 8.569778e+02 8.602173e+02 8.278419e+02 8.823891e+02 8.214906e+02 8.489435e+02 8.894182e+02 9.146796e+02 8.395194e+02 9.313830e+02 8.179475e+02 8.573680e+02 8.829621e+02 8.535273e+02 7.972351e+02 8.894182e+02 
8.234570e+02 8.001685e+02 7.092497e+02 7.411982e+02 7.623199e+02 7.827540e+02 8.242976e+02 7.688524e+02 7.457457e+02 7.786697e+02 7.611343e+02 8.855439e+02 8.157346e+02 7.457470e+02 8.045481e+02 7.827540e+02 7.292831e+02 8.456843e+02 7.515095e+02 7.400488e+02 8.275157e+02 8.209357e+02 8.272858e+02 6.608061e+02 7.705776e+02 6.966408e+02 7.938979e+02 7.937898e+02 7.470298e+02 8.275157e+02 
6.629662e+02 6.889049e+02 6.670963e+02 7.082890e+02 6.805280e+02 7.263586e+02 6.542536e+02 6.570957e+02 6.981640e+02 7.109874e+02 6.995117e+02 7.007050e+02 6.897257e+02 7.273544e+02 7.255212e+02 7.263586e+02 6.485750e+02 7.267512e+02 6.602616e+02 6.899053e+02 6.854628e+02 6.934715e+02 7.001511e+02 6.495663e+02 6.902298e+02 6.662592e+02 7.143660e+02 6.675754e+02 6.605117e+02 6.854628e+02 
5.887018e+02 6.145686e+02 5.832636e+02 5.766479e+02 6.086390e+02 5.997854e+02 6.204138e+02 6.173082e+02 5.282056e+02 6.117645e+02 5.485096e+02 5.970702e+02 5.876724e+02 6.168365e+02 6.040225e+02 5.997854e+02 5.721485e+02 6.214970e+02 5.797537e+02 5.967361e+02 6.004892e+02 6.112944e+02 5.998370e+02 5.898446e+02 6.209445e+02 6.097315e+02 6.015019e+02 5.718925e+02 6.146627e+02 6.004892e+02 
5.393813e+02 5.383288e+02 5.255661e+02 5.249793e+02 5.243638e+02 5.422665e+02 5.368797e+02 5.264258e+02 5.077106e+02 5.431155e+02 4.874862e+02 5.409191e+02 5.339788e+02 5.165137e+02 5.312100e+02 5.422665e+02 5.388830e+02 5.182042e+02 5.022327e+02 5.225258e+02 5.429037e+02 5.268676e+02 5.219212e+02 5.202184e+02 5.328801e+02 5.393936e+02 5.255070e+02 5.367659e+02 5.317468e+02 5.429037e+02 
5.039168e+02 4.819679e+02 4.938557e+02 4.975233e+02 5.017883e+02 4.560196e+02 5.056902e+02 5.097146e+02 4.136395e+02 4.778811e+02 3.873023e+02 5.068415e+02 4.933137e+02 4.932257e+02 4.912196e+02 4.560196e+02 5.034000e+02 5.083553e+02 4.801791e+02 4.692201e+02 4.964020e+02 4.593255e+02 4.698572e+02 4.946767e+02 4.931127e+02 5.087402e+02 4.854113e+02 4.963253e+02 5.009082e+02 4.964020e+02 
4.714439e+02 4.631759e+02 4.681723e+02 4.724100e+02 3.326048e+02 3.238957e+02 4.770465e+02 4.606597e+02 3.460243e+02 4.573249e+02 2.947289e+02 4.807645e+02 4.154987e+02 3.029894e+02 2.853667e+02 3.238957e+02 3.133518e+02 4.696957e+02 3.820077e+02 3.008734e+02 4.719334e+02 3.442606e+02 4.405807e+02 3.294014e+02 3.520493e+02 4.188146e+02 4.675303e+02 3.659481e+02 4.277654e+02 4.719334e+02 
4.341904e+02 4.341406e+02 4.522543e+02 4.257988e+02 2.400225e+02 2.628042e+02 3.525136e+02 4.410857e+02 2.776290e+02 4.305456e+02 2.440171e+02 2.716395e+02 2.507470e+02 2.574619e+02 2.172131e+02 2.628042e+02 2.361964e+02 4.423191e+02 2.810752e+02 2.886771e+02 3.096040e+02 2.772853e+02 4.306590e+02 2.975174e+02 2.868775e+02 3.192485e+02 3.715404e+02 3.323795e+02 3.217112e+02 3.096040e+02 
4.238546e+02 4.161812e+02 4.257708e+02 4.211018e+02 1.914033e+02 1.753433e+02 1.827497e+02 4.204162e+02 1.862834e+02 4.220782e+02 1.637903e+02 1.666364e+02 1.419719e+02 1.702944e+02 1.573768e+02 1.753433e+02 1.709120e+02 4.208272e+02 1.713516e+02 2.120140e+02 1.770255e+02 1.618228e+02 4.239770e+02 1.957980e+02 2.179841e+02 1.673683e+02 2.026757e+02 1.817260e+02 1.898051e+02 1.770255e+02 
4.143598e+02 4.121182e+02 4.081942e+02 4.202686e+02 1.000000e+02 1.000164e+02 1.006032e+02 4.166728e+02 1.000000e+02 4.167805e+02 1.000000e+02 1.018317e+02 1.000000e+02 1.000000e+02 1.000000e+02 1.000164e+02 1.000000e+02 4.158299e+02 1.000000e+02 1.000000e+02 1.000000e+02 1.000000e+02 4.190960e+02 1.000000e+02 1.398773e+02 1.000000e+02 1.000000e+02 1.000000e+02 1.000000e+02 1.000000e+02 
0.000000e+00 0.000000e+00 0.000000e+00 0.000000e+00 0.000000e+00 0.000000e+00 0.000000e+00 0.000000e+00 0.000000e+00 0.000000e+00 0.000000e+00 0.000000e+00 0.000000e+00 0.000000e+00 0.000000e+00 0.000000e+00 0.000000e+00 0.000000e+00 0.000000e+00 0.000000e+00 0.000000e+00 0.000000e+00 0.000000e+00 0.000000e+00 0.000000e+00 0.000000e+00 0.000000e+00 0.000000e+00 0.000000e+00 0.000000e+00 