8.757413e+09 7.915996e+09 6.958612e+09 1.017551e+10 6.958612e+09 1.107637e+10 6.958612e+09 9.254733e+09 6.591026e+09 1.078020e+10 1.017551e+10 7.915996e+09 1.017551e+10 1.078020e+10 9.254733e+09 1.107637e+10 6.591026e+09 6.958612e+09 1.107637e+10 1.107637e+10 6.958612e+09 9.254733e+09 8.450818e+09 9.254733e+09 8.652479e+09 9.254733e+09 6.591026e+09 8.450818e+09 7.915996e+09 6.958612e+09 
6.768314e+09 5.678412e+09 6.958612e+09 5.161296e+09 6.958612e+09 7.076147e+09 6.958612e+09 9.254733e+09 6.591026e+09 8.233754e+09 5.161296e+09 5.678412e+09 5.161296e+09 8.233754e+09 9.254733e+09 7.076147e+09 6.591026e+09 6.958612e+09 7.076147e+09 7.076147e+09 6.958612e+09 9.254733e+09 7.488469e+09 9.254733e+09 5.852562e+09 9.254733e+09 6.591026e+09 7.488469e+09 5.678412e+09 6.958612e+09 
6.768314e+09 5.678412e+09 6.958612e+09 5.161296e+09 6.958612e+09 7.076147e+09 6.958612e+09 9.254733e+09 6.591026e+09 8.233754e+09 5.161296e+09 5.678412e+09 5.161296e+09 8.233754e+09 9.254733e+09 7.076147e+09 6.591026e+09 6.958612e+09 7.076147e+09 7.076147e+09 6.958612e+09 9.254733e+09 7.488469e+09 9.254733e+09 5.852562e+09 9.254733e+09 6.591026e+09 7.488469e+09 5.678412e+09 6.958612e+09 
6.762996e+09 5.678412e+09 5.281605e+09 5.161296e+09 5.281605e+09 4.313584e+09 5.281605e+09 8.041548e+09 3.945463e+09 7.324281e+09 5.161296e+09 5.678412e+09 5.161296e+09 7.324281e+09 8.041548e+09 4.313584e+09 3.945463e+09 5.281605e+09 4.313584e+09 4.313584e+09 5.281605e+09 8.041548e+09 5.092316e+09 8.041548e+09 5.852562e+09 8.041548e+09 3.945463e+09 5.092316e+09 5.678412e+09 5.281605e+09 
6.762996e+09 4.627255e+09 2.215907e+09 5.102651e+09 2.215907e+09 3.038334e+09 2.215907e+09 3.100363e+09 1.594174e+09 3.269812e+09 5.102651e+09 4.627255e+09 5.102651e+09 3.269812e+09 3.100363e+09 3.038334e+09 1.594174e+09 2.215907e+09 3.038334e+09 3.038334e+09 2.215907e+09 3.100363e+09 5.092316e+09 3.100363e+09 4.812534e+09 3.100363e+09 1.594174e+09 5.092316e+09 4.627255e+09 2.215907e+09 
1.217989e+09 2.101482e+09 2.215907e+09 1.939292e+09 2.215907e+09 2.181734e+09 2.215907e+09 2.120631e+09 1.594174e+09 3.087924e+09 1.939292e+09 2.101482e+09 1.939292e+09 3.087924e+09 2.120631e+09 2.181734e+09 1.594174e+09 2.215907e+09 2.181734e+09 2.181734e+09 2.215907e+09 2.120631e+09 4.917704e+08 2.120631e+09 3.015606e+09 2.120631e+09 1.594174e+09 4.917704e+08 2.101482e+09 2.215907e+09 
1.036383e+09 7.566478e+08 1.490848e+09 1.816016e+09 1.490848e+09 1.212879e+09 1.490848e+09 1.427316e+09 1.286837e+09 5.943200e+08 1.816016e+09 7.566478e+08 1.816016e+09 5.943200e+08 1.427316e+09 1.212879e+09 1.286837e+09 1.490848e+09 1.212879e+09 1.212879e+09 1.490848e+09 1.427316e+09 4.497280e+08 1.427316e+09 1.131056e+09 1.427316e+09 1.286837e+09 4.497280e+08 7.566478e+08 1.490848e+09 
3.482823e+08 1.841534e+08 6.359408e+08 1.821312e+08 6.359408e+08 2.315298e+08 6.359408e+08 5.467710e+08 4.929756e+08 5.594580e+08 1.821312e+08 1.841534e+08 1.821312e+08 5.594580e+08 5.467710e+08 2.315298e+08 4.929756e+08 6.359408e+08 2.315298e+08 2.315298e+08 6.359408e+08 5.467710e+08 4.497280e+08 5.467710e+08 6.031612e+08 5.467710e+08 4.929756e+08 4.497280e+08 1.841534e+08 6.359408e+08 
5.607487e+07 8.786318e+07 3.621336e+05 4.717846e+07 3.621336e+05 7.687996e+07 3.621336e+05 7.276302e+07 4.857917e+07 4.410977e+07 4.717846e+07 8.786318e+07 4.717846e+07 4.410977e+07 7.276302e+07 7.687996e+07 4.857917e+07 3.621336e+05 7.687996e+07 7.687996e+07 3.621336e+05 7.276302e+07 4.203860e+07 7.276302e+07 8.906492e+07 7.276302e+07 4.857917e+07 4.203860e+07 8.786318e+07 3.621336e+05 
4.101010e+06 3.209816e+06 3.621336e+05 5.242786e+06 3.621336e+05 2.276743e+06 3.621336e+05 5.136279e+06 4.566192e+06 3.815399e+06 5.242786e+06 3.209816e+06 5.242786e+06 3.815399e+06 5.136279e+06 2.276743e+06 4.566192e+06 3.621336e+05 2.276743e+06 2.276743e+06 3.621336e+05 5.136279e+06 5.829778e+06 5.136279e+06 6.030307e+06 5.136279e+06 4.566192e+06 5.829778e+06 3.209816e+06 3.621336e+05 
4.380544e+04 3.121099e+04 2.358306e+04 2.251212e+03 2.358306e+04 1.479725e+04 2.358306e+04 2.968564e+04 2.386445e+04 5.028716e+04 2.251212e+03 3.121099e+04 2.251212e+03 5.028716e+04 2.968564e+04 1.479725e+04 2.386445e+04 2.358306e+04 1.479725e+04 1.479725e+04 2.358306e+04 2.968564e+04 7.190491e+04 2.968564e+04 6.084531e+04 2.968564e+04 2.386445e+04 7.190491e+04 3.121099e+04 2.358306e+04 
2.579663e+01 3.086085e+01 2.190882e+01 4.421565e+01 2.190882e+01 2.828032e+01 2.190882e+01 3.211048e+01 5.040604e+01 3.203253e+01 4.421565e+01 3.086085e+01 4.421565e+01 3.203253e+01 3.211048e+01 2.828032e+01 5.040604e+01 2.190882e+01 2.828032e+01 2.828032e+01 2.190882e+01 3.211048e+01 4.709610e+01 3.211048e+01 2.667030e+01 3.211048e+01 5.040604e+01 4.709610e+01 3.086085e+01 2.190882e+01 
5.857052e-08 1.075257e-04 2.339683e-05 1.328554e-04 2.339683e-05 6.620135e-07 2.339683e-05 4.764252e-05 2.532289e-07 1.643874e-06 1.328554e-04 1.075257e-04 1.328554e-04 1.643874e-06 4.764252e-05 6.620135e-07 2.532289e-07 2.339683e-05 6.620135e-07 6.620135e-07 2.339683e-05 4.764252e-05 1.654305e-04 4.764252e-05 4.249046e-05 4.764252e-05 2.532289e-07 1.654305e-04 1.075257e-04 2.339683e-05 
0.000000e+00 0.000000e+00 0.000000e+00 0.000000e+00 0.000000e+00 0.000000e+00 0.000000e+00 0.000000e+00 0.000000e+00 0.000000e+00 0.000000e+00 0.000000e+00 0.000000e+00 0.000000e+00 0.000000e+00 0.000000e+00 0.000000e+00 0.000000e+00 0.000000e+00 0.000000e+00 0.000000e+00 0.000000e+00 0.000000e+00 0.000000e+00 0.000000e+00 0.000000e+00 0.000000e+00 0.000000e+00 0.000000e+00 0.000000e+00 
0.000000e+00 0.000000e+00 0.000000e+00 0.000000e+00 0.000000e+00 0.000000e+00 0.000000e+00 0.000000e+00 0.000000e+00 0.000000e+00 0.000000e+00 0.000000e+00 0.000000e+00 0.000000e+00 0.000000e+00 0.000000e+00 0.000000e+00 0.000000e+00 0.000000e+00 0.000000e+00 0.000000e+00 0.000000e+00 0.000000e+00 0.000000e+00 0.000000e+00 0.000000e+00 0.000000e+00 0.000000e+00 0.000000e+00 0.000000e+00 
0.000000e+00 0.000000e+00 0.000000e+00 0.000000e+00 0.000000e+00 0.000000e+00 0.000000e+00 0.000000e+00 0.000000e+00 0.000000e+00 0.000000e+00 0.000000e+00 0.000000e+00 0.000000e+00 0.000000e+00 0.000000e+00 0.000000e+00 0.000000e+00 0.000000e+00 0.000000e+00 0.000000e+00 0.000000e+00 0.000000e+00 0.000000e+00 0.000000e+00 0.000000e+00 0.000000e+00 0.000000e+00 0.000000e+00 0.000000e+00 
0.000000e+00 0.000000e+00 0.000000e+00 0.000000e+00 0.000000e+00 0.000000e+00 0.000000e+00 0.000000e+00 0.000000e+00 0.000000e+00 0.000000e+00 0.000000e+00 0.000000e+00 0.000000e+00 0.000000e+00 0.000000e+00 0.000000e+00 0.000000e+00 0.000000e+00 0.000000e+00 0.000000e+00 0.000000e+00 0.000000e+00 0.000000e+00 0.000000e+00 0.000000e+00 0.000000e+00 0.000000e+00 0.000000e+00 0.000000e+00 