3.555545e+02 3.187235e+02 3.478223e+02 3.637599e+02 3.577489e+02 4.103853e+02 3.109339e+02 3.165078e+02 4.110571e+02 4.244064e+02 3.549468e+02 3.510012e+02 4.210593e+02 1.844260e+02 3.769519e+02 4.103853e+02 4.110571e+02 3.577489e+02 3.765739e+02 4.103853e+02 3.577489e+02 4.134615e+02 3.807311e+02 4.134615e+02 3.241929e+02 4.134615e+02 3.449160e+02 3.442910e+02 3.689428e+02 3.577489e+02 
2.922010e+02 3.187235e+02 3.478223e+02 3.622987e+02 3.211558e+02 3.609786e+02 3.109339e+02 3.085428e+02 2.450713e+02 4.076119e+02 3.171038e+02 3.510012e+02 3.410701e+02 1.844260e+02 3.337495e+02 3.609786e+02 2.450713e+02 3.211558e+02 3.612443e+02 3.609786e+02 3.211558e+02 3.821057e+02 3.660292e+02 3.821057e+02 3.241929e+02 3.821057e+02 3.258404e+02 2.955365e+02 3.689428e+02 3.211558e+02 
2.922010e+02 3.187235e+02 3.478223e+02 3.622987e+02 3.211558e+02 3.609786e+02 3.109339e+02 3.085428e+02 2.450713e+02 4.076119e+02 3.171038e+02 3.510012e+02 3.410701e+02 1.844260e+02 3.337495e+02 3.609786e+02 2.450713e+02 3.211558e+02 3.612443e+02 3.609786e+02 3.211558e+02 3.821057e+02 3.660292e+02 3.821057e+02 3.241929e+02 3.821057e+02 3.258404e+02 2.955365e+02 3.689428e+02 3.211558e+02 
2.463752e+02 3.072890e+02 2.325217e+02 3.622987e+02 2.954184e+02 3.609786e+02 3.043739e+02 2.993549e+02 2.450713e+02 3.489284e+02 3.171038e+02 2.926216e+02 3.194879e+02 1.844260e+02 3.337495e+02 3.609786e+02 2.450713e+02 2.954184e+02 3.369965e+02 3.609786e+02 2.954184e+02 3.519107e+02 3.304637e+02 3.519107e+02 2.823110e+02 3.519107e+02 3.134976e+02 2.955365e+02 3.689428e+02 2.954184e+02 
2.463752e+02 2.736035e+02 2.325217e+02 2.877841e+02 2.454943e+02 3.585266e+02 2.433242e+02 2.060482e+02 2.394309e+02 2.342491e+02 2.897603e+02 2.152335e+02 3.175300e+02 1.844260e+02 2.244544e+02 3.585266e+02 2.394309e+02 2.454943e+02 3.183878e+02 3.585266e+02 2.454943e+02 3.015826e+02 2.971307e+02 3.015826e+02 2.563713e+02 3.015826e+02 2.224617e+02 2.785771e+02 1.827806e+02 2.454943e+02 
2.390532e+02 2.297915e+02 2.190730e+02 2.366136e+02 1.586478e+02 1.481751e+02 1.825021e+02 1.847239e+02 2.314583e+02 2.214228e+02 1.350762e+02 2.152335e+02 2.229327e+02 1.722305e+02 1.631981e+02 1.481751e+02 2.314583e+02 1.586478e+02 1.796043e+02 1.481751e+02 1.586478e+02 2.111216e+02 2.765102e+02 2.111216e+02 1.688604e+02 2.111216e+02 2.224494e+02 1.869390e+02 1.660438e+02 1.586478e+02 
1.482940e+02 1.863566e+02 1.827082e+02 1.764824e+02 1.540637e+02 1.481751e+02 1.298479e+02 1.576566e+02 1.426959e+02 1.504145e+02 1.297981e+02 1.675007e+02 1.360906e+02 8.829958e+01 1.180671e+02 1.481751e+02 1.426959e+02 1.540637e+02 1.368442e+02 1.481751e+02 1.540637e+02 1.561654e+02 1.570600e+02 1.561654e+02 1.493127e+02 1.561654e+02 1.572154e+02 1.522091e+02 1.660438e+02 1.540637e+02 
1.308601e+02 1.220333e+02 9.788101e+01 1.387504e+02 1.223722e+02 1.092951e+02 1.143399e+02 1.240725e+02 1.182004e+02 8.763080e+01 1.216927e+02 1.133655e+02 1.113795e+02 8.829958e+01 1.078020e+02 1.092951e+02 1.182004e+02 1.223722e+02 8.949926e+01 1.092951e+02 1.223722e+02 9.262758e+01 1.074176e+02 9.262758e+01 9.229482e+01 9.262758e+01 9.800122e+01 9.933600e+01 1.347369e+02 1.223722e+02 
6.922023e+01 7.270580e+01 6.979126e+01 8.439684e+01 5.204030e+01 5.240436e+01 7.092642e+01 6.263305e+01 7.846979e+01 6.705130e+01 7.405652e+01 8.458585e+01 5.849531e+01 7.440291e+01 6.957574e+01 5.240436e+01 7.846979e+01 5.204030e+01 7.726540e+01 5.240436e+01 5.204030e+01 7.911458e+01 6.161844e+01 7.911458e+01 6.787442e+01 7.911458e+01 7.496032e+01 7.699823e+01 5.952198e+01 5.204030e+01 
4.628447e+01 5.047219e+01 4.857382e+01 4.713524e+01 4.537557e+01 4.864637e+01 5.295103e+01 4.470151e+01 3.932334e+01 5.195928e+01 4.678409e+01 4.445809e+01 4.859733e+01 4.551295e+01 4.037887e+01 4.864637e+01 3.932334e+01 4.537557e+01 5.024659e+01 4.864637e+01 4.537557e+01 5.167917e+01 3.606148e+01 5.167917e+01 5.239284e+01 5.167917e+01 4.477259e+01 3.988986e+01 4.905772e+01 4.537557e+01 
2.946213e+01 2.758838e+01 2.595844e+01 1.873760e+01 2.361517e+01 2.867394e+01 2.722095e+01 2.882160e+01 2.930666e+01 2.550778e+01 2.891240e+01 2.781569e+01 2.889547e+01 2.710428e+01 2.709885e+01 2.867394e+01 2.930666e+01 2.361517e+01 2.646297e+01 2.867394e+01 2.361517e+01 2.474598e+01 2.432941e+01 2.474598e+01 2.355502e+01 2.474598e+01 2.603921e+01 2.655382e+01 2.955560e+01 2.361517e+01 
1.664830e+01 1.962940e+01 1.843275e+01 1.570241e+01 1.511279e+01 1.789710e+01 1.874121e+01 1.829921e+01 1.833671e+01 1.832782e+01 1.751444e+01 1.715756e+01 1.929245e+01 1.654386e+01 1.939353e+01 1.789710e+01 1.833671e+01 1.511279e+01 1.652402e+01 1.789710e+01 1.511279e+01 2.012183e+01 1.806244e+01 2.012183e+01 1.648955e+01 2.012183e+01 1.642800e+01 1.752542e+01 1.987447e+01 1.511279e+01 
1.409549e+01 1.425794e+01 1.345572e+01 1.329412e+01 1.321625e+01 1.461712e+01 1.437855e+01 1.400458e+01 1.321202e+01 1.380273e+01 1.354359e+01 1.384275e+01 1.246611e+01 1.409685e+01 1.393067e+01 1.461712e+01 1.321202e+01 1.321625e+01 1.352983e+01 1.461712e+01 1.321625e+01 1.486345e+01 1.297215e+01 1.486345e+01 1.375058e+01 1.486345e+01 1.418714e+01 1.362197e+01 1.434757e+01 1.321625e+01 
1.113617e+01 1.139815e+01 1.126568e+01 1.126796e+01 1.109118e+01 1.123376e+01 1.127209e+01 1.120822e+01 1.119399e+01 1.131772e+01 1.107005e+01 1.165806e+01 1.130757e+01 1.115189e+01 1.139239e+01 1.123376e+01 1.119399e+01 1.109118e+01 1.124804e+01 1.123376e+01 1.109118e+01 1.140591e+01 1.121533e+01 1.140591e+01 1.145072e+01 1.140591e+01 1.141973e+01 1.117262e+01 1.131015e+01 1.109118e+01 
1.087368e+01 1.087368e+01 1.087368e+01 1.087368e+01 1.087368e+01 1.087368e+01 1.087368e+01 1.087368e+01 1.087368e+01 1.087368e+01 1.087368e+01 1.087368e+01 1.087368e+01 1.087368e+01 1.087368e+01 1.087368e+01 1.087368e+01 1.087368e+01 1.087368e+01 1.087368e+01 1.087368e+01 1.087368e+01 1.087368e+01 1.087368e+01 1.087368e+01 1.087368e+01 1.087368e+01 1.087368e+01 1.087368e+01 1.087368e+01 
1.087368e+01 1.087368e+01 1.087368e+01 1.087368e+01 1.087368e+01 1.087368e+01 1.087368e+01 1.087368e+01 1.087368e+01 1.087368e+01 1.087368e+01 1.087368e+01 1.087368e+01 1.087368e+01 1.087368e+01 1.087368e+01 1.087368e+01 1.087368e+01 1.087368e+01 1.087368e+01 1.087368e+01 1.087368e+01 0.000000e+00 1.087368e+01 1.087368e+01 1.087368e+01 1.087368e+01 1.087368e+01 1.087368e+01 1.087368e+01 
0.000000e+00 0.000000e+00 0.000000e+00 0.000000e+00 0.000000e+00 0.000000e+00 0.000000e+00 0.000000e+00 0.000000e+00 0.000000e+00 0.000000e+00 0.000000e+00 0.000000e+00 0.000000e+00 0.000000e+00 0.000000e+00 0.000000e+00 0.000000e+00 0.000000e+00 0.000000e+00 0.000000e+00 0.000000e+00 0.000000e+00 0.000000e+00 0.000000e+00 0.000000e+00 0.000000e+00 0.000000e+00 0.000000e+00 0.000000e+00 