1.046954e+03 9.814853e+02 9.370624e+02 9.462524e+02 1.024194e+03 1.204963e+03 9.733129e+02 1.062306e+03 1.133819e+03 9.939601e+02 9.956231e+02 1.093640e+03 9.082795e+02 1.144158e+03 1.058741e+03 1.204963e+03 1.187344e+03 1.033010e+03 1.012408e+03 9.795718e+02 1.125612e+03 1.084369e+03 9.138088e+02 1.042626e+03 9.962234e+02 1.093272e+03 1.122727e+03 9.575977e+02 1.080685e+03 1.125612e+03 
1.046954e+03 9.814853e+02 9.370624e+02 9.462524e+02 1.024194e+03 1.204963e+03 9.733129e+02 1.062306e+03 1.133819e+03 9.939601e+02 9.956231e+02 1.093640e+03 9.082795e+02 1.144158e+03 1.058741e+03 1.204963e+03 1.187344e+03 1.033010e+03 1.012408e+03 9.795718e+02 1.125612e+03 1.084369e+03 9.138088e+02 1.042626e+03 9.962234e+02 1.093272e+03 1.122727e+03 9.575977e+02 1.080685e+03 1.125612e+03 
1.046954e+03 9.814853e+02 9.370624e+02 9.462524e+02 1.024194e+03 1.204963e+03 9.733129e+02 1.062306e+03 1.133819e+03 9.939601e+02 9.956231e+02 1.093640e+03 9.082795e+02 1.144158e+03 1.058741e+03 1.204963e+03 1.187344e+03 1.033010e+03 1.012408e+03 9.795718e+02 1.125612e+03 1.084369e+03 9.138088e+02 1.042626e+03 9.962234e+02 1.093272e+03 1.122727e+03 9.575977e+02 1.080685e+03 1.125612e+03 
1.020375e+03 9.814853e+02 9.158226e+02 9.462524e+02 1.024194e+03 1.076665e+03 9.733129e+02 1.010715e+03 1.084271e+03 9.939601e+02 9.532988e+02 9.707273e+02 8.902304e+02 1.144158e+03 1.048828e+03 1.076665e+03 1.176538e+03 1.033010e+03 1.012408e+03 9.190589e+02 9.772782e+02 1.084369e+03 9.138088e+02 1.042626e+03 8.969800e+02 8.690783e+02 1.122727e+03 9.575977e+02 1.080685e+03 9.772782e+02 
1.020375e+03 8.868245e+02 9.158226e+02 8.916454e+02 1.012954e+03 1.019203e+03 9.733129e+02 1.010715e+03 1.063913e+03 9.202325e+02 9.223854e+02 9.707273e+02 8.902304e+02 1.144158e+03 1.048828e+03 1.019203e+03 1.088212e+03 9.923614e+02 9.490311e+02 8.572801e+02 9.703958e+02 1.037179e+03 9.136693e+02 1.042626e+03 8.969800e+02 8.690783e+02 1.035409e+03 9.439848e+02 1.016821e+03 9.703958e+02 
9.902999e+02 8.304143e+02 8.470402e+02 8.916454e+02 9.453434e+02 9.202300e+02 9.733129e+02 9.922982e+02 1.016380e+03 9.115183e+02 9.223854e+02 9.105796e+02 8.902304e+02 9.776015e+02 9.048495e+02 9.202300e+02 8.632046e+02 8.823891e+02 9.490311e+02 8.572801e+02 9.314941e+02 9.185615e+02 8.525178e+02 1.007807e+03 8.704793e+02 8.573680e+02 9.835006e+02 9.146149e+02 9.843807e+02 9.314941e+02 
9.027344e+02 8.147300e+02 8.470402e+02 8.916454e+02 9.432755e+02 8.602173e+02 9.099716e+02 8.418504e+02 7.795786e+02 8.180451e+02 8.689900e+02 9.061041e+02 8.228800e+02 8.653276e+02 8.603088e+02 8.602173e+02 8.632046e+02 8.823891e+02 8.353746e+02 7.461988e+02 8.578509e+02 9.146796e+02 8.395194e+02 9.638957e+02 7.968045e+02 7.948568e+02 8.968428e+02 8.535273e+02 8.819900e+02 8.578509e+02 
8.210420e+02 7.923875e+02 7.420173e+02 8.367083e+02 8.675787e+02 8.377403e+02 7.567207e+02 7.587748e+02 7.765150e+02 7.457753e+02 7.489328e+02 7.590906e+02 6.872147e+02 8.273846e+02 8.382021e+02 8.377403e+02 8.074762e+02 8.486446e+02 7.915100e+02 7.461988e+02 8.044988e+02 7.848852e+02 8.272858e+02 8.300732e+02 7.886095e+02 7.424672e+02 8.780032e+02 8.020610e+02 7.646242e+02 8.044988e+02 
7.448782e+02 6.697453e+02 6.891309e+02 7.007671e+02 6.971697e+02 6.796649e+02 6.871848e+02 6.854246e+02 6.781271e+02 7.418497e+02 6.644306e+02 6.556878e+02 6.813970e+02 6.422048e+02 6.446244e+02 6.796649e+02 6.766850e+02 6.675593e+02 7.106195e+02 6.942307e+02 6.678161e+02 6.983930e+02 6.970331e+02 6.316506e+02 7.049337e+02 6.548217e+02 7.251466e+02 6.726261e+02 6.951292e+02 6.678161e+02 
5.874009e+02 6.181750e+02 5.510243e+02 6.119884e+02 5.994057e+02 5.828580e+02 6.043684e+02 6.195476e+02 5.867422e+02 6.116629e+02 5.879771e+02 5.946029e+02 5.959163e+02 5.922493e+02 5.689260e+02 5.828580e+02 6.224040e+02 6.112403e+02 5.818004e+02 6.220997e+02 6.127479e+02 5.836360e+02 5.864689e+02 5.658019e+02 5.847528e+02 5.996300e+02 6.078533e+02 6.250731e+02 6.107893e+02 6.127479e+02 
5.334156e+02 5.450754e+02 5.332116e+02 5.473102e+02 5.487049e+02 5.323483e+02 5.417012e+02 5.394410e+02 5.489749e+02 5.362438e+02 5.358230e+02 5.403212e+02 5.428010e+02 5.139220e+02 5.239051e+02 5.323483e+02 5.302270e+02 5.417821e+02 5.368966e+02 5.355979e+02 5.435026e+02 5.114246e+02 5.360579e+02 5.468643e+02 5.371472e+02 5.325245e+02 5.282338e+02 5.255305e+02 5.223631e+02 5.435026e+02 
5.012847e+02 4.977325e+02 4.770917e+02 4.909437e+02 4.866315e+02 5.045000e+02 4.982343e+02 3.046635e+02 5.086928e+02 5.129350e+02 4.352342e+02 4.941217e+02 5.116226e+02 4.932278e+02 4.885186e+02 5.045000e+02 5.077443e+02 5.047418e+02 5.070698e+02 5.012893e+02 4.896759e+02 4.989627e+02 5.142764e+02 5.031068e+02 5.049015e+02 4.474060e+02 4.954771e+02 4.973138e+02 5.048022e+02 4.896759e+02 
4.585125e+02 4.642831e+02 4.622535e+02 4.706296e+02 2.575572e+02 4.569179e+02 4.018221e+02 2.371625e+02 4.588966e+02 4.610218e+02 3.179794e+02 2.555978e+02 4.418682e+02 2.843692e+02 2.283221e+02 4.569179e+02 4.673334e+02 4.748966e+02 4.662568e+02 4.750825e+02 3.813618e+02 4.449849e+02 4.575373e+02 3.504792e+02 3.589434e+02 2.536015e+02 4.755100e+02 4.730676e+02 4.666832e+02 3.813618e+02 
4.382111e+02 4.361024e+02 4.361219e+02 4.458108e+02 1.943746e+02 4.421768e+02 2.769181e+02 2.215499e+02 4.401652e+02 4.312076e+02 2.194220e+02 2.433395e+02 3.105370e+02 2.027873e+02 1.795749e+02 4.421768e+02 4.335132e+02 4.048835e+02 3.352636e+02 4.484885e+02 2.834107e+02 2.333268e+02 4.283257e+02 2.287546e+02 3.115306e+02 2.223267e+02 3.481182e+02 4.363138e+02 3.234726e+02 2.834107e+02 
4.217492e+02 4.217532e+02 4.177280e+02 4.227601e+02 1.287673e+02 4.233378e+02 1.640562e+02 1.390254e+02 4.300317e+02 4.241056e+02 1.756557e+02 1.789174e+02 1.658049e+02 1.671896e+02 1.263697e+02 4.233378e+02 4.115292e+02 2.053964e+02 1.880019e+02 1.671446e+02 1.786786e+02 1.503123e+02 2.497194e+02 1.662978e+02 1.963658e+02 1.704466e+02 1.477092e+02 4.242565e+02 1.893137e+02 1.786786e+02 
4.173141e+02 4.193413e+02 4.161592e+02 4.191042e+02 1.000000e+02 4.210675e+02 1.000000e+02 1.000000e+02 4.220723e+02 4.159582e+02 1.000000e+02 1.000000e+02 1.000000e+02 1.000000e+02 1.000000e+02 4.210675e+02 4.085920e+02 1.000744e+02 1.000000e+02 1.000000e+02 1.000000e+02 1.000000e+02 2.015492e+02 1.000000e+02 1.000000e+02 1.000000e+02 1.000000e+02 4.129256e+02 1.000000e+02 1.000000e+02 
0.000000e+00 0.000000e+00 0.000000e+00 0.000000e+00 0.000000e+00 0.000000e+00 0.000000e+00 0.000000e+00 0.000000e+00 0.000000e+00 0.000000e+00 0.000000e+00 0.000000e+00 0.000000e+00 0.000000e+00 0.000000e+00 0.000000e+00 0.000000e+00 0.000000e+00 0.000000e+00 0.000000e+00 0.000000e+00 0.000000e+00 0.000000e+00 0.000000e+00 0.000000e+00 0.000000e+00 0.000000e+00 0.000000e+00 0.000000e+00 