7.646704e+09 1.248256e+10 1.082901e+10 8.918501e+09 1.082901e+10 5.234095e+09 1.082901e+10 1.287340e+10 9.656344e+09 1.439976e+10 8.918501e+09 1.248256e+10 8.918501e+09 1.439976e+10 1.287340e+10 5.234095e+09 9.656344e+09 1.082901e+10 5.234095e+09 5.234095e+09 1.082901e+10 1.287340e+10 4.852741e+09 1.287340e+10 8.288826e+09 1.287340e+10 9.656344e+09 4.852741e+09 1.248256e+10 1.082901e+10 
7.646702e+09 9.861644e+09 9.419948e+09 4.922126e+09 9.419948e+09 5.234095e+09 9.419948e+09 1.184922e+10 9.656344e+09 1.439976e+10 4.922126e+09 9.861644e+09 4.922126e+09 1.439976e+10 1.184922e+10 5.234095e+09 9.656344e+09 9.419948e+09 5.234095e+09 5.234095e+09 9.419948e+09 1.184922e+10 4.852741e+09 1.184922e+10 8.288826e+09 1.184922e+10 9.656344e+09 4.852741e+09 9.861644e+09 9.419948e+09 
7.646702e+09 9.861644e+09 9.419948e+09 4.922126e+09 9.419948e+09 5.234095e+09 9.419948e+09 1.184922e+10 9.656344e+09 1.439976e+10 4.922126e+09 9.861644e+09 4.922126e+09 1.439976e+10 1.184922e+10 5.234095e+09 9.656344e+09 9.419948e+09 5.234095e+09 5.234095e+09 9.419948e+09 1.184922e+10 4.852741e+09 1.184922e+10 8.288826e+09 1.184922e+10 9.656344e+09 4.852741e+09 9.861644e+09 9.419948e+09 
4.449837e+09 9.861644e+09 6.769796e+09 4.922126e+09 6.769796e+09 5.234095e+09 6.769796e+09 1.126484e+10 9.656344e+09 9.089997e+09 4.922126e+09 9.861644e+09 4.922126e+09 9.089997e+09 1.126484e+10 5.234095e+09 9.656344e+09 6.769796e+09 5.234095e+09 5.234095e+09 6.769796e+09 1.126484e+10 4.219436e+09 1.126484e+10 8.248603e+09 1.126484e+10 9.656344e+09 4.219436e+09 9.861644e+09 6.769796e+09 
4.449833e+09 6.979591e+09 4.303684e+09 4.922126e+09 4.303684e+09 2.960884e+09 4.303684e+09 6.574552e+09 6.344402e+09 7.515184e+09 4.922126e+09 6.979591e+09 4.922126e+09 7.515184e+09 6.574552e+09 2.960884e+09 6.344402e+09 4.303684e+09 2.960884e+09 2.960884e+09 4.303684e+09 6.574552e+09 3.994144e+09 6.574552e+09 7.713659e+09 6.574552e+09 6.344402e+09 3.994144e+09 6.979591e+09 4.303684e+09 
4.449833e+09 4.402148e+09 3.121694e+09 4.490387e+09 3.121694e+09 2.960884e+09 3.121694e+09 4.611161e+09 6.089174e+09 5.316234e+09 4.490387e+09 4.402148e+09 4.490387e+09 5.316234e+09 4.611161e+09 2.960884e+09 6.089174e+09 3.121694e+09 2.960884e+09 2.960884e+09 3.121694e+09 4.611161e+09 1.283496e+09 4.611161e+09 3.887665e+09 4.611161e+09 6.089174e+09 1.283496e+09 4.402148e+09 3.121694e+09 
2.161826e+09 3.092895e+09 1.356080e+09 1.368509e+09 1.356080e+09 1.680991e+09 1.356080e+09 2.866404e+09 3.053687e+09 2.989077e+09 1.368509e+09 3.092895e+09 1.368509e+09 2.989077e+09 2.866404e+09 1.680991e+09 3.053687e+09 1.356080e+09 1.680991e+09 1.680991e+09 1.356080e+09 2.866404e+09 1.283496e+09 2.866404e+09 1.963551e+09 2.866404e+09 3.053687e+09 1.283496e+09 3.092895e+09 1.356080e+09 
7.573104e+08 3.663240e+08 9.773512e+08 1.171741e+09 9.773512e+08 1.192801e+09 9.773512e+08 1.127098e+09 7.376093e+08 1.727466e+09 1.171741e+09 3.663240e+08 1.171741e+09 1.727466e+09 1.127098e+09 1.192801e+09 7.376093e+08 9.773512e+08 1.192801e+09 1.192801e+09 9.773512e+08 1.127098e+09 7.708223e+08 1.127098e+09 8.794797e+08 1.127098e+09 7.376093e+08 7.708223e+08 3.663240e+08 9.773512e+08 
3.486506e+08 1.882901e+08 5.931966e+08 2.796012e+08 5.931966e+08 3.769678e+08 5.931966e+08 5.901907e+08 2.638488e+08 3.597314e+08 2.796012e+08 1.882901e+08 2.796012e+08 3.597314e+08 5.901907e+08 3.769678e+08 2.638488e+08 5.931966e+08 3.769678e+08 3.769678e+08 5.931966e+08 5.901907e+08 1.654472e+08 5.901907e+08 3.558950e+08 5.901907e+08 2.638488e+08 1.654472e+08 1.882901e+08 5.931966e+08 
5.964440e+07 2.824081e+07 6.138217e+07 8.884367e+07 6.138217e+07 7.750201e+07 6.138217e+07 9.773391e+07 1.206935e+08 7.683007e+07 8.884367e+07 2.824081e+07 8.884367e+07 7.683007e+07 9.773391e+07 7.750201e+07 1.206935e+08 6.138217e+07 7.750201e+07 7.750201e+07 6.138217e+07 9.773391e+07 4.530253e+07 9.773391e+07 9.965925e+07 9.773391e+07 1.206935e+08 4.530253e+07 2.824081e+07 6.138217e+07 
3.028544e+06 1.712698e+06 3.267082e+06 2.963395e+06 3.267082e+06 4.614150e+06 3.267082e+06 2.705656e+06 1.874385e+06 4.134236e+06 2.963395e+06 1.712698e+06 2.963395e+06 4.134236e+06 2.705656e+06 4.614150e+06 1.874385e+06 3.267082e+06 4.614150e+06 4.614150e+06 3.267082e+06 2.705656e+06 2.381816e+06 2.705656e+06 4.856587e+06 2.705656e+06 1.874385e+06 2.381816e+06 1.712698e+06 3.267082e+06 
1.811680e+04 2.053060e+04 2.143893e+04 1.753249e+04 2.143893e+04 3.403713e+04 2.143893e+04 1.394308e+04 2.398459e+04 3.321315e+04 1.753249e+04 2.053060e+04 1.753249e+04 3.321315e+04 1.394308e+04 3.403713e+04 2.398459e+04 2.143893e+04 3.403713e+04 3.403713e+04 2.143893e+04 1.394308e+04 2.746037e+04 1.394308e+04 2.560619e+04 1.394308e+04 2.398459e+04 2.746037e+04 2.053060e+04 2.143893e+04 
3.701069e+00 2.788411e+00 5.575018e+00 3.967439e+00 5.575018e+00 2.537910e+00 5.575018e+00 4.328706e+00 6.693298e+00 1.504923e+01 3.967439e+00 2.788411e+00 3.967439e+00 1.504923e+01 4.328706e+00 2.537910e+00 6.693298e+00 5.575018e+00 2.537910e+00 2.537910e+00 5.575018e+00 4.328706e+00 7.077212e+00 4.328706e+00 4.111330e+00 4.328706e+00 6.693298e+00 7.077212e+00 2.788411e+00 5.575018e+00 
9.215331e-07 2.282248e-06 4.306496e-06 2.257129e-06 4.306496e-06 1.224563e-06 4.306496e-06 2.976307e-06 1.564294e-06 3.897518e-06 2.257129e-06 2.282248e-06 2.257129e-06 3.897518e-06 2.976307e-06 1.224563e-06 1.564294e-06 4.306496e-06 1.224563e-06 1.224563e-06 4.306496e-06 2.976307e-06 2.979851e-06 2.976307e-06 3.931705e-06 2.976307e-06 1.564294e-06 2.979851e-06 2.282248e-06 4.306496e-06 
0.000000e+00 0.000000e+00 0.000000e+00 0.000000e+00 0.000000e+00 0.000000e+00 0.000000e+00 0.000000e+00 0.000000e+00 0.000000e+00 0.000000e+00 0.000000e+00 0.000000e+00 0.000000e+00 0.000000e+00 0.000000e+00 0.000000e+00 0.000000e+00 0.000000e+00 0.000000e+00 0.000000e+00 0.000000e+00 0.000000e+00 0.000000e+00 0.000000e+00 0.000000e+00 0.000000e+00 0.000000e+00 0.000000e+00 0.000000e+00 
0.000000e+00 0.000000e+00 0.000000e+00 0.000000e+00 0.000000e+00 0.000000e+00 0.000000e+00 0.000000e+00 0.000000e+00 0.000000e+00 0.000000e+00 0.000000e+00 0.000000e+00 0.000000e+00 0.000000e+00 0.000000e+00 0.000000e+00 0.000000e+00 0.000000e+00 0.000000e+00 0.000000e+00 0.000000e+00 0.000000e+00 0.000000e+00 0.000000e+00 0.000000e+00 0.000000e+00 0.000000e+00 0.000000e+00 0.000000e+00 
0.000000e+00 0.000000e+00 0.000000e+00 0.000000e+00 0.000000e+00 0.000000e+00 0.000000e+00 0.000000e+00 0.000000e+00 0.000000e+00 0.000000e+00 0.000000e+00 0.000000e+00 0.000000e+00 0.000000e+00 0.000000e+00 0.000000e+00 0.000000e+00 0.000000e+00 0.000000e+00 0.000000e+00 0.000000e+00 0.000000e+00 0.000000e+00 0.000000e+00 0.000000e+00 0.000000e+00 0.000000e+00 0.000000e+00 0.000000e+00 