1.158432e+03 1.103843e+03 1.096311e+03 1.051371e+03 1.178135e+03 9.466543e+02 1.098371e+03 1.248071e+03 8.806347e+02 1.340196e+03 1.066458e+03 9.606989e+02 1.095603e+03 1.122323e+03 1.274015e+03 9.466543e+02 1.061411e+03 1.132743e+03 1.260077e+03 1.143711e+03 1.178135e+03 1.117334e+03 1.133226e+03 1.117989e+03 1.077187e+03 1.117334e+03 1.140249e+03 1.167379e+03 1.004822e+03 1.178135e+03 
1.158432e+03 1.103843e+03 1.096311e+03 1.051371e+03 1.178135e+03 9.466543e+02 1.098371e+03 1.248071e+03 8.806347e+02 1.340196e+03 1.066458e+03 9.606989e+02 1.095603e+03 1.122323e+03 1.274015e+03 9.466543e+02 1.061411e+03 1.132743e+03 1.260077e+03 1.143711e+03 1.178135e+03 1.117334e+03 1.133226e+03 1.117989e+03 1.077187e+03 1.117334e+03 1.140249e+03 1.167379e+03 1.004822e+03 1.178135e+03 
1.158432e+03 1.103843e+03 1.096311e+03 1.051371e+03 1.178135e+03 9.466543e+02 1.098371e+03 1.248071e+03 8.806347e+02 1.340196e+03 1.066458e+03 9.606989e+02 1.095603e+03 1.122323e+03 1.274015e+03 9.466543e+02 1.061411e+03 1.132743e+03 1.260077e+03 1.143711e+03 1.178135e+03 1.117334e+03 1.133226e+03 1.117989e+03 1.077187e+03 1.117334e+03 1.140249e+03 1.167379e+03 1.004822e+03 1.178135e+03 
1.158432e+03 1.103843e+03 7.939220e+02 1.034878e+03 1.177785e+03 8.275805e+02 1.024166e+03 1.163534e+03 8.297135e+02 1.027744e+03 1.056530e+03 9.606989e+02 1.095603e+03 1.110423e+03 1.274015e+03 8.275805e+02 1.048135e+03 1.046453e+03 1.103225e+03 1.143711e+03 1.177785e+03 1.045388e+03 1.049632e+03 1.117989e+03 1.007407e+03 1.045388e+03 1.140249e+03 1.167379e+03 9.688277e+02 1.177785e+03 
1.016848e+03 1.047923e+03 7.939220e+02 1.022855e+03 1.133248e+03 8.275805e+02 1.024166e+03 1.001157e+03 8.276163e+02 1.027744e+03 1.056530e+03 9.606989e+02 1.069163e+03 1.074152e+03 1.255001e+03 8.275805e+02 1.004876e+03 9.122373e+02 1.103225e+03 1.049337e+03 1.133248e+03 1.035605e+03 1.049632e+03 1.117989e+03 9.672055e+02 1.035605e+03 1.130249e+03 1.032877e+03 9.688277e+02 1.133248e+03 
9.949265e+02 8.170865e+02 7.608231e+02 9.149674e+02 1.043660e+03 8.259864e+02 8.110659e+02 8.499640e+02 8.121478e+02 9.914566e+02 8.747826e+02 8.036376e+02 1.055640e+03 8.782356e+02 1.228132e+03 8.259864e+02 9.819380e+02 8.537601e+02 1.015701e+03 1.034027e+03 1.043660e+03 1.035605e+03 1.013626e+03 1.013675e+03 9.672055e+02 1.035605e+03 1.130249e+03 8.452526e+02 8.732433e+02 1.043660e+03 
6.441706e+02 6.257698e+02 7.100814e+02 8.433542e+02 7.205135e+02 5.627467e+02 7.299376e+02 6.935213e+02 7.629283e+02 6.953073e+02 6.064121e+02 8.036376e+02 7.674137e+02 8.014582e+02 8.612883e+02 5.627467e+02 6.760318e+02 7.759551e+02 7.219951e+02 9.744978e+02 7.205135e+02 6.695891e+02 8.394447e+02 7.852547e+02 8.350651e+02 6.695891e+02 8.766924e+02 6.869923e+02 6.403398e+02 7.205135e+02 
5.161768e+02 4.604503e+02 5.052768e+02 4.318454e+02 5.915895e+02 4.779630e+02 5.759662e+02 4.804267e+02 5.266026e+02 5.690017e+02 5.288460e+02 4.756106e+02 6.674235e+02 4.903282e+02 5.676625e+02 4.779630e+02 5.289435e+02 5.684382e+02 5.868677e+02 7.418320e+02 5.915895e+02 4.602079e+02 5.922294e+02 5.977117e+02 5.572815e+02 4.602079e+02 6.002843e+02 4.265716e+02 4.764585e+02 5.915895e+02 
3.177280e+02 2.925073e+02 3.133336e+02 3.266236e+02 3.335173e+02 3.578308e+02 2.583171e+02 3.194189e+02 3.877726e+02 3.249041e+02 3.102717e+02 2.997294e+02 3.319192e+02 3.524049e+02 3.370491e+02 3.578308e+02 3.140516e+02 3.150505e+02 3.387835e+02 3.815277e+02 3.335173e+02 3.671995e+02 3.500452e+02 4.035962e+02 3.449648e+02 3.671995e+02 3.223932e+02 3.603877e+02 3.324223e+02 3.335173e+02 
1.919743e+02 1.782971e+02 2.033914e+02 1.877447e+02 2.246799e+02 1.578713e+02 1.992230e+02 1.926240e+02 2.139139e+02 2.069818e+02 1.851130e+02 2.074858e+02 2.026049e+02 1.834345e+02 2.113729e+02 1.578713e+02 2.047392e+02 2.088545e+02 2.062446e+02 1.978971e+02 2.246799e+02 2.115804e+02 2.007156e+02 1.970908e+02 1.913890e+02 2.115804e+02 2.047886e+02 1.977067e+02 1.719080e+02 2.246799e+02 
9.453263e+01 8.165371e+01 1.012953e+02 1.001675e+02 9.338414e+01 9.388749e+01 9.286450e+01 9.635939e+01 1.072475e+02 9.037270e+01 7.896161e+01 1.068787e+02 1.003806e+02 9.708914e+01 8.625437e+01 9.388749e+01 9.839710e+01 1.001224e+02 9.047811e+01 9.944402e+01 9.338414e+01 1.028142e+02 1.008020e+02 1.090651e+02 1.070959e+02 1.028142e+02 1.150731e+02 9.302333e+01 1.058026e+02 9.338414e+01 
5.852084e+01 5.788033e+01 6.001973e+01 6.359465e+01 6.305229e+01 5.648251e+01 5.904579e+01 6.035684e+01 5.158990e+01 5.587761e+01 4.615553e+01 5.249046e+01 5.793160e+01 6.008499e+01 6.178219e+01 5.648251e+01 6.164292e+01 5.826498e+01 5.614527e+01 5.627492e+01 6.305229e+01 5.929549e+01 6.225362e+01 5.730253e+01 5.695924e+01 5.929549e+01 5.687206e+01 5.706815e+01 5.666718e+01 6.305229e+01 
3.481095e+01 3.808051e+01 3.321250e+01 3.514170e+01 3.489948e+01 3.769745e+01 3.473069e+01 3.647093e+01 3.974232e+01 4.026746e+01 3.695720e+01 3.746761e+01 3.594430e+01 3.468901e+01 3.700687e+01 3.769745e+01 3.789506e+01 3.518916e+01 3.923782e+01 3.773383e+01 3.489948e+01 3.967126e+01 3.611834e+01 3.808161e+01 4.104414e+01 3.967126e+01 3.326906e+01 3.457990e+01 3.502762e+01 3.489948e+01 
2.297171e+01 2.255902e+01 2.330619e+01 2.271002e+01 2.203500e+01 2.165318e+01 2.284778e+01 2.291257e+01 2.162662e+01 2.204541e+01 2.098575e+01 2.387545e+01 2.297904e+01 2.226092e+01 2.288780e+01 2.165318e+01 2.307361e+01 2.292391e+01 2.273748e+01 2.233967e+01 2.203500e+01 2.389366e+01 2.245480e+01 2.292777e+01 2.363505e+01 2.389366e+01 2.254719e+01 2.176674e+01 2.301536e+01 2.203500e+01 
2.016173e+01 2.016173e+01 2.016173e+01 2.016173e+01 2.016173e+01 2.016173e+01 2.016173e+01 2.016173e+01 2.016173e+01 2.016173e+01 2.016173e+01 2.016173e+01 2.016173e+01 2.016173e+01 2.016173e+01 2.016173e+01 2.016173e+01 2.016173e+01 2.016173e+01 2.016173e+01 2.016173e+01 2.016173e+01 2.016173e+01 2.016173e+01 2.016173e+01 2.016173e+01 2.016173e+01 2.016173e+01 2.016173e+01 2.016173e+01 
2.016173e+01 2.016173e+01 2.016173e+01 2.016173e+01 2.016173e+01 2.016173e+01 2.016173e+01 2.016173e+01 2.016173e+01 2.016173e+01 2.016173e+01 2.016173e+01 2.016173e+01 2.016173e+01 2.016173e+01 2.016173e+01 2.016173e+01 2.016173e+01 2.016173e+01 2.016173e+01 2.016173e+01 2.016173e+01 2.016173e+01 2.016173e+01 2.016173e+01 2.016173e+01 2.016173e+01 2.016173e+01 2.016173e+01 2.016173e+01 
0.000000e+00 0.000000e+00 0.000000e+00 0.000000e+00 0.000000e+00 0.000000e+00 0.000000e+00 0.000000e+00 0.000000e+00 0.000000e+00 0.000000e+00 0.000000e+00 0.000000e+00 0.000000e+00 0.000000e+00 0.000000e+00 0.000000e+00 0.000000e+00 0.000000e+00 0.000000e+00 0.000000e+00 0.000000e+00 0.000000e+00 0.000000e+00 0.000000e+00 0.000000e+00 0.000000e+00 0.000000e+00 0.000000e+00 0.000000e+00 