5.581549e+03 5.502872e+03 4.672892e+03 5.002326e+03 4.672892e+03 5.231334e+03 4.976592e+03 5.582877e+03 4.176443e+03 4.357090e+03 5.507682e+03 5.124496e+03 5.507682e+03 5.355652e+03 5.322274e+03 5.231334e+03 4.736941e+03 5.721421e+03 3.327316e+03 5.792577e+03 4.672892e+03 5.582877e+03 5.102120e+03 5.306835e+03 5.418928e+03 5.582877e+03 5.114791e+03 5.373492e+03 5.407549e+03 4.672892e+03 
5.581549e+03 5.502872e+03 4.672892e+03 5.002326e+03 4.672892e+03 5.231334e+03 4.976592e+03 5.582877e+03 4.176443e+03 4.357090e+03 5.507682e+03 5.124496e+03 5.507682e+03 5.355652e+03 5.322274e+03 5.231334e+03 4.736941e+03 5.721421e+03 3.327316e+03 5.792577e+03 4.672892e+03 5.582877e+03 5.102120e+03 5.306835e+03 5.418928e+03 5.582877e+03 5.114791e+03 5.373492e+03 5.407549e+03 4.672892e+03 
5.581549e+03 5.502872e+03 4.672892e+03 5.002326e+03 4.672892e+03 5.231334e+03 4.976592e+03 5.582877e+03 4.176443e+03 4.357090e+03 5.507682e+03 5.124496e+03 5.507682e+03 5.355652e+03 5.322274e+03 5.231334e+03 4.736941e+03 5.721421e+03 3.327316e+03 5.792577e+03 4.672892e+03 5.582877e+03 5.102120e+03 5.306835e+03 5.418928e+03 5.582877e+03 5.114791e+03 5.373492e+03 5.407549e+03 4.672892e+03 
5.581549e+03 4.778200e+03 4.672892e+03 5.002326e+03 4.672892e+03 4.562155e+03 4.976592e+03 5.582877e+03 4.176443e+03 4.357090e+03 5.484800e+03 5.124496e+03 5.484800e+03 5.355652e+03 5.267171e+03 4.562155e+03 4.736941e+03 5.447145e+03 3.327316e+03 5.390148e+03 4.672892e+03 5.582877e+03 5.102120e+03 5.306835e+03 5.418928e+03 5.582877e+03 5.114791e+03 5.373492e+03 5.407549e+03 4.672892e+03 
5.538988e+03 4.778200e+03 4.672892e+03 5.002326e+03 4.672892e+03 4.562155e+03 4.875290e+03 5.582877e+03 4.176443e+03 4.357090e+03 5.138638e+03 5.124496e+03 5.138638e+03 4.692967e+03 5.267171e+03 4.562155e+03 4.736941e+03 5.437916e+03 3.327316e+03 5.390148e+03 4.672892e+03 5.582877e+03 5.102120e+03 5.306835e+03 4.822387e+03 5.582877e+03 4.989605e+03 4.342764e+03 5.242531e+03 4.672892e+03 
5.117033e+03 4.246041e+03 4.672892e+03 4.883253e+03 4.672892e+03 4.562155e+03 4.875290e+03 4.666442e+03 4.176443e+03 4.357090e+03 5.015024e+03 4.742588e+03 5.015024e+03 4.241450e+03 5.029172e+03 4.562155e+03 4.602435e+03 5.419555e+03 3.327316e+03 5.312602e+03 4.672892e+03 4.666442e+03 5.061446e+03 4.606771e+03 4.822387e+03 4.666442e+03 4.210701e+03 4.342764e+03 4.847493e+03 4.672892e+03 
4.160135e+03 4.246041e+03 4.608808e+03 4.712144e+03 4.608808e+03 4.562155e+03 4.636620e+03 4.666442e+03 3.932945e+03 4.357090e+03 4.558968e+03 4.742588e+03 4.558968e+03 3.977322e+03 4.525465e+03 4.562155e+03 4.226038e+03 4.915634e+03 3.327316e+03 4.569087e+03 4.608808e+03 4.666442e+03 4.448568e+03 4.581170e+03 4.581164e+03 4.666442e+03 4.210701e+03 4.228480e+03 4.350705e+03 4.608808e+03 
3.863320e+03 3.791627e+03 4.220372e+03 4.634337e+03 4.220372e+03 3.909156e+03 4.240979e+03 4.455765e+03 3.721395e+03 4.086183e+03 4.169387e+03 4.052486e+03 4.169387e+03 3.977322e+03 4.440745e+03 3.909156e+03 3.915468e+03 4.254284e+03 3.327316e+03 4.187701e+03 4.220372e+03 4.455765e+03 4.168038e+03 3.606891e+03 4.191215e+03 4.455765e+03 3.897470e+03 3.824897e+03 4.347975e+03 4.220372e+03 
3.447933e+03 3.602004e+03 3.467870e+03 3.554977e+03 3.467870e+03 3.558557e+03 3.621941e+03 4.014235e+03 3.680347e+03 3.467854e+03 3.557507e+03 3.589045e+03 3.557507e+03 3.563341e+03 3.407104e+03 3.558557e+03 3.501931e+03 3.721943e+03 3.327316e+03 3.325023e+03 3.467870e+03 4.014235e+03 3.839209e+03 2.983476e+03 3.381398e+03 4.014235e+03 3.623923e+03 3.625808e+03 3.679115e+03 3.467870e+03 
2.992917e+03 2.583851e+03 2.674187e+03 2.726554e+03 2.674187e+03 2.784847e+03 2.931656e+03 2.987106e+03 2.780544e+03 2.937605e+03 2.845510e+03 2.833284e+03 2.845510e+03 2.830527e+03 2.539478e+03 2.784847e+03 2.373439e+03 2.699490e+03 2.471430e+03 2.847802e+03 2.674187e+03 2.987106e+03 2.921578e+03 2.440615e+03 2.483681e+03 2.987106e+03 2.708136e+03 2.416773e+03 2.597816e+03 2.674187e+03 
1.843517e+03 1.696145e+03 2.061312e+03 1.689853e+03 2.061312e+03 1.718893e+03 1.813258e+03 1.620690e+03 1.924549e+03 1.343349e+03 1.915779e+03 1.914371e+03 1.915779e+03 1.517852e+03 1.417927e+03 1.718893e+03 1.732805e+03 1.634009e+03 1.784807e+03 2.115312e+03 2.061312e+03 1.620690e+03 2.073964e+03 1.651512e+03 1.941119e+03 1.620690e+03 1.543234e+03 1.990797e+03 1.785036e+03 2.061312e+03 
1.085881e+03 1.016032e+03 8.897601e+02 8.929975e+02 8.897601e+02 9.364692e+02 9.482869e+02 1.148648e+03 1.123572e+03 8.133203e+02 1.124248e+03 1.076445e+03 1.124248e+03 1.034315e+03 7.316233e+02 9.364692e+02 9.345710e+02 1.101528e+03 9.424664e+02 1.113319e+03 8.897601e+02 1.148648e+03 1.295139e+03 1.025891e+03 1.035474e+03 1.148648e+03 1.284146e+03 9.139304e+02 1.030886e+03 8.897601e+02 
4.071015e+02 4.399068e+02 4.281804e+02 4.659447e+02 4.281804e+02 4.380323e+02 5.900227e+02 5.991669e+02 2.710087e+02 2.207662e+02 4.119857e+02 4.747267e+02 4.119857e+02 4.596892e+02 3.984747e+02 4.380323e+02 3.846681e+02 4.560207e+02 3.629885e+02 5.183752e+02 4.281804e+02 5.991669e+02 4.753634e+02 5.018521e+02 4.723364e+02 5.991669e+02 3.640739e+02 4.350564e+02 2.641652e+02 4.281804e+02 
9.027144e+01 5.372701e+01 5.815409e+01 5.599131e+01 5.815409e+01 8.601077e+01 6.307664e+01 5.561345e+01 9.133931e+01 5.900174e+01 5.615289e+01 7.701641e+01 5.615289e+01 6.736328e+01 8.433652e+01 8.601077e+01 7.203443e+01 6.090996e+01 4.407308e+01 4.209616e+01 5.815409e+01 5.561345e+01 6.038186e+01 7.508855e+01 5.399351e+01 5.561345e+01 6.139929e+01 5.424289e+01 7.280775e+01 5.815409e+01 
2.459068e+00 2.607666e+00 2.122658e+00 2.692037e+00 2.122658e+00 2.906363e+00 2.040585e+00 2.762924e+00 1.427849e+00 1.262978e+00 2.961355e+00 3.382776e+00 2.961355e+00 1.658867e+00 3.699005e+00 2.906363e+00 1.975440e+00 2.046760e+00 1.959873e+00 3.248214e+00 2.122658e+00 2.762924e+00 1.865304e+00 1.645143e+00 1.756059e+00 2.762924e+00 1.515843e+00 1.274520e+00 2.043103e+00 2.122658e+00 
0.000000e+00 0.000000e+00 0.000000e+00 0.000000e+00 0.000000e+00 0.000000e+00 0.000000e+00 0.000000e+00 0.000000e+00 0.000000e+00 0.000000e+00 0.000000e+00 0.000000e+00 0.000000e+00 0.000000e+00 0.000000e+00 0.000000e+00 0.000000e+00 0.000000e+00 0.000000e+00 0.000000e+00 0.000000e+00 0.000000e+00 0.000000e+00 0.000000e+00 0.000000e+00 0.000000e+00 0.000000e+00 0.000000e+00 0.000000e+00 
0.000000e+00 0.000000e+00 0.000000e+00 0.000000e+00 0.000000e+00 0.000000e+00 0.000000e+00 0.000000e+00 0.000000e+00 0.000000e+00 0.000000e+00 0.000000e+00 0.000000e+00 0.000000e+00 0.000000e+00 0.000000e+00 0.000000e+00 0.000000e+00 0.000000e+00 0.000000e+00 0.000000e+00 0.000000e+00 0.000000e+00 0.000000e+00 0.000000e+00 0.000000e+00 0.000000e+00 0.000000e+00 0.000000e+00 0.000000e+00 