1.910763e+03 2.107561e+03 1.874858e+03 2.466077e+03 1.734153e+03 2.026952e+03 2.231734e+03 2.331107e+03 1.436444e+03 2.151783e+03 1.311857e+03 2.194286e+03 1.726795e+03 1.730826e+03 2.083393e+03 1.463043e+03 1.673611e+03 2.517392e+03 2.047906e+03 1.798198e+03 1.734153e+03 1.072773e+03 2.083524e+03 1.373334e+03 2.013961e+03 2.464444e+03 6.808909e+02 1.740799e+03 1.371278e+03 2.359225e+03 
1.910763e+03 2.107561e+03 1.874858e+03 2.466077e+03 1.734153e+03 2.026952e+03 2.231734e+03 2.331107e+03 1.436444e+03 2.151783e+03 1.311857e+03 2.194286e+03 1.726795e+03 1.730826e+03 2.083393e+03 1.463043e+03 1.673611e+03 2.517392e+03 2.047906e+03 1.798198e+03 1.734153e+03 1.072773e+03 2.083524e+03 1.373334e+03 2.013961e+03 2.464444e+03 6.808909e+02 1.740799e+03 1.371278e+03 2.359225e+03 
1.910763e+03 2.107561e+03 1.874858e+03 2.466077e+03 1.734153e+03 2.026952e+03 2.231734e+03 2.331107e+03 1.436444e+03 2.151783e+03 1.311857e+03 2.194286e+03 1.726795e+03 1.730826e+03 2.083393e+03 1.463043e+03 1.673611e+03 2.517392e+03 2.047906e+03 1.798198e+03 1.734153e+03 1.072773e+03 2.083524e+03 1.373334e+03 2.013961e+03 2.464444e+03 6.808909e+02 1.740799e+03 1.371278e+03 2.359225e+03 
1.218162e+03 2.107561e+03 1.534509e+03 2.041358e+03 1.734153e+03 2.026952e+03 2.231734e+03 1.600242e+03 1.285761e+03 1.700084e+03 1.311857e+03 2.191800e+03 1.726795e+03 1.730826e+03 1.637513e+03 1.463043e+03 1.673611e+03 2.002932e+03 1.944410e+03 1.769549e+03 1.734153e+03 1.072773e+03 1.829540e+03 1.283826e+03 1.874489e+03 2.032808e+03 6.808909e+02 1.595875e+03 1.358415e+03 1.813536e+03 
1.218162e+03 1.634130e+03 6.257448e+02 2.041358e+03 1.734153e+03 1.505512e+03 1.757280e+03 9.324351e+02 1.285761e+03 1.513020e+03 1.136928e+03 1.599957e+03 1.536912e+03 1.730826e+03 1.546312e+03 1.463043e+03 1.673611e+03 1.533389e+03 1.859507e+03 1.635814e+03 1.734153e+03 7.125777e+02 1.689108e+03 1.283826e+03 1.874489e+03 1.272528e+03 6.516868e+02 1.489790e+03 1.108384e+03 1.079066e+03 
1.041379e+03 1.613384e+03 6.257448e+02 1.889452e+03 1.459933e+03 1.505512e+03 1.550567e+03 8.968504e+02 9.247668e+02 9.156946e+02 9.649242e+02 1.289373e+03 1.017616e+03 1.714011e+03 1.324580e+03 1.334680e+03 1.514670e+03 7.694522e+02 1.568932e+03 7.756017e+02 1.459933e+03 4.970638e+02 1.611445e+03 9.283987e+02 1.137034e+03 9.078955e+02 4.652706e+02 1.111523e+03 1.068344e+03 1.004015e+03 
5.554578e+02 7.571100e+02 6.257448e+02 1.456169e+03 1.087255e+03 1.139092e+03 9.252141e+02 6.717593e+02 9.237497e+02 6.389827e+02 9.157904e+02 5.232793e+02 7.991992e+02 6.357068e+02 4.661312e+02 4.453989e+02 1.182624e+03 7.694522e+02 8.631644e+02 6.780340e+02 1.087255e+03 4.712311e+02 1.227300e+03 4.914604e+02 1.083545e+03 6.719899e+02 3.786793e+02 6.411425e+02 9.890099e+02 7.121800e+02 
3.279266e+02 3.373798e+02 4.896775e+02 5.676854e+02 5.192940e+02 3.982154e+02 5.103181e+02 4.922050e+02 4.713384e+02 3.344928e+02 3.548145e+02 4.689247e+02 4.640456e+02 4.719817e+02 3.333854e+02 3.062224e+02 4.570038e+02 2.410085e+02 4.021442e+02 6.183755e+02 5.192940e+02 3.637774e+02 4.260972e+02 4.040902e+02 4.051772e+02 5.218277e+02 3.719569e+02 2.791927e+02 4.512106e+02 4.591784e+02 
2.521812e+02 2.365164e+02 1.676230e+02 2.214548e+02 1.792726e+02 2.191720e+02 2.522194e+02 2.411609e+02 2.086955e+02 2.080943e+02 2.754043e+02 2.534422e+02 2.341654e+02 2.094607e+02 2.434826e+02 2.088769e+02 2.280545e+02 1.464884e+02 2.691289e+02 2.362307e+02 1.792726e+02 2.430460e+02 1.766017e+02 1.910618e+02 2.362391e+02 2.863614e+02 2.179421e+02 2.208301e+02 2.664814e+02 2.560004e+02 
1.515848e+02 1.436361e+02 1.428581e+02 1.461983e+02 1.339087e+02 1.503310e+02 1.475322e+02 1.694178e+02 1.308901e+02 1.524126e+02 1.419082e+02 1.487437e+02 1.482257e+02 1.349626e+02 1.506539e+02 1.230142e+02 1.454437e+02 1.150049e+02 1.420259e+02 1.295933e+02 1.339087e+02 1.437435e+02 1.346435e+02 1.400635e+02 1.252995e+02 1.432705e+02 1.588119e+02 1.556668e+02 1.416184e+02 1.397220e+02 
8.852766e+01 9.471249e+01 8.338847e+01 9.856022e+01 8.552547e+01 8.131670e+01 7.833359e+01 8.737371e+01 8.115468e+01 7.871813e+01 9.294923e+01 7.002154e+01 9.528128e+01 9.042857e+01 8.621545e+01 8.301931e+01 8.174259e+01 6.353827e+00 8.199774e+01 9.371105e+01 8.552547e+01 8.166939e+01 9.416814e+01 9.212483e+01 9.560421e+01 9.393740e+01 8.829756e+01 9.339908e+01 7.459117e+01 8.227721e+01 
5.819994e+01 5.871057e+01 5.742409e+01 6.072006e+01 5.931281e+01 5.796981e+01 5.587228e+01 5.933673e+01 5.846718e+01 5.861326e+01 5.671560e+01 5.687568e+01 5.851401e+01 6.225014e+01 6.131531e+01 5.982505e+01 5.749474e+01 6.353827e+00 5.922603e+01 6.092033e+01 5.931281e+01 5.433119e+01 5.864353e+01 5.963082e+01 5.694147e+01 2.568004e+01 5.946413e+01 5.725912e+01 5.916851e+01 5.933329e+01 
5.089446e+01 5.067974e+01 5.075307e+01 2.394302e+01 5.081838e+01 5.039170e+01 5.059422e+01 5.089978e+01 5.082157e+01 5.032053e+01 5.071689e+01 5.077284e+01 5.073011e+01 1.860434e+01 5.108270e+01 5.090247e+01 5.033549e+01 6.223279e+00 5.041533e+01 5.084081e+01 5.081838e+01 5.066893e+01 5.080094e+01 5.081756e+01 5.081843e+01 1.513393e+01 5.061570e+01 5.040109e+01 5.043171e+01 5.049371e+01 
4.921419e+01 4.916482e+01 2.752826e+01 1.842742e+01 4.920869e+01 4.924844e+01 2.587505e+01 3.184032e+01 4.924051e+01 1.407047e+01 4.910863e+01 7.420478e+00 4.925623e+01 1.191354e+01 4.940401e+01 1.265432e+01 4.921979e+01 3.801493e+00 4.925088e+01 4.917448e+01 4.920869e+01 4.922974e+01 1.480554e+01 3.913529e+01 4.413941e+01 1.337662e+01 4.933067e+01 1.471071e+01 4.912731e+01 4.917258e+01 
1.156618e-01 5.193705e-01 2.077950e-01 1.796200e-01 7.978542e-02 9.024758e-02 1.909404e+00 1.141726e-01 3.918131e-01 3.844405e-02 9.500418e-01 9.163943e-02 2.284968e-01 8.370708e-01 5.269920e-02 5.408708e-01 3.747939e-02 8.241464e-01 1.701578e-02 1.835692e-02 7.978542e-02 1.976242e-01 4.714070e-01 1.897699e-01 2.253524e-01 1.601287e-01 9.485197e-02 2.033037e-01 1.585339e-01 3.391874e-02 
0.000000e+00 0.000000e+00 0.000000e+00 0.000000e+00 0.000000e+00 0.000000e+00 0.000000e+00 0.000000e+00 0.000000e+00 0.000000e+00 0.000000e+00 0.000000e+00 0.000000e+00 0.000000e+00 0.000000e+00 0.000000e+00 0.000000e+00 0.000000e+00 0.000000e+00 0.000000e+00 0.000000e+00 0.000000e+00 0.000000e+00 0.000000e+00 0.000000e+00 0.000000e+00 0.000000e+00 0.000000e+00 0.000000e+00 0.000000e+00 
0.000000e+00 0.000000e+00 0.000000e+00 0.000000e+00 0.000000e+00 0.000000e+00 0.000000e+00 0.000000e+00 0.000000e+00 0.000000e+00 0.000000e+00 0.000000e+00 0.000000e+00 0.000000e+00 0.000000e+00 0.000000e+00 0.000000e+00 0.000000e+00 0.000000e+00 0.000000e+00 0.000000e+00 0.000000e+00 0.000000e+00 0.000000e+00 0.000000e+00 0.000000e+00 0.000000e+00 0.000000e+00 0.000000e+00 0.000000e+00 