7.909216e+05 9.751515e+05 1.339900e+06 1.524232e+06 6.575092e+05 2.494739e+06 3.900702e+06 1.687049e+05 1.653535e+05 1.665215e+06 1.084277e+06 3.179233e+06 1.084277e+06 5.562736e+05 1.720802e+06 2.494739e+06 1.653535e+05 3.917765e+05 9.317348e+05 7.283053e+05 1.339900e+06 2.673614e+06 5.851433e+05 8.629800e+05 8.003544e+05 2.673614e+06 4.337561e+06 2.085038e+06 3.405682e+06 1.339900e+06 
4.891778e+05 9.751515e+05 1.339900e+06 1.524232e+06 6.575092e+05 2.494673e+06 3.900702e+06 1.687049e+05 1.653535e+05 2.158980e+05 1.084277e+06 3.179132e+06 1.084277e+06 5.562736e+05 1.713863e+06 2.494673e+06 1.653535e+05 3.917765e+05 7.993198e+04 2.919362e+04 1.339900e+06 4.598772e+05 4.406013e+03 8.629800e+05 3.084658e+05 4.598772e+05 4.337561e+06 2.085028e+06 2.075608e+06 1.339900e+06 
4.891778e+05 9.751515e+05 1.339900e+06 1.524232e+06 6.575092e+05 2.494673e+06 3.900702e+06 1.687049e+05 1.653535e+05 2.158980e+05 1.084277e+06 3.179132e+06 1.084277e+06 5.562736e+05 1.713863e+06 2.494673e+06 1.653535e+05 3.917765e+05 7.993198e+04 2.919362e+04 1.339900e+06 4.598772e+05 4.406013e+03 8.629800e+05 3.084658e+05 4.598772e+05 4.337561e+06 2.085028e+06 2.075608e+06 1.339900e+06 
4.891778e+05 9.751515e+05 3.152002e+05 1.524232e+06 4.534781e+05 2.494673e+06 7.247939e+05 1.687049e+05 1.575756e+05 2.158980e+05 1.084277e+06 3.026249e+06 1.084277e+06 5.562736e+05 1.642380e+05 2.494673e+06 1.575756e+05 7.525233e+04 7.993198e+04 2.919362e+04 3.152002e+05 4.598772e+05 4.406013e+03 8.623517e+05 3.084658e+05 4.598772e+05 4.337552e+06 1.646459e+05 8.438952e+05 3.152002e+05 
1.152459e+05 1.133932e+04 6.444608e+04 6.195360e+05 4.534781e+05 1.448040e+06 7.247939e+05 1.687049e+05 1.243239e+05 2.158916e+05 7.755202e+05 3.026044e+06 7.755202e+05 5.562627e+05 1.642380e+05 1.448040e+06 1.243239e+05 7.151451e+04 7.992305e+04 2.531898e+04 6.444608e+04 4.122785e+05 2.555414e+03 4.832892e+05 3.084658e+05 4.122785e+05 8.287651e+05 8.653811e+04 8.430546e+05 6.444608e+04 
1.148306e+05 1.127535e+04 6.315326e+04 3.729727e+05 2.917295e+05 9.565156e+05 8.480235e+04 9.636380e+04 1.198147e+05 2.158916e+05 7.752372e+05 4.909146e+05 7.752372e+05 5.562627e+05 1.907103e+04 9.565156e+05 1.198147e+05 7.851808e+03 7.992305e+04 2.531898e+04 6.315326e+04 4.122785e+05 2.528752e+03 9.334575e+04 2.861669e+05 4.122785e+05 2.892858e+05 5.740428e+04 2.681454e+05 6.315326e+04 
5.144071e+04 1.048983e+04 6.300396e+04 1.809308e+04 1.330944e+05 4.053009e+03 8.379635e+04 8.951721e+04 1.195854e+05 2.140306e+04 1.935922e+04 8.652784e+04 1.935922e+04 1.401336e+05 1.906951e+04 4.053009e+03 1.195854e+05 7.851808e+03 7.948454e+04 2.531898e+04 6.300396e+04 6.714706e+04 2.528752e+03 2.502581e+04 2.857269e+05 6.714706e+04 2.229097e+05 5.713785e+04 1.257429e+05 6.300396e+04 
3.475146e+04 1.590667e+03 1.445757e+04 7.812234e+03 1.454428e+04 2.734324e+03 2.238929e+04 2.236053e+04 1.292297e+03 2.140306e+04 1.886515e+04 8.239431e+03 1.886515e+04 1.576709e+04 4.240645e+03 2.734324e+03 1.292297e+03 6.557056e+03 7.332265e+04 2.139287e+04 1.445757e+04 7.004297e+03 2.528752e+03 2.502580e+04 5.477682e+04 7.004297e+03 3.798958e+04 2.459018e+03 5.376019e+03 1.445757e+04 
2.322967e+03 1.590667e+03 8.721313e+02 5.225877e+03 4.017389e+03 1.536998e+03 2.063935e+03 1.514644e+03 1.202302e+03 1.386092e+03 4.242985e+02 2.279153e+03 4.242985e+02 1.018167e+03 1.746872e+03 1.536998e+03 1.202302e+03 3.930546e+03 9.191272e+02 3.800903e+03 8.721313e+02 1.915026e+03 2.466744e+03 1.535228e+04 1.445097e+03 1.915026e+03 3.168783e+03 1.372475e+03 2.769055e+03 8.721313e+02 
2.069428e+02 6.602528e+02 2.906499e+02 3.290311e+02 2.946432e+02 6.941102e+02 5.411789e+01 4.463627e+02 4.453508e+02 2.070598e+02 3.944091e+02 2.132839e+02 3.944091e+02 5.321048e+02 6.903606e+02 6.941102e+02 4.453508e+02 3.791288e+02 2.554401e+02 3.104776e+02 2.906499e+02 5.964025e+02 2.423352e+02 4.223252e+02 2.942226e+02 5.964025e+02 3.271094e+02 9.340739e+02 5.745613e+02 2.906499e+02 
1.692265e+01 2.614002e+01 9.357086e+00 3.634924e+01 2.248768e+01 6.141199e+00 1.251939e+01 1.944928e+01 2.436735e+01 3.132712e+01 1.382412e+01 1.348602e+01 1.382412e+01 5.234251e+00 2.274815e+01 6.141199e+00 2.436735e+01 6.559855e+00 1.090390e+01 5.493374e+00 9.357086e+00 2.896616e+01 1.500099e+01 4.178497e+00 2.036352e+01 2.896616e+01 4.422189e+00 1.785038e+01 1.986237e+01 9.357086e+00 
1.233097e+00 1.493977e+00 1.157307e+00 1.074869e+00 8.594056e-01 9.783218e-01 8.880958e-01 1.802929e+00 1.071395e+00 1.386391e+00 1.190989e+00 1.320212e+00 1.190989e+00 7.729088e-01 1.288097e+00 9.783218e-01 1.071395e+00 1.320203e+00 1.207748e+00 1.624650e+00 1.157307e+00 1.736143e+00 1.861828e+00 4.540352e-01 1.442111e+00 1.736143e+00 5.077898e-01 1.624477e+00 1.302202e+00 1.157307e+00 
4.115771e-02 4.798612e-02 1.684332e-01 1.092724e-01 1.301505e-01 1.683972e-01 1.089991e-01 1.274231e-01 1.106658e-01 6.759543e-02 2.057565e-01 4.539590e-02 2.057565e-01 6.902985e-02 3.089855e-02 1.683972e-01 1.106658e-01 9.878185e-02 7.235981e-02 8.688282e-02 1.684332e-01 1.147911e-01 2.818415e-01 8.203244e-02 8.696503e-02 1.147911e-01 1.130785e-01 7.198778e-02 8.625058e-02 1.684332e-01 
3.889736e-03 4.037687e-03 4.274505e-03 1.095749e-03 5.734947e-04 3.009284e-03 1.099431e-03 6.652652e-03 1.531999e-03 4.925069e-03 4.096567e-03 9.349482e-03 4.096567e-03 1.627408e-03 1.817963e-03 3.009284e-03 1.531999e-03 4.027477e-03 1.862536e-03 2.296649e-03 4.274505e-03 1.355532e-03 2.396941e-02 2.216649e-03 4.744913e-03 1.355532e-03 2.515553e-03 6.955246e-04 4.020778e-03 4.274505e-03 
0.000000e+00 2.090778e-07 1.797162e-08 0.000000e+00 4.222375e-08 0.000000e+00 0.000000e+00 3.433861e-07 2.200750e-08 1.121180e-08 0.000000e+00 3.965706e-07 0.000000e+00 0.000000e+00 0.000000e+00 0.000000e+00 2.200750e-08 0.000000e+00 1.051922e-08 0.000000e+00 1.797162e-08 1.696299e-07 5.584261e-07 0.000000e+00 5.163838e-08 1.696299e-07 0.000000e+00 0.000000e+00 3.868035e-08 1.797162e-08 
0.000000e+00 0.000000e+00 0.000000e+00 0.000000e+00 0.000000e+00 0.000000e+00 0.000000e+00 0.000000e+00 0.000000e+00 0.000000e+00 0.000000e+00 0.000000e+00 0.000000e+00 0.000000e+00 0.000000e+00 0.000000e+00 0.000000e+00 0.000000e+00 0.000000e+00 0.000000e+00 0.000000e+00 0.000000e+00 0.000000e+00 0.000000e+00 0.000000e+00 0.000000e+00 0.000000e+00 0.000000e+00 0.000000e+00 0.000000e+00 
0.000000e+00 0.000000e+00 0.000000e+00 0.000000e+00 0.000000e+00 0.000000e+00 0.000000e+00 0.000000e+00 0.000000e+00 0.000000e+00 0.000000e+00 0.000000e+00 0.000000e+00 0.000000e+00 0.000000e+00 0.000000e+00 0.000000e+00 0.000000e+00 0.000000e+00 0.000000e+00 0.000000e+00 0.000000e+00 0.000000e+00 0.000000e+00 0.000000e+00 0.000000e+00 0.000000e+00 0.000000e+00 0.000000e+00 0.000000e+00 