1.368765e+10 1.674759e+10 1.259000e+10 1.396944e+10 1.259000e+10 1.050400e+10 1.259000e+10 1.524544e+10 1.658579e+10 1.707425e+10 1.396944e+10 1.674759e+10 1.396944e+10 1.707425e+10 1.524544e+10 1.050400e+10 1.658579e+10 1.259000e+10 1.050400e+10 1.050400e+10 1.259000e+10 1.524544e+10 1.559098e+10 1.524544e+10 1.936686e+10 1.524544e+10 1.658579e+10 1.559098e+10 1.674759e+10 1.259000e+10 
1.368765e+10 1.580902e+10 1.259000e+10 9.945734e+09 1.259000e+10 2.053166e+09 1.259000e+10 1.524544e+10 1.614221e+10 1.655437e+10 9.945734e+09 1.580902e+10 9.945734e+09 1.655437e+10 1.524544e+10 2.053166e+09 1.614221e+10 1.259000e+10 2.053166e+09 2.053166e+09 1.259000e+10 1.524544e+10 1.547190e+10 1.524544e+10 1.808870e+10 1.524544e+10 1.614221e+10 1.547190e+10 1.580902e+10 1.259000e+10 
1.368765e+10 1.580902e+10 1.259000e+10 9.945734e+09 1.259000e+10 2.053166e+09 1.259000e+10 1.524544e+10 1.614221e+10 1.655437e+10 9.945734e+09 1.580902e+10 9.945734e+09 1.655437e+10 1.524544e+10 2.053166e+09 1.614221e+10 1.259000e+10 2.053166e+09 2.053166e+09 1.259000e+10 1.524544e+10 1.547190e+10 1.524544e+10 1.808870e+10 1.524544e+10 1.614221e+10 1.547190e+10 1.580902e+10 1.259000e+10 
1.094227e+10 1.166683e+10 9.476561e+09 9.239276e+09 9.476561e+09 1.873908e+09 9.476561e+09 1.475400e+10 1.215077e+10 1.387250e+10 9.239276e+09 1.166683e+10 9.239276e+09 1.387250e+10 1.475400e+10 1.873908e+09 1.215077e+10 9.476561e+09 1.873908e+09 1.873908e+09 9.476561e+09 1.475400e+10 1.260455e+10 1.475400e+10 1.808870e+10 1.475400e+10 1.215077e+10 1.260455e+10 1.166683e+10 9.476561e+09 
6.764404e+09 9.350469e+09 6.999312e+09 6.712109e+09 6.999312e+09 1.873908e+09 6.999312e+09 1.124976e+10 1.211213e+10 8.273366e+09 6.712109e+09 9.350469e+09 6.712109e+09 8.273366e+09 1.124976e+10 1.873908e+09 1.211213e+10 6.999312e+09 1.873908e+09 1.873908e+09 6.999312e+09 1.124976e+10 1.226675e+10 1.124976e+10 7.799768e+09 1.124976e+10 1.211213e+10 1.226675e+10 9.350469e+09 6.999312e+09 
6.734989e+09 4.328203e+09 4.053025e+09 4.754531e+09 4.053025e+09 1.873908e+09 4.053025e+09 6.482884e+09 1.112372e+10 8.273366e+09 4.754531e+09 4.328203e+09 4.754531e+09 8.273366e+09 6.482884e+09 1.873908e+09 1.112372e+10 4.053025e+09 1.873908e+09 1.873908e+09 4.053025e+09 6.482884e+09 7.210754e+09 6.482884e+09 7.799768e+09 6.482884e+09 1.112372e+10 7.210754e+09 4.328203e+09 4.053025e+09 
5.837660e+09 4.038407e+09 4.053025e+09 2.856187e+09 4.053025e+09 1.872557e+09 4.053025e+09 2.916806e+09 3.537688e+09 4.472710e+09 2.856187e+09 4.038407e+09 2.856187e+09 4.472710e+09 2.916806e+09 1.872557e+09 3.537688e+09 4.053025e+09 1.872557e+09 1.872557e+09 4.053025e+09 2.916806e+09 4.075165e+09 2.916806e+09 4.477453e+09 2.916806e+09 3.537688e+09 4.075165e+09 4.038407e+09 4.053025e+09 
1.519869e+09 1.941841e+09 2.753426e+09 2.100837e+09 2.753426e+09 1.872557e+09 2.753426e+09 1.260724e+09 1.736422e+09 2.464127e+09 2.100837e+09 1.941841e+09 2.100837e+09 2.464127e+09 1.260724e+09 1.872557e+09 1.736422e+09 2.753426e+09 1.872557e+09 1.872557e+09 2.753426e+09 1.260724e+09 1.238907e+09 1.260724e+09 1.789391e+09 1.260724e+09 1.736422e+09 1.238907e+09 1.941841e+09 2.753426e+09 
6.207906e+08 7.342085e+08 1.239917e+09 6.790534e+08 1.239917e+09 3.266151e+08 1.239917e+09 2.550454e+08 6.019259e+08 9.583686e+08 6.790534e+08 7.342085e+08 6.790534e+08 9.583686e+08 2.550454e+08 3.266151e+08 6.019259e+08 1.239917e+09 3.266151e+08 3.266151e+08 1.239917e+09 2.550454e+08 4.543806e+08 2.550454e+08 1.241442e+09 2.550454e+08 6.019259e+08 4.543806e+08 7.342085e+08 1.239917e+09 
1.689779e+08 2.483227e+08 2.582156e+08 1.920079e+08 2.582156e+08 6.617003e+07 2.582156e+08 7.553836e+07 1.822962e+08 2.562313e+08 1.920079e+08 2.483227e+08 1.920079e+08 2.562313e+08 7.553836e+07 6.617003e+07 1.822962e+08 2.582156e+08 6.617003e+07 6.617003e+07 2.582156e+08 7.553836e+07 2.260818e+08 7.553836e+07 2.140278e+08 7.553836e+07 1.822962e+08 2.260818e+08 2.483227e+08 2.582156e+08 
2.103373e+07 2.081263e+07 2.586810e+07 1.605941e+07 2.586810e+07 1.707695e+07 2.586810e+07 2.164594e+07 1.660686e+07 2.820680e+07 1.605941e+07 2.081263e+07 1.605941e+07 2.820680e+07 2.164594e+07 1.707695e+07 1.660686e+07 2.586810e+07 1.707695e+07 1.707695e+07 2.586810e+07 2.164594e+07 2.169604e+07 2.164594e+07 3.828270e+07 2.164594e+07 1.660686e+07 2.169604e+07 2.081263e+07 2.586810e+07 
2.350531e+06 1.269418e+06 2.588410e+06 1.412512e+06 2.588410e+06 1.434099e+06 2.588410e+06 1.246558e+06 1.324367e+06 9.489590e+05 1.412512e+06 1.269418e+06 1.412512e+06 9.489590e+05 1.246558e+06 1.434099e+06 1.324367e+06 2.588410e+06 1.434099e+06 1.434099e+06 2.588410e+06 1.246558e+06 1.351387e+06 1.246558e+06 1.297639e+06 1.246558e+06 1.324367e+06 1.351387e+06 1.269418e+06 2.588410e+06 
1.807901e+05 9.952584e+04 1.224619e+05 5.277638e+04 1.224619e+05 5.957378e+04 1.224619e+05 6.205685e+04 1.253437e+05 8.624455e+04 5.277638e+04 9.952584e+04 5.277638e+04 8.624455e+04 6.205685e+04 5.957378e+04 1.253437e+05 1.224619e+05 5.957378e+04 5.957378e+04 1.224619e+05 6.205685e+04 1.313443e+05 6.205685e+04 9.939323e+04 6.205685e+04 1.253437e+05 1.313443e+05 9.952584e+04 1.224619e+05 
3.485992e+03 1.079839e+03 3.567558e+03 1.551283e+03 3.567558e+03 2.200605e+03 3.567558e+03 1.369288e+03 2.096795e+03 2.872439e+03 1.551283e+03 1.079839e+03 1.551283e+03 2.872439e+03 1.369288e+03 2.200605e+03 2.096795e+03 3.567558e+03 2.200605e+03 2.200605e+03 3.567558e+03 1.369288e+03 9.759739e+02 1.369288e+03 2.395159e+03 1.369288e+03 2.096795e+03 9.759739e+02 1.079839e+03 3.567558e+03 
5.239273e-01 1.769891e-01 2.218315e-01 6.859792e-02 2.218315e-01 1.084628e-01 2.218315e-01 2.524390e-01 6.335697e-01 1.439854e-01 6.859792e-02 1.769891e-01 6.859792e-02 1.439854e-01 2.524390e-01 1.084628e-01 6.335697e-01 2.218315e-01 1.084628e-01 1.084628e-01 2.218315e-01 2.524390e-01 3.029633e-01 2.524390e-01 3.464427e-01 2.524390e-01 6.335697e-01 3.029633e-01 1.769891e-01 2.218315e-01 
0.000000e+00 0.000000e+00 0.000000e+00 0.000000e+00 0.000000e+00 0.000000e+00 0.000000e+00 0.000000e+00 0.000000e+00 0.000000e+00 0.000000e+00 0.000000e+00 0.000000e+00 0.000000e+00 0.000000e+00 0.000000e+00 0.000000e+00 0.000000e+00 0.000000e+00 0.000000e+00 0.000000e+00 0.000000e+00 0.000000e+00 0.000000e+00 0.000000e+00 0.000000e+00 0.000000e+00 0.000000e+00 0.000000e+00 0.000000e+00 
0.000000e+00 0.000000e+00 0.000000e+00 0.000000e+00 0.000000e+00 0.000000e+00 0.000000e+00 0.000000e+00 0.000000e+00 0.000000e+00 0.000000e+00 0.000000e+00 0.000000e+00 0.000000e+00 0.000000e+00 0.000000e+00 0.000000e+00 0.000000e+00 0.000000e+00 0.000000e+00 0.000000e+00 0.000000e+00 0.000000e+00 0.000000e+00 0.000000e+00 0.000000e+00 0.000000e+00 0.000000e+00 0.000000e+00 0.000000e+00 