1.910763e+03 2.107561e+03 1.874858e+03 2.466077e+03 1.734153e+03 2.026952e+03 2.231734e+03 2.331107e+03 1.436444e+03 2.151783e+03 1.311857e+03 2.194286e+03 1.726795e+03 1.730826e+03 2.083393e+03 1.463043e+03 1.673611e+03 2.517392e+03 2.047906e+03 1.798198e+03 1.734153e+03 1.072773e+03 2.083524e+03 1.373334e+03 2.013961e+03 2.464444e+03 6.808909e+02 1.740799e+03 1.371278e+03 2.359225e+03 
1.910763e+03 2.107561e+03 1.874858e+03 2.466077e+03 1.734153e+03 2.026952e+03 2.231734e+03 2.331107e+03 1.436444e+03 2.151783e+03 1.311857e+03 2.194286e+03 1.726795e+03 1.730826e+03 2.083393e+03 1.463043e+03 1.673611e+03 2.517392e+03 2.047906e+03 1.798198e+03 1.734153e+03 1.072773e+03 2.083524e+03 1.373334e+03 2.013961e+03 2.464444e+03 6.808909e+02 1.740799e+03 1.371278e+03 2.359225e+03 
1.910763e+03 2.107561e+03 1.874858e+03 2.466077e+03 1.734153e+03 2.026952e+03 2.231734e+03 2.331107e+03 1.436444e+03 2.151783e+03 1.311857e+03 2.194286e+03 1.726795e+03 1.730826e+03 2.083393e+03 1.463043e+03 1.673611e+03 2.517392e+03 2.047906e+03 1.798198e+03 1.734153e+03 1.072773e+03 2.083524e+03 1.373334e+03 2.013961e+03 2.464444e+03 6.808909e+02 1.740799e+03 1.371278e+03 2.359225e+03 
1.218162e+03 2.107561e+03 1.534509e+03 2.041358e+03 1.734153e+03 2.026952e+03 2.231734e+03 1.600242e+03 1.285761e+03 1.700084e+03 1.311857e+03 2.191800e+03 1.726795e+03 1.730826e+03 1.637513e+03 1.463043e+03 1.673611e+03 2.002932e+03 1.944410e+03 1.769549e+03 1.734153e+03 1.072773e+03 1.829540e+03 1.283826e+03 1.874489e+03 2.032808e+03 6.808909e+02 1.595875e+03 1.358415e+03 1.813536e+03 
1.218162e+03 1.634130e+03 6.257448e+02 2.041358e+03 1.734153e+03 1.505512e+03 1.757280e+03 9.324351e+02 1.285761e+03 1.513020e+03 1.136928e+03 1.599957e+03 1.536912e+03 1.730826e+03 1.546312e+03 1.463043e+03 1.673611e+03 1.533389e+03 1.859507e+03 1.635814e+03 1.734153e+03 7.125777e+02 1.689108e+03 1.283826e+03 1.874489e+03 1.272528e+03 6.516868e+02 1.489790e+03 1.108384e+03 1.079066e+03 
8.205199e+02 1.634130e+03 6.257448e+02 1.886480e+03 1.333379e+03 1.505512e+03 1.550567e+03 8.968504e+02 8.887707e+02 9.637453e+02 9.807002e+02 1.289373e+03 1.017616e+03 1.714011e+03 1.324580e+03 1.334680e+03 1.419916e+03 7.694522e+02 1.568932e+03 7.756017e+02 1.333379e+03 4.970638e+02 1.611445e+03 9.426703e+02 9.804637e+02 9.078955e+02 4.652706e+02 1.489790e+03 9.155245e+02 9.891404e+02 
7.454090e+02 1.041065e+03 4.850003e+02 7.579090e+02 7.790030e+02 1.022866e+03 1.006891e+03 6.717593e+02 8.128900e+02 5.786132e+02 5.547526e+02 7.395170e+02 8.474647e+02 8.165527e+02 8.809102e+02 9.686979e+02 1.194468e+03 6.796884e+02 5.760272e+02 3.737355e+02 7.790030e+02 4.970638e+02 9.796164e+02 7.759440e+02 9.411629e+02 8.129944e+02 3.968572e+02 3.890283e+02 4.808040e+02 8.094429e+02 
5.011838e+02 4.129959e+02 3.190076e+02 4.154046e+02 4.584226e+02 5.002660e+02 5.892786e+02 5.201572e+02 5.379610e+02 4.110935e+02 4.473581e+02 3.450840e+02 3.223317e+02 3.880716e+02 3.424272e+02 3.678316e+02 4.394746e+02 4.127022e+02 3.787197e+02 3.559058e+02 4.584226e+02 3.896296e+02 3.614571e+02 3.745258e+02 2.845266e+02 3.350674e+02 3.574058e+02 3.890283e+02 4.099533e+02 4.016950e+02 
2.710844e+02 2.546481e+02 1.611376e+02 2.446815e+02 2.092949e+02 1.986425e+02 2.371553e+02 2.861166e+02 2.486907e+02 2.031423e+02 2.438131e+02 2.248670e+02 2.214657e+02 1.980291e+02 1.916985e+02 2.366586e+02 2.140026e+02 2.524689e+02 2.363016e+02 2.115993e+02 2.092949e+02 2.752991e+02 2.543488e+02 1.681310e+02 2.489773e+02 2.252913e+02 2.165485e+02 2.142321e+02 2.323748e+02 2.008444e+02 
1.549092e+02 1.550802e+02 1.425074e+02 1.246735e+02 1.437391e+02 1.539318e+02 1.219217e+02 1.344097e+02 1.397724e+02 1.394227e+02 1.345116e+02 1.393675e+02 1.499416e+02 1.406565e+02 1.368670e+02 1.383764e+02 1.443744e+02 1.321684e+02 1.393591e+02 1.325491e+02 1.437391e+02 1.386260e+02 1.249975e+02 1.450959e+02 1.478564e+02 1.484399e+02 1.437946e+02 1.410654e+02 1.338986e+02 1.197187e+02 
7.877529e+01 9.205539e+01 9.136510e+01 8.343309e+01 8.694198e+01 9.005434e+01 8.857093e+01 9.406008e+01 9.367476e+01 8.927720e+01 9.074429e+01 7.527842e+01 8.960407e+01 8.720065e+01 8.456516e+01 8.808459e+01 7.564714e+01 8.727467e+01 9.752821e+01 7.343405e+01 8.694198e+01 8.242445e+01 8.968364e+01 9.018120e+01 8.789919e+01 8.394543e+01 8.650317e+01 8.715761e+01 9.337931e+01 8.946572e+01 
5.640166e+01 5.797181e+01 5.833354e+01 5.993503e+01 6.048068e+01 6.044370e+01 6.199476e+01 6.137533e+01 5.880340e+01 6.201192e+01 5.887332e+01 5.779675e+01 5.890525e+01 5.830834e+01 5.610183e+01 5.609231e+01 6.052463e+01 5.994412e+01 5.885093e+01 5.890301e+01 6.048068e+01 5.605680e+01 5.908855e+01 5.784304e+01 5.792909e+01 6.169538e+01 5.830835e+01 5.803265e+01 5.941471e+01 5.528471e+01 
5.070215e+01 5.040996e+01 5.071994e+01 5.070385e+01 5.091585e+01 5.072668e+01 5.055994e+01 5.081922e+01 5.113932e+01 3.519461e+01 5.082213e+01 5.063961e+01 5.087939e+01 5.071695e+01 5.047874e+01 5.088159e+01 5.080045e+01 5.056129e+01 5.063025e+01 5.083408e+01 5.091585e+01 5.031424e+01 5.088703e+01 5.036761e+01 5.039849e+01 5.085673e+01 5.040995e+01 5.120702e+01 5.056909e+01 5.029872e+01 
5.007306e+00 4.920957e+01 4.918420e+01 1.386096e+01 4.923852e+01 3.247366e+01 4.928332e+01 3.551559e+01 4.929850e+01 1.888718e+01 4.928925e+01 4.921367e+01 3.049611e+01 4.925077e+01 1.755855e+01 4.929622e+01 2.807333e+01 4.923427e+01 4.905954e+01 4.918742e+01 4.923852e+01 4.918286e+01 4.927593e+01 1.896646e+01 4.914811e+01 2.222459e+01 4.912681e+01 4.927282e+01 4.915933e+01 4.914835e+01 
3.323821e-02 5.321591e-02 3.321904e+01 4.505116e-01 1.152055e-01 3.935057e-01 7.697530e-01 4.269025e-02 9.556385e-02 1.358387e+00 1.817066e-01 1.025513e-01 2.832026e+00 8.817900e-01 9.506763e-01 7.156875e-02 1.715327e-02 1.972074e-01 1.136693e-01 7.059050e+00 1.152055e-01 1.291708e-02 1.495141e-01 1.622699e-01 1.377949e-01 5.622805e-01 1.462968e-01 1.575361e-01 4.877296e+01 1.022928e-01 
0.000000e+00 0.000000e+00 0.000000e+00 0.000000e+00 0.000000e+00 0.000000e+00 0.000000e+00 0.000000e+00 0.000000e+00 0.000000e+00 0.000000e+00 0.000000e+00 0.000000e+00 0.000000e+00 0.000000e+00 0.000000e+00 0.000000e+00 0.000000e+00 0.000000e+00 0.000000e+00 0.000000e+00 0.000000e+00 0.000000e+00 0.000000e+00 0.000000e+00 0.000000e+00 0.000000e+00 0.000000e+00 0.000000e+00 0.000000e+00 
0.000000e+00 0.000000e+00 0.000000e+00 0.000000e+00 0.000000e+00 0.000000e+00 0.000000e+00 0.000000e+00 0.000000e+00 0.000000e+00 0.000000e+00 0.000000e+00 0.000000e+00 0.000000e+00 0.000000e+00 0.000000e+00 0.000000e+00 0.000000e+00 0.000000e+00 0.000000e+00 0.000000e+00 0.000000e+00 0.000000e+00 0.000000e+00 0.000000e+00 0.000000e+00 0.000000e+00 0.000000e+00 0.000000e+00 0.000000e+00 