1.413530e+06 3.376232e+05 2.216026e+06 4.829190e+05 8.856857e+05 8.907965e+05 1.194496e+06 6.675908e+05 6.768790e+05 9.656837e+05 2.769615e+04 2.323992e+05 2.769615e+04 4.402032e+05 2.848628e+05 8.907965e+05 1.726384e+06 1.672299e+06 7.317537e+05 1.085270e+06 8.856857e+05 6.675908e+05 8.595733e+05 1.985479e+05 7.260473e+05 4.254874e+05 3.007025e+05 1.701969e+06 7.149620e+05 8.856857e+05 
1.413530e+06 3.376232e+05 2.216026e+06 4.829190e+05 8.856857e+05 8.907965e+05 1.194496e+06 6.675908e+05 6.768790e+05 9.656837e+05 2.769615e+04 2.323992e+05 2.769615e+04 4.402032e+05 2.848628e+05 8.907965e+05 1.726384e+06 1.672299e+06 7.317537e+05 1.085270e+06 8.856857e+05 6.675908e+05 8.595733e+05 1.985479e+05 7.260473e+05 4.254874e+05 3.007025e+05 1.701969e+06 7.149620e+05 8.856857e+05 
1.413530e+06 3.376232e+05 2.216026e+06 4.829190e+05 8.856857e+05 8.907965e+05 1.194496e+06 6.675908e+05 6.768790e+05 9.656837e+05 2.769615e+04 2.323992e+05 2.769615e+04 4.402032e+05 2.848628e+05 8.907965e+05 1.726384e+06 1.672299e+06 7.317537e+05 1.085270e+06 8.856857e+05 6.675908e+05 8.595733e+05 1.985479e+05 7.260473e+05 4.254874e+05 3.007025e+05 1.701969e+06 7.149620e+05 8.856857e+05 
8.097836e+05 3.376232e+05 2.026493e+06 1.234669e+05 2.978469e+05 8.907965e+05 6.732256e+05 6.675908e+05 6.768790e+05 5.698975e+05 2.769615e+04 2.323992e+05 2.769615e+04 4.402032e+05 2.848628e+05 8.907965e+05 1.038073e+06 1.672299e+06 4.024861e+05 1.084988e+06 2.978469e+05 6.675908e+05 8.595733e+05 1.549298e+05 7.260473e+05 4.254874e+05 3.007025e+05 8.231241e+05 7.141658e+05 2.978469e+05 
8.097836e+05 3.376232e+05 1.644572e+06 1.234669e+05 2.976430e+05 2.369016e+05 6.727047e+05 3.693894e+05 6.768790e+05 6.802665e+04 2.769615e+04 2.323992e+05 2.769615e+04 1.593522e+05 2.848628e+05 2.369016e+05 1.035469e+06 1.653584e+05 4.024861e+05 5.027891e+05 2.976430e+05 3.693894e+05 4.951440e+05 1.549298e+05 5.248140e+05 2.836864e+05 2.406455e+05 7.870422e+05 2.191642e+05 2.976430e+05 
6.260873e+05 3.376232e+05 3.440391e+05 1.234642e+05 1.065491e+05 2.354733e+05 1.393993e+05 3.693894e+05 5.799238e+05 6.768762e+04 1.599930e+04 2.196571e+05 1.599930e+04 1.593522e+05 2.533116e+05 2.354733e+05 9.043981e+05 1.645530e+05 3.992965e+05 4.947098e+05 1.065491e+05 3.693894e+05 2.548951e+05 1.549298e+05 3.347539e+05 1.568690e+05 2.406455e+05 3.000394e+05 2.191642e+05 1.065491e+05 
4.572801e+05 4.928107e+04 1.534938e+05 6.217898e+04 9.655065e+04 1.665080e+05 1.096990e+05 1.728690e+05 2.888121e+05 6.109191e+04 1.593482e+04 1.821309e+05 1.593482e+04 1.051977e+05 9.194645e+04 1.665080e+05 1.851328e+05 1.050582e+05 9.892338e+04 1.829956e+05 9.655065e+04 1.728690e+05 1.909141e+05 5.578512e+04 2.938942e+04 1.568675e+05 8.884001e+04 2.104461e+05 9.931478e+04 9.655065e+04 
2.935271e+03 4.675426e+04 9.891379e+04 3.886710e+04 7.391281e+04 1.126509e+04 5.809605e+04 3.220145e+04 1.074771e+05 5.471220e+04 1.587891e+04 8.188969e+04 1.587891e+04 2.428846e+04 2.450215e+04 1.126509e+04 1.663052e+04 2.313760e+04 7.212428e+04 7.110306e+04 7.391281e+04 3.220145e+04 6.570918e+03 5.003781e+04 1.908937e+04 5.942963e+04 2.807602e+04 3.278431e+04 9.014969e+04 7.391281e+04 
2.741944e+03 7.940293e+03 8.745855e+03 3.031465e+03 3.266542e+03 4.095084e+03 9.086589e+03 5.578495e+03 3.268074e+03 8.016940e+03 1.101933e+04 3.668161e+03 1.101933e+04 4.686783e+03 6.765921e+03 4.095084e+03 5.245444e+03 2.463272e+03 3.244470e+03 5.177962e+03 3.266542e+03 5.578495e+03 2.551239e+03 1.544736e+04 2.736016e+03 2.648900e+03 6.543157e+03 2.979560e+03 2.423829e+03 3.266542e+03 
5.416590e+02 1.262861e+02 1.300480e+02 3.075039e+02 1.471491e+02 2.047371e+02 1.019353e+02 2.846919e+02 2.994014e+02 5.377467e+02 2.283917e+02 8.112562e+01 2.283917e+02 4.477699e+02 3.423936e+02 2.047371e+02 9.854847e+01 1.338638e+02 2.460872e+02 9.031269e+01 1.471491e+02 2.846919e+02 9.237776e+01 5.479340e+02 3.768513e+02 4.199206e+01 2.046690e+02 6.624838e+02 2.676826e+02 1.471491e+02 
1.589738e+01 1.588790e+01 1.641793e+01 1.766872e+01 1.653867e+01 1.615992e+01 1.195289e+01 1.634058e+01 1.632739e+01 1.585943e+01 1.442045e+01 1.214068e+01 1.442045e+01 1.414758e+01 1.490831e+01 1.615992e+01 1.676393e+01 1.269821e+01 1.385530e+01 1.424194e+01 1.653867e+01 1.634058e+01 1.679393e+01 1.812360e+01 1.417039e+01 1.249726e+01 1.516671e+01 1.663569e+01 1.781772e+01 1.653867e+01 
5.466022e+00 5.465761e+00 6.181941e+00 5.177714e+00 4.816208e+00 5.835351e+00 5.070385e+00 4.989889e+00 5.919760e+00 4.960003e+00 4.499462e+00 5.712793e+00 4.499462e+00 4.317603e+00 5.272205e+00 5.835351e+00 5.195065e+00 6.488290e+00 6.149224e+00 6.057317e+00 4.816208e+00 4.989889e+00 5.969629e+00 5.823963e+00 6.099526e+00 5.066433e+00 5.838036e+00 5.719826e+00 6.005203e+00 4.816208e+00 
2.911630e+00 2.704970e+00 3.241287e+00 2.820307e+00 3.269947e+00 3.477518e+00 2.975617e+00 2.849865e+00 3.213463e+00 2.736549e+00 3.203930e+00 3.195613e+00 3.203930e+00 2.945087e+00 2.903442e+00 3.477518e+00 3.071779e+00 3.386699e+00 2.521585e+00 2.897890e+00 3.269947e+00 2.849865e+00 3.330975e+00 3.478674e+00 3.384965e+00 2.612052e+00 3.211084e+00 2.670625e+00 3.345434e+00 3.269947e+00 
2.335190e+00 2.242134e+00 2.207151e+00 1.976328e+00 1.798615e+00 2.379819e+00 2.220270e+00 2.296327e+00 2.156958e+00 1.858460e+00 1.636375e+00 1.747208e+00 1.636375e+00 2.048168e+00 2.163524e+00 2.379819e+00 2.062909e+00 1.926130e+00 2.118243e+00 2.425342e+00 1.798615e+00 2.296327e+00 1.890688e+00 2.205204e+00 2.151772e+00 1.946699e+00 2.240532e+00 1.917439e+00 2.229034e+00 1.798615e+00 
1.057545e+00 1.310750e+00 1.495584e+00 1.176296e+00 1.063460e+00 1.395846e+00 1.254897e+00 1.289969e+00 1.360518e+00 1.198805e+00 9.886110e-01 1.105735e+00 9.886110e-01 1.194456e+00 1.162632e+00 1.395846e+00 1.251288e+00 1.078245e+00 1.295557e+00 1.517942e+00 1.063460e+00 1.289969e+00 1.263777e+00 1.221548e+00 1.357982e+00 9.267993e-01 1.302836e+00 1.144761e+00 1.046162e+00 1.063460e+00 
5.637972e-01 5.601931e-01 6.179146e-01 6.515295e-01 4.823822e-01 6.394051e-01 5.777087e-01 5.515115e-01 6.562849e-01 6.804493e-01 5.507817e-01 5.942683e-01 5.507817e-01 5.106976e-01 3.649929e-01 6.394051e-01 5.035342e-01 6.107945e-01 5.163863e-01 5.105074e-01 4.823822e-01 5.515115e-01 5.350079e-01 6.633635e-01 5.175089e-01 4.444582e-01 5.048623e-01 5.446957e-01 6.554268e-01 4.823822e-01 
0.000000e+00 0.000000e+00 0.000000e+00 0.000000e+00 0.000000e+00 0.000000e+00 0.000000e+00 0.000000e+00 0.000000e+00 0.000000e+00 0.000000e+00 0.000000e+00 0.000000e+00 0.000000e+00 0.000000e+00 0.000000e+00 0.000000e+00 0.000000e+00 0.000000e+00 0.000000e+00 0.000000e+00 0.000000e+00 0.000000e+00 0.000000e+00 0.000000e+00 0.000000e+00 0.000000e+00 0.000000e+00 0.000000e+00 0.000000e+00 