4.519794e+07 2.569469e+07 3.554753e+07 9.337804e+07 1.825584e+07 4.153882e+07 3.768357e+07 2.738001e+07 5.166052e+07 4.845442e+07 2.593798e+07 4.729796e+07 2.593798e+07 4.908813e+07 3.191596e+07 4.153882e+07 2.594224e+07 4.790259e+07 3.600860e+07 7.299784e+07 1.825584e+07 1.416708e+07 4.026451e+07 1.777951e+07 5.622584e+07 1.156905e+07 5.944085e+07 1.839796e+07 5.374460e+07 1.630778e+07 
4.519794e+07 2.569469e+07 3.554753e+07 9.337804e+07 1.825584e+07 4.153882e+07 3.768357e+07 2.738001e+07 5.166052e+07 4.845442e+07 2.593798e+07 4.729796e+07 2.593798e+07 4.908813e+07 3.191596e+07 4.153882e+07 2.594224e+07 4.790259e+07 3.600860e+07 7.299784e+07 1.825584e+07 1.416708e+07 4.026451e+07 1.777951e+07 5.622584e+07 1.156905e+07 5.944085e+07 1.839796e+07 5.374460e+07 1.630778e+07 
4.519794e+07 2.569469e+07 3.554753e+07 9.337804e+07 1.825584e+07 4.153882e+07 3.768357e+07 2.738001e+07 5.166052e+07 4.845442e+07 2.593798e+07 4.729796e+07 2.593798e+07 4.908813e+07 3.191596e+07 4.153882e+07 2.594224e+07 4.790259e+07 3.600860e+07 7.299784e+07 1.825584e+07 1.416708e+07 4.026451e+07 1.777951e+07 5.622584e+07 1.156905e+07 5.944085e+07 1.839796e+07 5.374460e+07 1.630778e+07 
4.519794e+07 2.569455e+07 3.554753e+07 2.077873e+07 1.825584e+07 4.153882e+07 2.708637e+07 2.738001e+07 3.364035e+07 4.845442e+07 2.593793e+07 4.729796e+07 2.593793e+07 4.907289e+07 3.191596e+07 4.153882e+07 2.594224e+07 4.790259e+07 3.600860e+07 7.299780e+07 1.825584e+07 1.416643e+07 4.026451e+07 1.777951e+07 5.622584e+07 1.156905e+07 5.943842e+07 1.839796e+07 5.374460e+07 1.630778e+07 
2.736692e+07 2.370978e+07 3.537929e+07 2.077873e+07 1.825580e+07 4.153882e+07 2.708333e+07 2.738001e+07 3.364035e+07 4.016533e+07 2.593793e+07 4.729742e+07 2.593793e+07 4.907289e+07 3.191596e+07 4.153882e+07 2.594222e+07 4.790258e+07 2.994227e+07 6.749519e+07 1.825580e+07 1.416643e+07 2.020568e+07 1.777951e+07 5.046542e+07 1.156905e+07 5.824461e+07 1.090212e+07 1.898074e+07 1.630753e+07 
1.154768e+07 1.647926e+07 3.537929e+07 1.477908e+07 1.825580e+07 4.153882e+07 2.345140e+07 2.738001e+07 2.890795e+07 3.295766e+07 2.593787e+07 2.147254e+07 2.593787e+07 1.859326e+07 8.310765e+06 4.153882e+07 2.072707e+07 4.790196e+07 2.994201e+07 8.492879e+06 1.825580e+07 1.416643e+07 2.020538e+07 1.777951e+07 3.512036e+07 1.156905e+07 3.388376e+07 8.167003e+06 1.898066e+07 9.864927e+06 
1.154768e+07 1.261236e+07 1.581265e+07 1.472009e+07 1.777314e+07 4.153881e+07 2.344586e+07 1.717842e+07 1.639541e+07 2.436580e+07 2.593758e+07 2.147128e+07 2.593758e+07 1.859320e+07 4.797474e+06 4.153881e+07 2.058011e+07 1.822066e+07 1.167434e+07 8.492818e+06 1.777314e+07 1.416641e+07 2.020493e+07 1.258740e+07 4.226090e+06 2.814183e+06 2.051513e+07 6.803595e+06 1.898066e+07 9.864927e+06 
1.154768e+07 1.236094e+07 2.783769e+06 4.174081e+06 5.085493e+06 8.602792e+06 5.244381e+06 1.310455e+07 7.723609e+06 2.337584e+06 5.546000e+06 3.166806e+06 5.546000e+06 6.322589e+06 4.706096e+06 8.602792e+06 9.369650e+06 1.781236e+07 7.400173e+06 4.272665e+06 5.085493e+06 1.240910e+07 1.193745e+07 7.037253e+06 4.226081e+06 2.814148e+06 6.058862e+06 2.694781e+06 1.674817e+07 4.933286e+06 
2.005910e+06 9.584123e+05 4.800093e+05 1.459363e+06 1.935996e+06 3.115660e+06 1.883465e+06 3.315197e+06 1.576331e+06 2.047987e+06 2.222348e+06 2.699679e+06 2.222348e+06 2.506143e+06 1.691121e+06 3.115660e+06 1.030069e+06 1.579375e+06 2.718244e+06 1.402468e+06 1.935996e+06 2.514726e+06 4.112858e+06 2.698718e+06 2.160088e+06 2.084655e+06 2.249531e+06 2.158992e+06 2.338845e+06 1.782102e+06 
5.014674e+05 5.026126e+05 1.829110e+05 3.972048e+05 1.706106e+05 6.994668e+05 3.051387e+05 5.457249e+05 9.499121e+04 4.564158e+05 4.255935e+05 5.329511e+05 4.255935e+05 2.419970e+05 2.681243e+05 6.994668e+05 1.912735e+05 3.415730e+05 8.620060e+05 1.910181e+05 1.706106e+05 3.937839e+05 7.487204e+05 2.936361e+05 1.788462e+05 2.310239e+05 2.011764e+05 1.433386e+05 2.859774e+05 9.654873e+04 
6.764457e+03 6.466440e+03 8.855356e+03 5.346380e+03 5.090460e+03 9.301127e+03 4.947122e+03 1.886667e+04 7.236064e+03 8.795311e+03 1.005033e+04 6.189255e+03 1.005033e+04 8.579435e+03 1.026531e+04 9.301127e+03 8.956072e+03 7.799794e+03 8.752656e+03 3.322221e+03 5.090460e+03 9.998516e+03 1.034853e+04 6.330383e+03 5.387910e+03 5.603555e+03 6.085818e+03 3.910705e+03 8.027763e+03 1.375971e+04 
4.485046e+02 4.006242e+02 3.665792e+02 3.733932e+02 4.481168e+02 5.361394e+02 3.984581e+02 5.301558e+02 4.227384e+02 3.629912e+02 4.833057e+02 5.966658e+02 4.833057e+02 6.044372e+02 3.060501e+02 5.361394e+02 5.456474e+02 4.515026e+02 3.925051e+02 4.855758e+02 4.481168e+02 5.699036e+02 6.165028e+02 5.316744e+02 5.931716e+02 6.161224e+02 4.231099e+02 5.575100e+02 4.771572e+02 3.657661e+02 
5.792705e+01 2.401347e+01 7.547893e+01 4.469028e+01 6.056549e+01 8.767786e+01 5.755080e+01 5.263131e+01 7.250797e+01 4.609908e+01 4.606945e+01 5.650173e+01 4.606945e+01 5.859571e+01 5.106323e+01 8.767786e+01 5.648168e+01 5.986743e+01 5.430852e+01 6.495322e+01 6.056549e+01 6.473369e+01 7.197101e+01 5.662411e+01 7.938479e+01 5.235266e+01 5.876034e+01 7.368372e+01 6.559912e+01 7.631514e+01 
1.491837e+01 8.852933e+00 1.300524e+01 7.959129e+00 7.956976e+00 1.462168e+01 8.791073e+00 8.055207e+00 1.133818e+01 7.745270e+00 7.040193e+00 1.067787e+01 7.040193e+00 1.058372e+01 8.146693e+00 1.462168e+01 1.077360e+01 1.075729e+01 1.106736e+01 1.157465e+01 7.956976e+00 1.028485e+01 9.628933e+00 1.464963e+01 1.275149e+01 1.077545e+01 7.152473e+00 7.559627e+00 1.082162e+01 1.082369e+01 
2.406369e-01 8.589741e-02 1.583795e-01 8.784466e-02 9.988142e-02 1.697136e-01 1.001858e-01 2.000973e-01 1.318260e-01 1.174891e-01 1.760877e-01 1.486863e-01 1.760877e-01 1.131066e-01 8.665111e-02 1.697136e-01 1.818870e-01 1.798516e-01 2.191005e-01 8.007781e-02 9.988142e-02 8.729634e-02 2.033901e-01 3.469730e-01 5.887892e-02 1.245180e-01 7.519342e-02 8.984227e-02 2.457486e-01 8.580609e-02 
0.000000e+00 0.000000e+00 0.000000e+00 0.000000e+00 0.000000e+00 0.000000e+00 0.000000e+00 0.000000e+00 0.000000e+00 0.000000e+00 0.000000e+00 0.000000e+00 0.000000e+00 0.000000e+00 0.000000e+00 0.000000e+00 0.000000e+00 0.000000e+00 0.000000e+00 0.000000e+00 0.000000e+00 0.000000e+00 0.000000e+00 0.000000e+00 0.000000e+00 0.000000e+00 0.000000e+00 0.000000e+00 0.000000e+00 0.000000e+00 
0.000000e+00 0.000000e+00 0.000000e+00 0.000000e+00 0.000000e+00 0.000000e+00 0.000000e+00 0.000000e+00 0.000000e+00 0.000000e+00 0.000000e+00 0.000000e+00 0.000000e+00 0.000000e+00 0.000000e+00 0.000000e+00 0.000000e+00 0.000000e+00 0.000000e+00 0.000000e+00 0.000000e+00 0.000000e+00 0.000000e+00 0.000000e+00 0.000000e+00 0.000000e+00 0.000000e+00 0.000000e+00 0.000000e+00 0.000000e+00 