6.632133e+02 5.679135e+02 5.917394e+02 4.921215e+02 3.677743e+02 5.653421e+02 4.831030e+02 4.412845e+02 2.521535e+02 5.728893e+02 6.920955e+02 3.523021e+02 6.959842e+02 6.208572e+02 4.039306e+02 5.653421e+02 4.632840e+02 5.682379e+02 3.907460e+02 3.802314e+02 3.677743e+02 6.572464e+02 8.172787e+02 6.066911e+02 6.810816e+02 6.572464e+02 7.371940e+02 6.621735e+02 7.027071e+02 3.677743e+02 
4.541189e+02 5.679135e+02 5.917394e+02 4.487082e+02 3.677743e+02 5.653421e+02 4.831016e+02 4.412845e+02 2.265683e+02 5.728893e+02 6.919816e+02 3.523021e+02 6.959842e+02 6.208572e+02 4.039306e+02 5.653421e+02 4.632840e+02 5.682379e+02 3.907460e+02 3.802314e+02 3.677743e+02 4.217165e+02 8.172787e+02 6.066911e+02 6.810816e+02 4.217165e+02 7.170808e+02 5.164780e+02 7.027071e+02 3.677743e+02 
4.541189e+02 5.679135e+02 5.917394e+02 4.487082e+02 3.677743e+02 5.653421e+02 4.831016e+02 4.412845e+02 2.265683e+02 5.728893e+02 6.919816e+02 3.523021e+02 6.959842e+02 6.208572e+02 4.039306e+02 5.653421e+02 4.632840e+02 5.682379e+02 3.907460e+02 3.802314e+02 3.677743e+02 4.217165e+02 8.172787e+02 6.066911e+02 6.810816e+02 4.217165e+02 7.170808e+02 5.164780e+02 7.027071e+02 3.677743e+02 
4.541189e+02 5.445117e+02 4.478635e+02 4.487082e+02 3.677743e+02 5.653421e+02 4.831016e+02 4.412845e+02 1.883837e+02 4.400067e+02 5.426605e+02 3.523021e+02 6.959842e+02 5.648909e+02 4.039306e+02 5.653421e+02 4.631829e+02 5.682379e+02 3.907460e+02 3.802314e+02 3.677743e+02 4.217165e+02 3.482843e+02 6.066911e+02 6.810816e+02 4.217165e+02 4.983890e+02 5.164780e+02 7.027071e+02 3.677743e+02 
4.541189e+02 4.155327e+02 4.478635e+02 2.099441e+02 3.677743e+02 3.674470e+02 4.831016e+02 4.412845e+02 1.883837e+02 4.400067e+02 5.181481e+02 3.523021e+02 5.615330e+02 5.549896e+02 3.646324e+02 3.674470e+02 4.357576e+02 3.447909e+02 3.477208e+02 3.314498e+02 3.677743e+02 3.956583e+02 2.256906e+02 4.898398e+02 3.619893e+02 3.956583e+02 4.948654e+02 4.342271e+02 6.994454e+02 3.677743e+02 
3.244586e+02 4.013616e+02 3.788990e+02 2.099441e+02 2.949171e+02 3.079971e+02 4.831016e+02 4.412845e+02 1.497986e+02 4.400067e+02 3.072625e+02 3.523021e+02 5.354100e+02 4.459208e+02 2.931016e+02 3.079971e+02 4.296573e+02 3.390906e+02 3.351705e+02 3.298451e+02 2.949171e+02 3.956583e+02 2.256906e+02 4.813167e+02 3.490412e+02 3.956583e+02 4.560270e+02 1.662341e+02 5.090095e+02 2.949171e+02 
2.881713e+02 2.160622e+02 1.491669e+02 1.365478e+02 2.905045e+02 1.777594e+02 2.183689e+02 2.630075e+02 7.088805e+01 4.038191e+02 2.879925e+02 3.323770e+02 3.297335e+02 3.990618e+02 2.931016e+02 1.777594e+02 3.178187e+02 2.501881e+02 3.047591e+02 3.298451e+02 2.905045e+02 2.589820e+02 2.204295e+02 2.981902e+02 1.865979e+02 2.589820e+02 2.670562e+02 1.662341e+02 3.150244e+02 2.905045e+02 
2.421910e+02 2.160622e+02 9.340297e+01 1.349939e+02 2.635354e+02 1.017442e+02 2.077163e+02 2.411851e+02 7.088805e+01 4.777064e+01 2.182689e+02 1.841248e+02 2.465621e+02 3.560670e+02 1.765283e+02 1.017442e+02 2.980231e+02 1.508493e+02 2.395466e+02 9.804863e+01 2.635354e+02 2.232348e+02 1.254425e+02 2.749280e+02 1.244744e+02 2.232348e+02 1.708093e+02 1.662341e+02 3.133893e+02 2.635354e+02 
1.210894e+02 1.673618e+02 9.339597e+01 9.443818e+01 1.326251e+02 1.017442e+02 1.015571e+02 8.560090e+01 5.840258e+01 4.078570e+01 1.128567e+02 9.328306e+01 3.416291e+01 1.128599e+02 1.394167e+02 1.017442e+02 1.396427e+02 6.145046e+01 9.918409e+01 8.786716e+01 1.326251e+02 1.240458e+02 8.105929e+01 7.790898e+01 8.660651e+01 1.240458e+02 3.575305e+01 8.168098e+01 1.095739e+02 1.326251e+02 
6.089146e+01 6.196653e+01 6.345921e+01 6.818752e+01 5.074254e+01 5.370826e+01 4.608614e+01 5.938562e+01 2.967864e+01 4.078570e+01 5.552756e+01 9.033367e+01 3.413038e+01 5.687312e+01 6.060270e+01 5.370826e+01 2.375683e+01 5.976134e+01 8.054279e+01 3.335376e+01 5.074254e+01 7.258385e+01 3.682366e+01 4.112927e+01 8.211928e+01 7.258385e+01 3.525467e+01 1.854170e+01 6.730695e+01 5.074254e+01 
1.991593e+01 1.095500e+01 1.947770e+01 4.358950e+01 1.737857e+01 1.902680e+01 2.072426e+01 1.368288e+01 2.532793e+01 2.107681e+01 2.041269e+01 3.654718e+01 1.675473e+01 2.577068e+01 8.511026e+00 1.902680e+01 1.249446e+01 1.242775e+01 2.568648e+01 4.135369e+00 1.737857e+01 2.146414e+01 1.544024e+01 1.439425e+01 2.045869e+01 2.146414e+01 1.653960e+01 1.389666e+01 3.141408e+01 1.737857e+01 
6.659033e+00 8.743429e+00 3.739394e+00 4.452999e+00 6.869620e+00 7.622486e+00 6.567991e+00 6.066855e+00 1.009780e+01 5.983111e+00 4.406158e+00 3.073698e+00 7.204919e+00 5.056752e+00 6.177490e+00 7.622486e+00 6.432154e+00 5.188624e+00 1.300861e+01 3.370447e+00 6.869620e+00 3.739994e+00 8.318747e+00 7.508269e+00 6.271444e+00 3.739994e+00 6.471988e+00 5.908492e+00 7.948106e+00 6.869620e+00 
2.176968e+00 1.323068e+00 2.352065e+00 2.063661e+00 4.319857e+00 2.621286e+00 2.439559e+00 2.277457e+00 2.918162e+00 2.640600e+00 2.570532e+00 1.942300e+00 2.205417e+00 2.242903e+00 2.331295e+00 2.621286e+00 1.528597e+00 2.380431e+00 1.765694e+00 2.336901e+00 4.319857e+00 2.477855e+00 1.986960e+00 1.633225e+00 1.875061e+00 2.477855e+00 2.740644e+00 1.965431e+00 1.925316e+00 4.319857e+00 
1.343077e+00 7.338759e-01 1.096687e+00 7.445384e-01 1.304490e+00 8.889078e-01 1.560769e+00 1.048186e+00 1.051042e+00 1.035217e+00 1.088489e+00 7.023589e-01 1.518873e+00 1.121568e+00 9.527887e-01 8.889078e-01 9.185882e-01 7.559803e-01 1.242222e+00 1.028911e+00 1.304490e+00 1.080417e+00 1.058733e+00 9.540102e-01 1.315582e+00 1.080417e+00 1.396996e+00 1.275241e+00 1.253803e+00 1.304490e+00 
4.136314e-01 4.523945e-01 3.027282e-01 2.829280e-01 5.113938e-01 3.572199e-01 5.324491e-01 3.395139e-01 4.524933e-01 5.359858e-01 6.232765e-01 3.696848e-01 5.300731e-01 3.238581e-01 3.510580e-01 3.572199e-01 3.792262e-01 2.214404e-01 3.049107e-01 4.156828e-01 5.113938e-01 2.434470e-01 4.949191e-01 3.685488e-01 1.670657e-01 2.434470e-01 5.341123e-01 4.821121e-01 5.101254e-01 5.113938e-01 
4.329591e-03 2.308515e-02 3.970467e-02 3.311231e-02 2.441511e-02 1.954694e-02 1.962262e-02 2.101162e-02 1.302784e-03 2.472000e-02 2.629678e-02 2.149806e-02 5.361345e-03 1.914834e-02 2.205254e-02 1.954694e-02 3.578242e-02 4.712547e-03 1.994800e-02 2.384097e-02 2.441511e-02 2.472943e-03 2.162660e-02 1.956129e-02 4.759892e-03 2.472943e-03 2.094515e-02 2.137075e-02 2.151030e-02 2.441511e-02 
0.000000e+00 0.000000e+00 0.000000e+00 0.000000e+00 0.000000e+00 0.000000e+00 0.000000e+00 0.000000e+00 0.000000e+00 0.000000e+00 0.000000e+00 0.000000e+00 0.000000e+00 0.000000e+00 0.000000e+00 0.000000e+00 0.000000e+00 0.000000e+00 0.000000e+00 0.000000e+00 0.000000e+00 0.000000e+00 0.000000e+00 0.000000e+00 0.000000e+00 0.000000e+00 0.000000e+00 0.000000e+00 0.000000e+00 0.000000e+00 