6.421826e+03 5.828254e+03 4.448193e+03 4.364980e+03 5.500751e+03 5.859590e+03 5.661494e+03 2.994784e+03 2.963585e+03 6.470763e+03 5.185622e+03 3.409606e+03 6.170459e+03 6.300507e+03 3.754244e+03 5.591114e+03 4.628550e+03 3.064828e+03 6.864049e+03 7.248565e+03 5.500751e+03 5.884234e+03 4.697483e+03 3.487876e+03 3.057222e+03 6.422955e+03 4.832313e+03 7.029147e+03 3.933198e+03 6.861958e+03 
6.421826e+03 5.828254e+03 4.448193e+03 4.364980e+03 5.500751e+03 5.859590e+03 5.661494e+03 2.994784e+03 2.963585e+03 6.470763e+03 5.185622e+03 3.409606e+03 6.170459e+03 6.300507e+03 3.754244e+03 5.591114e+03 4.628550e+03 3.064828e+03 6.864049e+03 7.248565e+03 5.500751e+03 5.884234e+03 4.697483e+03 3.487876e+03 3.057222e+03 6.422955e+03 4.832313e+03 7.029147e+03 3.933198e+03 6.861958e+03 
6.421826e+03 5.828254e+03 4.448193e+03 4.364980e+03 5.500751e+03 5.859590e+03 5.661494e+03 2.994784e+03 2.963585e+03 6.470763e+03 5.185622e+03 3.409606e+03 6.170459e+03 6.300507e+03 3.754244e+03 5.591114e+03 4.628550e+03 3.064828e+03 6.864049e+03 7.248565e+03 5.500751e+03 5.884234e+03 4.697483e+03 3.487876e+03 3.057222e+03 6.422955e+03 4.832313e+03 7.029147e+03 3.933198e+03 6.861958e+03 
4.252169e+03 5.828254e+03 4.331375e+03 4.364980e+03 4.063960e+03 5.838725e+03 4.320786e+03 2.994784e+03 2.602992e+03 6.097454e+03 4.889560e+03 3.409606e+03 6.170459e+03 5.966543e+03 3.754244e+03 5.286752e+03 4.599206e+03 3.064828e+03 6.835785e+03 6.737729e+03 4.063960e+03 5.268276e+03 4.642958e+03 3.487876e+03 3.057222e+03 5.614011e+03 4.832313e+03 6.293565e+03 3.732602e+03 5.523377e+03 
3.910875e+03 5.828254e+03 4.331375e+03 4.364980e+03 4.063960e+03 5.191525e+03 4.318354e+03 2.994784e+03 2.551213e+03 4.619180e+03 4.889560e+03 3.409606e+03 5.494196e+03 5.966543e+03 3.754244e+03 5.286752e+03 4.599206e+03 3.064828e+03 6.835785e+03 6.124116e+03 4.063960e+03 4.975784e+03 4.642958e+03 3.487876e+03 3.057222e+03 5.614011e+03 4.779180e+03 3.824487e+03 3.732602e+03 3.131956e+03 
2.771811e+03 4.469879e+03 4.331375e+03 4.363545e+03 3.853201e+03 4.049501e+03 4.318354e+03 2.267623e+03 2.551213e+03 3.123838e+03 4.889560e+03 3.409606e+03 5.035253e+03 4.108146e+03 3.242165e+03 5.247203e+03 1.920408e+03 2.490096e+03 5.001978e+03 5.542482e+03 3.853201e+03 4.975784e+03 3.413721e+03 3.487876e+03 2.656027e+03 4.940067e+03 3.523135e+03 3.824487e+03 3.732602e+03 3.046760e+03 
2.771811e+03 3.882032e+03 2.550432e+03 2.526294e+03 1.656997e+03 2.848169e+03 2.922812e+03 2.256263e+03 2.473814e+03 2.169092e+03 2.653440e+03 2.889448e+03 3.753325e+03 3.713924e+03 2.135818e+03 4.288721e+03 1.719232e+03 2.490096e+03 3.084184e+03 3.930484e+03 1.656997e+03 3.463483e+03 3.411385e+03 2.632686e+03 2.656027e+03 2.947938e+03 1.933395e+03 2.923337e+03 2.641737e+03 2.587584e+03 
8.790262e+02 2.363627e+03 1.900964e+03 1.791015e+03 1.534539e+03 1.539920e+03 1.648237e+03 1.719469e+03 2.005659e+03 1.845525e+03 2.468403e+03 2.137160e+03 2.041563e+03 1.461582e+03 1.891995e+03 1.990202e+03 1.576304e+03 2.272310e+03 2.506022e+03 2.095510e+03 1.534539e+03 2.046007e+03 2.462626e+03 1.806830e+03 9.702205e+02 1.775553e+03 1.909155e+03 1.496543e+03 1.867624e+03 2.170993e+03 
6.598149e+02 1.091188e+03 9.265362e+02 1.186405e+03 9.598344e+02 9.308883e+02 8.974670e+02 1.472101e+03 9.779511e+02 1.190540e+03 1.302834e+03 1.076138e+03 1.179582e+03 7.905537e+02 1.096687e+03 1.167858e+03 8.926231e+02 1.006828e+03 1.009083e+03 9.212116e+02 9.598344e+02 1.196739e+03 1.296510e+03 1.107306e+03 9.130319e+02 1.031951e+03 1.058367e+03 9.957689e+02 1.099638e+03 1.139859e+03 
6.426771e+02 7.450223e+02 7.311423e+02 6.152222e+02 8.032015e+02 8.175984e+02 7.348106e+02 6.869868e+02 7.090489e+02 6.277118e+02 6.635303e+02 6.913345e+02 7.529708e+02 6.605734e+02 8.351081e+02 7.464048e+02 7.425058e+02 6.751416e+02 7.117775e+02 7.430337e+02 8.032015e+02 6.849345e+02 7.751810e+02 6.977483e+02 5.975918e+02 6.361098e+02 6.887491e+02 7.437897e+02 6.566939e+02 7.095235e+02 
4.912479e+02 5.224246e+02 5.390072e+02 5.337925e+02 5.279422e+02 5.265374e+02 5.472387e+02 5.307651e+02 5.534042e+02 5.163333e+02 5.279401e+02 5.491285e+02 5.376309e+02 5.504213e+02 5.013486e+02 5.214084e+02 5.466948e+02 5.183704e+02 5.441073e+02 5.180418e+02 5.279422e+02 4.986467e+02 5.275763e+02 5.266944e+02 5.264389e+02 5.196209e+02 5.254734e+02 5.423622e+02 5.284772e+02 5.274322e+02 
4.318134e+02 4.856391e+02 4.822842e+02 4.666995e+02 4.334449e+02 4.695455e+02 4.958318e+02 4.815995e+02 4.828396e+02 4.579051e+02 4.692548e+02 4.938404e+02 4.861121e+02 4.760767e+02 4.603353e+02 4.554475e+02 4.917856e+02 4.765738e+02 4.682513e+02 4.709926e+02 4.334449e+02 4.677775e+02 4.901275e+02 4.730120e+02 4.723598e+02 4.792479e+02 4.532417e+02 4.848406e+02 4.772449e+02 4.729816e+02 
4.217105e+02 4.403354e+02 4.347234e+02 4.390358e+02 4.243684e+02 4.286273e+02 4.547672e+02 4.418555e+02 4.281592e+02 4.215069e+02 4.373311e+02 4.626235e+02 4.439721e+02 4.323097e+02 4.288683e+02 4.253745e+02 4.469380e+02 4.476328e+02 4.371144e+02 4.261014e+02 4.243684e+02 4.320841e+02 4.446140e+02 4.433202e+02 4.369148e+02 4.390113e+02 4.255154e+02 4.564465e+02 4.304536e+02 4.282266e+02 
4.161594e+02 4.148519e+02 4.148852e+02 4.151674e+02 4.166183e+02 4.165316e+02 4.178090e+02 4.156941e+02 4.144413e+02 4.147089e+02 4.157131e+02 4.196623e+02 4.157096e+02 4.149382e+02 4.156079e+02 4.158233e+02 4.158605e+02 4.161999e+02 4.167815e+02 4.151125e+02 4.166183e+02 4.147786e+02 4.157259e+02 4.150969e+02 4.151367e+02 4.144267e+02 4.163098e+02 4.160724e+02 4.153552e+02 4.146951e+02 
4.137628e+02 4.137031e+02 4.137345e+02 4.137091e+02 4.135453e+02 4.137291e+02 4.137400e+02 4.137119e+02 4.136757e+02 4.129559e+02 4.136988e+02 4.137912e+02 4.137620e+02 4.136759e+02 4.137173e+02 4.137332e+02 4.137019e+02 4.137487e+02 4.137640e+02 4.136889e+02 4.135453e+02 4.136991e+02 4.136751e+02 4.136989e+02 4.137154e+02 4.136800e+02 4.137304e+02 4.137176e+02 4.137067e+02 4.137060e+02 
4.136573e+02 4.021111e+02 4.100204e+02 4.136573e+02 4.103238e+02 4.136573e+02 3.994460e+02 4.100819e+02 4.136573e+02 3.991669e+02 4.017877e+02 4.136573e+02 4.100296e+02 4.100304e+02 4.136573e+02 4.013168e+02 4.136573e+02 4.136573e+02 4.136573e+02 3.996875e+02 4.103238e+02 4.136573e+02 4.136573e+02 4.136573e+02 3.997446e+02 4.136573e+02 4.136573e+02 4.136573e+02 4.136573e+02 3.991933e+02 
0.000000e+00 0.000000e+00 0.000000e+00 0.000000e+00 0.000000e+00 0.000000e+00 0.000000e+00 0.000000e+00 0.000000e+00 0.000000e+00 0.000000e+00 0.000000e+00 0.000000e+00 0.000000e+00 0.000000e+00 0.000000e+00 0.000000e+00 0.000000e+00 0.000000e+00 0.000000e+00 0.000000e+00 0.000000e+00 0.000000e+00 0.000000e+00 0.000000e+00 0.000000e+00 0.000000e+00 0.000000e+00 0.000000e+00 0.000000e+00 