6.645399e+02 5.961082e+02 5.157912e+02 5.185986e+02 3.888579e+02 3.820959e+02 4.238220e+02 1.910158e+02 5.933772e+02 5.861549e+02 4.556418e+02 6.710389e+02 1.937334e+02 5.832561e+02 5.709099e+02 3.820959e+02 5.933772e+02 4.246224e+02 4.049124e+02 4.313205e+02 3.888579e+02 5.304957e+02 4.613669e+02 4.072567e+02 5.832797e+02 5.304957e+02 3.066679e+02 3.014180e+02 5.066980e+02 3.888579e+02 
6.479795e+02 4.882186e+02 4.828778e+02 3.731515e+02 2.964801e+02 3.820959e+02 4.238220e+02 1.910158e+02 5.933772e+02 4.863288e+02 3.715679e+02 4.955341e+02 1.937334e+02 5.639236e+02 5.709099e+02 3.820959e+02 5.933772e+02 4.246224e+02 4.049124e+02 4.313205e+02 2.964801e+02 2.551794e+02 4.613669e+02 4.072567e+02 3.645493e+02 2.551794e+02 2.940178e+02 3.014180e+02 5.066980e+02 2.964801e+02 
6.479795e+02 4.882186e+02 4.828778e+02 3.731515e+02 2.964801e+02 3.820959e+02 4.238220e+02 1.910158e+02 5.933772e+02 4.863288e+02 3.715679e+02 4.955341e+02 1.937334e+02 5.639236e+02 5.709099e+02 3.820959e+02 5.933772e+02 4.246224e+02 4.049124e+02 4.313205e+02 2.964801e+02 2.551794e+02 4.613669e+02 4.072567e+02 3.645493e+02 2.551794e+02 2.940178e+02 3.014180e+02 5.066980e+02 2.964801e+02 
4.953290e+02 4.850682e+02 4.670720e+02 3.731515e+02 2.964801e+02 3.442422e+02 3.856930e+02 1.910158e+02 3.857169e+02 3.857077e+02 3.695982e+02 4.955341e+02 1.937334e+02 5.481457e+02 2.810253e+02 3.442422e+02 3.857169e+02 9.924383e+01 4.049124e+02 4.313205e+02 2.964801e+02 2.551794e+02 4.613669e+02 3.658152e+02 3.601681e+02 2.551794e+02 2.940178e+02 3.014180e+02 4.152384e+02 2.964801e+02 
3.045766e+02 3.044782e+02 2.852516e+02 3.408473e+02 2.964801e+02 3.442422e+02 3.381640e+02 1.713053e+02 3.177293e+02 1.897738e+02 2.192070e+02 3.713026e+02 1.937334e+02 3.793012e+02 2.810253e+02 3.442422e+02 3.177293e+02 9.924383e+01 1.523281e+02 3.941207e+02 2.964801e+02 2.487990e+02 2.521199e+02 2.842382e+02 2.439430e+02 2.487990e+02 1.971951e+02 2.654878e+02 3.982401e+02 2.964801e+02 
1.386261e+02 2.607990e+02 2.268690e+02 2.062504e+02 3.374729e+01 3.119443e+02 3.076922e+02 1.713053e+02 3.009662e+02 1.633293e+02 2.001447e+02 2.510099e+02 1.850746e+02 3.793012e+02 2.212242e+02 3.119443e+02 3.009662e+02 9.924383e+01 1.523281e+02 2.405709e+02 3.374729e+01 2.487990e+02 2.157652e+02 2.648224e+02 2.439430e+02 2.487990e+02 1.971951e+02 1.412484e+02 1.934948e+02 3.374729e+01 
1.249513e+02 1.532679e+02 1.400918e+02 1.257311e+02 3.374729e+01 1.722448e+02 1.777545e+02 1.597719e+02 1.347407e+02 1.097629e+02 1.030292e+02 1.450847e+02 1.353394e+02 1.579670e+02 1.107140e+02 1.722448e+02 1.347407e+02 9.924383e+01 1.214344e+02 1.324207e+02 3.374729e+01 1.490079e+02 1.671996e+02 1.226785e+02 1.619568e+02 1.490079e+02 1.897332e+02 1.184500e+02 1.644892e+02 3.374729e+01 
8.744926e+01 8.646090e+01 9.077793e+01 1.010940e+02 3.015404e+01 1.055927e+02 9.366258e+01 1.061953e+02 9.819084e+01 6.452095e+01 9.471270e+01 1.221919e+02 9.591802e+01 1.221975e+02 8.416854e+01 1.055927e+02 9.819084e+01 7.913318e+01 9.767464e+01 9.573207e+01 3.015404e+01 9.971622e+01 1.250075e+02 9.400000e+01 1.013140e+02 9.971622e+01 1.042491e+02 1.013411e+02 1.357856e+02 3.015404e+01 
7.300310e+01 1.955626e+01 4.430418e+01 7.248806e+01 2.854703e+01 8.314454e+01 7.415925e+01 6.976445e+01 7.335501e+01 6.303134e+01 5.873157e+01 7.036209e+01 7.585037e+01 6.423728e+01 7.416433e+01 8.314454e+01 7.335501e+01 4.689079e+01 5.590377e+01 6.535112e+01 2.854703e+01 6.478799e+01 6.626224e+01 7.252413e+01 8.561596e+01 6.478799e+01 7.615602e+01 6.418309e+01 7.555465e+01 2.854703e+01 
3.656323e+01 1.955626e+01 3.215158e+01 4.515629e+01 2.425310e+01 4.979700e+01 3.938903e+01 3.326217e+01 4.147610e+01 3.914843e+01 4.563098e+01 2.761078e+01 4.429338e+01 2.613081e+01 3.923615e+01 4.979700e+01 4.147610e+01 2.481694e+01 3.359470e+01 3.581384e+01 2.425310e+01 3.482565e+01 1.183319e+01 3.914043e+01 3.413492e+01 3.482565e+01 3.846336e+01 2.919516e+01 4.715876e+01 2.425310e+01 
1.283110e+01 1.379527e+01 1.129426e+01 1.333432e+01 1.397445e+01 1.518392e+01 1.428132e+01 1.245722e+01 1.015453e+01 1.191372e+01 1.566517e+01 1.291837e+01 1.262663e+01 9.881037e+00 1.239279e+01 1.518392e+01 1.015453e+01 9.704522e+00 1.269897e+01 1.098964e+01 1.397445e+01 1.248116e+01 9.184335e+00 1.055068e+01 1.110465e+01 1.248116e+01 1.224363e+01 1.233595e+01 1.199858e+01 1.397445e+01 
9.998866e-01 1.162739e-01 9.748955e-01 1.315613e+00 8.716878e-01 1.268337e+00 9.167904e-01 1.614725e+00 7.367955e-01 7.593398e-01 9.337807e-01 6.868512e-01 1.720894e+00 2.201633e-01 9.021631e-02 1.268337e+00 7.367955e-01 4.629745e-01 8.575975e-01 6.277824e-01 8.716878e-01 1.683398e+00 1.162819e+00 1.174166e+00 5.209843e-01 1.683398e+00 1.509782e-02 7.203018e-01 1.582159e+00 8.716878e-01 
8.348128e-04 1.120544e-03 1.172200e-03 1.891594e-03 3.855980e-04 1.630451e-03 1.092889e-03 2.140765e-03 9.787670e-04 9.997348e-04 1.758206e-03 1.662180e-03 1.846271e-03 3.282542e-03 1.130517e-03 1.630451e-03 9.787670e-04 3.708482e-04 1.083282e-03 1.490306e-03 3.855980e-04 1.865585e-03 1.719722e-03 2.031672e-03 1.111745e-03 1.865585e-03 1.633738e-03 1.206349e-03 1.628304e-03 3.855980e-04 
0.000000e+00 1.067065e-08 1.035551e-08 1.120634e-08 2.175238e-08 1.156468e-08 0.000000e+00 2.226307e-08 0.000000e+00 0.000000e+00 0.000000e+00 1.646367e-08 0.000000e+00 0.000000e+00 3.044579e-08 1.156468e-08 0.000000e+00 0.000000e+00 0.000000e+00 1.590843e-08 2.175238e-08 1.352555e-08 1.272156e-08 0.000000e+00 0.000000e+00 1.352555e-08 0.000000e+00 1.136550e-08 0.000000e+00 2.175238e-08 
0.000000e+00 0.000000e+00 0.000000e+00 0.000000e+00 0.000000e+00 0.000000e+00 0.000000e+00 0.000000e+00 0.000000e+00 0.000000e+00 0.000000e+00 0.000000e+00 0.000000e+00 0.000000e+00 0.000000e+00 0.000000e+00 0.000000e+00 0.000000e+00 0.000000e+00 0.000000e+00 0.000000e+00 0.000000e+00 0.000000e+00 0.000000e+00 0.000000e+00 0.000000e+00 0.000000e+00 0.000000e+00 0.000000e+00 0.000000e+00 
0.000000e+00 0.000000e+00 0.000000e+00 0.000000e+00 0.000000e+00 0.000000e+00 0.000000e+00 0.000000e+00 0.000000e+00 0.000000e+00 0.000000e+00 0.000000e+00 0.000000e+00 0.000000e+00 0.000000e+00 0.000000e+00 0.000000e+00 0.000000e+00 0.000000e+00 0.000000e+00 0.000000e+00 0.000000e+00 0.000000e+00 0.000000e+00 0.000000e+00 0.000000e+00 0.000000e+00 0.000000e+00 0.000000e+00 0.000000e+00 
0.000000e+00 0.000000e+00 0.000000e+00 0.000000e+00 0.000000e+00 0.000000e+00 0.000000e+00 0.000000e+00 0.000000e+00 0.000000e+00 0.000000e+00 0.000000e+00 0.000000e+00 0.000000e+00 0.000000e+00 0.000000e+00 0.000000e+00 0.000000e+00 0.000000e+00 0.000000e+00 0.000000e+00 0.000000e+00 0.000000e+00 0.000000e+00 0.000000e+00 0.000000e+00 0.000000e+00 0.000000e+00 0.000000e+00 0.000000e+00 