4.913239e+06 9.245648e+06 1.430922e+07 4.185570e+06 2.546000e+07 1.970811e+07 8.847987e+06 8.733822e+06 5.803929e+06 1.062255e+07 1.792813e+07 1.665332e+07 1.056215e+07 1.429795e+07 1.173616e+07 1.970811e+07 1.996390e+07 2.669943e+07 1.655013e+07 8.777031e+06 1.315504e+07 1.366268e+07 8.927339e+06 5.906741e+06 8.391479e+06 1.366268e+07 4.636825e+06 1.852036e+07 8.411566e+06 1.315504e+07 
4.913239e+06 9.245648e+06 1.430922e+07 4.185570e+06 2.546000e+07 1.970811e+07 8.847987e+06 8.733822e+06 5.803929e+06 1.062255e+07 1.792813e+07 1.665332e+07 1.056215e+07 1.429795e+07 1.173616e+07 1.970811e+07 1.996390e+07 2.669943e+07 1.655013e+07 8.777031e+06 1.315504e+07 1.366268e+07 8.927339e+06 5.906741e+06 8.391479e+06 1.366268e+07 4.636825e+06 1.852036e+07 8.411566e+06 1.315504e+07 
4.913239e+06 9.245648e+06 1.430922e+07 4.185570e+06 2.546000e+07 1.970811e+07 8.847987e+06 8.733822e+06 5.803929e+06 1.062255e+07 1.792813e+07 1.665332e+07 1.056215e+07 1.429795e+07 1.173616e+07 1.970811e+07 1.996390e+07 2.669943e+07 1.655013e+07 8.777031e+06 1.315504e+07 1.366268e+07 8.927339e+06 5.906741e+06 8.391479e+06 1.366268e+07 4.636825e+06 1.852036e+07 8.411566e+06 1.315504e+07 
3.912175e+06 9.245648e+06 1.430922e+07 4.185570e+06 8.142121e+06 9.340746e+06 8.847987e+06 8.733822e+06 5.803929e+06 1.062245e+07 1.266462e+07 1.665286e+07 4.754156e+06 1.429795e+07 5.103848e+06 9.340746e+06 1.980998e+07 7.589215e+06 1.655013e+07 8.777031e+06 1.315421e+07 1.366268e+07 8.927339e+06 5.906741e+06 8.391479e+06 1.366268e+07 4.636825e+06 1.852036e+07 8.411566e+06 1.315421e+07 
3.912175e+06 9.245580e+06 1.306721e+07 4.185570e+06 8.142121e+06 1.812913e+06 8.847987e+06 1.684160e+06 5.803929e+06 3.305540e+06 1.266453e+07 7.416246e+05 4.754156e+06 8.573319e+06 1.171153e+06 1.812913e+06 1.980998e+07 7.588994e+06 1.655012e+07 8.777031e+06 6.244920e+06 8.352720e+06 8.927339e+06 5.906741e+06 8.391479e+06 8.352720e+06 2.703494e+06 1.851995e+07 8.411566e+06 6.244920e+06 
3.186508e+06 2.920954e+06 1.306562e+07 2.719728e+06 8.138827e+06 1.812695e+06 8.847963e+06 1.684117e+06 5.803929e+06 3.305321e+06 7.505548e+06 7.416246e+05 4.754156e+06 7.860442e+06 1.170914e+06 1.812695e+06 7.777808e+06 7.585753e+06 4.708236e+06 8.777031e+06 5.639474e+06 8.352698e+06 6.472409e+06 5.906741e+06 8.391479e+06 8.352698e+06 2.703494e+06 1.246276e+07 3.142682e+06 5.639474e+06 
2.784913e+06 2.920954e+06 3.868501e+06 2.246516e+06 1.902084e+06 1.571088e+06 3.179616e+06 1.684076e+06 5.803929e+06 1.999741e+06 1.826538e+06 7.413157e+05 4.204054e+06 4.237399e+06 1.170914e+06 1.571088e+06 7.776597e+06 6.189820e+06 3.255066e+06 2.947482e+06 3.199588e+06 2.298228e+06 4.370786e+06 2.837912e+06 2.517765e+06 2.298228e+06 2.703494e+06 3.487812e+06 3.141731e+06 3.199588e+06 
1.852950e+06 2.918526e+06 3.230142e+06 1.440417e+06 1.389654e+06 7.795711e+05 2.860206e+06 1.660387e+06 1.033492e+06 1.737247e+06 1.422404e+06 7.406289e+05 1.570695e+06 1.332974e+06 8.422675e+05 7.795711e+05 4.069586e+06 1.669469e+06 3.255066e+06 2.946512e+06 2.846256e+06 1.208100e+06 2.168323e+06 2.837676e+06 1.088053e+06 1.208100e+06 2.703484e+06 3.487812e+06 2.011312e+06 2.846256e+06 
8.728472e+05 2.765970e+06 1.760361e+06 1.438852e+06 4.148088e+05 7.714063e+05 1.474076e+06 1.520039e+06 3.996981e+05 1.088915e+06 1.277056e+06 7.406019e+05 1.533254e+06 6.297002e+05 8.407077e+05 7.714063e+05 2.460793e+06 1.667996e+06 1.936002e+06 1.046614e+06 1.095428e+06 3.782349e+05 1.619558e+06 1.275486e+06 1.014598e+06 3.782349e+05 1.691822e+06 1.447346e+06 4.520362e+05 1.095428e+06 
5.995358e+05 3.302648e+05 5.424554e+05 1.035142e+06 1.888931e+05 3.303132e+05 6.847918e+05 3.986280e+05 2.219231e+05 1.821858e+05 5.150190e+05 6.780909e+05 3.774338e+05 2.425374e+05 6.784860e+05 3.303132e+05 9.218818e+05 3.726785e+05 9.801163e+05 4.607655e+05 5.290936e+05 3.771608e+05 7.219848e+05 2.309437e+05 4.057941e+05 3.771608e+05 1.118673e+06 1.026984e+06 4.519585e+05 5.290936e+05 
2.773851e+05 3.287847e+05 5.413716e+05 2.930392e+05 9.206149e+04 4.402719e+04 1.262145e+05 3.985492e+05 2.199361e+05 8.699684e+04 2.896091e+05 5.554072e+05 1.259245e+05 2.238783e+04 1.585836e+05 4.402719e+04 3.584914e+05 2.472711e+05 1.225736e+05 4.605240e+05 1.017992e+05 3.497375e+05 9.619688e+04 4.663630e+04 2.025399e+05 3.497375e+05 3.026668e+05 3.197946e+05 2.244339e+05 1.017992e+05 
9.745051e+04 1.209882e+05 1.094498e+05 8.707967e+04 2.315167e+04 3.555457e+04 1.937471e+04 1.283496e+05 2.896819e+04 6.021932e+04 1.884768e+05 1.272419e+05 3.249381e+04 2.220763e+04 3.694379e+04 3.555457e+04 1.102999e+05 6.205273e+04 7.013715e+04 1.756233e+05 5.024995e+04 1.240199e+05 7.019978e+03 3.068907e+04 5.604282e+04 1.240199e+05 1.995923e+05 1.280657e+05 6.310946e+04 5.024995e+04 
1.007948e+04 1.884019e+04 5.135959e+04 9.269644e+03 5.766317e+03 3.088891e+03 1.351824e+04 1.213934e+04 4.689870e+03 7.082915e+03 3.476224e+04 2.268911e+04 8.290384e+03 1.001606e+04 3.617965e+03 3.088891e+03 4.771734e+03 6.456476e+03 1.977733e+04 3.337934e+04 1.118038e+04 3.007304e+04 5.633944e+03 3.380110e+03 3.613481e+04 3.007304e+04 3.254945e+04 2.164397e+04 4.815272e+03 1.118038e+04 
9.716830e+02 6.837809e+02 7.281516e+02 1.808086e+03 4.145780e+03 2.211943e+03 1.438206e+03 8.368501e+02 1.605917e+03 1.625247e+03 6.516127e+02 6.558509e+02 1.447121e+03 1.122787e+03 1.558812e+03 2.211943e+03 1.284773e+03 1.724707e+03 6.358935e+02 7.576638e+02 1.379230e+03 8.577169e+02 2.571232e+03 2.129063e+03 6.766748e+02 8.577169e+02 9.086620e+02 4.637459e+02 9.081635e+02 1.379230e+03 
1.203624e+02 1.636793e+02 1.791995e+02 2.457338e+02 2.166335e+02 2.064924e+02 1.447114e+02 1.181639e+02 2.003773e+02 1.654134e+02 1.474860e+02 1.183068e+02 1.072123e+02 1.458267e+02 1.604717e+02 2.064924e+02 1.373435e+02 1.018294e+02 1.768837e+02 2.026141e+02 1.467302e+02 1.332800e+02 1.914463e+02 1.911080e+02 1.090323e+02 1.332800e+02 1.018186e+02 5.192164e+01 1.436412e+02 1.467302e+02 
9.151312e+00 1.974593e+00 3.510245e+00 9.112951e+00 1.185664e+00 3.992003e-01 1.041084e+01 9.503526e+00 8.927634e+00 8.791382e+00 3.861063e+00 2.976223e+00 7.563086e+00 9.238006e+00 1.022636e+01 3.992003e-01 9.138154e+00 9.311826e+00 1.318734e+01 9.479231e+00 1.281921e+01 1.209407e+01 4.449402e+00 7.528065e-01 8.714102e+00 1.209407e+01 8.241291e-01 7.950646e-01 1.010539e+01 1.281921e+01 
0.000000e+00 0.000000e+00 0.000000e+00 0.000000e+00 0.000000e+00 0.000000e+00 0.000000e+00 0.000000e+00 0.000000e+00 0.000000e+00 0.000000e+00 0.000000e+00 0.000000e+00 0.000000e+00 0.000000e+00 0.000000e+00 0.000000e+00 0.000000e+00 0.000000e+00 0.000000e+00 0.000000e+00 0.000000e+00 0.000000e+00 0.000000e+00 0.000000e+00 0.000000e+00 0.000000e+00 0.000000e+00 0.000000e+00 0.000000e+00 