1.305072e+03 1.650745e+03 4.628223e+02 7.732460e+02 1.009200e+03 6.060733e+02 1.018099e+03 1.659293e+03 1.065188e+03 1.336021e+03 4.934538e+02 1.285559e+03 4.934538e+02 1.475936e+03 1.473109e+03 6.060733e+02 7.035551e+02 1.090843e+03 1.316614e+03 1.173610e+03 1.009200e+03 1.659293e+03 1.588534e+03 1.348981e+03 1.362945e+03 1.511640e+03 1.274156e+03 1.025227e+03 1.414519e+03 1.009200e+03 
1.268457e+03 8.660720e+02 4.628223e+02 6.704847e+02 1.009200e+03 6.060733e+02 9.016564e+02 9.898047e+02 9.709221e+02 1.270774e+03 4.934538e+02 1.285559e+03 4.934538e+02 1.372624e+03 9.764326e+02 6.060733e+02 7.035551e+02 9.903122e+02 1.186467e+03 1.173610e+03 1.009200e+03 9.898047e+02 1.540360e+03 1.260820e+03 1.275729e+03 1.511640e+03 1.274156e+03 1.025227e+03 1.344299e+03 1.009200e+03 
1.268457e+03 8.660720e+02 4.628223e+02 6.704847e+02 1.009200e+03 6.060733e+02 9.016564e+02 9.898047e+02 9.709221e+02 1.270774e+03 4.934538e+02 1.285559e+03 4.934538e+02 1.372624e+03 9.764326e+02 6.060733e+02 7.035551e+02 9.903122e+02 1.186467e+03 1.173610e+03 1.009200e+03 9.898047e+02 1.540360e+03 1.260820e+03 1.275729e+03 1.511640e+03 1.274156e+03 1.025227e+03 1.344299e+03 1.009200e+03 
7.116298e+02 5.346261e+02 4.628223e+02 6.704847e+02 1.009200e+03 6.060733e+02 8.038356e+02 5.376413e+02 9.709221e+02 1.270774e+03 4.934538e+02 1.092494e+03 4.934538e+02 1.363626e+03 9.764326e+02 6.060733e+02 7.023302e+02 9.903122e+02 9.268924e+02 1.162022e+03 1.009200e+03 5.376413e+02 1.353916e+03 1.104373e+03 1.275729e+03 8.541853e+02 8.665428e+02 7.750397e+02 1.344299e+03 1.009200e+03 
7.116298e+02 5.346261e+02 4.628223e+02 3.528201e+02 1.009200e+03 6.060733e+02 7.900190e+02 5.117542e+02 8.002267e+02 1.204486e+03 4.194773e+02 9.698812e+02 4.194773e+02 7.099288e+02 9.764326e+02 6.060733e+02 6.734280e+02 8.730743e+02 9.239357e+02 1.037200e+03 1.009200e+03 5.117542e+02 9.150055e+02 8.997997e+02 8.113418e+02 5.965822e+02 4.444153e+02 7.750397e+02 9.268738e+02 1.009200e+03 
6.404661e+02 4.121638e+02 4.628223e+02 3.528201e+02 6.789396e+02 6.060733e+02 3.738313e+02 3.281166e+02 7.866983e+02 5.306318e+02 3.947872e+02 6.861351e+02 3.947872e+02 5.669349e+02 5.482203e+02 6.060733e+02 6.690625e+02 7.926546e+02 6.491197e+02 2.824499e+02 6.789396e+02 3.281166e+02 5.556265e+02 4.227049e+02 7.135896e+02 5.965822e+02 3.143964e+02 7.130380e+02 8.326190e+02 6.789396e+02 
5.487120e+02 4.121638e+02 3.119283e+02 2.819743e+02 5.869062e+02 4.638062e+02 2.228547e+02 2.948587e+02 3.986287e+02 5.191623e+02 3.554056e+02 4.179549e+02 3.554056e+02 5.079907e+02 5.414230e+02 4.638062e+02 5.574597e+02 2.101577e+02 3.989720e+02 2.587191e+02 5.869062e+02 2.948587e+02 5.556265e+02 4.227049e+02 5.954128e+02 2.270500e+02 3.070408e+02 4.154171e+02 3.366848e+02 5.869062e+02 
3.870397e+02 3.002047e+02 2.419557e+02 2.814573e+02 2.812427e+02 2.312397e+02 1.523900e+02 2.418813e+02 3.986287e+02 2.345509e+02 3.033562e+02 2.209541e+02 3.033562e+02 2.815371e+02 3.014624e+02 2.312397e+02 3.538775e+02 2.101577e+02 1.925700e+02 2.587191e+02 2.812427e+02 2.418813e+02 3.630368e+02 3.106265e+02 3.044252e+02 1.845403e+02 2.486575e+02 2.769865e+02 2.695857e+02 2.812427e+02 
1.641140e+02 2.014748e+02 1.399000e+02 2.021050e+02 2.227589e+02 1.828017e+02 1.523900e+02 1.416197e+02 1.981187e+02 1.499485e+02 1.435707e+02 1.943759e+02 1.435707e+02 1.996790e+02 1.759068e+02 1.828017e+02 1.759930e+02 1.668575e+02 1.291395e+02 1.966941e+02 2.227589e+02 1.416197e+02 2.350879e+02 1.786977e+02 2.050252e+02 1.839570e+02 1.610754e+02 1.827602e+02 1.677566e+02 2.227589e+02 
1.464491e+02 1.239495e+02 1.264484e+02 1.451741e+02 1.248433e+02 1.314046e+02 1.366826e+02 1.284798e+02 1.334761e+02 1.251299e+02 1.271665e+02 1.412631e+02 1.271665e+02 1.323651e+02 1.323866e+02 1.314046e+02 1.483275e+02 1.485643e+02 1.250233e+02 1.367894e+02 1.248433e+02 1.284798e+02 1.371966e+02 1.336030e+02 1.386489e+02 1.396842e+02 1.320581e+02 1.259262e+02 1.195481e+02 1.248433e+02 
1.118833e+02 1.117239e+02 1.117419e+02 1.138035e+02 1.123225e+02 8.940122e+01 1.025107e+02 9.858406e+01 1.125977e+02 1.143254e+02 1.111486e+02 1.122464e+02 1.111486e+02 1.113885e+02 1.123905e+02 8.940122e+01 1.119874e+02 1.121863e+02 1.103049e+02 1.125718e+02 1.123225e+02 9.858406e+01 1.121113e+02 1.112931e+02 1.105103e+02 1.125394e+02 1.108329e+02 1.119628e+02 1.125193e+02 1.123225e+02 
1.052393e+02 1.064905e+02 9.878432e+01 1.046633e+02 1.059279e+02 5.758458e+01 5.125823e+01 8.376306e+01 1.074362e+02 1.065653e+02 1.060717e+02 1.054287e+02 1.060717e+02 1.035862e+02 1.039724e+02 5.758458e+01 1.062655e+02 1.046716e+02 1.034331e+02 1.069657e+02 1.059279e+02 8.376306e+01 1.053249e+02 1.050213e+02 1.058782e+02 5.311785e+01 1.034772e+02 1.057430e+02 1.035197e+02 1.059279e+02 
1.019174e+02 1.010604e+02 6.499759e+01 1.014362e+02 1.012889e+02 3.334457e+01 3.148548e+01 8.180643e+01 1.020384e+02 1.016171e+02 1.016878e+02 1.012765e+02 1.016878e+02 4.019559e+01 1.004632e+02 3.334457e+01 1.020752e+02 1.020462e+02 1.013624e+02 1.021610e+02 1.012889e+02 8.180643e+01 1.014552e+02 6.759364e+01 1.015546e+02 4.163432e+01 1.013761e+02 1.010511e+02 1.010636e+02 1.012889e+02 
1.007734e+02 1.005628e+02 4.252409e+01 1.000211e+02 1.002081e+02 2.493645e+01 8.630200e+00 2.838155e+01 1.005392e+02 9.502076e+01 1.004034e+02 1.000668e+02 1.004034e+02 3.889002e+01 1.002787e+02 2.493645e+01 1.003835e+02 1.005360e+02 8.541699e+01 1.001960e+02 1.002081e+02 2.838155e+01 7.959723e+01 4.172758e+01 1.004608e+02 4.056629e+01 1.001375e+02 1.002171e+02 1.002478e+02 1.002081e+02 
1.000003e+02 2.337748e+01 1.087996e+01 1.000000e+02 1.678513e+01 1.897042e+01 4.854000e-04 6.095136e-04 1.000001e+02 3.264981e+01 1.000002e+02 1.000000e+02 1.000002e+02 3.823964e+00 1.000001e+02 1.897042e+01 1.000005e+02 1.000006e+02 4.259408e+00 1.661457e+01 1.678513e+01 6.095136e-04 8.297193e+00 1.058154e+01 1.000002e+02 3.092031e+01 1.000000e+02 1.102199e+01 1.000001e+02 1.678513e+01 
1.000000e+02 0.000000e+00 0.000000e+00 1.000000e+02 0.000000e+00 0.000000e+00 0.000000e+00 0.000000e+00 1.000000e+02 0.000000e+00 1.000000e+02 1.000000e+02 1.000000e+02 0.000000e+00 1.000000e+02 0.000000e+00 1.000000e+02 1.000000e+02 0.000000e+00 1.635881e+01 0.000000e+00 0.000000e+00 0.000000e+00 0.000000e+00 1.000000e+02 0.000000e+00 1.000000e+02 0.000000e+00 1.000000e+02 0.000000e+00 
0.000000e+00 0.000000e+00 0.000000e+00 0.000000e+00 0.000000e+00 0.000000e+00 0.000000e+00 0.000000e+00 0.000000e+00 0.000000e+00 0.000000e+00 0.000000e+00 0.000000e+00 0.000000e+00 0.000000e+00 0.000000e+00 0.000000e+00 0.000000e+00 0.000000e+00 0.000000e+00 0.000000e+00 0.000000e+00 0.000000e+00 0.000000e+00 0.000000e+00 0.000000e+00 0.000000e+00 0.000000e+00 0.000000e+00 0.000000e+00 