1.559950e+06 1.244345e+05 8.315823e+05 3.710295e+05 2.263704e+06 3.554261e+06 4.525424e+05 6.399292e+05 1.935881e+06 1.160841e+06 3.252085e+05 6.118770e+05 3.252085e+05 2.167130e+06 2.230035e+06 3.554261e+06 1.935881e+06 3.364050e+05 2.360151e+06 4.626214e+06 8.315823e+05 1.630817e+06 1.126644e+06 1.952152e+05 2.698994e+05 1.630817e+06 1.658012e+06 6.031927e+04 4.236123e+05 8.315823e+05 
1.559950e+06 1.243687e+05 8.315823e+05 3.710295e+05 2.263704e+06 1.223100e+06 4.504830e+05 6.398827e+05 1.935855e+06 1.160841e+06 3.252085e+05 6.118709e+05 3.252085e+05 2.167130e+06 3.758302e+05 1.223100e+06 1.935855e+06 3.072864e+05 2.162249e+05 8.808466e+05 8.315823e+05 1.630249e+06 1.126644e+06 1.952152e+05 2.698994e+05 1.630249e+06 1.658012e+06 6.031867e+04 4.233850e+05 8.315823e+05 
1.559950e+06 1.243687e+05 8.315823e+05 3.710295e+05 2.263704e+06 1.223100e+06 4.504830e+05 6.398827e+05 1.935855e+06 1.160841e+06 3.252085e+05 6.118709e+05 3.252085e+05 2.167130e+06 3.758302e+05 1.223100e+06 1.935855e+06 3.072864e+05 2.162249e+05 8.808466e+05 8.315823e+05 1.630249e+06 1.126644e+06 1.952152e+05 2.698994e+05 1.630249e+06 1.658012e+06 6.031867e+04 4.233850e+05 8.315823e+05 
1.559950e+06 1.243643e+05 8.310543e+05 3.707086e+05 2.263704e+06 1.223100e+06 4.504830e+05 1.668322e+05 1.199909e+06 6.308674e+04 3.252080e+05 6.118709e+05 3.252080e+05 2.167130e+06 2.772055e+05 1.223100e+06 1.199909e+06 1.219399e+05 2.162249e+05 3.223932e+05 8.310543e+05 9.372341e+05 1.126644e+06 1.899938e+05 2.698994e+05 9.372341e+05 1.658012e+06 6.031867e+04 4.233850e+05 8.310543e+05 
3.087322e+05 1.243027e+05 8.007393e+05 3.707086e+05 1.150174e+06 1.029360e+06 4.504830e+05 1.668322e+05 3.038598e+05 6.308674e+04 3.252080e+05 6.118709e+05 3.252080e+05 2.164892e+06 2.772055e+05 1.029360e+06 3.038598e+05 6.136239e+04 2.151949e+05 1.826058e+05 8.007393e+05 2.695087e+05 1.126623e+06 1.899938e+05 2.698994e+05 2.695087e+05 1.097813e+06 5.996445e+04 4.228170e+05 8.007393e+05 
3.086737e+05 1.241628e+05 3.984588e+04 3.488257e+05 3.692441e+05 1.029090e+06 4.504830e+05 1.668096e+05 3.038598e+05 6.258319e+04 8.790653e+04 2.687744e+05 8.790653e+04 4.557478e+05 8.996296e+04 1.029090e+06 3.038598e+05 6.136239e+04 2.150445e+05 1.423600e+05 3.984588e+04 5.531932e+04 5.229495e+05 1.875526e+05 2.698994e+05 5.531932e+04 1.097813e+06 3.594286e+04 4.721596e+04 3.984588e+04 
6.584173e+04 5.713751e+04 3.979108e+04 1.284259e+05 2.039576e+05 1.244194e+04 7.643978e+04 2.893644e+04 1.677129e+05 6.255466e+04 2.949763e+04 2.451744e+04 2.949763e+04 4.512904e+05 8.989796e+04 1.244194e+04 1.677129e+05 6.087679e+04 1.821483e+05 1.307216e+05 3.979108e+04 1.370975e+04 6.459263e+04 5.003198e+04 2.698429e+05 1.370975e+04 9.027027e+04 3.594286e+04 1.923510e+04 3.979108e+04 
1.133702e+04 3.666706e+04 3.975047e+04 4.265051e+04 8.275975e+04 1.222432e+04 9.625600e+03 2.022204e+04 7.304100e+04 1.839723e+04 2.411099e+04 1.751869e+04 2.411099e+04 6.266046e+04 8.975493e+04 1.222432e+04 7.304100e+04 6.079946e+04 6.759631e+03 8.337005e+04 3.975047e+04 1.368513e+04 2.851805e+04 2.472628e+04 3.812661e+04 1.368513e+04 6.324617e+03 3.594281e+04 1.918494e+04 3.975047e+04 
7.021571e+03 1.551439e+03 1.048877e+04 4.269136e+03 1.032412e+04 8.628555e+03 7.694036e+03 1.446416e+04 5.741549e+03 7.583304e+03 1.872034e+04 1.222039e+04 1.872034e+04 3.305954e+03 4.623692e+04 8.628555e+03 5.741549e+03 7.821365e+03 2.322638e+03 1.094550e+04 1.048877e+04 7.612500e+03 6.372156e+03 2.457695e+04 2.279828e+04 7.612500e+03 6.054560e+03 9.993121e+03 1.101714e+04 1.048877e+04 
1.530494e+03 1.286648e+03 1.303649e+03 2.214052e+03 2.653136e+03 1.195682e+03 3.230115e+03 1.655020e+03 1.125271e+03 1.312902e+03 2.410978e+03 1.302358e+03 2.410978e+03 7.181732e+02 1.573616e+03 1.195682e+03 1.125271e+03 4.108952e+02 7.253502e+02 2.228613e+03 1.303649e+03 3.721732e+03 2.185830e+03 1.267164e+03 1.085035e+03 3.721732e+03 2.572488e+03 1.364535e+03 2.002851e+03 1.303649e+03 
2.534928e+02 1.874939e+02 8.068929e+01 2.168660e+02 1.467951e+02 1.518848e+02 3.214119e+02 7.678155e+01 1.612182e+02 2.620779e+02 1.928755e+02 1.470165e+02 1.928755e+02 1.411124e+02 1.952017e+02 1.518848e+02 1.612182e+02 1.607423e+02 3.234051e+02 2.057843e+02 8.068929e+01 2.548711e+02 7.378875e+01 6.667095e+01 3.326833e+02 2.548711e+02 7.087802e+01 3.088472e+02 3.847646e+02 8.068929e+01 
7.226906e+00 1.300622e+01 1.349561e+01 1.484688e+01 3.522442e+01 1.354116e+01 7.230149e+00 1.615637e+01 1.059041e+01 1.051190e+01 6.023812e+00 1.932217e+01 6.023812e+00 8.040572e+00 1.231915e+01 1.354116e+01 1.059041e+01 5.410847e+00 1.012362e+01 2.810937e+01 1.349561e+01 1.311365e+01 9.747531e+00 1.155601e+01 9.160827e+00 1.311365e+01 1.756660e+01 1.112353e+01 1.994753e+01 1.349561e+01 
1.426250e+00 3.281026e+00 2.851641e+00 2.166336e+00 2.497783e+00 1.977637e+00 2.047465e+00 2.282119e+00 2.232579e+00 1.249941e+00 2.472572e+00 2.125903e+00 2.472572e+00 2.884029e+00 2.723472e+00 1.977637e+00 2.232579e+00 1.511556e+00 1.876159e+00 2.492983e+00 2.851641e+00 1.613794e+00 1.625874e+00 2.296819e+00 2.624994e+00 1.613794e+00 2.951852e+00 2.872020e+00 2.313134e+00 2.851641e+00 
6.070016e-01 9.891603e-01 1.131474e+00 6.122242e-01 6.141630e-01 7.442531e-01 5.054837e-01 4.487678e-01 7.339729e-01 8.174881e-01 9.163821e-01 9.517885e-01 9.163821e-01 9.443209e-01 8.412476e-01 7.442531e-01 7.339729e-01 7.915240e-01 5.086147e-01 7.239374e-01 1.131474e+00 6.649413e-01 7.247851e-01 9.840319e-01 8.042115e-01 6.649413e-01 7.015516e-01 1.062390e+00 6.683298e-01 1.131474e+00 
5.481638e-02 1.386629e-01 1.731179e-01 1.671333e-01 1.091093e-01 1.960398e-01 9.419158e-02 1.169280e-01 1.481145e-01 1.190410e-01 1.492204e-01 1.328678e-01 1.492204e-01 1.278015e-01 9.591693e-02 1.960398e-01 1.481145e-01 1.340013e-01 1.237858e-01 1.095790e-01 1.731179e-01 1.299651e-01 7.276448e-02 1.732935e-01 1.849676e-01 1.299651e-01 1.611021e-01 8.913632e-02 1.349147e-01 1.731179e-01 
1.615730e-04 2.757877e-04 7.032270e-05 7.891894e-04 9.331535e-04 4.856434e-03 1.170459e-03 2.919102e-04 9.167588e-08 2.162280e-03 8.466419e-04 1.665913e-03 8.466419e-04 1.501247e-04 1.048478e-05 4.856434e-03 9.167588e-08 1.934145e-03 4.023143e-03 1.560247e-03 7.032270e-05 1.870613e-04 5.403325e-05 1.548242e-03 6.962346e-03 1.870613e-04 7.918266e-04 3.731844e-04 1.130470e-03 7.032270e-05 
0.000000e+00 0.000000e+00 0.000000e+00 0.000000e+00 0.000000e+00 0.000000e+00 0.000000e+00 0.000000e+00 0.000000e+00 0.000000e+00 0.000000e+00 0.000000e+00 0.000000e+00 0.000000e+00 0.000000e+00 0.000000e+00 0.000000e+00 0.000000e+00 0.000000e+00 0.000000e+00 0.000000e+00 0.000000e+00 0.000000e+00 0.000000e+00 0.000000e+00 0.000000e+00 0.000000e+00 0.000000e+00 0.000000e+00 0.000000e+00 