1.758534e+03 1.319000e+03 1.191513e+03 1.462409e+03 1.186950e+03 1.710253e+03 1.196824e+03 1.350127e+03 1.586276e+03 2.469843e+03 1.370165e+03 1.759787e+03 1.370165e+03 1.750541e+03 1.783976e+03 1.710253e+03 1.687238e+03 8.490659e+02 1.534005e+03 1.958203e+03 1.186950e+03 9.322958e+02 1.488234e+03 1.753687e+03 1.830047e+03 1.520896e+03 2.097161e+03 1.561156e+03 1.846726e+03 1.341023e+03 
1.079919e+03 1.061699e+03 1.191513e+03 1.462409e+03 1.186950e+03 1.275374e+03 1.196824e+03 1.162095e+03 1.385983e+03 1.659536e+03 1.370165e+03 1.759787e+03 1.370165e+03 1.750541e+03 1.783976e+03 1.275374e+03 1.404363e+03 8.490659e+02 1.534005e+03 1.417412e+03 1.186950e+03 9.322958e+02 1.280098e+03 1.564183e+03 1.489470e+03 1.520896e+03 1.652897e+03 1.355086e+03 1.459074e+03 1.182460e+03 
1.079919e+03 1.061699e+03 1.191513e+03 1.462409e+03 1.186950e+03 1.275374e+03 1.196824e+03 1.162095e+03 1.385983e+03 1.659536e+03 1.370165e+03 1.759787e+03 1.370165e+03 1.750541e+03 1.783976e+03 1.275374e+03 1.404363e+03 8.490659e+02 1.534005e+03 1.417412e+03 1.186950e+03 9.322958e+02 1.280098e+03 1.564183e+03 1.489470e+03 1.520896e+03 1.652897e+03 1.355086e+03 1.459074e+03 1.182460e+03 
1.069847e+03 1.061699e+03 1.191513e+03 1.345372e+03 1.186950e+03 1.275374e+03 1.196824e+03 1.162095e+03 1.027854e+03 1.170358e+03 1.121340e+03 1.423337e+03 1.121340e+03 1.747346e+03 1.717130e+03 1.275374e+03 1.334234e+03 8.490659e+02 1.426535e+03 1.417412e+03 1.186950e+03 9.322958e+02 1.271363e+03 1.502565e+03 1.404474e+03 1.520896e+03 1.529607e+03 1.355086e+03 1.241216e+03 1.038835e+03 
1.069559e+03 9.595680e+02 1.190903e+03 1.327665e+03 8.783527e+02 1.275374e+03 1.092447e+03 1.061995e+03 1.027854e+03 9.813597e+02 1.121340e+03 1.010080e+03 1.121340e+03 8.391368e+02 1.177858e+03 1.275374e+03 1.334234e+03 8.490659e+02 1.124884e+03 1.166448e+03 8.783527e+02 9.300354e+02 1.261928e+03 1.195294e+03 1.398364e+03 9.119356e+02 1.178226e+03 1.024467e+03 1.172070e+03 9.971709e+02 
1.044504e+03 9.595680e+02 8.933650e+02 1.327665e+03 7.696379e+02 1.099692e+03 9.481935e+02 9.032402e+02 9.424801e+02 9.813597e+02 1.072526e+03 9.968903e+02 1.072526e+03 8.391368e+02 1.061932e+03 1.099692e+03 1.010145e+03 7.508407e+02 1.083023e+03 1.021820e+03 7.696379e+02 9.300354e+02 9.569538e+02 1.004511e+03 9.671245e+02 8.777070e+02 1.104691e+03 9.861393e+02 9.538411e+02 7.943397e+02 
8.455118e+02 7.896498e+02 8.008502e+02 8.343112e+02 7.171367e+02 9.482364e+02 8.019750e+02 8.963123e+02 8.393632e+02 8.183932e+02 8.067297e+02 7.007807e+02 8.067297e+02 7.979739e+02 8.401812e+02 9.482364e+02 6.987442e+02 7.366990e+02 8.042879e+02 8.772391e+02 7.171367e+02 8.157893e+02 9.487831e+02 8.519221e+02 9.671245e+02 8.711827e+02 7.564426e+02 8.608581e+02 8.304420e+02 7.700725e+02 
6.926719e+02 7.232812e+02 7.810721e+02 7.784400e+02 5.540808e+02 6.612946e+02 7.453052e+02 7.166143e+02 7.006421e+02 7.618458e+02 7.017001e+02 6.431257e+02 7.017001e+02 7.474281e+02 6.261154e+02 6.612946e+02 6.834297e+02 6.285885e+02 6.867084e+02 7.094038e+02 5.540808e+02 7.101381e+02 7.707495e+02 6.794079e+02 7.121214e+02 6.542649e+02 7.078631e+02 6.512825e+02 6.905110e+02 6.941256e+02 
5.748514e+02 5.496064e+02 5.340476e+02 5.980276e+02 5.540808e+02 6.072595e+02 6.157968e+02 5.768181e+02 5.141930e+02 6.038134e+02 5.402442e+02 5.572091e+02 5.402442e+02 5.407444e+02 5.918887e+02 6.072595e+02 5.726157e+02 6.119730e+02 6.421995e+02 5.798500e+02 5.540808e+02 6.060812e+02 5.941955e+02 5.232380e+02 5.713795e+02 5.305452e+02 6.147736e+02 5.435293e+02 5.750783e+02 5.478201e+02 
5.239026e+02 4.829573e+02 4.955293e+02 5.249111e+02 5.052591e+02 4.883878e+02 5.025674e+02 5.010965e+02 4.885115e+02 5.030838e+02 5.038144e+02 5.280536e+02 5.038144e+02 4.747350e+02 4.919821e+02 4.883878e+02 5.017195e+02 5.026357e+02 5.497260e+02 5.087409e+02 5.052591e+02 5.154280e+02 4.769938e+02 4.883902e+02 4.912788e+02 5.097087e+02 4.914407e+02 5.059794e+02 4.782157e+02 4.858839e+02 
4.366060e+02 4.270598e+02 4.261146e+02 4.327691e+02 4.312692e+02 4.302228e+02 4.289896e+02 4.296331e+02 4.246475e+02 4.305528e+02 4.387341e+02 4.278935e+02 4.387341e+02 4.275369e+02 4.318595e+02 4.302228e+02 4.295252e+02 4.438924e+02 4.347382e+02 4.325862e+02 4.312692e+02 4.260088e+02 4.257414e+02 4.367942e+02 4.359112e+02 4.307905e+02 4.339345e+02 4.350760e+02 4.296205e+02 4.208056e+02 
4.029022e+02 4.035007e+02 4.027559e+02 4.049996e+02 4.035603e+02 4.062599e+02 4.026334e+02 4.044299e+02 4.048132e+02 4.031301e+02 4.051404e+02 4.051096e+02 4.051404e+02 4.040706e+02 4.040157e+02 4.062599e+02 4.038731e+02 4.039328e+02 4.073278e+02 4.043337e+02 4.035603e+02 4.057121e+02 4.036445e+02 4.043170e+02 4.040102e+02 4.025200e+02 4.043481e+02 4.043646e+02 4.049006e+02 4.035667e+02 
4.000764e+02 4.000426e+02 4.000480e+02 4.001045e+02 4.000817e+02 4.000680e+02 4.000537e+02 4.000637e+02 4.000614e+02 4.000715e+02 4.000561e+02 4.000923e+02 4.000561e+02 4.000820e+02 4.000631e+02 4.000680e+02 4.000652e+02 4.000555e+02 4.001059e+02 4.000639e+02 4.000817e+02 4.000681e+02 4.000649e+02 4.000629e+02 4.000682e+02 4.000890e+02 4.000599e+02 4.000431e+02 4.000679e+02 4.000723e+02 
4.000001e+02 4.000000e+02 4.000000e+02 4.000001e+02 4.000000e+02 4.000001e+02 4.000000e+02 4.000001e+02 4.000000e+02 4.000001e+02 4.000000e+02 4.000000e+02 4.000000e+02 4.000000e+02 4.000000e+02 4.000001e+02 4.000000e+02 4.000000e+02 4.000001e+02 4.000000e+02 4.000000e+02 4.000001e+02 4.000000e+02 4.000000e+02 4.000001e+02 4.000001e+02 4.000000e+02 4.000001e+02 4.000001e+02 4.000000e+02 
4.000000e+02 4.000000e+02 4.000000e+02 4.000000e+02 4.000000e+02 4.000000e+02 4.000000e+02 4.000000e+02 4.000000e+02 4.000000e+02 4.000000e+02 4.000000e+02 4.000000e+02 4.000000e+02 3.161919e+02 4.000000e+02 4.000000e+02 4.000000e+02 4.000000e+02 4.000000e+02 4.000000e+02 4.000000e+02 4.000000e+02 4.000000e+02 4.000000e+02 4.000000e+02 4.000000e+02 4.000000e+02 4.000000e+02 4.000000e+02 
4.000000e+02 4.000000e+02 4.000000e+02 4.000000e+02 4.000000e+02 4.000000e+02 4.000000e+02 4.000000e+02 4.000000e+02 4.000000e+02 4.000000e+02 4.000000e+02 4.000000e+02 4.000000e+02 1.000068e+02 4.000000e+02 4.000000e+02 4.000000e+02 4.000000e+02 4.000000e+02 4.000000e+02 4.000000e+02 4.000000e+02 4.000000e+02 4.000000e+02 4.000000e+02 4.000000e+02 4.000000e+02 4.000000e+02 4.000000e+02 
0.000000e+00 0.000000e+00 0.000000e+00 0.000000e+00 0.000000e+00 0.000000e+00 0.000000e+00 0.000000e+00 0.000000e+00 0.000000e+00 0.000000e+00 0.000000e+00 0.000000e+00 0.000000e+00 0.000000e+00 0.000000e+00 0.000000e+00 0.000000e+00 0.000000e+00 0.000000e+00 0.000000e+00 0.000000e+00 0.000000e+00 0.000000e+00 0.000000e+00 0.000000e+00 0.000000e+00 0.000000e+00 0.000000e+00 0.000000e+00 