4.847012e+03 5.398478e+03 5.075764e+03 5.913876e+03 5.075764e+03 4.793568e+03 5.646137e+03 5.190352e+03 4.776561e+03 4.691829e+03 5.394812e+03 4.787259e+03 5.394812e+03 5.227450e+03 5.206948e+03 4.793568e+03 4.866622e+03 5.316161e+03 5.148479e+03 5.205370e+03 5.075764e+03 5.190352e+03 4.966645e+03 5.405653e+03 5.496791e+03 5.190352e+03 5.564540e+03 5.420059e+03 5.674806e+03 5.075764e+03 
4.847012e+03 5.398478e+03 5.075764e+03 5.913876e+03 5.075764e+03 4.793568e+03 5.646137e+03 5.190352e+03 4.776561e+03 4.691829e+03 5.394812e+03 4.787259e+03 5.394812e+03 5.227450e+03 5.206948e+03 4.793568e+03 4.866622e+03 5.316161e+03 5.148479e+03 5.205370e+03 5.075764e+03 5.190352e+03 4.966645e+03 5.405653e+03 5.496791e+03 5.190352e+03 5.564540e+03 5.420059e+03 5.674806e+03 5.075764e+03 
4.847012e+03 5.398478e+03 5.075764e+03 5.913876e+03 5.075764e+03 4.793568e+03 5.646137e+03 5.190352e+03 4.776561e+03 4.691829e+03 5.394812e+03 4.787259e+03 5.394812e+03 5.227450e+03 5.206948e+03 4.793568e+03 4.866622e+03 5.316161e+03 5.148479e+03 5.205370e+03 5.075764e+03 5.190352e+03 4.966645e+03 5.405653e+03 5.496791e+03 5.190352e+03 5.564540e+03 5.420059e+03 5.674806e+03 5.075764e+03 
4.847012e+03 5.247743e+03 4.933350e+03 5.501078e+03 4.933350e+03 4.793568e+03 5.521290e+03 5.190352e+03 4.776561e+03 4.691829e+03 5.394812e+03 4.787259e+03 5.394812e+03 5.227450e+03 5.190924e+03 4.793568e+03 4.866622e+03 4.977577e+03 5.148479e+03 5.205370e+03 4.933350e+03 5.190352e+03 4.966645e+03 5.330036e+03 5.335353e+03 5.190352e+03 5.564540e+03 5.178589e+03 5.674806e+03 4.933350e+03 
4.847012e+03 5.191025e+03 4.933350e+03 5.294642e+03 4.933350e+03 4.793568e+03 5.287911e+03 5.190352e+03 4.776561e+03 4.691829e+03 5.316057e+03 4.787259e+03 5.316057e+03 5.227450e+03 5.190924e+03 4.793568e+03 4.503837e+03 4.977577e+03 5.148201e+03 5.205370e+03 4.933350e+03 5.190352e+03 4.966645e+03 5.330036e+03 4.645398e+03 5.190352e+03 5.479813e+03 5.178589e+03 5.323921e+03 4.933350e+03 
4.847012e+03 4.703778e+03 4.909894e+03 4.951636e+03 4.909894e+03 4.793568e+03 5.287911e+03 5.003132e+03 4.776561e+03 4.691829e+03 4.671316e+03 4.787259e+03 4.671316e+03 5.207919e+03 5.020847e+03 4.793568e+03 3.696633e+03 4.642131e+03 4.122659e+03 5.078439e+03 4.909894e+03 5.003132e+03 4.966645e+03 5.270066e+03 4.633190e+03 5.003132e+03 4.875885e+03 5.007474e+03 4.719565e+03 4.909894e+03 
4.555005e+03 4.522194e+03 4.854105e+03 4.857582e+03 4.854105e+03 4.191787e+03 5.005238e+03 4.660472e+03 4.555551e+03 4.479364e+03 4.551562e+03 4.787259e+03 4.551562e+03 4.887875e+03 4.728896e+03 4.191787e+03 3.696633e+03 4.642131e+03 4.096265e+03 4.694851e+03 4.854105e+03 4.660472e+03 4.899168e+03 4.943679e+03 4.464830e+03 4.660472e+03 4.685331e+03 4.742745e+03 4.659096e+03 4.854105e+03 
3.996816e+03 3.622544e+03 4.080435e+03 4.182698e+03 4.080435e+03 4.191787e+03 4.354415e+03 4.064888e+03 4.305973e+03 4.167860e+03 3.749882e+03 3.978587e+03 3.749882e+03 4.315054e+03 3.946162e+03 4.191787e+03 3.678095e+03 4.086149e+03 3.949249e+03 4.212623e+03 4.080435e+03 4.064888e+03 4.502780e+03 4.078530e+03 4.167914e+03 4.064888e+03 4.310989e+03 4.047819e+03 3.831479e+03 4.080435e+03 
3.810299e+03 3.165594e+03 3.492995e+03 3.748573e+03 3.492995e+03 2.629240e+03 3.823368e+03 3.846211e+03 3.619276e+03 3.578642e+03 3.083250e+03 3.470245e+03 3.083250e+03 3.799713e+03 3.755064e+03 2.629240e+03 3.578469e+03 3.031740e+03 3.807995e+03 3.692372e+03 3.492995e+03 3.846211e+03 3.583953e+03 3.973738e+03 3.193957e+03 3.846211e+03 3.509614e+03 3.684912e+03 3.645218e+03 3.492995e+03 
3.244476e+03 2.992826e+03 3.211211e+03 3.012868e+03 3.211211e+03 2.629240e+03 3.145226e+03 2.658356e+03 3.161661e+03 3.399954e+03 2.792860e+03 3.236517e+03 2.792860e+03 3.151847e+03 3.102885e+03 2.629240e+03 2.782519e+03 3.019062e+03 2.779571e+03 2.648105e+03 3.211211e+03 2.658356e+03 2.888795e+03 2.817071e+03 3.139259e+03 2.658356e+03 2.534096e+03 2.855729e+03 2.955002e+03 3.211211e+03 
2.422519e+03 2.413626e+03 2.384250e+03 2.193637e+03 2.384250e+03 1.569808e+03 2.748318e+03 2.333235e+03 2.218776e+03 2.539701e+03 2.218019e+03 2.249664e+03 2.218019e+03 2.474483e+03 2.029209e+03 1.569808e+03 2.333390e+03 2.310459e+03 2.077401e+03 2.231318e+03 2.384250e+03 2.333235e+03 1.943985e+03 2.092155e+03 2.424362e+03 2.333235e+03 2.344471e+03 2.375560e+03 2.266741e+03 2.384250e+03 
1.804078e+03 2.005177e+03 1.877477e+03 1.463592e+03 1.877477e+03 1.322718e+03 1.855462e+03 1.665989e+03 1.790180e+03 1.842242e+03 1.383391e+03 1.654535e+03 1.383391e+03 1.826994e+03 1.394877e+03 1.322718e+03 1.681144e+03 1.643734e+03 1.438247e+03 1.398033e+03 1.877477e+03 1.665989e+03 1.332999e+03 1.549696e+03 1.670346e+03 1.665989e+03 1.736650e+03 1.397404e+03 1.642014e+03 1.877477e+03 
1.111056e+03 8.072264e+02 1.074768e+03 1.056852e+03 1.074768e+03 8.510988e+02 1.246485e+03 1.194675e+03 9.010680e+02 1.008369e+03 1.019357e+03 9.343614e+02 1.019357e+03 1.215517e+03 8.270419e+02 8.510988e+02 1.012750e+03 1.217524e+03 9.882042e+02 9.606191e+02 1.074768e+03 1.194675e+03 8.411328e+02 1.042773e+03 1.001656e+03 1.194675e+03 9.987602e+02 1.163174e+03 1.020707e+03 1.074768e+03 
5.368883e+02 3.949494e+02 5.978637e+02 3.504190e+02 5.978637e+02 6.998666e+02 5.376002e+02 3.933477e+02 5.580593e+02 4.985225e+02 4.924587e+02 4.852886e+02 4.924587e+02 4.893313e+02 3.053209e+02 6.998666e+02 4.538426e+02 5.700141e+02 5.004902e+02 5.854280e+02 5.978637e+02 3.933477e+02 4.189303e+02 3.814786e+02 4.561827e+02 3.933477e+02 5.473551e+02 7.240149e+02 3.409332e+02 5.978637e+02 
1.777671e+02 1.722058e+02 2.133631e+02 3.614515e+01 2.133631e+02 1.076116e+02 2.994620e+02 1.276472e+02 2.165584e+02 1.164571e+02 1.808104e+02 7.142580e+01 1.808104e+02 8.678306e+01 2.025037e+02 1.076116e+02 1.277124e+02 1.585222e+02 1.046262e+02 1.928709e+02 2.133631e+02 1.276472e+02 1.399531e+02 6.569674e+01 1.152694e+02 1.276472e+02 6.642105e+01 2.183891e+02 8.821801e+01 2.133631e+02 
5.914997e+00 5.060187e+00 5.122644e+00 3.415096e+00 5.122644e+00 5.091416e+00 3.540010e+00 5.946225e+00 5.091416e+00 8.444055e+00 5.122644e+00 1.561423e-01 5.122644e+00 3.446324e+00 3.508781e+00 5.091416e+00 9.236408e+00 9.298865e+00 3.508781e+00 5.153873e+00 5.122644e+00 5.946225e+00 3.446324e+00 9.298865e+00 1.707548e+00 5.946225e+00 5.091416e+00 1.837913e+01 1.863690e+00 5.122644e+00 
0.000000e+00 0.000000e+00 0.000000e+00 0.000000e+00 0.000000e+00 0.000000e+00 0.000000e+00 0.000000e+00 0.000000e+00 0.000000e+00 0.000000e+00 0.000000e+00 0.000000e+00 0.000000e+00 0.000000e+00 0.000000e+00 0.000000e+00 0.000000e+00 0.000000e+00 0.000000e+00 0.000000e+00 0.000000e+00 0.000000e+00 0.000000e+00 0.000000e+00 0.000000e+00 0.000000e+00 0.000000e+00 0.000000e+00 0.000000e+00 