2.428322e+03 2.084889e+03 1.876546e+03 2.278236e+03 2.067588e+03 2.151270e+03 2.274243e+03 1.958322e+03 2.302334e+03 2.180141e+03 1.963151e+03 2.260839e+03 1.963151e+03 2.359803e+03 1.986503e+03 2.151270e+03 2.132314e+03 1.645444e+03 2.410506e+03 2.414464e+03 2.067588e+03 1.958322e+03 2.273089e+03 1.737430e+03 2.351572e+03 2.711853e+03 2.442216e+03 2.215137e+03 2.177979e+03 2.067588e+03 
2.419299e+03 2.084889e+03 1.876546e+03 2.278236e+03 2.067588e+03 2.003422e+03 2.274243e+03 1.958322e+03 1.999327e+03 1.712183e+03 1.963151e+03 2.260839e+03 1.963151e+03 2.130438e+03 1.986503e+03 2.003422e+03 2.132314e+03 1.645444e+03 2.410506e+03 2.052015e+03 2.067588e+03 1.958322e+03 2.130215e+03 1.737430e+03 2.351572e+03 2.353156e+03 2.232701e+03 2.160644e+03 2.177979e+03 2.067588e+03 
2.419299e+03 2.084889e+03 1.876546e+03 2.278236e+03 2.067588e+03 2.003422e+03 2.274243e+03 1.958322e+03 1.999327e+03 1.712183e+03 1.963151e+03 2.260839e+03 1.963151e+03 2.130438e+03 1.986503e+03 2.003422e+03 2.132314e+03 1.645444e+03 2.410506e+03 2.052015e+03 2.067588e+03 1.958322e+03 2.130215e+03 1.737430e+03 2.351572e+03 2.353156e+03 2.232701e+03 2.160644e+03 2.177979e+03 2.067588e+03 
2.419299e+03 1.775771e+03 1.774892e+03 1.942851e+03 1.959441e+03 1.875092e+03 2.274243e+03 1.799010e+03 1.999327e+03 1.712183e+03 1.963151e+03 2.260839e+03 1.963151e+03 2.047497e+03 1.986503e+03 1.875092e+03 2.110626e+03 1.645444e+03 2.153553e+03 2.052015e+03 1.959441e+03 1.799010e+03 1.910246e+03 1.737430e+03 2.013825e+03 2.064631e+03 1.843321e+03 1.723531e+03 2.031699e+03 1.959441e+03 
1.995064e+03 1.775771e+03 1.549534e+03 1.942851e+03 1.920912e+03 1.612252e+03 2.000183e+03 1.799010e+03 1.820415e+03 1.529777e+03 1.963151e+03 1.569938e+03 1.963151e+03 1.812819e+03 1.419741e+03 1.612252e+03 1.879324e+03 1.631628e+03 1.952395e+03 1.778562e+03 1.920912e+03 1.799010e+03 1.460695e+03 1.373407e+03 2.005839e+03 1.571081e+03 1.752018e+03 1.723531e+03 1.949744e+03 1.920912e+03 
1.254418e+03 1.772997e+03 1.549534e+03 1.742851e+03 1.586904e+03 1.344969e+03 1.606711e+03 1.352519e+03 1.584603e+03 1.331722e+03 1.713824e+03 1.569938e+03 1.713824e+03 1.473035e+03 1.122530e+03 1.344969e+03 1.746302e+03 9.142531e+02 1.952395e+03 1.642453e+03 1.586904e+03 1.352519e+03 1.460695e+03 1.373407e+03 1.578456e+03 1.464764e+03 1.236153e+03 1.399997e+03 1.166622e+03 1.586904e+03 
1.139014e+03 1.386042e+03 1.367487e+03 1.181801e+03 1.339334e+03 1.284371e+03 1.271073e+03 1.068896e+03 1.331337e+03 9.528717e+02 1.325761e+03 1.162497e+03 1.325761e+03 1.139776e+03 9.763247e+02 1.284371e+03 1.212498e+03 9.040778e+02 1.466775e+03 1.176838e+03 1.339334e+03 1.068896e+03 9.351595e+02 7.870445e+02 1.126197e+03 4.418941e+02 1.236153e+03 1.159449e+03 1.017477e+03 1.339334e+03 
6.359073e+02 5.465364e+02 7.315751e+02 7.796005e+02 6.723490e+02 9.051082e+02 6.026141e+02 9.414234e+02 9.538636e+02 7.206561e+02 8.376796e+02 1.046047e+03 8.376796e+02 8.487964e+02 8.621607e+02 9.051082e+02 1.029430e+03 8.209282e+02 7.301486e+02 7.394133e+02 6.723490e+02 9.414234e+02 8.113496e+02 7.870445e+02 8.126123e+02 4.418941e+02 4.461238e+02 5.620626e+02 7.543415e+02 6.723490e+02 
3.648426e+02 3.903298e+02 4.103664e+02 2.086426e+02 1.583237e+02 4.514369e+02 3.013461e+02 2.534924e+02 4.036451e+02 5.007432e+02 3.686038e+02 1.992311e+02 3.686038e+02 4.736331e+02 5.180596e+02 4.514369e+02 4.313211e+02 3.044530e+02 5.245006e+02 2.403559e+02 1.583237e+02 2.534924e+02 1.525834e+02 4.427380e+02 3.442345e+02 2.777245e+02 3.496215e+02 2.934904e+02 2.660669e+02 1.583237e+02 
1.555728e+02 1.517657e+02 1.279196e+02 1.454530e+02 1.088172e+02 1.777320e+02 1.473675e+02 8.057213e+01 1.009392e+02 1.460193e+02 8.674984e+01 6.266024e+01 8.674984e+01 1.774360e+02 9.715693e+01 1.777320e+02 1.055775e+02 1.187859e+02 2.228761e+02 1.175361e+02 1.088172e+02 8.057213e+01 9.590775e+01 1.003501e+02 1.038741e+02 1.907516e+02 9.693781e+01 9.970987e+01 1.490685e+02 1.088172e+02 
1.031394e+01 1.424109e+01 1.806812e+01 1.875874e+01 1.702590e+01 2.162961e+01 3.612033e+01 2.060439e+01 1.070720e+01 1.606136e+01 9.596576e+00 2.473486e+01 9.596576e+00 2.049746e+01 1.704651e+01 2.162961e+01 7.132715e+00 1.886603e+01 2.539234e+01 8.894249e+00 1.702590e+01 2.060439e+01 2.948965e+01 2.368591e+01 1.137444e+01 7.726548e+00 6.623825e+00 1.194120e+01 1.118934e+01 1.702590e+01 
7.027449e-02 4.377319e-01 7.347153e-02 4.151758e-01 1.515166e-01 1.329873e-01 1.196448e-02 1.779484e-01 1.341667e-01 2.426442e-01 3.885967e-01 8.702311e-01 3.885967e-01 6.601076e-01 4.452841e-01 1.329873e-01 4.059493e-01 2.022748e-01 7.193717e-01 1.663868e-01 1.515166e-01 1.779484e-01 3.825325e-01 3.149822e-01 5.532921e-02 9.094572e-02 1.212705e-01 4.135184e-01 5.700285e-02 1.515166e-01 
3.451462e-06 2.936252e-06 8.181011e-06 7.128275e-06 1.139750e-06 9.824277e-07 1.351792e-06 1.864100e-06 6.376569e-07 1.437755e-06 2.386211e-06 1.134056e-05 2.386211e-06 7.736577e-06 4.918643e-06 9.824277e-07 2.063798e-05 9.716457e-08 1.018610e-05 1.750199e-06 1.139750e-06 1.864100e-06 2.587113e-07 3.310495e-06 2.291239e-06 2.602736e-06 3.206731e-07 2.263050e-06 9.596103e-07 1.139750e-06 
0.000000e+00 0.000000e+00 0.000000e+00 0.000000e+00 0.000000e+00 0.000000e+00 0.000000e+00 0.000000e+00 0.000000e+00 0.000000e+00 0.000000e+00 0.000000e+00 0.000000e+00 0.000000e+00 0.000000e+00 0.000000e+00 0.000000e+00 0.000000e+00 0.000000e+00 0.000000e+00 0.000000e+00 0.000000e+00 0.000000e+00 0.000000e+00 0.000000e+00 0.000000e+00 0.000000e+00 0.000000e+00 0.000000e+00 0.000000e+00 
0.000000e+00 0.000000e+00 0.000000e+00 0.000000e+00 0.000000e+00 0.000000e+00 0.000000e+00 0.000000e+00 0.000000e+00 0.000000e+00 0.000000e+00 0.000000e+00 0.000000e+00 0.000000e+00 0.000000e+00 0.000000e+00 0.000000e+00 0.000000e+00 0.000000e+00 0.000000e+00 0.000000e+00 0.000000e+00 0.000000e+00 0.000000e+00 0.000000e+00 0.000000e+00 0.000000e+00 0.000000e+00 0.000000e+00 0.000000e+00 
0.000000e+00 0.000000e+00 0.000000e+00 0.000000e+00 0.000000e+00 0.000000e+00 0.000000e+00 0.000000e+00 0.000000e+00 0.000000e+00 0.000000e+00 0.000000e+00 0.000000e+00 0.000000e+00 0.000000e+00 0.000000e+00 0.000000e+00 0.000000e+00 0.000000e+00 0.000000e+00 0.000000e+00 0.000000e+00 0.000000e+00 0.000000e+00 0.000000e+00 0.000000e+00 0.000000e+00 0.000000e+00 0.000000e+00 0.000000e+00 
0.000000e+00 0.000000e+00 0.000000e+00 0.000000e+00 0.000000e+00 0.000000e+00 0.000000e+00 0.000000e+00 0.000000e+00 0.000000e+00 0.000000e+00 0.000000e+00 0.000000e+00 0.000000e+00 0.000000e+00 0.000000e+00 0.000000e+00 0.000000e+00 0.000000e+00 0.000000e+00 0.000000e+00 0.000000e+00 0.000000e+00 0.000000e+00 0.000000e+00 0.000000e+00 0.000000e+00 0.000000e+00 0.000000e+00 0.000000e+00 