5.332490e+02 6.188534e+02 3.651813e+02 4.521401e+02 3.556483e+02 3.402090e+02 4.405355e+02 3.356716e+02 6.264612e+02 2.874546e+02 5.550092e+02 2.487825e+02 5.550092e+02 3.998723e+02 2.165199e+02 3.402090e+02 4.199901e+02 4.263115e+02 6.343786e+02 6.523307e+02 3.556483e+02 4.085532e+02 5.293290e+02 4.574909e+02 2.160926e+02 2.993678e+02 2.896742e+02 2.476158e+02 3.380478e+02 3.233103e+02 
4.637939e+02 3.156986e+02 3.245215e+02 4.452234e+02 3.556483e+02 1.974717e+02 4.167740e+02 3.356716e+02 4.077238e+02 2.874546e+02 4.832463e+02 2.487825e+02 4.832463e+02 3.987411e+02 2.165199e+02 1.974717e+02 4.171927e+02 3.967434e+02 5.444251e+02 6.115443e+02 3.556483e+02 3.781619e+02 5.153856e+02 4.120160e+02 2.160926e+02 2.993678e+02 2.852893e+02 1.913540e+02 2.654825e+02 3.233103e+02 
4.637939e+02 3.156986e+02 3.245215e+02 4.452234e+02 3.556483e+02 1.974717e+02 4.167740e+02 3.356716e+02 4.077238e+02 2.874546e+02 4.832463e+02 2.487825e+02 4.832463e+02 3.987411e+02 2.165199e+02 1.974717e+02 4.171927e+02 3.967434e+02 5.444251e+02 6.115443e+02 3.556483e+02 3.781619e+02 5.153856e+02 4.120160e+02 2.160926e+02 2.993678e+02 2.852893e+02 1.913540e+02 2.654825e+02 3.233103e+02 
3.949076e+02 3.119065e+02 3.245215e+02 3.103587e+02 2.732262e+02 1.974717e+02 2.963393e+02 3.356716e+02 3.034691e+02 1.992569e+02 2.474735e+02 2.487825e+02 2.474735e+02 3.526568e+02 2.165199e+02 1.974717e+02 3.692027e+02 2.708035e+02 2.970901e+02 3.814275e+02 2.732262e+02 2.122611e+02 4.855049e+02 4.120160e+02 2.160926e+02 2.993678e+02 2.038307e+02 1.813705e+02 2.654825e+02 2.981905e+02 
2.870222e+02 3.089800e+02 2.354920e+02 3.103587e+02 1.953295e+02 1.974717e+02 2.963393e+02 3.230470e+02 2.679242e+02 1.992569e+02 2.037673e+02 2.487825e+02 2.037673e+02 3.526568e+02 2.165199e+02 1.974717e+02 3.064575e+02 1.847613e+02 2.695030e+02 2.132190e+02 1.953295e+02 2.122611e+02 2.303901e+02 4.020487e+02 2.090101e+02 1.986431e+02 1.380740e+02 1.813705e+02 2.654825e+02 1.878588e+02 
1.903791e+02 2.385105e+02 2.206872e+02 2.600661e+02 1.633995e+02 1.963048e+02 2.387619e+02 2.915019e+02 1.546671e+02 1.366578e+02 1.815923e+02 1.600486e+02 1.815923e+02 2.965260e+02 2.120798e+02 1.963048e+02 2.526094e+02 1.308488e+02 2.038397e+02 2.035283e+02 1.633995e+02 2.122611e+02 2.303901e+02 1.522397e+02 1.492176e+02 1.668740e+02 1.380740e+02 1.291630e+02 1.697849e+02 1.789171e+02 
1.630652e+02 1.428671e+02 2.131714e+02 1.471739e+02 1.495530e+02 1.325585e+02 1.742695e+02 1.755160e+02 1.103623e+02 1.366578e+02 1.251047e+02 1.583567e+02 1.251047e+02 1.399539e+02 1.485746e+02 1.325585e+02 1.523597e+02 1.293685e+02 1.656175e+02 1.366747e+02 1.495530e+02 1.447827e+02 1.546386e+02 1.522397e+02 1.230865e+02 1.668740e+02 1.204142e+02 1.208291e+02 1.355389e+02 1.327208e+02 
1.083482e+02 1.106551e+02 1.235123e+02 1.277618e+02 1.211001e+02 9.539538e+01 1.244566e+02 1.075330e+02 9.677004e+01 1.227461e+02 1.096806e+02 1.355554e+02 1.096806e+02 1.356843e+02 1.047944e+02 9.539538e+01 1.318153e+02 1.194431e+02 1.306929e+02 1.078461e+02 1.211001e+02 1.158055e+02 1.219265e+02 1.248675e+02 1.160268e+02 1.205426e+02 1.204142e+02 1.141494e+02 1.034759e+02 1.138692e+02 
8.762177e+01 9.660015e+01 9.889235e+01 1.867878e+00 9.682380e+01 8.386934e+01 1.050178e+02 1.024001e+02 9.069147e+01 8.702121e+01 8.906575e+01 1.044671e+02 8.906575e+01 9.285126e+01 9.285744e+01 8.386934e+01 9.503193e+01 9.746503e+01 9.995072e+01 9.582692e+01 9.682380e+01 9.662036e+01 9.221391e+01 8.615210e+01 1.019751e+02 9.713256e+01 8.674611e+01 9.142635e+01 8.617149e+01 9.115830e+01 
8.347076e+01 7.744301e+01 8.495385e+01 1.867878e+00 8.398702e+01 7.236232e+01 7.765674e+01 7.589251e+01 7.924863e+01 8.113582e+01 8.073102e+01 8.104711e+01 8.073102e+01 8.548288e+01 7.979445e+01 7.236232e+01 7.952270e+01 7.807266e+01 8.703098e+01 8.889383e+01 8.398702e+01 7.933722e+01 8.106646e+01 8.245835e+01 8.103329e+01 8.033384e+01 8.333313e+01 8.251752e+01 8.489337e+01 8.336862e+01 
6.825030e+01 7.242799e+01 6.617487e+01 1.867878e+00 7.753879e+01 2.210890e+01 7.677550e+01 6.072402e+01 7.563778e+01 7.343026e+01 7.686498e+01 6.606763e+01 7.686498e+01 7.788307e+01 7.457247e+01 2.210890e+01 7.127265e+01 6.886880e+01 6.690653e+01 6.579875e+01 7.753879e+01 6.670994e+01 7.791030e+01 6.019262e+01 6.595315e+01 7.577631e+01 7.787050e+01 3.526042e+01 7.528496e+01 6.156718e+01 
6.367065e+01 6.319832e+01 6.192713e+01 1.867878e+00 6.748941e+01 2.119760e+01 6.811743e+01 5.955153e+01 6.753983e+01 6.316994e+01 7.388168e+01 6.475145e+01 7.388168e+01 7.212995e+01 6.340794e+01 2.119760e+01 6.023576e+01 6.058940e+01 6.052407e+01 5.926514e+01 6.748941e+01 6.207866e+01 6.538765e+01 3.466989e+01 5.857252e+01 6.419286e+01 6.908205e+01 1.833310e+01 6.704295e+01 5.685091e+01 
6.199310e+01 6.086763e+01 5.751108e+01 1.867878e+00 6.290036e+01 1.791228e+01 4.572187e+01 5.743388e+01 5.998640e+01 6.011695e+01 7.118200e+01 6.212957e+01 7.118200e+01 6.609720e+01 6.065707e+01 1.791228e+01 5.718665e+01 5.918455e+01 5.875793e+01 5.879032e+01 6.290036e+01 5.562067e+01 5.850602e+01 1.842456e+01 5.764855e+01 6.079464e+01 1.837301e+01 1.059379e+01 5.761482e+01 5.651606e+01 
3.882894e+01 5.600561e+01 3.336028e+01 1.358311e+00 3.060509e+01 1.621945e+01 1.799333e+01 1.138917e+01 5.903639e+00 5.657854e+01 2.338613e+00 1.301674e+00 2.338613e+00 1.268124e+01 3.171856e+01 1.621945e+01 5.474172e+01 5.467128e+01 5.405872e+01 5.405342e+01 3.060509e+01 5.324848e+01 5.508365e+01 9.213342e+00 5.623407e+01 5.616798e+01 1.113403e+01 7.223102e+00 5.446119e+01 5.401947e+01 
5.770220e+00 5.168433e+01 1.720414e-01 8.548232e-01 5.787122e+00 1.204851e+00 5.824380e+00 6.843383e-01 1.347858e+00 7.381583e-01 7.615751e-02 1.065752e+00 7.615751e-02 5.869984e+00 6.855037e-01 1.204851e+00 4.056434e+00 1.158434e+00 5.150964e-02 1.621799e+00 5.787122e+00 1.936111e-01 8.794174e-02 3.182896e-01 2.000467e+00 1.724945e+00 2.068695e+00 5.022015e+00 6.886194e+00 1.185588e+00 
0.000000e+00 0.000000e+00 0.000000e+00 0.000000e+00 0.000000e+00 0.000000e+00 0.000000e+00 0.000000e+00 0.000000e+00 0.000000e+00 0.000000e+00 0.000000e+00 0.000000e+00 5.973962e-03 0.000000e+00 0.000000e+00 0.000000e+00 0.000000e+00 0.000000e+00 0.000000e+00 0.000000e+00 0.000000e+00 0.000000e+00 0.000000e+00 0.000000e+00 0.000000e+00 0.000000e+00 0.000000e+00 0.000000e+00 0.000000e+00 
0.000000e+00 0.000000e+00 0.000000e+00 0.000000e+00 0.000000e+00 0.000000e+00 0.000000e+00 0.000000e+00 0.000000e+00 0.000000e+00 0.000000e+00 0.000000e+00 0.000000e+00 0.000000e+00 0.000000e+00 0.000000e+00 0.000000e+00 0.000000e+00 0.000000e+00 0.000000e+00 0.000000e+00 0.000000e+00 0.000000e+00 0.000000e+00 0.000000e+00 0.000000e+00 0.000000e+00 0.000000e+00 0.000000e+00 0.000000e+00 