6.569228e+03 1.806456e+04 1.290794e+04 3.787785e+04 1.290794e+04 2.882787e+04 1.834125e+04 1.725790e+04 1.161557e+04 1.215705e+04 3.315639e+04 6.126205e+04 3.315639e+04 3.365179e+04 1.767301e+04 2.882787e+04 4.466254e+03 3.120764e+03 5.442964e+03 2.708097e+04 1.290794e+04 1.725790e+04 5.269042e+03 1.142809e+04 2.034939e+03 1.725790e+04 2.942235e+04 1.507984e+04 5.594414e+03 1.290794e+04 
6.199662e+03 1.742704e+04 1.290794e+04 3.339896e+04 1.290794e+04 2.379685e+03 5.163382e+03 1.725790e+04 1.693801e+03 4.194214e+02 6.358967e+03 3.366276e+04 6.358967e+03 1.479405e+04 8.669400e+03 2.379685e+03 4.466254e+03 3.120764e+03 5.442964e+03 2.708097e+04 1.290794e+04 1.725790e+04 5.269042e+03 3.074262e+03 1.924705e+03 1.725790e+04 1.654101e+04 3.198877e+02 5.594414e+03 1.290794e+04 
6.199662e+03 1.742704e+04 1.290794e+04 3.339896e+04 1.290794e+04 2.379685e+03 5.163382e+03 1.725790e+04 1.693801e+03 4.194214e+02 6.358967e+03 3.366276e+04 6.358967e+03 1.479405e+04 8.669400e+03 2.379685e+03 4.466254e+03 3.120764e+03 5.442964e+03 2.708097e+04 1.290794e+04 1.725790e+04 5.269042e+03 3.074262e+03 1.924705e+03 1.725790e+04 1.654101e+04 3.198877e+02 5.594414e+03 1.290794e+04 
6.199662e+03 1.145212e+04 1.290794e+04 6.870813e+02 1.290794e+04 1.212799e+03 4.272693e+03 1.470553e+04 1.693801e+03 4.194214e+02 6.358967e+03 9.554884e+03 6.358967e+03 1.479374e+04 8.839341e+02 1.212799e+03 4.461332e+03 3.120764e+03 5.442964e+03 1.162964e+04 1.290794e+04 1.470553e+04 5.269042e+03 3.074262e+03 1.924705e+03 1.470553e+04 1.131894e+04 3.198877e+02 4.522675e+03 1.290794e+04 
3.895905e+03 9.663758e+03 4.150727e+02 2.299333e+02 4.150727e+02 7.036620e+02 5.053490e+02 6.812671e+03 1.693801e+03 4.194214e+02 4.020755e+03 1.614096e+03 4.020755e+03 8.173511e+03 4.427068e+02 7.036620e+02 6.345879e+02 1.928516e+03 3.797769e+02 1.108462e+04 4.150727e+02 6.812671e+03 1.148360e+03 1.386597e+02 8.044309e+02 6.812671e+03 1.131894e+04 3.085166e+02 4.465118e+03 4.150727e+02 
1.866671e+03 1.279165e+03 2.774809e+02 2.219573e+02 2.774809e+02 2.055857e+02 1.284780e+02 8.248026e+02 1.495477e+02 3.466741e+02 1.023167e+03 5.524587e+02 1.023167e+03 6.179405e+02 1.326554e+02 2.055857e+02 6.304624e+02 3.817608e+02 1.841402e+02 1.930232e+03 2.774809e+02 8.248026e+02 8.392914e+02 6.452982e+01 4.244814e+02 8.248026e+02 1.581122e+02 2.093698e+01 5.652327e+02 2.774809e+02 
2.797732e+01 3.415525e+02 3.700097e+01 1.516368e+02 3.700097e+01 1.159433e+02 1.284780e+02 5.936635e+01 6.665507e+01 1.185616e+02 2.564855e+02 6.489529e+01 2.564855e+02 2.180214e+02 8.834314e+01 1.159433e+02 1.310280e+02 5.775974e+01 1.834146e+02 8.600507e+01 3.700097e+01 5.936635e+01 2.976799e+02 2.332782e+01 3.109146e+02 5.936635e+01 1.581122e+02 1.802532e+01 2.432219e+02 3.700097e+01 
2.543164e+01 1.436143e+01 1.129376e+01 2.072355e+01 1.129376e+01 1.798772e+01 1.660179e+01 5.261402e+01 1.070827e+01 1.504529e+01 2.323029e+01 4.320661e+01 2.323029e+01 1.315754e+01 2.483907e+01 1.798772e+01 9.797095e+00 1.275434e+01 2.404545e+01 3.511766e+01 1.129376e+01 5.261402e+01 3.881704e+01 1.105477e+01 1.617885e+01 5.261402e+01 2.627707e+01 9.569806e+00 5.324671e+01 1.129376e+01 
9.241095e+00 7.719773e+00 8.094244e+00 7.538508e+00 8.094244e+00 7.076779e+00 9.073747e+00 8.304323e+00 6.382831e+00 9.799590e+00 6.225824e+00 6.954214e+00 6.225824e+00 8.161031e+00 5.856649e+00 7.076779e+00 7.073642e+00 7.403370e+00 6.696717e+00 1.024707e+01 8.094244e+00 8.304323e+00 8.176616e+00 7.503673e+00 8.365518e+00 8.304323e+00 8.970160e+00 5.370322e+00 1.084060e+01 8.094244e+00 
4.522250e+00 3.706450e+00 3.622236e+00 3.736222e+00 3.622236e+00 4.392726e+00 2.930355e+00 4.261174e+00 1.196724e+00 4.377092e+00 3.233262e+00 4.379508e+00 3.233262e+00 4.648750e+00 2.828726e+00 4.392726e+00 3.544398e+00 4.117005e+00 4.320548e+00 4.877938e+00 3.622236e+00 4.261174e+00 3.951462e+00 4.347533e+00 2.807490e+00 4.261174e+00 2.692351e+00 3.525442e+00 2.649478e+00 3.622236e+00 
1.538353e+00 1.167358e+00 1.304928e+00 1.842625e+00 1.304928e+00 1.338105e+00 1.174889e+00 1.726017e+00 5.626404e-01 1.961763e-02 1.333033e+00 1.129518e+00 1.333033e+00 9.947171e-01 1.173949e+00 1.338105e+00 1.532079e+00 1.531808e+00 8.320653e-02 1.313240e+00 1.304928e+00 1.726017e+00 1.686285e+00 8.005198e-01 1.485172e+00 1.726017e+00 1.343898e+00 1.563568e+00 1.537653e+00 1.304928e+00 
5.336427e-01 6.389719e-01 1.061038e-02 2.352281e-02 1.061038e-02 8.923815e-01 3.360781e-01 4.836388e-01 5.310413e-01 1.989946e-03 6.464516e-01 6.886693e-01 6.464516e-01 2.476161e-01 2.424272e-01 8.923815e-01 8.542643e-01 1.822741e-01 6.027034e-02 7.504129e-01 1.061038e-02 4.836388e-01 3.938849e-01 5.799857e-01 8.571630e-01 4.836388e-01 8.402572e-01 8.506686e-01 7.114997e-01 1.061038e-02 
8.074447e-02 3.179698e-06 1.061038e-02 2.245303e-03 1.061038e-02 2.301215e-01 1.909007e-04 2.397980e-04 5.235981e-01 1.989946e-03 9.401923e-02 6.515171e-02 9.401923e-02 9.147364e-02 2.109953e-01 2.301215e-01 7.610479e-02 0.000000e+00 6.026947e-02 3.330106e-02 1.061038e-02 2.397980e-04 4.122779e-02 3.509327e-01 3.810634e-01 2.397980e-04 6.737510e-02 5.372769e-01 7.385671e-02 1.061038e-02 
4.919123e-04 2.323446e-06 1.413569e-04 2.600362e-05 1.413569e-04 3.332655e-06 1.241660e-05 5.357922e-07 1.083841e-03 5.953937e-07 0.000000e+00 5.209104e-05 0.000000e+00 1.091842e-07 4.479312e-04 3.332655e-06 6.142682e-08 0.000000e+00 8.013353e-08 5.556639e-03 1.413569e-04 5.357922e-07 5.745939e-06 0.000000e+00 0.000000e+00 5.357922e-07 1.388609e-05 4.135695e-05 7.375184e-06 1.413569e-04 
0.000000e+00 0.000000e+00 0.000000e+00 0.000000e+00 0.000000e+00 0.000000e+00 0.000000e+00 0.000000e+00 0.000000e+00 0.000000e+00 0.000000e+00 0.000000e+00 0.000000e+00 0.000000e+00 0.000000e+00 0.000000e+00 0.000000e+00 0.000000e+00 0.000000e+00 0.000000e+00 0.000000e+00 0.000000e+00 0.000000e+00 0.000000e+00 0.000000e+00 0.000000e+00 0.000000e+00 0.000000e+00 0.000000e+00 0.000000e+00 
0.000000e+00 0.000000e+00 0.000000e+00 0.000000e+00 0.000000e+00 0.000000e+00 0.000000e+00 0.000000e+00 0.000000e+00 0.000000e+00 0.000000e+00 0.000000e+00 0.000000e+00 0.000000e+00 0.000000e+00 0.000000e+00 0.000000e+00 0.000000e+00 0.000000e+00 0.000000e+00 0.000000e+00 0.000000e+00 0.000000e+00 0.000000e+00 0.000000e+00 0.000000e+00 0.000000e+00 0.000000e+00 0.000000e+00 0.000000e+00 
0.000000e+00 0.000000e+00 0.000000e+00 0.000000e+00 0.000000e+00 0.000000e+00 0.000000e+00 0.000000e+00 0.000000e+00 0.000000e+00 0.000000e+00 0.000000e+00 0.000000e+00 0.000000e+00 0.000000e+00 0.000000e+00 0.000000e+00 0.000000e+00 0.000000e+00 0.000000e+00 0.000000e+00 0.000000e+00 0.000000e+00 0.000000e+00 0.000000e+00 0.000000e+00 0.000000e+00 0.000000e+00 0.000000e+00 0.000000e+00 