3.555545e+02 3.187235e+02 3.478223e+02 3.637599e+02 3.577489e+02 4.103853e+02 3.109339e+02 3.165078e+02 4.110571e+02 4.244064e+02 3.549468e+02 3.510012e+02 4.210593e+02 1.844260e+02 3.769519e+02 4.103853e+02 4.110571e+02 3.577489e+02 3.765739e+02 4.103853e+02 3.577489e+02 4.134615e+02 3.807311e+02 4.134615e+02 3.241929e+02 4.134615e+02 3.449160e+02 3.442910e+02 3.689428e+02 3.577489e+02 
2.922010e+02 3.187235e+02 3.478223e+02 3.622987e+02 3.211558e+02 3.609786e+02 3.109339e+02 3.085428e+02 2.450713e+02 4.076119e+02 3.171038e+02 3.510012e+02 3.410701e+02 1.844260e+02 3.337495e+02 3.609786e+02 2.450713e+02 3.211558e+02 3.612443e+02 3.609786e+02 3.211558e+02 3.821057e+02 3.660292e+02 3.821057e+02 3.241929e+02 3.821057e+02 3.258404e+02 2.955365e+02 3.689428e+02 3.211558e+02 
2.922010e+02 3.187235e+02 3.478223e+02 3.622987e+02 3.211558e+02 3.609786e+02 3.109339e+02 3.085428e+02 2.450713e+02 4.076119e+02 3.171038e+02 3.510012e+02 3.410701e+02 1.844260e+02 3.337495e+02 3.609786e+02 2.450713e+02 3.211558e+02 3.612443e+02 3.609786e+02 3.211558e+02 3.821057e+02 3.660292e+02 3.821057e+02 3.241929e+02 3.821057e+02 3.258404e+02 2.955365e+02 3.689428e+02 3.211558e+02 
2.463752e+02 3.072890e+02 2.325217e+02 3.622987e+02 2.954184e+02 3.609786e+02 3.043739e+02 2.993549e+02 2.450713e+02 3.489284e+02 3.171038e+02 2.926216e+02 3.194879e+02 1.844260e+02 3.337495e+02 3.609786e+02 2.450713e+02 2.954184e+02 3.369965e+02 3.609786e+02 2.954184e+02 3.519107e+02 3.304637e+02 3.519107e+02 2.823110e+02 3.519107e+02 3.134976e+02 2.955365e+02 3.689428e+02 2.954184e+02 
1.883106e+02 2.507933e+02 2.325217e+02 2.877841e+02 2.455895e+02 3.082677e+02 2.960227e+02 2.060482e+02 2.331014e+02 3.006118e+02 2.820588e+02 2.212076e+02 2.643510e+02 1.844260e+02 1.646462e+02 3.082677e+02 2.331014e+02 2.455895e+02 2.036442e+02 3.082677e+02 2.455895e+02 3.229074e+02 2.817022e+02 3.229074e+02 2.563713e+02 3.229074e+02 2.224617e+02 2.793152e+02 1.827806e+02 2.455895e+02 
1.883106e+02 2.507933e+02 1.254772e+02 2.174830e+02 2.085355e+02 2.961305e+02 2.109910e+02 1.768733e+02 1.961236e+02 2.096663e+02 1.759652e+02 2.087738e+02 1.800870e+02 1.576207e+02 1.646462e+02 2.961305e+02 1.961236e+02 2.085355e+02 2.036442e+02 2.961305e+02 2.085355e+02 2.854870e+02 1.580643e+02 2.854870e+02 2.450683e+02 2.854870e+02 2.043728e+02 2.079605e+02 1.563116e+02 2.085355e+02 
1.434679e+02 1.570266e+02 8.386601e+01 1.469400e+02 1.492781e+02 1.367298e+02 1.281846e+02 1.149184e+02 1.376159e+02 1.549402e+02 1.734847e+02 1.799625e+02 1.344257e+02 1.374400e+02 1.577907e+02 1.367298e+02 1.376159e+02 1.492781e+02 1.674427e+02 1.367298e+02 1.492781e+02 1.381451e+02 1.313358e+02 1.381451e+02 1.326175e+02 1.381451e+02 1.435987e+02 1.295901e+02 1.006270e+02 1.492781e+02 
1.069926e+02 1.013136e+02 7.011607e+01 1.182530e+02 1.015831e+02 1.150320e+02 8.002903e+01 1.044543e+02 8.992261e+01 7.910407e+01 1.109339e+02 1.215118e+02 1.101917e+02 8.934432e+01 1.050966e+02 1.150320e+02 8.992261e+01 1.015831e+02 1.121981e+02 1.150320e+02 1.015831e+02 1.333054e+02 1.126264e+02 1.333054e+02 1.270108e+02 1.333054e+02 1.126783e+02 1.029765e+02 8.696573e+01 1.015831e+02 
7.239244e+01 6.349537e+01 4.985741e+01 7.199557e+01 7.250365e+01 7.302170e+01 8.002903e+01 5.901715e+01 6.884537e+01 4.832202e+01 7.609821e+01 6.406182e+01 6.475699e+01 6.758318e+01 7.011559e+01 7.302170e+01 6.884537e+01 7.250365e+01 6.892413e+01 7.302170e+01 7.250365e+01 6.347393e+01 7.557365e+01 6.347393e+01 7.237920e+01 6.347393e+01 5.686720e+01 7.846175e+01 6.633160e+01 7.250365e+01 
3.881691e+01 5.813335e+01 4.010025e+01 4.204073e+01 4.308792e+01 3.692042e+01 4.322069e+01 4.530174e+01 4.076224e+01 4.627694e+01 5.358346e+01 4.605161e+01 4.513733e+01 4.817601e+01 5.441561e+01 3.692042e+01 4.076224e+01 4.308792e+01 4.690733e+01 3.692042e+01 4.308792e+01 4.512407e+01 3.481334e+01 4.512407e+01 5.032941e+01 4.512407e+01 4.592987e+01 3.565235e+01 3.738698e+01 4.308792e+01 
2.479038e+01 2.667988e+01 2.401171e+01 2.185782e+01 2.799289e+01 2.532990e+01 2.729262e+01 2.497712e+01 2.260327e+01 2.909924e+01 2.621207e+01 3.141643e+01 2.880363e+01 2.544290e+01 2.635928e+01 2.532990e+01 2.260327e+01 2.799289e+01 2.817690e+01 2.532990e+01 2.799289e+01 3.019069e+01 2.867965e+01 3.019069e+01 2.788426e+01 3.019069e+01 2.705218e+01 2.725289e+01 2.866944e+01 2.799289e+01 
1.432944e+01 1.594839e+01 1.719107e+01 1.715085e+01 2.003996e+01 1.699274e+01 1.879249e+01 1.787406e+01 1.767252e+01 1.787931e+01 1.930351e+01 1.928150e+01 1.911307e+01 1.657256e+01 2.089446e+01 1.699274e+01 1.767252e+01 2.003996e+01 1.726971e+01 1.699274e+01 2.003996e+01 1.752154e+01 1.703012e+01 1.752154e+01 1.777530e+01 1.752154e+01 1.835329e+01 1.734510e+01 1.957629e+01 2.003996e+01 
1.305496e+01 1.342562e+01 1.401028e+01 1.545728e+01 1.354337e+01 1.168133e+01 1.369819e+01 1.373610e+01 1.342573e+01 1.399596e+01 1.338703e+01 1.275003e+01 1.379165e+01 1.348587e+01 1.352975e+01 1.168133e+01 1.342573e+01 1.354337e+01 1.348659e+01 1.168133e+01 1.354337e+01 1.341406e+01 1.511150e+01 1.341406e+01 1.167573e+01 1.341406e+01 1.376074e+01 1.330948e+01 1.314223e+01 1.354337e+01 
1.115651e+01 1.131688e+01 1.139127e+01 1.144341e+01 1.111360e+01 1.108128e+01 1.108423e+01 1.104414e+01 1.153939e+01 1.130663e+01 1.127234e+01 1.123739e+01 1.102177e+01 1.122708e+01 1.113746e+01 1.108128e+01 1.153939e+01 1.111360e+01 1.127417e+01 1.108128e+01 1.111360e+01 1.101552e+01 1.136150e+01 1.101552e+01 1.122056e+01 1.101552e+01 1.109276e+01 1.113327e+01 1.137034e+01 1.111360e+01 
1.087368e+01 1.087368e+01 1.087368e+01 1.087368e+01 1.087368e+01 1.087368e+01 1.087368e+01 1.087368e+01 1.087368e+01 1.087368e+01 1.087368e+01 1.087368e+01 1.087368e+01 1.087368e+01 1.087368e+01 1.087368e+01 1.087368e+01 1.087368e+01 1.087368e+01 1.087368e+01 1.087368e+01 1.087368e+01 1.087368e+01 1.087368e+01 1.087368e+01 1.087368e+01 1.087368e+01 1.087368e+01 1.087368e+01 1.087368e+01 
1.087368e+01 1.087368e+01 1.087368e+01 1.087368e+01 1.087368e+01 1.087368e+01 1.087368e+01 1.087368e+01 1.087368e+01 1.087368e+01 1.087368e+01 1.087368e+01 1.087368e+01 1.087368e+01 1.087368e+01 1.087368e+01 1.087368e+01 1.087368e+01 1.087368e+01 1.087368e+01 1.087368e+01 1.087368e+01 1.087368e+01 1.087368e+01 1.087368e+01 1.087368e+01 1.087368e+01 1.087368e+01 1.087368e+01 1.087368e+01 
0.000000e+00 0.000000e+00 0.000000e+00 0.000000e+00 0.000000e+00 0.000000e+00 0.000000e+00 0.000000e+00 0.000000e+00 0.000000e+00 0.000000e+00 0.000000e+00 0.000000e+00 0.000000e+00 0.000000e+00 0.000000e+00 0.000000e+00 0.000000e+00 0.000000e+00 0.000000e+00 0.000000e+00 0.000000e+00 0.000000e+00 0.000000e+00 0.000000e+00 0.000000e+00 0.000000e+00 0.000000e+00 0.000000e+00 0.000000e+00 