6.645399e+02 5.961082e+02 5.157912e+02 5.185986e+02 3.888579e+02 3.820959e+02 4.238220e+02 1.910158e+02 5.933772e+02 5.861549e+02 4.556418e+02 6.710389e+02 1.937334e+02 5.832561e+02 5.709099e+02 3.820959e+02 5.933772e+02 4.246224e+02 4.049124e+02 4.313205e+02 3.888579e+02 5.304957e+02 4.613669e+02 4.072567e+02 5.832797e+02 5.304957e+02 3.066679e+02 3.014180e+02 5.066980e+02 3.888579e+02 
6.479795e+02 4.882186e+02 4.828778e+02 3.731515e+02 2.964801e+02 3.820959e+02 4.238220e+02 1.910158e+02 5.933772e+02 4.863288e+02 3.715679e+02 4.955341e+02 1.937334e+02 5.639236e+02 5.709099e+02 3.820959e+02 5.933772e+02 4.246224e+02 4.049124e+02 4.313205e+02 2.964801e+02 2.551794e+02 4.613669e+02 4.072567e+02 3.645493e+02 2.551794e+02 2.940178e+02 3.014180e+02 5.066980e+02 2.964801e+02 
6.479795e+02 4.882186e+02 4.828778e+02 3.731515e+02 2.964801e+02 3.820959e+02 4.238220e+02 1.910158e+02 5.933772e+02 4.863288e+02 3.715679e+02 4.955341e+02 1.937334e+02 5.639236e+02 5.709099e+02 3.820959e+02 5.933772e+02 4.246224e+02 4.049124e+02 4.313205e+02 2.964801e+02 2.551794e+02 4.613669e+02 4.072567e+02 3.645493e+02 2.551794e+02 2.940178e+02 3.014180e+02 5.066980e+02 2.964801e+02 
4.953290e+02 4.850682e+02 4.670720e+02 3.731515e+02 2.964801e+02 3.442422e+02 3.856930e+02 1.910158e+02 3.857169e+02 3.857077e+02 3.695982e+02 4.955341e+02 1.937334e+02 5.481457e+02 2.810253e+02 3.442422e+02 3.857169e+02 9.924383e+01 4.049124e+02 4.313205e+02 2.964801e+02 2.551794e+02 4.613669e+02 3.658152e+02 3.601681e+02 2.551794e+02 2.940178e+02 3.014180e+02 4.152384e+02 2.964801e+02 
3.324192e+02 2.164588e+02 2.493127e+02 3.408473e+02 2.964801e+02 3.442422e+02 3.381640e+02 1.910158e+02 3.240827e+02 1.897738e+02 2.192070e+02 3.560941e+02 1.884429e+02 4.260974e+02 2.810253e+02 3.442422e+02 3.240827e+02 9.924383e+01 2.393406e+02 2.978050e+02 2.964801e+02 2.551794e+02 2.526810e+02 2.842382e+02 2.260852e+02 2.551794e+02 2.940178e+02 2.654878e+02 3.043644e+02 2.964801e+02 
2.417626e+02 2.132714e+02 1.858565e+02 3.398111e+02 5.176450e+01 2.783866e+02 2.717681e+02 1.910158e+02 2.278017e+02 1.897738e+02 1.674099e+02 2.523727e+02 1.741375e+02 3.694666e+02 2.001044e+02 2.783866e+02 2.278017e+02 9.134428e+01 2.001917e+02 2.978050e+02 5.176450e+01 2.517283e+02 2.526810e+02 1.706900e+02 2.260852e+02 2.517283e+02 2.023786e+02 2.191093e+02 1.149698e+02 5.176450e+01 
1.562826e+02 1.045974e+02 1.813513e+02 1.605838e+02 4.944571e+01 1.913523e+02 1.611014e+02 1.391481e+02 9.162944e+01 1.444669e+02 1.674099e+02 1.208598e+02 1.741375e+02 1.354108e+02 1.290238e+02 1.913523e+02 9.162944e+01 9.134428e+01 1.162200e+02 1.447297e+02 4.944571e+01 1.354427e+02 1.617991e+02 1.113965e+02 1.728134e+02 1.354427e+02 1.904254e+02 1.038617e+02 1.149698e+02 4.944571e+01 
8.667932e+01 1.045974e+02 1.055679e+02 1.199574e+02 4.944571e+01 1.182192e+02 1.156897e+02 8.110527e+01 8.777645e+01 7.755355e+01 9.222843e+01 8.714322e+01 1.118984e+02 1.064079e+02 9.432501e+01 1.182192e+02 8.777645e+01 9.134428e+01 8.681917e+01 6.595632e+01 4.944571e+01 1.143089e+02 1.021678e+02 9.923852e+01 9.689494e+01 1.143089e+02 9.600833e+01 1.038617e+02 9.260065e+01 4.944571e+01 
7.567489e+01 7.230829e+01 7.391124e+01 7.470648e+01 3.869336e+01 7.423778e+01 7.096519e+01 6.001201e+01 7.671639e+01 6.531417e+01 7.710298e+01 7.630716e+01 5.786662e+01 8.146842e+01 7.004654e+01 7.423778e+01 7.671639e+01 7.708698e+01 5.834231e+01 5.876908e+01 3.869336e+01 6.157011e+01 6.176942e+01 5.971519e+01 7.029373e+01 6.157011e+01 7.104096e+01 6.837903e+01 7.920663e+01 3.869336e+01 
3.892000e+01 5.266814e+01 4.716044e+01 4.107311e+01 3.769291e+01 6.239868e+01 4.169250e+01 3.768905e+01 3.979615e+01 3.541190e+01 3.758975e+01 5.255614e+01 4.482419e+01 5.492839e+01 3.154339e+01 6.239868e+01 3.979615e+01 4.588048e+01 4.282420e+01 3.317714e+01 3.769291e+01 3.900652e+01 4.024394e+01 4.124294e+01 3.693392e+01 3.900652e+01 2.935909e+01 3.367618e+01 3.540584e+01 3.769291e+01 
1.392387e+01 1.372207e+01 1.506588e+01 1.135483e+01 1.196138e+01 1.810512e+01 1.286548e+01 1.151012e+01 1.484193e+01 1.233290e+01 1.472626e+01 1.287121e+01 1.466590e+01 1.291629e+01 1.249476e+01 1.810512e+01 1.484193e+01 1.210246e+01 1.296573e+01 1.370353e+01 1.196138e+01 1.222010e+01 1.332900e+01 1.106332e+01 1.600320e+01 1.222010e+01 1.278620e+01 1.120339e+01 1.633621e+01 1.196138e+01 
1.692748e+00 1.313431e+00 1.235843e+00 9.165238e-01 3.643498e-01 1.027884e+00 1.783308e+00 7.477331e-01 2.370732e+00 1.372021e+00 6.658172e-01 1.989657e+00 2.194596e+00 1.012103e+00 3.356751e+00 1.027884e+00 2.370732e+00 1.389789e+00 9.698565e-01 2.553641e+00 3.643498e-01 3.030158e-01 5.725495e-01 4.396723e-01 6.382524e-01 3.030158e-01 8.421121e-01 1.185185e+00 1.429450e+00 3.643498e-01 
1.041263e-04 2.733690e-03 8.015467e-04 9.517698e-04 9.783594e-04 2.151326e-03 1.044958e-03 1.106977e-03 2.142828e-03 9.145428e-04 1.511638e-03 1.378318e-03 3.716308e-03 6.412822e-04 1.082020e-03 2.151326e-03 2.142828e-03 8.403785e-04 7.704662e-04 9.833425e-04 9.783594e-04 6.078410e-04 1.115160e-03 1.061392e-03 2.463228e-03 6.078410e-04 1.488074e-03 1.384919e-03 1.237062e-03 9.783594e-04 
1.551507e-08 0.000000e+00 0.000000e+00 0.000000e+00 0.000000e+00 1.557010e-08 1.445858e-08 0.000000e+00 0.000000e+00 0.000000e+00 1.382479e-08 2.547298e-08 3.465345e-08 1.373546e-08 2.383114e-08 1.557010e-08 0.000000e+00 1.475255e-08 1.786369e-08 0.000000e+00 0.000000e+00 0.000000e+00 0.000000e+00 0.000000e+00 0.000000e+00 0.000000e+00 0.000000e+00 0.000000e+00 1.762960e-08 0.000000e+00 
0.000000e+00 0.000000e+00 0.000000e+00 0.000000e+00 0.000000e+00 0.000000e+00 0.000000e+00 0.000000e+00 0.000000e+00 0.000000e+00 0.000000e+00 0.000000e+00 0.000000e+00 0.000000e+00 0.000000e+00 0.000000e+00 0.000000e+00 0.000000e+00 0.000000e+00 0.000000e+00 0.000000e+00 0.000000e+00 0.000000e+00 0.000000e+00 0.000000e+00 0.000000e+00 0.000000e+00 0.000000e+00 0.000000e+00 0.000000e+00 
0.000000e+00 0.000000e+00 0.000000e+00 0.000000e+00 0.000000e+00 0.000000e+00 0.000000e+00 0.000000e+00 0.000000e+00 0.000000e+00 0.000000e+00 0.000000e+00 0.000000e+00 0.000000e+00 0.000000e+00 0.000000e+00 0.000000e+00 0.000000e+00 0.000000e+00 0.000000e+00 0.000000e+00 0.000000e+00 0.000000e+00 0.000000e+00 0.000000e+00 0.000000e+00 0.000000e+00 0.000000e+00 0.000000e+00 0.000000e+00 
0.000000e+00 0.000000e+00 0.000000e+00 0.000000e+00 0.000000e+00 0.000000e+00 0.000000e+00 0.000000e+00 0.000000e+00 0.000000e+00 0.000000e+00 0.000000e+00 0.000000e+00 0.000000e+00 0.000000e+00 0.000000e+00 0.000000e+00 0.000000e+00 0.000000e+00 0.000000e+00 0.000000e+00 0.000000e+00 0.000000e+00 0.000000e+00 0.000000e+00 0.000000e+00 0.000000e+00 0.000000e+00 0.000000e+00 0.000000e+00 