1.746325e+05 2.155936e+05 1.869806e+05 1.319628e+05 2.688867e+05 1.025026e+05 2.131956e+05 8.765333e+04 2.479499e+05 1.610566e+05 1.288850e+05 1.992300e+05 1.288850e+05 4.140746e+04 2.278886e+05 1.025026e+05 1.948449e+05 1.362800e+05 6.202106e+04 1.769396e+05 2.688867e+05 8.765333e+04 1.228411e+05 2.152585e+05 3.079356e+05 1.466922e+05 5.357808e+04 6.492827e+04 3.265960e+05 2.688867e+05 
1.746325e+05 2.155936e+05 1.869806e+05 1.319628e+05 2.688867e+05 1.025026e+05 2.131956e+05 8.765333e+04 2.479499e+05 1.610566e+05 1.288850e+05 1.992300e+05 1.288850e+05 4.140746e+04 2.278886e+05 1.025026e+05 1.948449e+05 1.362800e+05 6.202106e+04 1.769396e+05 2.688867e+05 8.765333e+04 1.228411e+05 2.152585e+05 3.079356e+05 1.466922e+05 5.357808e+04 6.492827e+04 3.265960e+05 2.688867e+05 
1.746325e+05 2.155936e+05 1.869806e+05 1.319628e+05 2.688867e+05 1.025026e+05 2.131956e+05 8.765333e+04 2.479499e+05 1.610566e+05 1.288850e+05 1.992300e+05 1.288850e+05 4.140746e+04 2.278886e+05 1.025026e+05 1.948449e+05 1.362800e+05 6.202106e+04 1.769396e+05 2.688867e+05 8.765333e+04 1.228411e+05 2.152585e+05 3.079356e+05 1.466922e+05 5.357808e+04 6.492827e+04 3.265960e+05 2.688867e+05 
1.219108e+05 1.804170e+05 1.869806e+05 1.317357e+05 2.631512e+05 8.024543e+04 5.638315e+04 8.765333e+04 1.232080e+05 1.610566e+05 1.288850e+05 1.944802e+05 1.288850e+05 4.140746e+04 1.195284e+05 8.024543e+04 1.948449e+05 7.092456e+04 4.697828e+04 1.769396e+05 2.631512e+05 8.765333e+04 1.228411e+05 8.980059e+04 1.139633e+05 1.151020e+05 5.357808e+04 6.492827e+04 1.737383e+05 2.631512e+05 
1.219108e+05 1.758813e+05 1.867136e+05 1.317357e+05 2.389258e+05 8.024543e+04 3.767030e+04 8.765333e+04 1.232080e+05 1.132574e+05 1.279258e+05 1.944802e+05 1.279258e+05 4.140746e+04 1.160161e+05 8.024543e+04 1.948449e+05 6.269285e+04 4.697828e+04 1.769396e+05 2.389258e+05 8.765333e+04 1.228411e+05 8.980059e+04 2.432258e+04 1.150764e+05 5.357808e+04 6.297760e+04 1.737166e+05 2.389258e+05 
5.885596e+04 1.111687e+05 4.173219e+04 9.231220e+04 3.688139e+04 3.342761e+04 3.764278e+04 8.765333e+04 7.558704e+04 4.318002e+04 4.549113e+04 5.034995e+04 4.549113e+04 2.465697e+04 8.664215e+04 3.342761e+04 4.622733e+04 6.269285e+04 4.186589e+04 1.233798e+04 3.688139e+04 8.765333e+04 2.951345e+04 4.414836e+04 2.432258e+04 8.600228e+04 5.357808e+04 4.633550e+04 1.484421e+05 3.688139e+04 
3.610213e+04 2.652968e+04 2.042105e+04 4.925771e+04 3.370369e+04 2.972564e+04 2.018865e+04 1.118524e+04 1.814192e+04 2.090327e+04 4.529273e+04 2.954047e+04 4.529273e+04 2.465697e+04 3.905680e+04 2.972564e+04 3.432925e+04 2.849595e+04 9.209017e+02 1.233798e+04 3.370369e+04 1.118524e+04 9.933815e+03 4.119358e+04 1.351321e+04 4.821406e+04 2.169459e+04 2.585363e+04 7.020602e+04 3.370369e+04 
1.069366e+04 6.069114e+03 3.238791e+03 3.728992e+03 3.071584e+03 2.355317e+03 1.714244e+03 8.872352e+03 4.776824e+03 6.213532e+03 9.836523e+03 7.646442e+03 9.836523e+03 1.296627e+03 1.070551e+03 2.355317e+03 6.781423e+03 3.934861e+03 9.209017e+02 8.838368e+03 3.071584e+03 8.872352e+03 3.514451e+03 2.180799e+03 5.494407e+03 5.459456e+03 5.073535e+03 8.107338e+03 4.317686e+03 3.071584e+03 
2.638606e+02 2.711853e+02 2.092071e+02 1.521465e+02 3.012914e+02 7.361004e+02 3.103161e+02 3.451109e+02 4.844828e+02 4.028557e+02 2.615645e+02 2.852212e+02 2.615645e+02 9.369404e+01 4.704174e+02 7.361004e+02 7.246671e+02 2.665339e+02 5.347207e+02 1.377725e+03 3.012914e+02 3.451109e+02 4.880064e+02 4.213179e+02 4.706063e+02 3.138693e+02 1.014710e+02 4.172546e+02 1.583845e+02 3.012914e+02 
3.864042e+01 3.072685e+01 3.832936e+01 4.215475e+01 2.965307e+01 1.649351e+01 3.068000e+01 3.580464e+01 2.648669e+01 3.166386e+01 2.868486e+01 2.677812e+01 2.868486e+01 3.660150e+01 5.030249e+01 1.649351e+01 3.764511e+01 2.974876e+01 3.687817e+01 2.698033e+01 2.965307e+01 3.580464e+01 1.809972e+01 3.486459e+01 2.700180e+01 3.935151e+01 3.239771e+01 2.597176e+01 3.025694e+01 2.965307e+01 
1.112550e+01 7.436211e+00 7.530927e+00 9.319746e+00 9.278890e+00 9.672831e+00 7.787351e+00 7.501425e+00 7.453771e+00 8.705796e+00 9.053157e+00 6.030344e+00 9.053157e+00 1.016989e+01 1.604972e+00 9.672831e+00 1.995689e+00 9.217934e+00 7.751314e+00 9.733248e+00 9.278890e+00 7.501425e+00 8.452068e+00 4.917965e+00 9.113679e+00 8.678801e+00 9.700572e+00 5.612376e+00 5.252555e+00 9.278890e+00 
3.060605e+00 3.794988e+00 2.460993e+00 3.980393e+00 2.676394e+00 1.315041e-03 3.125905e+00 2.237292e+00 3.542585e+00 3.642064e+00 2.883505e+00 3.981396e+00 2.883505e+00 3.385804e+00 8.250028e-01 1.315041e-03 8.152239e-01 3.457714e+00 2.421789e+00 3.378432e+00 2.676394e+00 2.237292e+00 3.511994e+00 1.515739e+00 3.645909e+00 4.549319e+00 3.172269e+00 3.809352e+00 1.660142e+00 2.676394e+00 
1.280953e+00 8.606244e-01 6.595256e-02 3.348424e-01 1.365563e+00 6.999187e-04 1.084167e+00 5.762968e-01 9.061193e-07 8.336515e-02 5.969252e-01 1.432243e+00 5.969252e-01 1.463377e+00 3.223962e-01 6.999187e-04 6.763147e-01 9.451842e-01 4.539077e-02 6.920552e-01 1.365563e+00 5.762968e-01 1.375069e+00 1.029474e+00 1.548869e+00 1.461204e+00 1.491225e+00 5.774961e-01 1.059069e+00 1.365563e+00 
0.000000e+00 1.869815e-05 1.447016e-04 1.149215e-08 6.323754e-04 1.202265e-04 2.805624e-05 0.000000e+00 0.000000e+00 2.555162e-07 0.000000e+00 1.040484e-05 0.000000e+00 7.351876e-04 0.000000e+00 1.202265e-04 1.560263e-02 0.000000e+00 3.199973e-05 7.079549e-05 6.323754e-04 0.000000e+00 7.558153e-05 0.000000e+00 2.995440e-05 1.406511e-01 8.182150e-04 1.264902e-03 1.215517e-02 6.323754e-04 
0.000000e+00 0.000000e+00 0.000000e+00 0.000000e+00 0.000000e+00 0.000000e+00 0.000000e+00 0.000000e+00 0.000000e+00 0.000000e+00 0.000000e+00 0.000000e+00 0.000000e+00 0.000000e+00 0.000000e+00 0.000000e+00 0.000000e+00 0.000000e+00 0.000000e+00 0.000000e+00 0.000000e+00 0.000000e+00 0.000000e+00 0.000000e+00 0.000000e+00 0.000000e+00 0.000000e+00 0.000000e+00 0.000000e+00 0.000000e+00 
0.000000e+00 0.000000e+00 0.000000e+00 0.000000e+00 0.000000e+00 0.000000e+00 0.000000e+00 0.000000e+00 0.000000e+00 0.000000e+00 0.000000e+00 0.000000e+00 0.000000e+00 0.000000e+00 0.000000e+00 0.000000e+00 0.000000e+00 0.000000e+00 0.000000e+00 0.000000e+00 0.000000e+00 0.000000e+00 0.000000e+00 0.000000e+00 0.000000e+00 0.000000e+00 0.000000e+00 0.000000e+00 0.000000e+00 0.000000e+00 
0.000000e+00 0.000000e+00 0.000000e+00 0.000000e+00 0.000000e+00 0.000000e+00 0.000000e+00 0.000000e+00 0.000000e+00 0.000000e+00 0.000000e+00 0.000000e+00 0.000000e+00 0.000000e+00 0.000000e+00 0.000000e+00 0.000000e+00 0.000000e+00 0.000000e+00 0.000000e+00 0.000000e+00 0.000000e+00 0.000000e+00 0.000000e+00 0.000000e+00 0.000000e+00 0.000000e+00 0.000000e+00 0.000000e+00 0.000000e+00 