1.125167e+03 5.813492e+02 9.547794e+02 1.159602e+03 9.527075e+02 8.860135e+02 9.205704e+02 1.192978e+03 1.162803e+03 1.026576e+03 8.291911e+02 8.091052e+02 7.498204e+02 6.369499e+02 9.344164e+02 8.860135e+02 8.805127e+02 1.130500e+03 1.153699e+03 1.011068e+03 9.527075e+02 1.042468e+03 1.028625e+03 9.275011e+02 7.700537e+02 1.042468e+03 6.480975e+02 7.902297e+02 9.786585e+02 9.527075e+02 
9.789654e+02 5.653818e+02 7.292039e+02 1.159602e+03 9.527075e+02 6.993183e+02 9.205704e+02 1.192978e+03 1.085919e+03 1.026576e+03 8.291911e+02 8.091052e+02 7.497913e+02 6.369499e+02 9.344164e+02 6.993183e+02 7.530075e+02 8.838762e+02 1.153699e+03 8.259518e+02 9.527075e+02 6.898660e+02 9.890091e+02 9.275011e+02 7.700537e+02 6.898660e+02 6.480975e+02 7.902297e+02 9.536723e+02 9.527075e+02 
9.789654e+02 5.653818e+02 7.292039e+02 1.159602e+03 9.527075e+02 6.993183e+02 9.205704e+02 1.192978e+03 1.085919e+03 1.026576e+03 8.291911e+02 8.091052e+02 7.497913e+02 6.369499e+02 9.344164e+02 6.993183e+02 7.530075e+02 8.838762e+02 1.153699e+03 8.259518e+02 9.527075e+02 6.898660e+02 9.890091e+02 9.275011e+02 7.700537e+02 6.898660e+02 6.480975e+02 7.902297e+02 9.536723e+02 9.527075e+02 
5.699900e+02 5.653818e+02 2.744078e+02 9.794575e+02 8.826907e+02 6.610820e+02 9.205704e+02 1.192978e+03 8.106010e+02 1.026576e+03 7.669350e+02 4.763608e+02 7.497913e+02 6.369499e+02 9.344164e+02 6.610820e+02 7.530075e+02 8.660170e+02 6.422108e+02 8.259518e+02 8.826907e+02 6.873195e+02 8.373440e+02 9.275011e+02 4.237605e+02 6.873195e+02 6.480975e+02 7.902297e+02 9.536723e+02 8.826907e+02 
5.699900e+02 5.653818e+02 2.744078e+02 8.530770e+02 7.372182e+02 5.569298e+02 8.136614e+02 9.424747e+02 7.011401e+02 4.230308e+02 7.669350e+02 4.498741e+02 5.108712e+02 6.369499e+02 7.421707e+02 5.569298e+02 6.918244e+02 7.918634e+02 6.421336e+02 6.231974e+02 7.372182e+02 6.230361e+02 6.380868e+02 5.524314e+02 4.237605e+02 6.230361e+02 5.797264e+02 7.798344e+02 7.893396e+02 7.372182e+02 
3.935939e+02 5.475877e+02 2.744078e+02 7.143241e+02 6.537784e+02 5.569298e+02 7.631739e+02 6.742753e+02 5.084611e+02 4.206338e+02 5.699032e+02 3.534586e+02 2.971540e+02 6.356984e+02 6.894790e+02 5.569298e+02 6.359428e+02 6.752108e+02 6.421336e+02 5.272972e+02 6.537784e+02 6.230361e+02 2.389912e+02 5.246374e+02 3.874240e+02 6.230361e+02 4.598401e+02 3.753886e+02 7.893396e+02 6.537784e+02 
2.880979e+02 4.093457e+02 2.103407e+02 5.385551e+02 5.135009e+02 5.197789e+02 5.977821e+02 6.524899e+02 5.082353e+02 3.655555e+02 4.472394e+02 3.424566e+02 2.914165e+02 5.439363e+02 2.406813e+02 5.197789e+02 5.975283e+02 6.752108e+02 5.531905e+02 4.682270e+02 5.135009e+02 2.347238e+02 2.389912e+02 4.995177e+02 2.365308e+02 2.347238e+02 3.978704e+02 3.718590e+02 6.286916e+02 5.135009e+02 
2.194583e+02 3.592301e+02 2.103407e+02 2.916056e+02 3.430225e+02 4.228028e+02 4.866345e+02 4.927398e+02 4.241858e+02 3.464533e+02 4.283146e+02 2.444873e+02 2.870174e+02 4.272574e+02 1.525081e+02 4.228028e+02 3.743644e+02 4.370635e+02 4.347740e+02 3.399390e+02 3.430225e+02 2.301435e+02 2.381465e+02 3.889817e+02 2.174416e+02 2.301435e+02 3.969450e+02 3.211533e+02 4.111682e+02 3.430225e+02 
1.598971e+02 2.501081e+02 9.158069e+01 1.624010e+02 1.844786e+02 5.224351e+01 2.729076e+02 1.185380e+02 2.851185e+02 1.953673e+02 2.950417e+02 2.444873e+02 2.495813e+02 2.923963e+02 1.226454e+02 5.224351e+01 7.747248e+01 3.208358e+02 2.286074e+02 2.145928e+02 1.844786e+02 1.739619e+02 1.903003e+02 1.158112e+02 2.028783e+02 1.739619e+02 2.594757e+02 2.721520e+02 1.325458e+02 1.844786e+02 
1.598326e+02 1.230986e+02 8.723611e+01 6.398806e+01 6.333049e+01 5.020990e+01 1.272459e+02 8.015069e+01 1.460304e+02 1.533361e+02 1.431901e+02 1.293029e+02 1.302956e+02 1.510922e+02 8.694657e+01 5.020990e+01 6.435693e+01 1.918288e+02 1.757985e+02 2.091285e+02 6.333049e+01 4.892263e+01 1.901827e+02 1.149787e+02 5.735171e+01 4.892263e+01 2.151903e+02 1.217769e+02 1.325458e+02 6.333049e+01 
2.514353e+01 2.184268e+01 3.071408e+01 5.512747e+01 2.133392e+01 3.693776e+01 7.086885e+01 3.168661e+01 6.470942e+01 8.605463e+01 4.320137e+01 5.622687e+01 5.967642e+01 1.017121e+02 3.394060e+01 3.693776e+01 2.311544e+01 1.369798e+02 4.544606e+01 1.033349e+02 2.133392e+01 4.586545e+01 5.648974e+01 8.803547e+01 5.376274e+01 4.586545e+01 8.018463e+01 8.032255e+01 7.971894e+01 2.133392e+01 
2.350779e+01 2.055866e+01 1.822604e+01 6.746774e+00 1.824153e+01 2.407745e+01 2.317429e+01 9.371217e+00 1.851319e+01 1.754557e+01 3.997009e+01 3.393637e+01 7.806978e+00 3.812129e+01 1.370714e+01 2.407745e+01 1.395381e+01 4.036583e+01 1.634436e+01 3.158012e+01 1.824153e+01 4.010960e+01 2.341718e+01 3.869167e+01 4.899164e+01 4.010960e+01 4.235594e+01 3.864019e+01 3.324696e+01 1.824153e+01 
1.831521e+01 8.946878e+00 9.938770e+00 6.677208e+00 1.460366e+01 6.463563e+00 7.840923e+00 6.817107e+00 9.926162e+00 1.330546e+01 2.789090e+01 9.475297e+00 6.662897e+00 6.856204e+00 1.299304e+01 6.463563e+00 1.193053e+01 7.245804e+00 1.422721e+01 2.252906e+01 1.460366e+01 3.104238e+01 1.117105e+01 3.181188e+00 2.234460e+01 3.104238e+01 1.524915e+01 3.170185e+01 1.563607e+01 1.460366e+01 
5.372949e+00 1.867191e+00 2.775436e+00 4.673161e+00 5.099670e+00 3.714922e+00 3.790354e+00 3.623942e+00 5.166191e+00 7.973634e+00 7.550759e+00 4.219993e+00 4.782834e+00 5.816458e+00 4.269598e+00 3.714922e+00 3.229239e+00 2.819633e+00 1.083385e+01 2.911552e+00 5.099670e+00 7.804025e+00 3.345784e+00 2.781096e+00 1.357235e+01 7.804025e+00 8.596250e+00 2.759726e+00 9.980586e+00 5.099670e+00 
2.205161e+00 1.355517e+00 1.091392e+00 1.396083e+00 2.010032e+00 2.384982e+00 1.858974e+00 1.430335e+00 2.563259e+00 2.106172e+00 1.522730e+00 9.244983e-01 2.091526e+00 1.891129e+00 2.839573e+00 2.384982e+00 1.605961e+00 2.544128e+00 2.010027e+00 2.166875e+00 2.010032e+00 1.923976e+00 2.049832e+00 2.422293e+00 2.510243e+00 1.923976e+00 1.012774e+00 2.207448e+00 3.186599e+00 2.010032e+00 
1.204824e-01 3.158950e-01 2.663683e-01 2.108496e-01 2.822818e-01 4.410690e-01 1.020218e-01 2.535257e-01 3.745082e-01 3.036743e-01 4.927289e-01 2.253433e-01 3.890462e-01 7.258863e-01 6.685646e-01 4.410690e-01 1.940965e-01 4.009669e-01 9.096299e-02 4.719808e-01 2.822818e-01 3.646430e-02 6.813413e-01 5.462265e-01 3.287884e-01 3.646430e-02 8.405259e-01 5.168348e-01 3.951419e-01 2.822818e-01 
0.000000e+00 0.000000e+00 0.000000e+00 0.000000e+00 0.000000e+00 0.000000e+00 0.000000e+00 0.000000e+00 0.000000e+00 0.000000e+00 0.000000e+00 0.000000e+00 0.000000e+00 0.000000e+00 0.000000e+00 0.000000e+00 0.000000e+00 0.000000e+00 0.000000e+00 0.000000e+00 0.000000e+00 0.000000e+00 0.000000e+00 0.000000e+00 0.000000e+00 0.000000e+00 0.000000e+00 0.000000e+00 0.000000e+00 0.000000e+00 