2.674767e+07 1.167495e+07 3.048131e+07 1.902025e+07 9.531934e+06 2.554260e+07 4.860692e+07 1.403539e+07 2.096363e+07 1.144407e+07 2.575328e+07 1.222908e+07 2.575328e+07 3.381042e+07 5.878822e+07 2.554260e+07 2.810385e+07 2.548812e+07 4.002047e+07 6.216800e+07 9.531934e+06 2.117024e+07 5.309618e+07 3.819727e+07 7.056321e+07 1.976233e+07 3.568563e+07 1.139338e+07 1.825776e+07 1.329269e+07 
2.674767e+07 1.167495e+07 3.048131e+07 1.902025e+07 9.531934e+06 2.554260e+07 4.860692e+07 1.403539e+07 2.096363e+07 1.144407e+07 2.575328e+07 1.222908e+07 2.575328e+07 3.381042e+07 5.878822e+07 2.554260e+07 2.810385e+07 2.548812e+07 4.002047e+07 6.216800e+07 9.531934e+06 2.117024e+07 5.309618e+07 3.819727e+07 7.056321e+07 1.976233e+07 3.568563e+07 1.139338e+07 1.825776e+07 1.329269e+07 
2.674767e+07 1.167495e+07 3.048131e+07 1.902025e+07 9.531934e+06 2.554260e+07 4.860692e+07 1.403539e+07 2.096363e+07 1.144407e+07 2.575328e+07 1.222908e+07 2.575328e+07 3.381042e+07 5.878822e+07 2.554260e+07 2.810385e+07 2.548812e+07 4.002047e+07 6.216800e+07 9.531934e+06 2.117024e+07 5.309618e+07 3.819727e+07 7.056321e+07 1.976233e+07 3.568563e+07 1.139338e+07 1.825776e+07 1.329269e+07 
2.674767e+07 1.167480e+07 3.048131e+07 5.848761e+06 9.531934e+06 2.554260e+07 3.944640e+07 1.403539e+07 2.096363e+07 1.144406e+07 2.575328e+07 1.222908e+07 2.575328e+07 3.381042e+07 4.805444e+07 2.554260e+07 2.810385e+07 2.548812e+07 3.168079e+07 2.214789e+07 9.531934e+06 2.116995e+07 1.236130e+07 3.819727e+07 7.056321e+07 1.976233e+07 3.568563e+07 1.139338e+07 1.825729e+07 1.329269e+07 
1.040806e+07 1.167480e+07 3.048131e+07 5.848721e+06 9.531934e+06 2.554260e+07 1.388680e+07 1.403539e+07 2.096363e+07 1.144406e+07 2.575328e+07 1.222908e+07 2.575328e+07 3.381042e+07 4.805428e+07 2.554260e+07 2.810384e+07 2.548812e+07 1.418649e+07 2.214788e+07 9.531934e+06 2.116995e+07 8.828578e+06 2.231291e+07 1.594863e+07 1.976233e+07 3.568563e+07 1.139338e+07 1.825729e+07 5.275180e+06 
1.015817e+07 1.167366e+07 1.613944e+07 5.848721e+06 9.531934e+06 2.554189e+07 3.830762e+06 1.403539e+07 2.096363e+07 1.144406e+07 1.482910e+07 1.222908e+07 1.482910e+07 2.187232e+07 8.581403e+06 2.554189e+07 6.968314e+06 1.233281e+07 1.418649e+07 7.536696e+06 9.531934e+06 2.116995e+07 8.828407e+06 2.231291e+07 9.924271e+06 9.828321e+06 1.563469e+07 1.139324e+07 8.037386e+06 5.275152e+06 
1.015817e+07 1.071678e+07 1.613944e+07 5.508867e+06 6.660890e+06 2.485941e+07 3.830465e+06 1.325238e+07 1.678666e+07 1.144406e+07 9.333330e+06 1.083673e+07 9.333330e+06 1.172130e+07 8.581356e+06 2.485941e+07 6.408170e+06 1.233251e+07 1.418648e+07 4.309402e+06 6.660890e+06 1.356000e+07 8.828403e+06 1.124772e+07 1.266513e+06 9.828321e+06 9.711832e+06 1.045508e+07 8.036842e+06 5.275136e+06 
8.187868e+06 4.630568e+06 4.561964e+06 3.862345e+06 3.739098e+06 3.559745e+06 3.830260e+06 8.408753e+06 7.918768e+06 1.026938e+07 8.221503e+06 4.515677e+06 8.221503e+06 7.034455e+06 1.986513e+06 3.559745e+06 4.260739e+06 8.763334e+06 1.269912e+07 4.309402e+06 3.739098e+06 5.371900e+06 8.827322e+06 8.491430e+06 1.266423e+06 7.527436e+06 8.976630e+06 3.408184e+06 4.996119e+06 5.275119e+06 
2.359928e+06 3.078015e+06 2.742918e+06 3.134545e+06 7.973804e+05 3.559376e+06 1.720694e+06 5.255638e+06 3.305674e+06 3.923946e+06 4.615424e+06 4.515670e+06 4.615424e+06 5.423613e+06 1.986001e+06 3.559376e+06 1.232678e+06 5.046654e+06 4.390605e+06 2.368463e+06 7.973804e+05 4.084350e+06 5.152458e+06 1.038683e+06 1.265808e+06 3.570735e+06 4.386139e+06 3.408175e+06 4.457246e+06 3.586788e+06 
1.599591e+06 2.029860e+06 2.374455e+06 2.068506e+06 7.970284e+05 1.660426e+06 1.036859e+06 2.104543e+06 1.101253e+06 1.785866e+06 1.778872e+06 9.893884e+05 1.778872e+06 1.749592e+06 1.985561e+06 1.660426e+06 7.560435e+05 1.542665e+06 1.187524e+06 2.368058e+06 7.970284e+05 1.175382e+06 1.342553e+06 1.038673e+06 1.130948e+06 1.418233e+06 2.150554e+06 1.920614e+06 2.056964e+06 2.065627e+06 
3.757138e+05 9.758288e+05 1.761616e+06 1.262580e+06 7.969014e+05 1.150680e+06 8.427915e+05 1.254001e+06 4.819408e+05 4.661101e+05 4.509410e+05 7.320468e+05 4.509410e+05 9.906768e+05 1.434302e+06 1.150680e+06 6.872192e+05 5.164474e+05 7.733438e+05 8.725292e+05 7.969014e+05 1.175347e+06 4.760951e+05 5.291859e+05 4.448015e+05 5.436572e+05 1.290953e+06 6.356974e+05 1.127918e+06 4.449592e+05 
2.223211e+05 2.593274e+05 2.479123e+05 2.986678e+05 3.763748e+05 1.998940e+05 4.052966e+05 7.686406e+05 1.991190e+05 1.109095e+05 1.676023e+05 3.115905e+05 1.676023e+05 4.249688e+05 6.649290e+05 1.998940e+05 2.701585e+05 2.561286e+05 1.701252e+05 2.840611e+05 3.763748e+05 2.563937e+05 4.084634e+05 1.394283e+05 4.098096e+05 9.697503e+04 6.385075e+05 2.498000e+05 5.509160e+05 2.819419e+05 
1.980499e+04 1.989108e+04 1.079599e+05 4.267790e+04 1.962538e+04 6.480421e+03 4.776204e+04 1.209939e+04 4.049885e+04 4.860673e+04 5.376808e+04 3.542451e+04 5.376808e+04 1.878197e+04 1.542003e+04 6.480421e+03 4.972142e+04 5.172809e+04 3.292256e+04 1.156447e+04 1.962538e+04 2.032800e+04 4.949310e+04 7.261563e+04 8.659363e+04 3.758843e+04 7.962440e+04 6.664688e+04 3.962990e+04 6.714244e+04 
9.829840e+02 8.533628e+02 6.316967e+02 8.631560e+02 7.061488e+02 6.502034e+02 8.034211e+02 8.760152e+02 1.004314e+03 8.936071e+02 8.241659e+02 1.006168e+03 8.241659e+02 6.470027e+02 8.125580e+02 6.502034e+02 1.091032e+03 9.654042e+02 1.024896e+03 5.174782e+02 7.061488e+02 6.656066e+02 8.887500e+02 7.487473e+02 7.969585e+02 9.107568e+02 8.768047e+02 9.941344e+02 8.262520e+02 8.927531e+02 
2.614574e+02 3.034171e+02 2.754397e+02 2.840020e+02 1.444658e+02 9.891066e+01 2.537349e+02 1.176741e+02 2.963404e+02 2.887561e+02 1.783695e+02 1.684043e+02 1.783695e+02 2.056030e+02 1.606916e+02 9.891066e+01 3.299387e+02 1.740992e+02 2.184003e+02 2.285387e+02 1.444658e+02 1.760139e+02 2.930270e+02 1.963081e+02 2.964811e+02 2.017761e+02 1.897435e+02 2.222294e+02 3.038276e+02 1.988216e+02 
1.715085e+01 1.736894e+01 3.657648e+01 1.977013e+01 1.835789e+01 1.792924e+01 2.893723e+01 1.101253e+01 5.011445e+01 1.335968e+01 1.586812e+01 1.540135e+01 1.586812e+01 1.678993e+01 1.673993e+01 1.792924e+01 1.365415e+01 1.036825e+01 1.140830e+01 6.343599e+00 1.835789e+01 1.027939e+01 5.206646e+01 1.839431e+01 2.151737e+01 3.869024e+01 2.519020e+01 2.333706e+01 7.583773e+00 1.868887e+01 
0.000000e+00 0.000000e+00 0.000000e+00 0.000000e+00 0.000000e+00 0.000000e+00 0.000000e+00 0.000000e+00 0.000000e+00 0.000000e+00 0.000000e+00 0.000000e+00 0.000000e+00 0.000000e+00 0.000000e+00 0.000000e+00 0.000000e+00 0.000000e+00 0.000000e+00 0.000000e+00 0.000000e+00 0.000000e+00 0.000000e+00 0.000000e+00 0.000000e+00 0.000000e+00 0.000000e+00 0.000000e+00 0.000000e+00 0.000000e+00 