3.778108e+02 3.589171e+02 3.313142e+02 4.515102e+02 3.890117e+02 2.990555e+02 3.489594e+02 3.152339e+02 2.707868e+02 2.862373e+02 4.031336e+02 3.707511e+02 4.541374e+02 2.262633e+02 4.190102e+02 2.990555e+02 2.707868e+02 3.890117e+02 3.837190e+02 2.990555e+02 3.890117e+02 3.698286e+02 4.077366e+02 3.698286e+02 3.914817e+02 3.698286e+02 3.821746e+02 4.110001e+02 3.979768e+02 3.890117e+02 
2.719903e+02 2.520628e+02 3.313142e+02 3.737852e+02 3.890117e+02 2.763553e+02 3.313200e+02 2.854607e+02 2.707868e+02 2.672110e+02 3.316798e+02 3.707511e+02 3.796583e+02 2.262633e+02 3.446639e+02 2.763553e+02 2.707868e+02 3.890117e+02 3.837190e+02 2.763553e+02 3.890117e+02 3.696646e+02 3.723543e+02 3.696646e+02 3.344120e+02 3.696646e+02 3.306102e+02 2.265489e+02 2.967987e+02 3.890117e+02 
2.719903e+02 2.520628e+02 3.313142e+02 3.737852e+02 3.890117e+02 2.763553e+02 3.313200e+02 2.854607e+02 2.707868e+02 2.672110e+02 3.316798e+02 3.707511e+02 3.796583e+02 2.262633e+02 3.446639e+02 2.763553e+02 2.707868e+02 3.890117e+02 3.837190e+02 2.763553e+02 3.890117e+02 3.696646e+02 3.723543e+02 3.696646e+02 3.344120e+02 3.696646e+02 3.306102e+02 2.265489e+02 2.967987e+02 3.890117e+02 
2.719903e+02 2.280102e+02 3.176424e+02 3.194697e+02 3.393903e+02 2.763553e+02 3.313200e+02 2.854607e+02 2.707868e+02 2.672110e+02 2.860138e+02 3.219390e+02 3.643961e+02 2.262633e+02 3.446639e+02 2.763553e+02 2.707868e+02 3.393903e+02 3.228853e+02 2.763553e+02 3.393903e+02 2.506051e+02 3.134876e+02 2.506051e+02 2.762417e+02 2.506051e+02 3.186835e+02 2.202306e+02 2.967987e+02 3.393903e+02 
2.571965e+02 1.545698e+02 2.135036e+02 2.587907e+02 2.743325e+02 2.635145e+02 2.906271e+02 2.350302e+02 2.498908e+02 2.468998e+02 9.074326e+01 2.572555e+02 2.648799e+02 2.262633e+02 2.485827e+02 2.635145e+02 2.498908e+02 2.743325e+02 2.768898e+02 2.635145e+02 2.743325e+02 2.083096e+02 2.513995e+02 2.083096e+02 2.463987e+02 2.083096e+02 3.013103e+02 1.983624e+02 2.967987e+02 2.743325e+02 
1.420335e+02 1.059343e+02 1.955289e+02 2.061206e+02 2.550333e+02 2.181932e+02 2.647852e+02 1.986618e+02 2.211912e+02 2.233776e+02 7.039113e+01 1.995199e+02 2.018301e+02 1.596462e+02 1.594553e+02 2.181932e+02 2.211912e+02 2.550333e+02 2.151699e+02 2.181932e+02 2.550333e+02 2.083096e+02 2.262904e+02 2.083096e+02 1.789751e+02 2.083096e+02 2.030379e+02 1.890124e+02 2.059823e+02 2.550333e+02 
1.420335e+02 1.059343e+02 1.367260e+02 1.613875e+02 1.603876e+02 1.666944e+02 1.555315e+02 1.127511e+02 1.111436e+02 1.753596e+02 7.039113e+01 1.800513e+02 1.736339e+02 1.200703e+02 1.247996e+02 1.666944e+02 1.111436e+02 1.603876e+02 1.416495e+02 1.666944e+02 1.603876e+02 1.344062e+02 1.676418e+02 1.344062e+02 1.539415e+02 1.344062e+02 1.843632e+02 1.252066e+02 1.598404e+02 1.603876e+02 
1.226200e+02 1.011934e+02 1.135066e+02 1.116942e+02 6.750944e+01 1.209169e+02 1.121048e+02 1.124157e+02 9.854258e+01 1.410894e+02 6.991828e+01 1.157044e+02 1.459429e+02 9.470533e+01 1.097997e+02 1.209169e+02 9.854258e+01 6.750944e+01 1.138472e+02 1.209169e+02 6.750944e+01 9.950855e+01 9.790399e+01 9.950855e+01 1.166705e+02 9.950855e+01 1.274721e+02 9.852120e+01 1.162334e+02 6.750944e+01 
9.069794e+01 7.677852e+01 9.221265e+01 8.912158e+01 5.440523e+01 9.188498e+01 6.852998e+01 8.527572e+01 7.831364e+01 8.695118e+01 5.256161e+01 7.660937e+01 8.394208e+01 6.602735e+01 8.492793e+01 9.188498e+01 7.831364e+01 5.440523e+01 7.615219e+01 9.188498e+01 5.440523e+01 4.645753e+01 7.725219e+01 4.645753e+01 8.064038e+01 4.645753e+01 7.195998e+01 6.905000e+01 8.776135e+01 5.440523e+01 
4.498076e+01 6.315288e+01 4.926515e+01 6.377055e+01 4.603890e+01 4.636644e+01 5.188976e+01 4.623699e+01 5.635673e+01 5.167486e+01 5.256161e+01 5.218688e+01 6.145989e+01 5.778939e+01 6.995519e+01 4.636644e+01 5.635673e+01 4.603890e+01 6.739791e+01 4.636644e+01 4.603890e+01 3.431274e+01 4.749180e+01 3.431274e+01 5.118123e+01 3.431274e+01 4.528796e+01 6.513181e+01 5.869414e+01 4.603890e+01 
4.498076e+01 4.737889e+01 3.785501e+01 3.285267e+01 3.658165e+01 3.550207e+01 4.174507e+01 3.893491e+01 5.594391e+01 3.808593e+01 3.877878e+01 2.696609e+01 4.051170e+01 3.417961e+01 3.883528e+01 3.550207e+01 5.594391e+01 3.658165e+01 3.365260e+01 3.550207e+01 3.658165e+01 2.921844e+01 3.972376e+01 2.921844e+01 4.630866e+01 2.921844e+01 4.211155e+01 3.414261e+01 4.205305e+01 3.658165e+01 
2.680533e+01 2.815690e+01 2.499473e-01 2.235461e+01 3.517009e+01 2.939201e+01 3.369430e+01 2.609063e+01 2.921757e+01 3.056512e+01 2.644622e+01 2.546903e+01 2.248825e+01 2.897924e+01 3.686643e+01 2.939201e+01 2.921757e+01 3.517009e+01 1.949149e+01 2.939201e+01 3.517009e+01 2.380004e+01 3.498893e+01 2.380004e+01 1.605337e+01 2.380004e+01 3.224075e+01 2.669765e+01 3.857267e+01 3.517009e+01 
1.982131e+01 1.724545e+01 2.499473e-01 2.230079e+01 2.249613e+01 2.459909e+01 2.460111e+01 1.886578e+01 2.817407e+01 2.657628e+01 2.026087e+01 2.185912e+01 1.200868e+01 1.602271e+01 2.280189e+01 2.459909e+01 2.817407e+01 2.249613e+01 1.949149e+01 2.459909e+01 2.249613e+01 1.746542e+01 2.007775e+01 1.746542e+01 1.401568e+01 1.746542e+01 2.123373e+01 1.924908e+01 2.835993e+01 2.249613e+01 
9.062771e+00 5.620127e+00 2.222312e-01 1.642794e+01 1.354861e+01 1.986159e+01 7.970768e+00 1.399818e+01 3.489819e+00 1.133029e+00 1.613302e+01 5.438464e+00 6.578180e+00 3.181033e+00 7.833162e+00 1.986159e+01 3.489819e+00 1.354861e+01 5.908385e-01 1.986159e+01 1.354861e+01 8.868780e+00 1.030856e+01 8.868780e+00 6.339070e+00 8.868780e+00 1.156840e+01 1.655312e+01 1.686480e+01 1.354861e+01 
1.865606e-02 5.684422e-02 9.458301e-02 1.710460e-02 1.826835e-01 1.139068e-02 1.942082e-01 3.559187e-03 1.794129e-02 1.379671e-01 3.761393e-02 9.505705e-02 1.281722e-01 2.221945e-02 3.881074e-04 1.139068e-02 1.794129e-02 1.826835e-01 1.151328e-03 1.139068e-02 1.826835e-01 5.771469e-02 2.584273e-03 5.771469e-02 2.336759e-01 5.771469e-02 6.963986e-01 1.579491e-02 2.877393e-01 1.826835e-01 
0.000000e+00 0.000000e+00 0.000000e+00 0.000000e+00 0.000000e+00 0.000000e+00 0.000000e+00 0.000000e+00 0.000000e+00 0.000000e+00 0.000000e+00 0.000000e+00 0.000000e+00 0.000000e+00 0.000000e+00 0.000000e+00 0.000000e+00 0.000000e+00 0.000000e+00 0.000000e+00 0.000000e+00 0.000000e+00 0.000000e+00 0.000000e+00 0.000000e+00 0.000000e+00 0.000000e+00 0.000000e+00 0.000000e+00 0.000000e+00 
0.000000e+00 0.000000e+00 0.000000e+00 0.000000e+00 0.000000e+00 0.000000e+00 0.000000e+00 0.000000e+00 0.000000e+00 0.000000e+00 0.000000e+00 0.000000e+00 0.000000e+00 0.000000e+00 0.000000e+00 0.000000e+00 0.000000e+00 0.000000e+00 0.000000e+00 0.000000e+00 0.000000e+00 0.000000e+00 0.000000e+00 0.000000e+00 0.000000e+00 0.000000e+00 0.000000e+00 0.000000e+00 0.000000e+00 0.000000e+00 