2.439777e+03 2.250219e+03 2.058997e+03 2.002742e+03 2.058997e+03 2.219006e+03 2.279391e+03 2.067657e+03 2.270638e+03 2.594513e+03 2.128991e+03 2.293934e+03 2.128991e+03 2.143254e+03 2.075062e+03 2.219006e+03 1.988734e+03 2.058997e+03 2.219006e+03 1.641470e+03 2.058997e+03 2.067657e+03 1.939748e+03 2.075062e+03 2.384171e+03 2.067657e+03 1.988734e+03 2.434015e+03 2.293934e+03 2.058997e+03 
2.060932e+03 2.250219e+03 2.058997e+03 2.002742e+03 2.058997e+03 2.061656e+03 2.264916e+03 1.932805e+03 1.841893e+03 2.299756e+03 2.128991e+03 2.064983e+03 2.128991e+03 2.113544e+03 2.075062e+03 2.061656e+03 1.988734e+03 2.058997e+03 2.061656e+03 1.641470e+03 2.058997e+03 1.932805e+03 1.927681e+03 2.075062e+03 2.384171e+03 1.932805e+03 1.988734e+03 2.434015e+03 2.064983e+03 2.058997e+03 
2.060932e+03 2.250219e+03 2.058997e+03 2.002742e+03 2.058997e+03 2.061656e+03 2.264916e+03 1.932805e+03 1.841893e+03 2.299756e+03 2.128991e+03 2.064983e+03 2.128991e+03 2.113544e+03 2.075062e+03 2.061656e+03 1.988734e+03 2.058997e+03 2.061656e+03 1.641470e+03 2.058997e+03 1.932805e+03 1.927681e+03 2.075062e+03 2.384171e+03 1.932805e+03 1.988734e+03 2.434015e+03 2.064983e+03 2.058997e+03 
2.045336e+03 2.250219e+03 2.058997e+03 2.002742e+03 2.058997e+03 2.061656e+03 2.262958e+03 1.932805e+03 1.841893e+03 2.209332e+03 2.106243e+03 2.064983e+03 2.106243e+03 1.999110e+03 2.075062e+03 2.061656e+03 1.988734e+03 2.058997e+03 2.061656e+03 1.641470e+03 2.058997e+03 1.932805e+03 1.776876e+03 2.075062e+03 2.253755e+03 1.932805e+03 1.988734e+03 2.314964e+03 2.064983e+03 2.058997e+03 
1.900414e+03 1.670342e+03 1.843195e+03 1.964823e+03 1.843195e+03 1.869948e+03 1.853901e+03 1.844439e+03 1.659340e+03 2.032376e+03 1.838162e+03 2.000340e+03 1.838162e+03 1.738368e+03 1.727257e+03 1.869948e+03 1.869560e+03 1.843195e+03 1.869948e+03 1.641470e+03 1.843195e+03 1.844439e+03 1.670105e+03 1.727257e+03 2.225915e+03 1.844439e+03 1.869560e+03 1.778181e+03 2.000340e+03 1.843195e+03 
1.535879e+03 1.531585e+03 1.506253e+03 1.584641e+03 1.506253e+03 1.360590e+03 1.421106e+03 1.844439e+03 1.585401e+03 1.936393e+03 1.708218e+03 1.934443e+03 1.708218e+03 1.649288e+03 1.727257e+03 1.360590e+03 1.869560e+03 1.506253e+03 1.360590e+03 1.641470e+03 1.506253e+03 1.844439e+03 1.399783e+03 1.727257e+03 1.826865e+03 1.844439e+03 1.869560e+03 1.651834e+03 1.934443e+03 1.506253e+03 
1.312000e+03 1.197375e+03 1.301298e+03 1.447190e+03 1.301298e+03 1.360590e+03 1.421106e+03 1.367846e+03 1.585401e+03 1.338899e+03 1.594446e+03 1.742777e+03 1.594446e+03 1.528347e+03 1.328239e+03 1.360590e+03 1.325934e+03 1.301298e+03 1.360590e+03 1.507085e+03 1.301298e+03 1.367846e+03 1.257538e+03 1.328239e+03 1.120554e+03 1.367846e+03 1.325934e+03 1.223993e+03 1.742777e+03 1.301298e+03 
1.004967e+03 1.192292e+03 1.301298e+03 1.067382e+03 1.301298e+03 1.013180e+03 1.202601e+03 1.167232e+03 1.204473e+03 1.148694e+03 1.498965e+03 1.195140e+03 1.498965e+03 1.072089e+03 1.206425e+03 1.013180e+03 1.298464e+03 1.301298e+03 1.013180e+03 8.600930e+02 1.301298e+03 1.167232e+03 1.166514e+03 1.206425e+03 1.120554e+03 1.167232e+03 1.298464e+03 1.223993e+03 1.195140e+03 1.301298e+03 
9.140001e+02 8.597781e+02 9.903169e+02 7.751556e+02 9.903169e+02 8.599337e+02 1.056540e+03 1.012828e+03 7.592296e+02 7.580420e+02 9.248411e+02 1.016408e+03 9.248411e+02 7.779777e+02 9.752080e+02 8.599337e+02 9.405601e+02 9.903169e+02 8.599337e+02 4.379291e+02 9.903169e+02 1.012828e+03 9.017325e+02 9.752080e+02 8.133897e+02 1.012828e+03 9.405601e+02 9.574208e+02 1.016408e+03 9.903169e+02 
4.274868e+02 1.880714e+02 5.641709e+02 7.081091e+02 5.641709e+02 5.972090e+02 7.106671e+02 6.052314e+02 4.863522e+02 6.409979e+02 7.217797e+02 6.991001e+02 7.217797e+02 6.184232e+02 5.437259e+02 5.972090e+02 7.448660e+02 5.641709e+02 5.972090e+02 4.379291e+02 5.641709e+02 6.052314e+02 8.199425e+02 5.437259e+02 7.358220e+02 6.052314e+02 7.448660e+02 6.845394e+02 6.991001e+02 5.641709e+02 
3.594966e+02 1.880714e+02 2.886439e+02 5.801598e+02 2.886439e+02 2.388524e+02 3.075537e+02 4.723809e+02 3.369657e+02 3.609194e+02 3.503908e+02 3.986521e+02 3.503908e+02 3.826775e+02 4.467417e+02 2.388524e+02 2.647767e+02 2.886439e+02 2.388524e+02 2.658096e+02 2.886439e+02 4.723809e+02 4.050327e+02 4.467417e+02 3.080182e+02 4.723809e+02 2.647767e+02 4.321718e+02 3.986521e+02 2.886439e+02 
1.885541e+02 1.372716e+02 1.808326e+02 7.430979e+01 1.808326e+02 1.260541e+02 1.501229e+02 1.222588e+02 7.824961e+01 2.397399e+02 2.271685e+02 1.580452e+02 2.271685e+02 2.719293e+02 1.280943e+02 1.260541e+02 1.538642e+02 1.808326e+02 1.260541e+02 2.226065e+02 1.808326e+02 1.222588e+02 2.185220e+02 1.280943e+02 1.639039e+02 1.222588e+02 1.538642e+02 1.473923e+02 1.580452e+02 1.808326e+02 
4.563142e+01 8.365654e+01 6.642691e+01 1.900170e+01 6.642691e+01 6.157647e+01 6.845651e+01 8.754026e+01 3.031252e+01 1.103208e+02 7.435519e+01 5.543699e+01 7.435519e+01 5.638627e+01 5.494688e+01 6.157647e+01 4.589817e+01 6.642691e+01 6.157647e+01 6.183532e+01 6.642691e+01 8.754026e+01 6.248322e+01 5.494688e+01 4.737279e+01 8.754026e+01 4.589817e+01 5.065312e+01 5.543699e+01 6.642691e+01 
7.406382e+00 1.644016e+01 1.516994e+01 9.606198e+00 1.516994e+01 8.123580e+00 1.225106e+01 1.133784e+01 5.871842e+00 1.083343e+01 1.544689e+01 1.032339e+01 1.544689e+01 1.612930e+01 1.306435e+01 8.123580e+00 5.609178e+00 1.516994e+01 8.123580e+00 1.319684e+01 1.516994e+01 1.133784e+01 8.536178e+00 1.306435e+01 9.133369e+00 1.133784e+01 5.609178e+00 9.237820e+00 1.032339e+01 1.516994e+01 
6.525487e-01 6.633089e-01 4.514492e-01 5.830655e-01 4.514492e-01 2.972489e-01 4.470582e-01 5.571984e-01 2.593341e-01 4.692962e-01 4.706932e-01 3.956600e-01 4.706932e-01 4.224543e-01 4.009765e-01 2.972489e-01 4.373954e-01 4.514492e-01 2.972489e-01 6.992657e-01 4.514492e-01 5.571984e-01 7.072662e-01 4.009765e-01 4.298201e-01 5.571984e-01 4.373954e-01 2.160667e-01 3.956600e-01 4.514492e-01 
0.000000e+00 0.000000e+00 0.000000e+00 0.000000e+00 0.000000e+00 0.000000e+00 0.000000e+00 0.000000e+00 0.000000e+00 0.000000e+00 0.000000e+00 0.000000e+00 0.000000e+00 0.000000e+00 0.000000e+00 0.000000e+00 0.000000e+00 0.000000e+00 0.000000e+00 0.000000e+00 0.000000e+00 0.000000e+00 0.000000e+00 0.000000e+00 0.000000e+00 0.000000e+00 0.000000e+00 0.000000e+00 0.000000e+00 0.000000e+00 
0.000000e+00 0.000000e+00 0.000000e+00 0.000000e+00 0.000000e+00 0.000000e+00 0.000000e+00 0.000000e+00 0.000000e+00 0.000000e+00 0.000000e+00 0.000000e+00 0.000000e+00 0.000000e+00 0.000000e+00 0.000000e+00 0.000000e+00 0.000000e+00 0.000000e+00 0.000000e+00 0.000000e+00 0.000000e+00 0.000000e+00 0.000000e+00 0.000000e+00 0.000000e+00 0.000000e+00 0.000000e+00 0.000000e+00 0.000000e+00 