1.870654e+03 1.751480e+03 1.806111e+03 1.676660e+03 1.526384e+03 1.874582e+03 2.004207e+03 1.864566e+03 1.570071e+03 1.550199e+03 1.913902e+03 1.388526e+03 1.920625e+03 1.568297e+03 1.382957e+03 1.874582e+03 1.396306e+03 2.035085e+03 1.834636e+03 2.201489e+03 1.526384e+03 1.503904e+03 2.203341e+03 1.353114e+03 1.465343e+03 1.503904e+03 1.102980e+03 1.792233e+03 1.646981e+03 1.526384e+03 
1.870654e+03 1.751480e+03 1.806111e+03 1.676660e+03 1.526384e+03 1.874582e+03 2.004207e+03 1.864566e+03 1.570071e+03 1.550199e+03 1.913902e+03 1.388526e+03 1.920625e+03 1.568297e+03 1.382957e+03 1.874582e+03 1.396306e+03 2.035085e+03 1.834636e+03 2.201489e+03 1.526384e+03 1.503904e+03 2.203341e+03 1.353114e+03 1.465343e+03 1.503904e+03 1.102980e+03 1.792233e+03 1.646981e+03 1.526384e+03 
1.870654e+03 1.751480e+03 1.806111e+03 1.676660e+03 1.526384e+03 1.874582e+03 2.004207e+03 1.864566e+03 1.570071e+03 1.550199e+03 1.913902e+03 1.388526e+03 1.920625e+03 1.568297e+03 1.382957e+03 1.874582e+03 1.396306e+03 2.035085e+03 1.834636e+03 2.201489e+03 1.526384e+03 1.503904e+03 2.203341e+03 1.353114e+03 1.465343e+03 1.503904e+03 1.102980e+03 1.792233e+03 1.646981e+03 1.526384e+03 
1.861654e+03 1.751480e+03 1.805904e+03 1.676660e+03 1.526384e+03 1.822718e+03 1.961563e+03 1.687795e+03 1.570071e+03 1.550199e+03 1.727569e+03 1.388526e+03 1.840623e+03 1.568297e+03 1.382957e+03 1.822718e+03 1.396306e+03 1.892864e+03 1.834636e+03 2.162591e+03 1.526384e+03 1.503904e+03 1.609088e+03 1.353114e+03 1.413827e+03 1.503904e+03 1.102980e+03 1.656413e+03 1.646981e+03 1.526384e+03 
1.861654e+03 1.751480e+03 1.805904e+03 1.624414e+03 1.526384e+03 1.798253e+03 1.946918e+03 1.687795e+03 1.372887e+03 1.550199e+03 1.535328e+03 1.388526e+03 1.832295e+03 1.262172e+03 1.382927e+03 1.798253e+03 1.396306e+03 1.709302e+03 1.496044e+03 1.903585e+03 1.526384e+03 1.215453e+03 1.608978e+03 1.353114e+03 1.261802e+03 1.215453e+03 1.102980e+03 1.656413e+03 1.646981e+03 1.526384e+03 
1.345954e+03 1.560605e+03 1.593960e+03 1.168908e+03 1.433641e+03 1.699017e+03 1.757609e+03 1.687795e+03 1.327341e+03 1.550199e+03 1.535328e+03 1.326824e+03 1.810372e+03 1.262172e+03 1.350632e+03 1.699017e+03 1.396149e+03 1.676582e+03 1.277958e+03 1.888153e+03 1.433641e+03 1.075845e+03 1.608978e+03 1.184921e+03 7.622996e+02 1.075845e+03 1.095998e+03 1.656309e+03 1.279603e+03 1.433641e+03 
1.334441e+03 1.416874e+03 1.204999e+03 1.168908e+03 1.260415e+03 1.081727e+03 1.723405e+03 1.454785e+03 1.168420e+03 1.236428e+03 1.489969e+03 1.326824e+03 1.534651e+03 1.262172e+03 1.350622e+03 1.081727e+03 1.140222e+03 1.531354e+03 1.085208e+03 1.399098e+03 1.260415e+03 8.394680e+02 1.335683e+03 1.184381e+03 7.622984e+02 8.394680e+02 1.090638e+03 1.256339e+03 1.050241e+03 1.260415e+03 
1.065417e+03 1.103145e+03 9.374365e+02 9.317353e+02 1.253403e+03 8.107497e+02 1.265378e+03 1.007177e+03 1.100158e+03 1.024606e+03 8.810647e+02 1.004119e+03 1.171571e+03 7.597299e+02 7.302261e+02 8.107497e+02 8.350127e+02 1.211856e+03 9.719931e+02 8.737035e+02 1.253403e+03 5.665943e+02 8.270468e+02 8.578011e+02 7.622888e+02 5.665943e+02 7.571340e+02 9.217798e+02 9.383357e+02 1.253403e+03 
7.139943e+02 2.646172e+02 7.186074e+02 6.782918e+02 5.840295e+02 5.129806e+02 5.835649e+02 5.804265e+02 7.055286e+02 7.760450e+02 6.182447e+02 4.317861e+02 5.195239e+02 5.602921e+02 3.915071e+02 5.129806e+02 5.366689e+02 5.407008e+02 6.077917e+02 8.371626e+02 5.840295e+02 4.477859e+02 6.763128e+02 7.269629e+02 5.065694e+02 4.477859e+02 6.615291e+02 5.768269e+02 5.134804e+02 5.840295e+02 
3.472261e+02 9.717447e+01 3.169289e+02 1.597729e+02 3.060220e+02 1.942155e+02 2.576008e+02 2.424996e+02 4.243624e+02 3.367678e+02 1.827402e+02 2.758543e+02 3.270591e+02 4.105893e+02 2.662595e+02 1.942155e+02 2.167246e+02 3.912887e+02 3.105640e+02 2.065236e+02 3.060220e+02 1.724482e+02 2.638642e+02 4.659995e+02 1.706812e+02 1.724482e+02 1.362111e+02 1.285507e+02 3.312261e+02 3.060220e+02 
7.659851e+01 4.083635e+01 8.827152e+01 7.800166e+01 8.528552e+01 1.047736e+02 6.266620e+01 6.233234e+01 1.064888e+02 5.272924e+01 7.880402e+01 7.825262e+01 7.938708e+01 6.267509e+01 4.431337e+01 1.047736e+02 8.105452e+01 1.115996e+02 6.542483e+01 6.874598e+01 8.528552e+01 6.201967e+01 1.049549e+02 9.087981e+01 6.463439e+01 6.201967e+01 7.408165e+01 9.235266e+01 7.634010e+01 8.528552e+01 
2.140715e+01 1.164288e+01 2.009987e+01 1.086344e+01 2.280624e+01 2.007409e+01 1.746297e+01 2.096035e+01 1.689075e+01 1.345516e+01 8.973586e+00 9.417381e+00 1.293168e+01 2.173981e+01 1.743416e+01 2.007409e+01 8.023035e+00 1.216967e+01 1.437581e+01 1.790258e+01 2.280624e+01 7.322271e+00 1.227965e+01 1.384537e+01 1.116742e+01 7.322271e+00 7.645133e+00 1.216939e+01 1.329214e+01 2.280624e+01 
1.497814e+00 2.612954e+00 2.228697e+00 2.444505e+00 2.421942e+00 2.425697e+00 2.572101e+00 2.092924e+00 3.100110e+00 2.266879e+00 1.863529e+00 2.597375e+00 2.637773e+00 2.540611e+00 2.908098e+00 2.425697e+00 2.499121e+00 2.258312e+00 2.597212e+00 2.331947e+00 2.421942e+00 2.350300e+00 2.194249e+00 2.979990e+00 1.987682e+00 2.350300e+00 2.078769e+00 1.619791e+00 2.095714e+00 2.421942e+00 
3.291833e-01 4.222804e-01 7.544680e-01 2.894645e-01 4.027012e-01 4.868070e-01 2.295924e-02 4.265499e-01 5.420856e-01 7.011064e-02 5.048196e-01 5.323237e-01 4.202442e-01 6.377116e-01 2.265214e-01 4.868070e-01 4.944754e-01 5.025116e-01 4.467633e-01 4.882104e-01 4.027012e-01 4.057791e-01 4.115041e-01 3.926434e-01 3.500816e-01 4.057791e-01 4.648865e-01 4.587786e-01 3.264752e-01 4.027012e-01 
2.635629e-04 2.537451e-02 4.121711e-02 8.429051e-02 7.430029e-03 2.676368e-02 1.560542e-02 6.207016e-02 4.468674e-02 2.919390e-02 1.977331e-02 4.453696e-02 9.130672e-02 2.280299e-02 1.790047e-02 2.676368e-02 2.806483e-02 3.922766e-02 1.355991e-02 5.610332e-02 7.430029e-03 9.255228e-03 4.162609e-02 2.577046e-02 1.189785e-01 9.255228e-03 1.045783e-02 8.632669e-03 3.606143e-02 7.430029e-03 
0.000000e+00 0.000000e+00 0.000000e+00 0.000000e+00 0.000000e+00 0.000000e+00 0.000000e+00 0.000000e+00 0.000000e+00 0.000000e+00 0.000000e+00 0.000000e+00 0.000000e+00 0.000000e+00 0.000000e+00 0.000000e+00 0.000000e+00 0.000000e+00 0.000000e+00 0.000000e+00 0.000000e+00 0.000000e+00 0.000000e+00 0.000000e+00 0.000000e+00 0.000000e+00 0.000000e+00 0.000000e+00 0.000000e+00 0.000000e+00 
0.000000e+00 0.000000e+00 0.000000e+00 0.000000e+00 0.000000e+00 0.000000e+00 0.000000e+00 0.000000e+00 0.000000e+00 0.000000e+00 0.000000e+00 0.000000e+00 0.000000e+00 0.000000e+00 0.000000e+00 0.000000e+00 0.000000e+00 0.000000e+00 0.000000e+00 0.000000e+00 0.000000e+00 0.000000e+00 0.000000e+00 0.000000e+00 0.000000e+00 0.000000e+00 0.000000e+00 0.000000e+00 0.000000e+00 0.000000e+00 