5.581549e+03 5.502872e+03 4.672892e+03 5.002326e+03 4.672892e+03 5.231334e+03 4.976592e+03 5.582877e+03 4.176443e+03 4.357090e+03 5.507682e+03 5.124496e+03 5.507682e+03 5.355652e+03 5.322274e+03 5.231334e+03 4.736941e+03 5.721421e+03 3.327316e+03 5.792577e+03 4.672892e+03 5.582877e+03 5.102120e+03 5.306835e+03 5.418928e+03 5.582877e+03 5.114791e+03 5.373492e+03 5.407549e+03 4.672892e+03 
5.581549e+03 5.502872e+03 4.672892e+03 5.002326e+03 4.672892e+03 5.231334e+03 4.976592e+03 5.582877e+03 4.176443e+03 4.357090e+03 5.507682e+03 5.124496e+03 5.507682e+03 5.355652e+03 5.322274e+03 5.231334e+03 4.736941e+03 5.721421e+03 3.327316e+03 5.792577e+03 4.672892e+03 5.582877e+03 5.102120e+03 5.306835e+03 5.418928e+03 5.582877e+03 5.114791e+03 5.373492e+03 5.407549e+03 4.672892e+03 
5.581549e+03 5.502872e+03 4.672892e+03 5.002326e+03 4.672892e+03 5.231334e+03 4.976592e+03 5.582877e+03 4.176443e+03 4.357090e+03 5.507682e+03 5.124496e+03 5.507682e+03 5.355652e+03 5.322274e+03 5.231334e+03 4.736941e+03 5.721421e+03 3.327316e+03 5.792577e+03 4.672892e+03 5.582877e+03 5.102120e+03 5.306835e+03 5.418928e+03 5.582877e+03 5.114791e+03 5.373492e+03 5.407549e+03 4.672892e+03 
5.581549e+03 4.778200e+03 4.672892e+03 5.002326e+03 4.672892e+03 4.562155e+03 4.976592e+03 5.582877e+03 4.176443e+03 4.357090e+03 5.484800e+03 5.124496e+03 5.484800e+03 5.355652e+03 5.267171e+03 4.562155e+03 4.736941e+03 5.447145e+03 3.327316e+03 5.390148e+03 4.672892e+03 5.582877e+03 5.102120e+03 5.306835e+03 5.418928e+03 5.582877e+03 5.114791e+03 5.373492e+03 5.407549e+03 4.672892e+03 
5.538988e+03 4.778200e+03 4.672892e+03 5.002326e+03 4.672892e+03 4.562155e+03 4.875290e+03 5.582877e+03 4.176443e+03 4.357090e+03 5.138638e+03 5.124496e+03 5.138638e+03 4.692967e+03 5.267171e+03 4.562155e+03 4.736941e+03 5.437916e+03 3.327316e+03 5.390148e+03 4.672892e+03 5.582877e+03 5.102120e+03 5.306835e+03 4.822387e+03 5.582877e+03 4.989605e+03 4.342764e+03 5.242531e+03 4.672892e+03 
5.117033e+03 4.246041e+03 4.672892e+03 4.883253e+03 4.672892e+03 4.562155e+03 4.875290e+03 4.666442e+03 4.176443e+03 4.357090e+03 5.055176e+03 5.124496e+03 5.055176e+03 4.241450e+03 5.029172e+03 4.562155e+03 4.602435e+03 5.419555e+03 3.327316e+03 5.312602e+03 4.672892e+03 4.666442e+03 5.102120e+03 4.606771e+03 4.822387e+03 4.666442e+03 4.210701e+03 4.342764e+03 4.847493e+03 4.672892e+03 
4.160135e+03 4.246041e+03 4.323362e+03 4.883253e+03 4.323362e+03 4.550637e+03 4.636620e+03 4.666442e+03 4.030382e+03 4.357090e+03 4.828543e+03 5.053048e+03 4.828543e+03 4.062764e+03 4.461442e+03 4.550637e+03 4.226038e+03 4.642098e+03 3.327316e+03 4.569087e+03 4.323362e+03 4.666442e+03 4.280787e+03 4.581170e+03 4.581164e+03 4.666442e+03 4.210701e+03 4.342764e+03 4.350705e+03 4.323362e+03 
3.863320e+03 3.613674e+03 4.220372e+03 4.523552e+03 4.220372e+03 4.040593e+03 3.871694e+03 4.455765e+03 3.830641e+03 4.086183e+03 4.508521e+03 4.069896e+03 4.508521e+03 4.062764e+03 4.230416e+03 4.040593e+03 4.226038e+03 4.424872e+03 3.327316e+03 4.353193e+03 4.220372e+03 4.455765e+03 4.166505e+03 3.606891e+03 4.191215e+03 4.455765e+03 3.898693e+03 3.944496e+03 4.308504e+03 4.220372e+03 
3.304262e+03 3.065336e+03 2.829766e+03 3.836435e+03 2.829766e+03 3.633420e+03 3.682155e+03 3.764060e+03 3.151624e+03 3.694982e+03 3.657010e+03 3.517305e+03 3.657010e+03 3.327632e+03 3.435621e+03 3.633420e+03 3.022881e+03 3.320196e+03 3.327316e+03 3.712826e+03 2.829766e+03 3.764060e+03 3.464608e+03 2.746451e+03 3.638587e+03 3.764060e+03 3.455287e+03 3.559933e+03 3.557848e+03 2.829766e+03 
2.815829e+03 2.205205e+03 2.499242e+03 2.806256e+03 2.499242e+03 2.293818e+03 2.486089e+03 2.839857e+03 2.465422e+03 2.900177e+03 2.871931e+03 2.483662e+03 2.871931e+03 2.977968e+03 2.707134e+03 2.293818e+03 2.672817e+03 3.051230e+03 2.587632e+03 2.862877e+03 2.499242e+03 2.839857e+03 2.706703e+03 2.363368e+03 2.840870e+03 2.839857e+03 2.846069e+03 2.813652e+03 2.717370e+03 2.499242e+03 
1.729399e+03 1.596713e+03 1.843480e+03 1.645971e+03 1.843480e+03 1.678622e+03 1.660344e+03 1.709584e+03 1.822555e+03 2.116387e+03 1.793425e+03 1.316822e+03 1.793425e+03 1.875624e+03 1.700945e+03 1.678622e+03 1.356534e+03 2.085215e+03 2.039628e+03 1.957791e+03 1.843480e+03 1.709584e+03 1.731864e+03 1.676395e+03 1.921519e+03 1.709584e+03 1.848161e+03 1.608435e+03 1.849898e+03 1.843480e+03 
1.003728e+03 8.701873e+02 1.052576e+03 9.602079e+02 1.052576e+03 7.370751e+02 1.017879e+03 1.007042e+03 1.071750e+03 1.213980e+03 1.017721e+03 1.021647e+03 1.017721e+03 1.041326e+03 9.224108e+02 7.370751e+02 1.096495e+03 1.129645e+03 1.079380e+03 9.352874e+02 1.052576e+03 1.007042e+03 9.282359e+02 1.322613e+03 9.084104e+02 1.007042e+03 1.151822e+03 1.092588e+03 8.297110e+02 1.052576e+03 
5.777797e+02 3.656449e+02 3.345941e+02 3.825108e+02 3.345941e+02 4.173386e+02 4.294271e+02 4.200064e+02 3.801913e+02 5.151880e+02 4.424618e+02 4.338645e+02 4.424618e+02 4.901876e+02 4.344380e+02 4.173386e+02 4.888198e+02 5.222730e+02 7.118107e+02 4.162012e+02 3.345941e+02 4.200064e+02 4.575213e+02 6.161802e+02 4.640712e+02 4.200064e+02 4.708423e+02 3.935523e+02 4.727928e+02 3.345941e+02 
5.776010e+01 8.110720e+01 4.139012e+01 6.686530e+01 4.139012e+01 7.422978e+01 8.412154e+01 5.933671e+01 6.124036e+01 5.302344e+01 5.757663e+01 4.382317e+01 5.757663e+01 8.300501e+01 4.889233e+01 7.422978e+01 7.748319e+01 9.538728e+01 1.399435e+02 5.880682e+01 4.139012e+01 5.933671e+01 5.173244e+01 8.821705e+01 6.664924e+01 5.933671e+01 5.645048e+01 7.153151e+01 6.093567e+01 4.139012e+01 
2.493480e+00 1.093487e+00 1.370498e+00 2.105872e+00 1.370498e+00 3.015627e+00 2.427257e+00 1.594651e+00 2.882892e+00 1.816346e+00 2.444469e+00 2.005893e+00 2.444469e+00 2.042352e+00 1.586778e+00 3.015627e+00 2.272254e+00 2.070484e+00 4.073100e+00 1.517554e+00 1.370498e+00 1.594651e+00 2.551135e+00 1.962155e+00 1.938381e+00 1.594651e+00 2.112297e+00 2.480397e+00 2.392788e+00 1.370498e+00 
0.000000e+00 0.000000e+00 0.000000e+00 0.000000e+00 0.000000e+00 0.000000e+00 0.000000e+00 0.000000e+00 0.000000e+00 0.000000e+00 0.000000e+00 0.000000e+00 0.000000e+00 0.000000e+00 0.000000e+00 0.000000e+00 0.000000e+00 0.000000e+00 0.000000e+00 0.000000e+00 0.000000e+00 0.000000e+00 0.000000e+00 0.000000e+00 0.000000e+00 0.000000e+00 0.000000e+00 0.000000e+00 0.000000e+00 0.000000e+00 
0.000000e+00 0.000000e+00 0.000000e+00 0.000000e+00 0.000000e+00 0.000000e+00 0.000000e+00 0.000000e+00 0.000000e+00 0.000000e+00 0.000000e+00 0.000000e+00 0.000000e+00 0.000000e+00 0.000000e+00 0.000000e+00 0.000000e+00 0.000000e+00 0.000000e+00 0.000000e+00 0.000000e+00 0.000000e+00 0.000000e+00 0.000000e+00 0.000000e+00 0.000000e+00 0.000000e+00 0.000000e+00 0.000000e+00 0.000000e+00 