5.408196e+02 7.119948e+02 5.710778e+02 7.197477e+02 5.971377e+02 7.649354e+02 5.661202e+02 7.322247e+02 2.504091e+02 4.860606e+02 6.503015e+02 3.826086e+02 5.128302e+02 3.517095e+02 3.156428e+02 7.649354e+02 2.061123e+02 6.663297e+02 5.677099e+02 5.774470e+02 5.971377e+02 7.287696e+02 6.500601e+02 7.437266e+02 3.847700e+02 7.287696e+02 6.982200e+02 5.658311e+02 4.296384e+02 5.971377e+02 
5.408196e+02 6.512714e+02 5.710778e+02 7.197477e+02 4.531281e+02 6.927433e+02 5.064519e+02 4.655351e+02 2.504091e+02 4.860606e+02 5.972599e+02 3.734904e+02 3.207997e+02 3.514935e+02 3.156428e+02 6.927433e+02 2.061123e+02 6.401870e+02 5.677099e+02 5.774470e+02 4.531281e+02 2.556722e+02 6.500601e+02 3.592782e+02 3.847700e+02 2.556722e+02 6.403923e+02 5.658311e+02 4.296384e+02 4.531281e+02 
5.408196e+02 6.512714e+02 5.710778e+02 7.197477e+02 4.531281e+02 6.927433e+02 5.064519e+02 4.655351e+02 2.504091e+02 4.860606e+02 5.972599e+02 3.734904e+02 3.207997e+02 3.514935e+02 3.156428e+02 6.927433e+02 2.061123e+02 6.401870e+02 5.677099e+02 5.774470e+02 4.531281e+02 2.556722e+02 6.500601e+02 3.592782e+02 3.847700e+02 2.556722e+02 6.403923e+02 5.658311e+02 4.296384e+02 4.531281e+02 
4.823713e+02 4.715339e+02 5.281534e+02 3.825666e+02 4.449883e+02 6.055658e+02 5.059437e+02 4.613401e+02 2.209182e+02 4.789738e+02 5.972599e+02 3.734904e+02 3.207997e+02 3.514935e+02 3.156428e+02 6.055658e+02 2.061123e+02 6.036051e+02 5.677099e+02 3.160399e+02 4.449883e+02 2.556722e+02 6.486089e+02 3.532382e+02 3.325310e+02 2.556722e+02 5.090378e+02 5.658311e+02 4.296384e+02 4.449883e+02 
3.600818e+02 1.789572e+02 1.735825e+02 3.825666e+02 4.196587e+02 3.677491e+02 3.425647e+02 4.613401e+02 2.209182e+02 2.322786e+02 4.893118e+02 2.591393e+02 3.207935e+02 3.514935e+02 3.156428e+02 3.677491e+02 2.061123e+02 5.039055e+02 1.479612e+02 3.160399e+02 4.196587e+02 2.556722e+02 3.646514e+02 3.491068e+02 3.325310e+02 2.556722e+02 4.189007e+02 2.586473e+02 4.296384e+02 4.196587e+02 
2.599446e+02 1.789572e+02 1.703776e+02 3.825610e+02 4.000320e+02 9.946363e+01 2.840528e+02 2.550969e+02 1.849928e+02 2.322786e+02 2.539014e+02 2.591393e+02 3.139709e+02 2.701723e+02 2.289480e+02 9.946363e+01 2.061123e+02 5.039055e+02 1.479612e+02 2.595317e+02 4.000320e+02 2.556722e+02 3.646514e+02 3.491068e+02 2.485359e+02 2.556722e+02 4.189007e+02 2.417574e+02 1.450521e+02 4.000320e+02 
1.620355e+02 7.455318e+01 1.540079e+02 1.830373e+02 1.671154e+02 9.761711e+01 2.261888e+02 1.065731e+02 1.849928e+02 9.009945e+01 2.368960e+02 2.019610e+02 1.733597e+02 1.338261e+02 2.285730e+02 9.761711e+01 1.245519e+02 2.625558e+02 1.479612e+02 1.846633e+02 1.671154e+02 3.626435e+01 2.791518e+02 1.543948e+02 1.067585e+02 3.626435e+01 2.795316e+02 2.111575e+02 1.441867e+02 1.671154e+02 
1.617865e+02 7.282237e+01 5.429712e+01 1.269842e+02 9.224755e+01 9.371703e+01 1.651832e+02 6.901507e+01 1.192663e+02 8.175859e+01 1.145977e+02 1.759580e+02 1.236114e+02 2.549110e+01 6.521908e+01 9.371703e+01 9.243554e+01 6.359859e+01 1.474873e+02 1.461594e+02 9.224755e+01 3.625992e+01 8.973087e+01 9.218770e+01 6.426315e+01 3.625992e+01 2.110863e+02 8.294049e+01 1.002045e+02 9.224755e+01 
5.386297e+01 3.373387e+01 1.694096e+01 6.268759e+01 3.391993e+01 3.500195e+01 2.750169e+01 4.272796e+01 2.460021e+01 4.480449e+01 5.387790e+01 6.272179e+01 3.796059e+01 7.670439e+00 5.010196e+01 3.500195e+01 4.220982e+01 5.448365e+01 3.423718e+01 5.462026e+01 3.391993e+01 3.625992e+01 3.111505e+01 2.068147e+01 6.051347e+01 3.625992e+01 3.454778e+01 1.776949e+01 1.667112e+01 3.391993e+01 
7.224992e+00 1.477721e+01 1.694096e+01 1.943235e+01 2.152801e+01 1.234319e+01 2.016289e+01 2.083096e+01 1.407881e+01 1.366523e+01 9.686494e+00 3.012500e+01 1.384484e+01 4.820009e+00 1.383361e+01 1.234319e+01 2.761425e+01 2.180997e+01 1.722343e+01 2.132274e+01 2.152801e+01 1.799120e+01 1.507217e+01 2.066155e+01 9.155091e+00 1.799120e+01 5.988409e+00 9.822195e+00 1.652413e+01 2.152801e+01 
4.057296e+00 2.956753e+00 3.922409e+00 4.441767e+00 3.685541e+00 2.332098e+00 5.125309e+00 2.906507e+00 2.757307e+00 2.545480e+00 3.900921e+00 3.384037e+00 4.930740e+00 4.355756e+00 3.125011e+00 2.332098e+00 2.885839e+00 5.486046e+00 3.319900e+00 4.957948e+00 3.685541e+00 5.755365e+00 4.416640e+00 2.429818e+00 3.750463e+00 5.755365e+00 5.302274e+00 4.041524e+00 5.974844e+00 3.685541e+00 
1.297229e+00 1.441116e+00 1.904345e+00 7.074812e-01 6.715574e-01 1.490745e+00 2.898134e-01 3.628215e-01 9.563496e-01 9.505681e-01 1.119323e+00 1.239953e+00 1.726709e+00 1.394997e+00 1.542441e+00 1.490745e+00 1.395664e+00 1.824165e+00 6.603334e-01 1.013733e+00 6.715574e-01 2.204047e+00 1.411546e+00 9.140709e-01 1.430311e+00 2.204047e+00 5.374143e-01 5.468486e-01 1.479147e+00 6.715574e-01 
4.433526e-01 1.562092e-01 5.224728e-01 9.945158e-02 2.723230e-01 6.207255e-01 1.648560e-01 2.827590e-01 4.519956e-01 2.825028e-01 2.784403e-01 4.449102e-01 3.377352e-01 5.880543e-01 2.871309e-01 6.207255e-01 5.354701e-01 4.949524e-01 1.842525e-01 1.741527e-01 2.723230e-01 3.664310e-01 4.456913e-01 3.520483e-01 3.029363e-01 3.664310e-01 1.520569e-01 2.673262e-01 3.902325e-01 2.723230e-01 
1.500930e-01 1.456524e-01 1.173597e-01 9.595216e-02 1.743091e-01 1.950647e-01 8.397805e-02 2.313165e-01 3.982955e-02 6.293853e-02 1.789025e-01 2.396704e-01 1.854971e-01 1.397752e-01 1.123403e-01 1.950647e-01 1.535302e-01 1.375722e-01 9.958643e-02 1.533424e-01 1.743091e-01 8.943947e-02 1.288436e-01 3.834188e-02 1.745509e-01 8.943947e-02 1.691287e-02 1.055496e-01 5.344932e-02 1.743091e-01 
2.162423e-02 5.220057e-03 4.097393e-03 7.888160e-05 4.500212e-03 4.799642e-05 3.522961e-03 4.259422e-03 2.046292e-04 4.063200e-03 1.699919e-03 3.643119e-04 1.191115e-03 3.182259e-03 2.366620e-03 4.799642e-05 9.618314e-04 1.071110e-02 1.069899e-03 9.780739e-03 4.500212e-03 2.656928e-03 1.008446e-03 1.953078e-03 1.320758e-02 2.656928e-03 2.038442e-04 5.311907e-03 4.979428e-05 4.500212e-03 
0.000000e+00 0.000000e+00 0.000000e+00 0.000000e+00 0.000000e+00 0.000000e+00 0.000000e+00 0.000000e+00 0.000000e+00 0.000000e+00 0.000000e+00 0.000000e+00 0.000000e+00 0.000000e+00 0.000000e+00 0.000000e+00 0.000000e+00 0.000000e+00 0.000000e+00 0.000000e+00 0.000000e+00 0.000000e+00 0.000000e+00 0.000000e+00 0.000000e+00 0.000000e+00 0.000000e+00 0.000000e+00 0.000000e+00 0.000000e+00 
0.000000e+00 0.000000e+00 0.000000e+00 0.000000e+00 0.000000e+00 0.000000e+00 0.000000e+00 0.000000e+00 0.000000e+00 0.000000e+00 0.000000e+00 0.000000e+00 0.000000e+00 0.000000e+00 0.000000e+00 0.000000e+00 0.000000e+00 0.000000e+00 0.000000e+00 0.000000e+00 0.000000e+00 0.000000e+00 0.000000e+00 0.000000e+00 0.000000e+00 0.000000e+00 0.000000e+00 0.000000e+00 0.000000e+00 0.000000e+00 