4.030569e+02 3.561117e+02 2.977354e+02 4.322274e+02 3.998294e+02 3.326893e+02 3.428878e+02 2.807037e+02 2.800485e+02 2.294841e+02 3.927932e+02 3.384626e+02 4.578022e+02 2.444011e+02 3.749518e+02 3.326893e+02 2.800485e+02 3.998294e+02 3.497825e+02 3.326893e+02 3.998294e+02 4.199838e+02 4.103214e+02 4.199838e+02 4.149733e+02 4.199838e+02 3.675711e+02 4.440769e+02 3.528723e+02 3.998294e+02 
3.992130e+02 2.597691e+02 2.977354e+02 3.300889e+02 3.998294e+02 3.326893e+02 3.302029e+02 2.807037e+02 2.800485e+02 2.294841e+02 3.927932e+02 3.384626e+02 4.345880e+02 2.444011e+02 3.548020e+02 3.326893e+02 2.800485e+02 3.998294e+02 3.497825e+02 3.326893e+02 3.998294e+02 4.199838e+02 3.875052e+02 4.199838e+02 3.140176e+02 4.199838e+02 3.170080e+02 2.677049e+02 3.403596e+02 3.998294e+02 
3.992130e+02 2.597691e+02 2.977354e+02 3.300889e+02 3.998294e+02 3.326893e+02 3.302029e+02 2.807037e+02 2.800485e+02 2.294841e+02 3.927932e+02 3.384626e+02 4.345880e+02 2.444011e+02 3.548020e+02 3.326893e+02 2.800485e+02 3.998294e+02 3.497825e+02 3.326893e+02 3.998294e+02 4.199838e+02 3.875052e+02 4.199838e+02 3.140176e+02 4.199838e+02 3.170080e+02 2.677049e+02 3.403596e+02 3.998294e+02 
3.992130e+02 2.355449e+02 2.973268e+02 1.957201e+02 3.349215e+02 2.926284e+02 2.853895e+02 2.807037e+02 8.076971e+01 2.294841e+02 3.927932e+02 3.363251e+02 2.919955e+02 2.444011e+02 2.397262e+02 2.926284e+02 8.076971e+01 3.349215e+02 2.779284e+02 2.926284e+02 3.349215e+02 3.323399e+02 3.752676e+02 3.323399e+02 3.021947e+02 3.323399e+02 1.975533e+02 2.357252e+02 3.268562e+02 3.349215e+02 
2.598846e+02 1.880100e+02 2.114394e+02 1.957201e+02 2.702912e+02 2.766149e+02 2.586588e+02 2.596888e+02 8.076971e+01 2.294841e+02 2.816517e+02 3.048688e+02 2.580590e+02 2.444011e+02 2.188145e+02 2.766149e+02 8.076971e+01 2.702912e+02 2.107499e+02 2.766149e+02 2.702912e+02 1.401029e+02 2.974572e+02 1.401029e+02 2.788772e+02 1.401029e+02 1.975533e+02 2.164335e+02 3.169167e+02 2.702912e+02 
2.234763e+02 1.602612e+02 2.114394e+02 1.957201e+02 2.293407e+02 2.259271e+02 2.586588e+02 1.917292e+02 8.076971e+01 2.189419e+02 1.799903e+02 2.138836e+02 1.865318e+02 1.770421e+02 2.188145e+02 2.259271e+02 8.076971e+01 2.293407e+02 1.498845e+02 2.259271e+02 2.293407e+02 1.223631e+02 2.498291e+02 1.223631e+02 2.196488e+02 1.223631e+02 1.821434e+02 2.111455e+02 2.126975e+02 2.293407e+02 
1.936983e+02 1.602612e+02 1.640815e+02 1.262094e+02 1.458846e+02 1.222449e+02 1.746974e+02 1.373843e+02 7.790401e+01 1.027133e+02 1.764430e+02 1.621682e+02 1.624817e+02 1.404175e+02 1.202117e+02 1.222449e+02 7.790401e+01 1.458846e+02 1.498845e+02 1.222449e+02 1.458846e+02 1.180801e+02 1.907439e+02 1.180801e+02 1.020962e+02 1.180801e+02 1.640965e+02 1.379757e+02 1.363518e+02 1.458846e+02 
1.058178e+02 1.151839e+02 1.063760e+02 1.023108e+02 1.273166e+02 1.168754e+02 1.107715e+02 9.915197e+01 6.665030e+01 1.027133e+02 9.498334e+01 1.144065e+02 9.803825e+01 1.063823e+02 1.153585e+02 1.168754e+02 6.665030e+01 1.273166e+02 9.345298e+01 1.168754e+02 1.273166e+02 1.074784e+02 1.196860e+02 1.074784e+02 9.671676e+01 1.074784e+02 8.025123e+01 8.625591e+01 7.311689e+01 1.273166e+02 
8.860062e+01 5.822945e+01 7.594425e+01 8.106502e+01 5.890845e+01 8.856718e+01 8.023176e+01 5.217372e+01 6.665030e+01 2.427118e+01 6.874260e+01 7.159130e+01 7.144727e+01 7.834746e+01 6.927631e+01 8.856718e+01 6.665030e+01 5.890845e+01 7.767622e+01 8.856718e+01 5.890845e+01 7.548418e+01 7.311411e+01 7.548418e+01 5.594566e+01 7.548418e+01 7.621334e+01 6.386519e+01 7.311689e+01 5.890845e+01 
5.128896e+01 4.362348e+01 4.949752e+01 4.812773e+01 5.034689e+01 3.213407e+01 4.870682e+01 4.545753e+01 5.437053e+01 2.427118e+01 4.138658e+01 5.270017e+01 4.692879e+01 5.550440e+01 4.577729e+01 3.213407e+01 5.437053e+01 5.034689e+01 3.012936e+01 3.213407e+01 5.034689e+01 4.019882e+01 5.155476e+01 4.019882e+01 5.483565e+01 4.019882e+01 2.999105e+01 4.750151e+01 5.459791e+01 5.034689e+01 
2.443669e+01 1.592631e+01 2.428881e+01 2.559998e+01 2.711912e+01 2.436903e+01 2.004322e+01 3.234049e+01 2.859672e+01 2.401588e+01 2.343434e+01 2.304206e+01 2.359674e+01 3.204847e+01 2.282839e+01 2.436903e+01 2.859672e+01 2.711912e+01 2.315438e+01 2.436903e+01 2.711912e+01 1.930554e+01 2.079094e+01 1.930554e+01 2.101288e+01 1.930554e+01 2.643106e+01 3.135834e+01 2.249438e+01 2.711912e+01 
9.434270e+00 1.030644e+01 1.663957e+01 2.330489e+01 1.320446e+01 7.977576e+00 1.501298e+01 2.054891e+01 1.525864e+01 1.285309e+01 9.089603e+00 1.307764e+01 1.657822e+01 1.049815e+01 1.337256e+01 7.977576e+00 1.525864e+01 1.320446e+01 1.280885e+01 7.977576e+00 1.320446e+01 9.666516e+00 1.529362e+01 9.666516e+00 1.546464e+01 9.666516e+00 7.979888e+00 1.084227e+01 1.212954e+01 1.320446e+01 
5.765076e+00 1.519477e+00 4.818563e+00 1.186509e+01 7.017967e+00 7.518225e+00 5.949484e+00 8.453926e+00 7.604973e+00 4.508982e+00 6.795808e+00 4.874065e+00 5.785868e+00 8.009364e+00 9.186201e+00 7.518225e+00 7.604973e+00 7.017967e+00 5.564925e+00 7.518225e+00 7.017967e+00 5.268989e+00 5.992655e+00 5.268989e+00 5.188277e+00 5.268989e+00 6.192968e+00 3.074685e+00 7.120686e+00 7.017967e+00 
2.037346e+00 8.549518e-01 5.935910e-01 4.685435e+00 1.671818e+00 4.273317e+00 1.357381e+00 3.672251e+00 1.695646e+00 2.084116e+00 5.766804e-01 1.179667e+00 3.108794e+00 4.560243e+00 6.017835e-01 4.273317e+00 1.695646e+00 1.671818e+00 1.660185e+00 4.273317e+00 1.671818e+00 2.531505e-01 2.789448e+00 2.531505e-01 1.981802e+00 2.531505e-01 6.265650e-02 1.256078e+00 3.648956e+00 1.671818e+00 
0.000000e+00 0.000000e+00 0.000000e+00 2.183158e-05 0.000000e+00 1.748810e-08 0.000000e+00 4.991025e-07 0.000000e+00 0.000000e+00 0.000000e+00 0.000000e+00 2.200899e-07 2.861590e-06 0.000000e+00 1.748810e-08 0.000000e+00 0.000000e+00 0.000000e+00 1.748810e-08 0.000000e+00 0.000000e+00 0.000000e+00 0.000000e+00 0.000000e+00 0.000000e+00 0.000000e+00 0.000000e+00 1.384497e-08 0.000000e+00 
0.000000e+00 0.000000e+00 0.000000e+00 0.000000e+00 0.000000e+00 0.000000e+00 0.000000e+00 0.000000e+00 0.000000e+00 0.000000e+00 0.000000e+00 0.000000e+00 0.000000e+00 0.000000e+00 0.000000e+00 0.000000e+00 0.000000e+00 0.000000e+00 0.000000e+00 0.000000e+00 0.000000e+00 0.000000e+00 0.000000e+00 0.000000e+00 0.000000e+00 0.000000e+00 0.000000e+00 0.000000e+00 0.000000e+00 0.000000e+00 
0.000000e+00 0.000000e+00 0.000000e+00 0.000000e+00 0.000000e+00 0.000000e+00 0.000000e+00 0.000000e+00 0.000000e+00 0.000000e+00 0.000000e+00 0.000000e+00 0.000000e+00 0.000000e+00 0.000000e+00 0.000000e+00 0.000000e+00 0.000000e+00 0.000000e+00 0.000000e+00 0.000000e+00 0.000000e+00 0.000000e+00 0.000000e+00 0.000000e+00 0.000000e+00 0.000000e+00 0.000000e+00 0.000000e+00 0.000000e+00 