3.837183e+02 3.877298e+02 3.428288e+02 3.387849e+02 3.236944e+02 4.268194e+02 3.860370e+02 2.960552e+02 3.876075e+02 3.893846e+02 3.561615e+02 3.175849e+02 4.232431e+02 2.104015e+02 3.685750e+02 4.268194e+02 3.876075e+02 3.236944e+02 4.240316e+02 4.268194e+02 3.236944e+02 4.128371e+02 3.615755e+02 4.128371e+02 3.168787e+02 4.128371e+02 2.957224e+02 3.315709e+02 3.617330e+02 3.236944e+02 
3.209341e+02 2.435027e+02 3.303740e+02 3.387849e+02 3.233005e+02 3.615179e+02 3.320921e+02 2.862444e+02 2.770900e+02 3.460609e+02 3.561615e+02 2.915775e+02 2.813752e+02 2.104015e+02 2.759580e+02 3.615179e+02 2.770900e+02 3.233005e+02 3.951890e+02 3.615179e+02 3.233005e+02 2.177353e+02 3.615755e+02 2.177353e+02 3.168787e+02 2.177353e+02 2.957224e+02 2.544197e+02 3.518833e+02 3.233005e+02 
3.209341e+02 2.435027e+02 3.303740e+02 3.387849e+02 3.233005e+02 3.615179e+02 3.320921e+02 2.862444e+02 2.770900e+02 3.460609e+02 3.561615e+02 2.915775e+02 2.813752e+02 2.104015e+02 2.759580e+02 3.615179e+02 2.770900e+02 3.233005e+02 3.951890e+02 3.615179e+02 3.233005e+02 2.177353e+02 3.615755e+02 2.177353e+02 3.168787e+02 2.177353e+02 2.957224e+02 2.544197e+02 3.518833e+02 3.233005e+02 
3.209341e+02 2.089073e+02 2.983005e+02 3.093537e+02 2.689793e+02 3.615179e+02 3.126387e+02 2.610423e+02 2.738319e+02 1.610935e+02 3.174590e+02 2.596470e+02 2.813752e+02 2.104015e+02 2.759580e+02 3.615179e+02 2.738319e+02 2.689793e+02 2.434963e+02 3.615179e+02 2.689793e+02 2.177353e+02 2.353363e+02 2.177353e+02 2.404051e+02 2.177353e+02 2.139263e+02 2.544197e+02 3.255593e+02 2.689793e+02 
3.058600e+02 2.089073e+02 2.303176e+02 2.321975e+02 2.689793e+02 3.509583e+02 2.350682e+02 2.522163e+02 2.374191e+02 1.610935e+02 2.551351e+02 1.985908e+02 2.277459e+02 2.022575e+02 2.759580e+02 3.509583e+02 2.374191e+02 2.689793e+02 2.038376e+02 3.509583e+02 2.689793e+02 1.590657e+02 1.802406e+02 1.590657e+02 2.404051e+02 1.590657e+02 2.139263e+02 2.375863e+02 2.431748e+02 2.689793e+02 
2.173047e+02 1.406114e+02 2.303176e+02 2.085865e+02 1.791511e+02 3.053550e+02 2.168084e+02 2.036135e+02 1.681288e+02 1.610935e+02 2.139691e+02 1.985908e+02 1.848487e+02 1.900634e+02 2.632289e+02 3.053550e+02 1.681288e+02 1.791511e+02 1.837449e+02 3.053550e+02 1.791511e+02 1.590657e+02 1.802406e+02 1.590657e+02 2.189501e+02 1.590657e+02 2.139263e+02 2.375863e+02 1.821759e+02 1.791511e+02 
1.852306e+02 1.249270e+02 1.220213e+02 1.869637e+02 1.135110e+02 1.734891e+02 1.483016e+02 1.501902e+02 1.312214e+02 1.610935e+02 1.189444e+02 1.466350e+02 1.707070e+02 1.866339e+02 1.131051e+02 1.734891e+02 1.312214e+02 1.135110e+02 1.468893e+02 1.734891e+02 1.135110e+02 1.590657e+02 1.424798e+02 1.590657e+02 1.765089e+02 1.590657e+02 1.498566e+02 1.341451e+02 1.455395e+02 1.135110e+02 
1.238106e+02 1.044589e+02 1.043372e+02 1.210487e+02 1.135110e+02 1.321293e+02 1.164126e+02 1.084393e+02 1.115306e+02 1.184374e+02 8.703697e+01 1.138791e+02 1.118351e+02 1.297539e+02 1.061642e+02 1.321293e+02 1.115306e+02 1.135110e+02 9.190092e+01 1.321293e+02 1.135110e+02 1.215888e+02 1.019416e+02 1.215888e+02 1.254156e+02 1.215888e+02 9.489322e+01 1.021749e+02 1.074738e+02 1.135110e+02 
7.010175e+01 6.742833e+01 7.763596e+01 9.727608e+01 8.550131e+01 7.650490e+01 7.043007e+01 8.647853e+01 8.558375e+01 8.226641e+01 8.703697e+01 7.836211e+01 7.860033e+01 6.679123e+01 8.747118e+01 7.650490e+01 8.558375e+01 8.550131e+01 7.235405e+01 7.650490e+01 8.550131e+01 8.885306e+01 6.179690e+01 8.885306e+01 8.899026e+01 8.885306e+01 5.553298e+01 7.880729e+01 7.229775e+01 8.550131e+01 
6.034909e+01 5.561773e+01 4.946352e+01 4.972017e+01 5.646673e+01 5.936190e+01 5.479681e+01 5.159023e+01 5.970065e+01 5.466887e+01 4.810408e+01 5.640128e+01 5.983410e+01 4.871434e+01 5.729555e+01 5.936190e+01 5.970065e+01 5.646673e+01 5.433684e+01 5.936190e+01 5.646673e+01 5.459852e+01 5.040521e+01 5.459852e+01 5.115833e+01 5.459852e+01 4.421973e+01 6.250297e+01 6.547721e+01 5.646673e+01 
4.999288e+01 3.928670e+01 4.148310e+01 3.441373e+01 3.497155e+01 4.552236e+01 4.103471e+01 4.128850e+01 3.881545e+01 3.787876e+01 4.810408e+01 4.290010e+01 4.474665e+01 4.149793e+01 4.524264e+01 4.552236e+01 3.881545e+01 3.497155e+01 3.549968e+01 4.552236e+01 3.497155e+01 4.772179e+01 4.505680e+01 4.772179e+01 3.354539e+01 4.772179e+01 4.421973e+01 4.882628e+01 5.102637e+01 3.497155e+01 
3.400589e+01 2.722664e+01 3.403558e+01 2.325924e+01 3.069955e+01 3.038843e+01 3.569750e+01 3.455308e+01 3.196487e+01 3.515611e+01 2.938654e+01 3.074968e+01 3.867366e+01 3.857236e+01 3.574597e+01 3.038843e+01 3.196487e+01 3.069955e+01 3.549257e+01 3.038843e+01 3.069955e+01 3.652488e+01 3.572184e+01 3.652488e+01 3.055614e+01 3.652488e+01 3.191017e+01 3.193832e+01 3.730888e+01 3.069955e+01 
2.629247e+01 2.093138e+01 2.768826e+01 2.133183e+01 3.062609e+01 2.839701e+01 2.800323e+01 2.707367e+01 3.032925e+01 2.692320e+01 2.463697e+01 2.125744e+01 2.582657e+01 3.025985e+01 3.068869e+01 2.839701e+01 3.032925e+01 3.062609e+01 2.920526e+01 2.839701e+01 3.062609e+01 2.925778e+01 2.845467e+01 2.925778e+01 2.655497e+01 2.925778e+01 2.934632e+01 2.451725e+01 2.795936e+01 3.062609e+01 
1.698384e+01 1.906550e+01 2.583362e+01 1.559796e+01 1.965716e+01 2.432601e+01 2.467008e+01 2.330772e+01 2.052018e+01 2.378092e+01 2.142896e+01 1.593162e+01 2.543871e+01 2.281307e+01 2.456626e+01 2.432601e+01 2.052018e+01 1.965716e+01 2.162970e+01 2.432601e+01 1.965716e+01 2.198993e+01 2.314821e+01 2.198993e+01 2.187950e+01 2.198993e+01 2.126454e+01 2.236871e+01 2.412467e+01 1.965716e+01 
1.528631e+01 1.670702e+01 1.632329e+01 1.506021e+01 1.462134e+01 1.626920e+01 1.713041e+01 1.607895e+01 1.544386e+01 1.567740e+01 1.486891e+01 1.441487e+01 1.578148e+01 1.651555e+01 1.594220e+01 1.626920e+01 1.544386e+01 1.462134e+01 1.819371e+01 1.626920e+01 1.462134e+01 1.556264e+01 1.644276e+01 1.556264e+01 1.704351e+01 1.556264e+01 1.853236e+01 1.822289e+01 1.598015e+01 1.462134e+01 
1.346921e+01 1.348782e+01 1.399944e+01 1.226867e+01 1.363843e+01 1.333370e+01 1.128009e+01 1.416288e+01 1.125059e+01 1.392830e+01 1.413874e+01 1.297577e+01 1.298620e+01 1.333370e+01 1.468125e+01 1.333370e+01 1.125059e+01 1.363843e+01 1.183153e+01 1.333370e+01 1.363843e+01 1.442231e+01 1.329893e+01 1.442231e+01 1.303360e+01 1.442231e+01 1.444117e+01 1.586327e+01 1.330505e+01 1.363843e+01 
0.000000e+00 0.000000e+00 0.000000e+00 0.000000e+00 0.000000e+00 0.000000e+00 0.000000e+00 0.000000e+00 0.000000e+00 0.000000e+00 0.000000e+00 0.000000e+00 0.000000e+00 0.000000e+00 0.000000e+00 0.000000e+00 0.000000e+00 0.000000e+00 0.000000e+00 0.000000e+00 0.000000e+00 0.000000e+00 0.000000e+00 0.000000e+00 0.000000e+00 0.000000e+00 0.000000e+00 0.000000e+00 0.000000e+00 0.000000e+00 