7.909216e+05 9.751515e+05 1.339900e+06 1.524232e+06 6.575092e+05 2.494739e+06 3.900702e+06 1.687049e+05 1.653535e+05 1.665215e+06 1.084277e+06 3.179233e+06 1.084277e+06 5.562736e+05 1.720802e+06 2.494739e+06 1.653535e+05 3.917765e+05 9.317348e+05 7.283053e+05 1.339900e+06 2.673614e+06 5.851433e+05 8.629800e+05 8.003544e+05 2.673614e+06 4.337561e+06 2.085038e+06 3.405682e+06 1.339900e+06 
4.891778e+05 9.751515e+05 1.339900e+06 1.524232e+06 6.575092e+05 2.494673e+06 3.900702e+06 1.687049e+05 1.653535e+05 2.158980e+05 1.084277e+06 3.179132e+06 1.084277e+06 5.562736e+05 1.713863e+06 2.494673e+06 1.653535e+05 3.917765e+05 7.993198e+04 2.919362e+04 1.339900e+06 4.598772e+05 4.406013e+03 8.629800e+05 3.084658e+05 4.598772e+05 4.337561e+06 2.085028e+06 2.075608e+06 1.339900e+06 
4.891778e+05 9.751515e+05 1.339900e+06 1.524232e+06 6.575092e+05 2.494673e+06 3.900702e+06 1.687049e+05 1.653535e+05 2.158980e+05 1.084277e+06 3.179132e+06 1.084277e+06 5.562736e+05 1.713863e+06 2.494673e+06 1.653535e+05 3.917765e+05 7.993198e+04 2.919362e+04 1.339900e+06 4.598772e+05 4.406013e+03 8.629800e+05 3.084658e+05 4.598772e+05 4.337561e+06 2.085028e+06 2.075608e+06 1.339900e+06 
4.891778e+05 9.751515e+05 3.152002e+05 1.524232e+06 4.534781e+05 2.494673e+06 7.247939e+05 1.687049e+05 1.575756e+05 2.158980e+05 1.084277e+06 3.026249e+06 1.084277e+06 5.562736e+05 1.642380e+05 2.494673e+06 1.575756e+05 7.525233e+04 7.993198e+04 2.919362e+04 3.152002e+05 4.598772e+05 4.406013e+03 8.623517e+05 3.084658e+05 4.598772e+05 4.337552e+06 1.646459e+05 8.438952e+05 3.152002e+05 
1.152459e+05 1.133932e+04 6.444608e+04 6.195360e+05 4.534781e+05 1.448040e+06 7.247939e+05 1.687049e+05 1.243239e+05 2.158916e+05 7.755202e+05 3.026044e+06 7.755202e+05 5.562627e+05 1.642380e+05 1.448040e+06 1.243239e+05 7.151451e+04 7.992305e+04 2.531898e+04 6.444608e+04 4.122785e+05 2.555414e+03 4.832892e+05 3.084658e+05 4.122785e+05 8.287651e+05 8.653811e+04 8.430546e+05 6.444608e+04 
1.148306e+05 1.127535e+04 6.315326e+04 3.729727e+05 2.917295e+05 9.565156e+05 8.480235e+04 9.636380e+04 1.198147e+05 2.158916e+05 7.752372e+05 4.909146e+05 7.752372e+05 5.562627e+05 1.907103e+04 9.565156e+05 1.198147e+05 7.851808e+03 7.992305e+04 2.531898e+04 6.315326e+04 4.122785e+05 2.528752e+03 9.334575e+04 2.861669e+05 4.122785e+05 2.892858e+05 5.740428e+04 2.681454e+05 6.315326e+04 
5.144071e+04 1.048983e+04 6.300396e+04 1.809308e+04 1.330944e+05 4.053009e+03 8.379635e+04 8.951721e+04 1.195854e+05 2.140306e+04 1.935922e+04 8.652784e+04 1.935922e+04 1.401336e+05 1.907103e+04 4.053009e+03 1.195854e+05 7.851808e+03 7.948454e+04 2.531898e+04 6.300396e+04 6.714706e+04 2.528752e+03 2.502581e+04 2.857269e+05 6.714706e+04 2.229097e+05 5.713785e+04 1.257429e+05 6.300396e+04 
3.475146e+04 1.590667e+03 1.445757e+04 7.812234e+03 1.454428e+04 2.734324e+03 2.238929e+04 2.236053e+04 1.292297e+03 2.140306e+04 1.886515e+04 8.239431e+03 1.886515e+04 1.576709e+04 1.815016e+04 2.734324e+03 1.292297e+03 6.557056e+03 7.332265e+04 2.139287e+04 1.445757e+04 7.004297e+03 2.528314e+03 2.502580e+04 5.477682e+04 7.004297e+03 3.798958e+04 2.459018e+03 5.376019e+03 1.445757e+04 
2.322967e+03 1.590630e+03 8.721313e+02 5.225877e+03 4.017389e+03 1.230031e+03 2.063935e+03 4.796600e+03 1.202302e+03 1.386092e+03 4.242985e+02 2.279153e+03 4.242985e+02 1.018167e+03 5.398106e+02 1.230031e+03 1.202302e+03 3.930546e+03 5.602756e+02 3.800903e+03 8.721313e+02 2.126706e+03 1.035180e+03 1.535228e+04 3.101693e+03 2.126706e+03 3.168781e+03 1.372475e+03 2.769055e+03 8.721313e+02 
3.596454e+02 6.680859e+02 3.986091e+02 6.829850e+02 3.896124e+02 2.890658e+02 9.433109e+02 3.850582e+02 9.119657e+01 2.509181e+02 3.433473e+02 3.058187e+02 3.433473e+02 4.114479e+02 2.751804e+02 2.890658e+02 9.119657e+01 9.111377e+01 3.123721e+02 4.180966e+02 3.986091e+02 2.250862e+02 3.539222e+02 4.949837e+02 4.296489e+02 2.250862e+02 3.373910e+02 8.142091e+01 4.224070e+02 3.986091e+02 
7.099593e+00 7.305949e+00 1.897900e+01 8.419552e+00 3.027297e+00 1.609844e+01 1.056019e+01 1.331325e+01 2.407453e+01 8.383178e+00 1.487593e+01 4.045004e-01 1.487593e+01 1.275698e+01 7.640318e+00 1.609844e+01 2.407453e+01 1.931083e+01 6.350597e+00 4.383360e+00 1.897900e+01 1.411557e+01 2.590263e+01 2.035437e+01 2.689022e+01 1.411557e+01 1.304810e+01 1.656616e+01 2.236707e+01 1.897900e+01 
9.281329e-01 1.584914e+00 1.100709e+00 2.143288e+00 9.520779e-01 1.886474e+00 1.582414e+00 1.418694e+00 1.472354e+00 8.678722e-01 1.817007e+00 4.045004e-01 1.817007e+00 1.459875e+00 1.789033e-02 1.886474e+00 1.472354e+00 1.656532e+00 7.385743e-01 7.091152e-01 1.100709e+00 8.844650e-01 1.573582e+00 2.004105e+00 1.575953e+00 8.844650e-01 1.055209e+00 1.978620e+00 1.386447e+00 1.100709e+00 
9.858970e-02 1.203905e-01 2.596936e-02 1.304504e-01 1.899027e-01 3.184056e-02 1.335391e-01 3.803638e-01 1.592227e-01 1.849340e-01 8.620715e-02 1.967438e-01 8.620715e-02 8.401535e-02 1.086610e-02 3.184056e-02 1.592227e-01 7.308982e-02 5.211090e-02 1.824322e-01 2.596936e-02 1.291186e-01 8.472447e-02 1.634374e-01 1.676982e-01 1.291186e-01 3.067575e-02 2.048167e-01 1.307194e-01 2.596936e-02 
5.073117e-03 1.473162e-02 6.163424e-03 3.262166e-03 7.127512e-03 2.255176e-03 8.879299e-03 2.052031e-03 3.501947e-03 1.082841e-03 3.991580e-04 4.187120e-03 3.991580e-04 3.142667e-03 5.090512e-03 2.255176e-03 3.501947e-03 4.673417e-03 7.986457e-04 1.422673e-03 6.163424e-03 1.123977e-03 7.185419e-04 1.415268e-03 2.287263e-02 1.123977e-03 2.846626e-04 2.788508e-03 1.158153e-03 6.163424e-03 
0.000000e+00 0.000000e+00 7.913382e-08 4.399214e-08 1.622085e-06 0.000000e+00 3.407771e-08 1.996824e-08 0.000000e+00 4.857352e-07 0.000000e+00 3.471752e-07 0.000000e+00 0.000000e+00 0.000000e+00 0.000000e+00 0.000000e+00 2.501771e-07 0.000000e+00 4.245795e-08 7.913382e-08 0.000000e+00 0.000000e+00 1.231811e-07 3.346752e-07 0.000000e+00 0.000000e+00 1.382946e-07 9.600382e-08 7.913382e-08 
0.000000e+00 0.000000e+00 0.000000e+00 0.000000e+00 0.000000e+00 0.000000e+00 0.000000e+00 0.000000e+00 0.000000e+00 0.000000e+00 0.000000e+00 0.000000e+00 0.000000e+00 0.000000e+00 0.000000e+00 0.000000e+00 0.000000e+00 0.000000e+00 0.000000e+00 0.000000e+00 0.000000e+00 0.000000e+00 0.000000e+00 0.000000e+00 0.000000e+00 0.000000e+00 0.000000e+00 0.000000e+00 0.000000e+00 0.000000e+00 
0.000000e+00 0.000000e+00 0.000000e+00 0.000000e+00 0.000000e+00 0.000000e+00 0.000000e+00 0.000000e+00 0.000000e+00 0.000000e+00 0.000000e+00 0.000000e+00 0.000000e+00 0.000000e+00 0.000000e+00 0.000000e+00 0.000000e+00 0.000000e+00 0.000000e+00 0.000000e+00 0.000000e+00 0.000000e+00 0.000000e+00 0.000000e+00 0.000000e+00 0.000000e+00 0.000000e+00 0.000000e+00 0.000000e+00 0.000000e+00 