1.870654e+03 1.751480e+03 1.806111e+03 1.676660e+03 1.526384e+03 1.874582e+03 2.004207e+03 1.864566e+03 1.570071e+03 1.550199e+03 1.913902e+03 1.388526e+03 1.920625e+03 1.568297e+03 1.382957e+03 1.874582e+03 1.396306e+03 2.035085e+03 1.834636e+03 2.201489e+03 1.526384e+03 1.503904e+03 2.203341e+03 1.353114e+03 1.465343e+03 1.503904e+03 1.102980e+03 1.792233e+03 1.646981e+03 1.526384e+03 
1.870654e+03 1.751480e+03 1.806111e+03 1.676660e+03 1.526384e+03 1.874582e+03 2.004207e+03 1.864566e+03 1.570071e+03 1.550199e+03 1.913902e+03 1.388526e+03 1.920625e+03 1.568297e+03 1.382957e+03 1.874582e+03 1.396306e+03 2.035085e+03 1.834636e+03 2.201489e+03 1.526384e+03 1.503904e+03 2.203341e+03 1.353114e+03 1.465343e+03 1.503904e+03 1.102980e+03 1.792233e+03 1.646981e+03 1.526384e+03 
1.870654e+03 1.751480e+03 1.806111e+03 1.676660e+03 1.526384e+03 1.874582e+03 2.004207e+03 1.864566e+03 1.570071e+03 1.550199e+03 1.913902e+03 1.388526e+03 1.920625e+03 1.568297e+03 1.382957e+03 1.874582e+03 1.396306e+03 2.035085e+03 1.834636e+03 2.201489e+03 1.526384e+03 1.503904e+03 2.203341e+03 1.353114e+03 1.465343e+03 1.503904e+03 1.102980e+03 1.792233e+03 1.646981e+03 1.526384e+03 
1.861654e+03 1.751480e+03 1.805904e+03 1.676660e+03 1.526384e+03 1.822718e+03 1.961563e+03 1.687795e+03 1.570071e+03 1.550199e+03 1.727569e+03 1.388526e+03 1.840623e+03 1.568297e+03 1.382957e+03 1.822718e+03 1.396306e+03 1.892864e+03 1.834636e+03 2.162591e+03 1.526384e+03 1.503904e+03 1.609088e+03 1.353114e+03 1.413827e+03 1.503904e+03 1.102980e+03 1.656413e+03 1.646981e+03 1.526384e+03 
1.861654e+03 1.751480e+03 1.805904e+03 1.624414e+03 1.526384e+03 1.798253e+03 1.946918e+03 1.687795e+03 1.372887e+03 1.550199e+03 1.535328e+03 1.388526e+03 1.832295e+03 1.262172e+03 1.382927e+03 1.798253e+03 1.396306e+03 1.709302e+03 1.496044e+03 1.903585e+03 1.526384e+03 1.215453e+03 1.608978e+03 1.353114e+03 1.261802e+03 1.215453e+03 1.102980e+03 1.656413e+03 1.646981e+03 1.526384e+03 
1.345954e+03 1.560605e+03 1.647244e+03 1.168908e+03 1.433641e+03 1.677050e+03 1.470735e+03 1.401041e+03 1.327341e+03 1.550199e+03 1.535328e+03 1.326824e+03 1.810372e+03 1.018616e+03 1.350632e+03 1.677050e+03 1.396149e+03 1.676582e+03 1.215283e+03 1.846593e+03 1.433641e+03 1.215453e+03 1.573974e+03 1.184921e+03 8.298143e+02 1.215453e+03 1.102980e+03 1.584660e+03 1.431967e+03 1.433641e+03 
1.334441e+03 1.197346e+03 1.215697e+03 1.140129e+03 1.399890e+03 1.380635e+03 1.180515e+03 1.357203e+03 1.327341e+03 1.425998e+03 8.521123e+02 1.326824e+03 1.540647e+03 9.753619e+02 1.174854e+03 1.380635e+03 1.105022e+03 1.455752e+03 1.106171e+03 1.338436e+03 1.399890e+03 8.240791e+02 1.346075e+03 1.184381e+03 8.296543e+02 8.240791e+02 1.096383e+03 1.423177e+03 1.404466e+03 1.399890e+03 
7.416162e+02 1.143032e+03 1.190521e+03 1.136281e+03 1.270491e+03 9.404207e+02 1.092405e+03 1.130339e+03 1.201780e+03 9.396798e+02 6.940554e+02 1.040831e+03 1.298791e+03 9.416604e+02 1.042388e+03 9.404207e+02 1.102487e+03 8.942714e+02 9.598485e+02 1.119527e+03 1.270491e+03 7.841307e+02 9.662146e+02 8.556001e+02 5.399041e+02 7.841307e+02 7.319079e+02 9.093351e+02 8.656753e+02 1.270491e+03 
3.091536e+02 6.225296e+02 6.915484e+02 6.512326e+02 7.283558e+02 6.697300e+02 8.093900e+02 6.224251e+02 6.771921e+02 7.134182e+02 6.118508e+02 4.813966e+02 4.118338e+02 5.754393e+02 3.730322e+02 6.697300e+02 6.620371e+02 4.355184e+02 5.430430e+02 6.496961e+02 7.283558e+02 5.908016e+02 6.918483e+02 5.914979e+02 4.823012e+02 5.908016e+02 5.807771e+02 8.524616e+02 5.778055e+02 7.283558e+02 
2.013440e+02 3.761518e+02 3.497956e+02 4.937960e+02 2.036685e+02 3.808904e+02 3.326494e+02 1.459281e+02 2.759049e+02 4.037698e+02 3.181224e+02 3.039643e+02 2.859363e+02 4.091875e+02 1.967678e+02 3.808904e+02 2.320897e+02 3.735748e+02 1.174771e+02 1.327674e+02 2.036685e+02 1.123160e+02 1.944270e+02 2.674805e+02 2.924626e+02 1.123160e+02 4.190815e+02 3.652812e+02 2.656716e+02 2.036685e+02 
4.574340e+01 7.558252e+01 5.207835e+01 1.081868e+02 8.852518e+01 6.821909e+01 6.372011e+01 6.469026e+01 5.490976e+01 9.762696e+01 8.284782e+01 7.800645e+01 4.830529e+01 6.754839e+01 1.327404e+02 6.821909e+01 9.946936e+01 1.207937e+02 5.478425e+01 9.969900e+01 8.852518e+01 5.925124e+01 9.498426e+01 1.013812e+02 7.550459e+01 5.925124e+01 7.990099e+01 5.042026e+01 7.648903e+01 8.852518e+01 
7.616923e+00 1.622090e+01 1.230383e+01 2.581158e+01 1.186650e+01 1.671606e+01 1.330778e+01 2.293303e+01 1.645826e+01 1.056318e+01 2.475296e+01 1.157461e+01 2.403673e+01 1.822558e+01 1.632838e+01 1.671606e+01 1.300945e+01 1.473892e+01 8.105489e+00 1.022615e+01 1.186650e+01 1.873812e+01 1.824864e+01 1.814130e+01 1.647963e+01 1.873812e+01 7.666640e+00 1.483675e+01 2.117216e+01 1.186650e+01 
1.529836e+00 2.483041e+00 2.667841e+00 2.420161e+00 2.423792e+00 2.701594e+00 2.621621e+00 1.930678e+00 2.511679e+00 1.573194e+00 2.528994e+00 2.411693e+00 2.928478e+00 2.185046e+00 2.462220e+00 2.701594e+00 2.005421e+00 2.613560e+00 2.121190e+00 2.059333e+00 2.423792e+00 2.969142e+00 2.238655e+00 2.971549e+00 2.923891e+00 2.969142e+00 1.700121e+00 2.141507e+00 2.378528e+00 2.423792e+00 
4.334357e-02 4.753019e-01 3.949880e-01 4.919380e-01 8.514562e-01 6.436499e-01 5.912334e-01 6.331305e-01 7.424908e-01 5.456136e-01 4.749614e-01 5.041847e-01 6.112366e-01 3.987679e-01 3.063753e-01 6.436499e-01 3.420693e-01 5.167027e-01 4.557204e-01 2.310535e-01 8.514562e-01 4.245439e-01 2.425443e-01 6.659396e-01 6.744674e-01 4.245439e-01 6.089587e-01 3.237571e-01 5.126783e-01 8.514562e-01 
1.015351e-02 8.620783e-03 1.778635e-02 8.964992e-03 2.773719e-02 8.966821e-03 1.363239e-02 4.529881e-02 2.924167e-02 2.365777e-02 4.851368e-02 5.106590e-02 7.632093e-03 4.190308e-03 4.031104e-02 8.966821e-03 1.084543e-02 2.970755e-02 2.471571e-03 1.717538e-02 2.773719e-02 2.088700e-02 6.506935e-02 9.374725e-03 1.682040e-02 2.088700e-02 1.535158e-02 6.566640e-02 3.676005e-02 2.773719e-02 
0.000000e+00 0.000000e+00 0.000000e+00 0.000000e+00 0.000000e+00 0.000000e+00 0.000000e+00 0.000000e+00 0.000000e+00 0.000000e+00 0.000000e+00 0.000000e+00 0.000000e+00 0.000000e+00 0.000000e+00 0.000000e+00 0.000000e+00 0.000000e+00 0.000000e+00 0.000000e+00 0.000000e+00 0.000000e+00 0.000000e+00 0.000000e+00 0.000000e+00 0.000000e+00 0.000000e+00 0.000000e+00 0.000000e+00 0.000000e+00 
0.000000e+00 0.000000e+00 0.000000e+00 0.000000e+00 0.000000e+00 0.000000e+00 0.000000e+00 0.000000e+00 0.000000e+00 0.000000e+00 0.000000e+00 0.000000e+00 0.000000e+00 0.000000e+00 0.000000e+00 0.000000e+00 0.000000e+00 0.000000e+00 0.000000e+00 0.000000e+00 0.000000e+00 0.000000e+00 0.000000e+00 0.000000e+00 0.000000e+00 0.000000e+00 0.000000e+00 0.000000e+00 0.000000e+00 0.000000e+00 