1.128294e+07 3.364363e+07 6.022900e+07 1.423049e+07 3.827926e+07 1.701009e+07 1.065532e+07 6.219782e+07 2.333439e+07 4.039144e+07 9.386595e+06 1.559476e+07 9.386595e+06 9.641987e+06 6.038155e+07 1.701009e+07 1.983559e+07 2.829612e+07 1.667010e+07 1.426932e+07 3.827926e+07 1.638159e+07 3.084057e+07 1.858998e+07 2.171749e+07 3.414504e+07 3.189219e+07 4.026169e+07 1.725087e+06 2.261371e+07 
1.128294e+07 3.364363e+07 6.022900e+07 1.423049e+07 3.827926e+07 1.701009e+07 1.065532e+07 6.219782e+07 2.333439e+07 4.039144e+07 9.386595e+06 1.559476e+07 9.386595e+06 9.641987e+06 6.038155e+07 1.701009e+07 1.983559e+07 2.829612e+07 1.667010e+07 1.426932e+07 3.827926e+07 1.638159e+07 3.084057e+07 1.858998e+07 2.171749e+07 3.414504e+07 3.189219e+07 4.026169e+07 1.725087e+06 2.261371e+07 
1.128294e+07 3.364363e+07 6.022900e+07 1.423049e+07 3.827926e+07 1.701009e+07 1.065532e+07 6.219782e+07 2.333439e+07 4.039144e+07 9.386595e+06 1.559476e+07 9.386595e+06 9.641987e+06 6.038155e+07 1.701009e+07 1.983559e+07 2.829612e+07 1.667010e+07 1.426932e+07 3.827926e+07 1.638159e+07 3.084057e+07 1.858998e+07 2.171749e+07 3.414504e+07 3.189219e+07 4.026169e+07 1.725087e+06 2.261371e+07 
1.128294e+07 3.364363e+07 2.216513e+07 1.423048e+07 3.461656e+07 1.701009e+07 1.065532e+07 3.202650e+07 2.333342e+07 3.877285e+07 9.386595e+06 1.559476e+07 9.386595e+06 9.641987e+06 4.901193e+07 1.701009e+07 1.022618e+07 2.829612e+07 1.667010e+07 1.426930e+07 3.461656e+07 1.638159e+07 3.084057e+07 1.858998e+07 2.171749e+07 3.199131e+07 1.397844e+07 2.321972e+07 1.725087e+06 2.261371e+07 
1.128294e+07 2.889131e+07 1.921796e+07 1.423048e+07 1.160714e+07 1.701009e+07 1.065532e+07 1.594515e+07 2.333256e+07 4.516973e+06 2.126708e+06 3.100685e+06 2.126708e+06 9.641987e+06 3.273753e+07 1.701009e+07 1.022618e+07 2.007522e+07 1.667010e+07 1.426930e+07 1.160714e+07 8.115525e+06 3.084057e+07 1.858998e+07 2.171707e+07 1.042096e+07 1.397844e+07 2.314069e+07 1.725087e+06 2.261371e+07 
1.128294e+07 2.743881e+07 1.921796e+07 1.422991e+07 1.075718e+07 7.915854e+06 1.065532e+07 1.594453e+07 1.038012e+07 4.516964e+06 2.126708e+06 3.100685e+06 2.126708e+06 9.641987e+06 1.962774e+07 7.915854e+06 1.022618e+07 2.007522e+07 1.667010e+07 1.149712e+07 1.075718e+07 8.115525e+06 3.084026e+07 1.858983e+07 1.000237e+07 1.042096e+07 1.272782e+07 2.314015e+07 1.724625e+06 2.261371e+07 
8.884264e+06 6.806488e+06 9.307153e+06 1.300021e+07 1.075718e+07 7.915854e+06 5.307199e+06 1.594394e+07 1.037928e+07 2.677122e+06 2.126708e+06 3.100685e+06 2.126708e+06 9.641979e+06 9.608670e+06 7.915854e+06 1.022561e+07 1.186235e+07 5.111540e+06 1.017743e+07 1.075718e+07 5.100344e+06 1.971107e+07 1.202073e+07 3.451510e+06 6.443913e+06 1.143703e+07 5.166462e+06 1.724625e+06 1.582114e+07 
7.919589e+06 6.806488e+06 9.306966e+06 2.889268e+06 4.301234e+06 7.915854e+06 1.557396e+06 7.594153e+06 3.545861e+06 2.677113e+06 2.125916e+06 3.100685e+06 2.125916e+06 7.189124e+06 6.815140e+06 7.915854e+06 5.439675e+06 3.038204e+06 5.111540e+06 6.400749e+06 4.301234e+06 2.002626e+06 9.908831e+06 2.445620e+06 3.451155e+06 6.443913e+06 4.452106e+06 5.166447e+06 1.724625e+06 9.004514e+06 
3.093999e+06 4.502707e+06 5.346368e+06 2.888630e+06 3.008659e+06 2.939120e+06 1.556928e+06 4.925461e+06 2.209870e+06 2.677113e+06 1.227069e+06 1.318414e+06 1.227069e+06 2.767372e+06 2.518666e+06 2.939120e+06 2.099939e+06 1.641822e+06 2.862999e+06 4.789922e+06 3.008659e+06 1.711704e+06 2.161209e+06 2.445620e+06 3.450359e+06 3.107631e+06 4.451529e+06 5.166447e+06 1.724596e+06 5.469198e+06 
1.905545e+06 2.433689e+06 1.455977e+06 2.177949e+06 5.765724e+05 1.879307e+06 1.356179e+06 2.332253e+06 2.209624e+06 1.039890e+06 8.906785e+05 7.772973e+05 8.906785e+05 1.508965e+06 1.135719e+06 1.879307e+06 1.445696e+06 1.641388e+06 1.437213e+06 1.199734e+06 5.765724e+05 8.486389e+05 1.093512e+06 2.351030e+06 2.974817e+06 1.185373e+06 1.017971e+06 1.404870e+06 1.402255e+06 2.923092e+05 
3.100878e+05 2.815175e+05 1.422500e+05 6.667489e+05 5.509571e+05 1.015676e+06 3.471974e+05 5.892245e+05 4.864002e+05 4.305442e+05 3.839174e+05 2.061034e+05 3.839174e+05 3.876164e+05 9.151073e+05 1.015676e+06 7.805373e+05 3.722890e+05 2.334058e+05 9.162660e+05 5.509571e+05 2.509326e+05 5.988865e+05 1.192600e+06 1.037212e+06 2.974084e+05 8.187616e+05 3.103925e+05 5.571940e+05 2.301210e+05 
2.289782e+03 4.499415e+04 7.043171e+03 1.067445e+03 1.089586e+05 4.579864e+04 5.565751e+04 5.650071e+04 5.231555e+04 3.523029e+04 1.765686e+05 1.446450e+02 1.765686e+05 4.986356e+04 1.884267e+03 4.579864e+04 9.020605e+03 1.057567e+05 1.149828e+04 2.261222e+03 1.089586e+05 1.183399e+05 2.473176e+04 4.936679e+03 8.565559e+03 2.110096e+04 1.018019e+03 1.834258e+05 3.182185e+04 6.082318e+04 
3.321567e+02 2.595891e+02 1.473847e+02 1.520608e+02 9.786071e-02 2.318914e+01 5.507111e+02 4.827052e+02 2.307307e+02 7.461681e+02 2.376404e+01 1.202415e+02 2.376404e+01 1.395079e-01 1.919366e+02 2.318914e+01 5.416984e+01 2.150674e+02 1.102375e+02 7.414050e+01 9.786071e-02 7.715425e+02 2.299354e+02 5.254325e+01 1.304599e+02 2.808629e+02 2.538884e+00 1.354343e+03 2.247073e+01 1.681796e+01 
2.135703e-03 4.467529e-02 8.646354e-03 1.286579e-03 2.722047e-04 9.515448e-02 2.534032e-01 2.218930e-04 4.162188e-02 1.475094e-01 1.423957e-01 5.643941e-02 1.423957e-01 5.522999e-03 1.065776e-01 9.515448e-02 2.031253e-03 7.288371e-02 3.758168e-05 2.444620e-02 2.722047e-04 2.169035e-03 6.021237e-03 1.702999e-03 5.732937e-03 4.061716e-01 3.036177e-02 1.432636e-03 3.801859e-04 2.545655e-02 
0.000000e+00 0.000000e+00 0.000000e+00 0.000000e+00 0.000000e+00 0.000000e+00 0.000000e+00 0.000000e+00 0.000000e+00 0.000000e+00 0.000000e+00 0.000000e+00 0.000000e+00 0.000000e+00 0.000000e+00 0.000000e+00 0.000000e+00 0.000000e+00 0.000000e+00 0.000000e+00 0.000000e+00 0.000000e+00 0.000000e+00 0.000000e+00 0.000000e+00 0.000000e+00 0.000000e+00 0.000000e+00 0.000000e+00 0.000000e+00 
0.000000e+00 0.000000e+00 0.000000e+00 0.000000e+00 0.000000e+00 0.000000e+00 0.000000e+00 0.000000e+00 0.000000e+00 0.000000e+00 0.000000e+00 0.000000e+00 0.000000e+00 0.000000e+00 0.000000e+00 0.000000e+00 0.000000e+00 0.000000e+00 0.000000e+00 0.000000e+00 0.000000e+00 0.000000e+00 0.000000e+00 0.000000e+00 0.000000e+00 0.000000e+00 0.000000e+00 0.000000e+00 0.000000e+00 0.000000e+00 
0.000000e+00 0.000000e+00 0.000000e+00 0.000000e+00 0.000000e+00 0.000000e+00 0.000000e+00 0.000000e+00 0.000000e+00 0.000000e+00 0.000000e+00 0.000000e+00 0.000000e+00 0.000000e+00 0.000000e+00 0.000000e+00 0.000000e+00 0.000000e+00 0.000000e+00 0.000000e+00 0.000000e+00 0.000000e+00 0.000000e+00 0.000000e+00 0.000000e+00 0.000000e+00 0.000000e+00 0.000000e+00 0.000000e+00 0.000000e+00 