2.415646e+04 7.505495e+03 2.249322e+04 9.921848e+04 2.249322e+04 1.967609e+04 2.085040e+04 2.251426e+03 6.463110e+04 1.034882e+05 4.012272e+04 1.421368e+04 4.012272e+04 1.984916e+04 1.208877e+04 1.967609e+04 6.258911e+04 2.275892e+04 3.811320e+03 2.886397e+04 2.249322e+04 2.251426e+03 3.133325e+04 6.048310e+03 1.855902e+04 2.251426e+03 5.860760e+04 1.109207e+05 3.326049e+04 2.249322e+04 
2.415646e+04 7.505495e+03 2.203589e+04 3.300231e+04 2.203589e+04 1.967609e+04 2.085040e+04 1.023172e+03 1.992599e+04 1.203548e+04 4.012272e+04 1.421368e+04 4.012272e+04 1.758992e+04 1.208877e+04 1.967609e+04 3.779492e+04 1.597924e+04 3.811320e+03 2.610346e+04 2.203589e+04 1.023172e+03 1.145256e+04 6.048310e+03 6.134739e+03 1.023172e+03 8.780317e+02 6.022395e+03 1.524071e+04 2.203589e+04 
2.415646e+04 7.505495e+03 2.203589e+04 3.300231e+04 2.203589e+04 1.967609e+04 2.085040e+04 1.023172e+03 1.992599e+04 1.203548e+04 4.012272e+04 1.421368e+04 4.012272e+04 1.758992e+04 1.208877e+04 1.967609e+04 3.779492e+04 1.597924e+04 3.811320e+03 2.610346e+04 2.203589e+04 1.023172e+03 1.145256e+04 6.048310e+03 6.134739e+03 1.023172e+03 8.780317e+02 6.022395e+03 1.524071e+04 2.203589e+04 
2.415646e+04 6.435634e+03 1.903883e+04 2.918849e+03 1.903883e+04 8.222663e+03 2.085040e+04 1.023172e+03 4.481392e+03 1.203548e+04 5.984040e+03 1.421368e+04 5.984040e+03 1.318513e+04 3.852396e+03 8.222663e+03 1.797254e+02 1.555000e+04 3.811320e+03 2.610346e+04 1.903883e+04 1.023172e+03 1.606648e+03 6.048310e+03 1.702877e+03 1.023172e+03 8.780317e+02 6.022395e+03 5.883755e+03 1.903883e+04 
3.737876e+03 6.435634e+03 4.597488e+03 1.212041e+03 4.597488e+03 4.910386e+03 6.076697e+03 3.177369e+02 4.481392e+03 9.452276e+03 5.808954e+03 1.421368e+04 5.808954e+03 3.246924e+03 3.558707e+03 4.910386e+03 1.414138e+02 3.108266e+03 3.396412e+03 3.786546e+03 4.597488e+03 3.177369e+02 1.143231e+03 5.661579e+03 1.604200e+03 3.177369e+02 8.367653e+02 6.022395e+03 3.098157e+03 4.597488e+03 
2.670420e+03 1.722258e+02 3.004306e+02 1.212041e+03 3.004306e+02 1.889151e+03 1.428774e+03 2.478065e+02 2.695930e+03 1.095245e+03 5.465549e+03 4.140440e+03 5.465549e+03 1.478141e+03 2.110128e+02 1.889151e+03 1.414138e+02 7.855150e+02 2.724246e+03 1.509214e+03 3.004306e+02 2.478065e+02 4.352409e+02 4.424236e+03 8.214510e+02 2.478065e+02 5.581071e+02 7.639493e+02 2.127054e+02 3.004306e+02 
3.284051e+01 1.015988e+02 1.811692e+02 3.967835e+02 1.811692e+02 6.954671e+01 6.101501e+01 2.593829e+01 7.403860e+02 2.794378e+02 3.156849e+02 2.175892e+02 3.156849e+02 3.191060e+02 2.110128e+02 6.954671e+01 4.659440e+01 7.556142e+02 9.804516e+02 4.130275e+02 1.811692e+02 2.593829e+01 4.003502e+02 9.783831e+02 9.383283e+01 2.593829e+01 5.581071e+02 2.144169e+02 2.127054e+02 1.811692e+02 
3.284051e+01 7.807967e+01 1.529329e+01 1.364956e+01 1.529329e+01 2.468692e+01 2.686093e+01 2.233633e+01 2.881564e+01 1.337555e+01 1.761381e+01 3.989119e+01 1.761381e+01 1.599510e+01 3.558217e+01 2.468692e+01 4.659440e+01 1.884331e+01 1.628729e+01 5.560616e+01 1.529329e+01 2.233633e+01 8.830771e+01 9.806187e+00 3.544076e+01 2.233633e+01 4.876592e+01 3.921893e+01 2.065496e+01 1.529329e+01 
1.153042e+01 6.556762e+00 9.174783e+00 1.115151e+01 9.174783e+00 7.690120e+00 1.285535e+01 1.006283e+01 1.562870e+01 9.921626e+00 1.242202e+01 1.455863e+01 1.242202e+01 8.759094e+00 1.073585e+01 7.690120e+00 1.194370e+01 1.110104e+01 1.628729e+01 9.424791e+00 9.174783e+00 1.006283e+01 1.229154e+01 7.852651e+00 9.619804e+00 1.006283e+01 1.207657e+01 8.235322e+00 9.199590e+00 9.174783e+00 
7.108562e+00 5.521041e+00 5.778284e+00 4.581967e+00 5.778284e+00 6.122410e+00 7.175170e+00 6.879651e+00 5.719264e+00 4.870141e+00 5.032361e+00 3.964860e+00 5.032361e+00 5.902239e+00 6.361748e+00 6.122410e+00 5.296540e+00 5.546552e+00 4.850339e+00 6.193354e+00 5.778284e+00 6.879651e+00 6.522489e+00 6.551041e+00 5.848585e+00 6.879651e+00 5.706994e+00 5.026883e+00 5.953482e+00 5.778284e+00 
1.077432e+00 2.762331e+00 2.593184e+00 2.497268e+00 2.593184e+00 2.052175e-01 4.872983e-01 2.781165e+00 2.961963e+00 2.750191e+00 2.981497e+00 5.908667e-04 2.981497e+00 2.374022e+00 4.134539e+00 2.052175e-01 1.547152e+00 4.451005e-02 2.088790e+00 4.081664e-01 2.593184e+00 2.781165e+00 1.589009e+00 2.475656e+00 2.807036e+00 2.781165e+00 1.351206e+00 2.044021e+00 1.123249e+00 2.593184e+00 
9.054904e-02 1.311759e+00 1.762022e+00 1.807224e+00 1.762022e+00 2.030984e-01 4.863814e-01 1.920261e+00 4.071886e-01 7.442739e-07 1.236736e-02 1.981963e-04 1.236736e-02 1.707359e+00 2.000488e+00 2.030984e-01 1.530632e+00 4.451005e-02 1.542602e+00 3.100158e-01 1.762022e+00 1.920261e+00 2.965817e-08 1.493142e-03 2.257331e+00 1.920261e+00 1.134763e+00 9.338009e-01 5.069228e-01 1.762022e+00 
7.079197e-02 1.279956e+00 1.344039e+00 4.505953e-04 1.344039e+00 9.668139e-02 1.898855e-01 1.460649e+00 9.691728e-02 7.442739e-07 7.702463e-03 3.238989e-05 7.702463e-03 3.073813e-01 1.258641e-01 9.668139e-02 9.218298e-01 3.925954e-02 1.566623e-04 2.395626e-01 1.344039e+00 1.460649e+00 2.965817e-08 1.493142e-03 1.060440e+00 1.460649e+00 7.402899e-02 9.338009e-01 0.000000e+00 1.344039e+00 
0.000000e+00 6.140976e-08 6.673850e-04 1.088550e-05 6.673850e-04 8.430831e-05 9.442281e-07 3.926550e-07 3.920532e-05 7.442739e-07 3.409910e-06 1.823830e-06 3.409910e-06 0.000000e+00 5.771107e-05 8.430831e-05 0.000000e+00 9.553722e-05 7.466058e-05 6.620868e-04 6.673850e-04 3.926550e-07 2.965817e-08 4.703146e-05 4.502715e-05 3.926550e-07 0.000000e+00 4.588788e-06 0.000000e+00 6.673850e-04 
0.000000e+00 0.000000e+00 0.000000e+00 0.000000e+00 0.000000e+00 0.000000e+00 0.000000e+00 0.000000e+00 0.000000e+00 0.000000e+00 0.000000e+00 0.000000e+00 0.000000e+00 0.000000e+00 0.000000e+00 0.000000e+00 0.000000e+00 0.000000e+00 0.000000e+00 0.000000e+00 0.000000e+00 0.000000e+00 0.000000e+00 0.000000e+00 0.000000e+00 0.000000e+00 0.000000e+00 0.000000e+00 0.000000e+00 0.000000e+00 
0.000000e+00 0.000000e+00 0.000000e+00 0.000000e+00 0.000000e+00 0.000000e+00 0.000000e+00 0.000000e+00 0.000000e+00 0.000000e+00 0.000000e+00 0.000000e+00 0.000000e+00 0.000000e+00 0.000000e+00 0.000000e+00 0.000000e+00 0.000000e+00 0.000000e+00 0.000000e+00 0.000000e+00 0.000000e+00 0.000000e+00 0.000000e+00 0.000000e+00 0.000000e+00 0.000000e+00 0.000000e+00 0.000000e+00 0.000000e+00 
0.000000e+00 0.000000e+00 0.000000e+00 0.000000e+00 0.000000e+00 0.000000e+00 0.000000e+00 0.000000e+00 0.000000e+00 0.000000e+00 0.000000e+00 0.000000e+00 0.000000e+00 0.000000e+00 0.000000e+00 0.000000e+00 0.000000e+00 0.000000e+00 0.000000e+00 0.000000e+00 0.000000e+00 0.000000e+00 0.000000e+00 0.000000e+00 0.000000e+00 0.000000e+00 0.000000e+00 0.000000e+00 0.000000e+00 0.000000e+00 