8.644846e+02 5.981878e+02 4.053563e+02 2.055798e+02 3.359093e+02 3.330196e+02 2.449681e+02 5.505391e+02 7.515644e+02 8.408976e+02 7.400965e+02 3.859963e+02 7.400965e+02 4.709724e+02 4.278911e+02 3.330196e+02 2.368090e+02 1.258471e+02 2.233479e+02 3.935786e+02 3.359093e+02 2.886612e+02 4.867970e+02 4.122197e+02 4.729216e+02 3.892466e+02 4.359964e+02 2.448019e+02 3.838392e+02 8.315132e+02 
2.224257e+02 5.515191e+02 2.010235e+02 2.055798e+02 3.359093e+02 3.330196e+02 2.449681e+02 3.854193e+02 3.041411e+02 7.816138e+02 5.749313e+02 2.001440e+02 5.749313e+02 3.444158e+02 4.278911e+02 3.330196e+02 2.173754e+02 1.258471e+02 2.233479e+02 3.935786e+02 3.359093e+02 2.884697e+02 4.769788e+02 1.698131e+02 4.729216e+02 2.662183e+02 4.359964e+02 2.448019e+02 3.838392e+02 7.850979e+02 
2.224257e+02 5.515191e+02 2.010235e+02 2.055798e+02 3.359093e+02 3.330196e+02 2.449681e+02 3.854193e+02 3.041411e+02 7.816138e+02 5.749313e+02 2.001440e+02 5.749313e+02 3.444158e+02 4.278911e+02 3.330196e+02 2.173754e+02 1.258471e+02 2.233479e+02 3.935786e+02 3.359093e+02 2.884697e+02 4.769788e+02 1.698131e+02 4.729216e+02 2.662183e+02 4.359964e+02 2.448019e+02 3.838392e+02 7.850979e+02 
2.224257e+02 3.777600e+02 1.664655e+02 2.055798e+02 3.104548e+02 2.150332e+02 2.219677e+02 3.555041e+02 2.780331e+02 3.578215e+02 3.343116e+02 2.001440e+02 3.343116e+02 3.444158e+02 3.560462e+02 2.150332e+02 2.173754e+02 1.228491e+02 2.233479e+02 3.507516e+02 3.104548e+02 2.884697e+02 3.536246e+02 1.698131e+02 2.608429e+02 2.662183e+02 3.419175e+02 2.448019e+02 3.838392e+02 5.043857e+02 
2.224257e+02 3.400416e+02 1.630649e+02 2.054487e+02 2.900270e+02 1.759155e+02 1.809988e+02 2.433889e+02 2.552889e+02 1.142423e+02 2.885191e+02 1.992026e+02 2.885191e+02 2.787228e+02 3.523393e+02 1.759155e+02 2.173754e+02 1.228491e+02 1.871359e+02 2.213389e+02 2.900270e+02 2.884697e+02 3.280667e+02 1.474347e+02 2.608429e+02 1.985569e+02 2.819390e+02 1.925712e+02 1.853352e+02 2.048877e+02 
1.991024e+02 1.280686e+02 1.630649e+02 1.156221e+02 1.386652e+02 1.435045e+02 1.273608e+02 1.937991e+02 1.986244e+02 1.142423e+02 1.763212e+02 1.716435e+02 1.763212e+02 1.989762e+02 2.840058e+02 1.435045e+02 2.165001e+02 1.228491e+02 1.871359e+02 2.213389e+02 1.386652e+02 2.376073e+02 2.874117e+02 1.333664e+02 1.887379e+02 1.940435e+02 2.432979e+02 1.739408e+02 1.853352e+02 2.048877e+02 
1.245749e+02 7.290121e+01 1.630649e+02 1.156221e+02 1.140543e+02 1.242814e+02 1.273608e+02 1.380168e+02 1.430509e+02 1.023155e+02 1.553766e+02 1.196316e+02 1.553766e+02 1.545220e+02 2.349928e+02 1.242814e+02 1.385140e+02 1.228491e+02 1.494221e+02 1.475925e+02 1.140543e+02 1.114370e+02 1.594931e+02 1.148677e+02 1.747423e+02 1.158166e+02 1.423455e+02 1.561325e+02 1.462159e+02 1.507078e+02 
8.862713e+01 7.290121e+01 9.830284e+01 1.146591e+02 1.140543e+02 1.206539e+02 9.539316e+01 1.222885e+02 1.140223e+02 1.023155e+02 1.017575e+02 1.175441e+02 1.017575e+02 9.770240e+01 1.268915e+02 1.206539e+02 8.839883e+01 1.005034e+02 1.155267e+02 8.318294e+01 1.140543e+02 9.318496e+01 1.257325e+02 9.799342e+01 1.059565e+02 1.042969e+02 1.176598e+02 1.101529e+02 1.024595e+02 1.254879e+02 
8.543662e+01 6.616256e+01 6.171918e+01 7.668632e+01 7.686812e+01 6.980417e+01 7.367752e+01 6.843060e+01 7.838070e+01 8.259117e+01 7.172200e+01 7.831588e+01 7.172200e+01 7.633027e+01 9.090113e+01 6.980417e+01 7.189197e+01 8.045478e+01 7.534581e+01 7.810650e+01 7.686812e+01 6.918144e+01 7.815989e+01 7.848600e+01 8.707681e+01 9.218667e+01 7.949844e+01 6.605180e+01 7.340703e+01 8.487106e+01 
6.379519e+01 5.933324e+01 5.610864e+01 5.430784e+01 6.774921e+01 5.846691e+01 6.075181e+01 5.721314e+01 5.961463e+01 6.825320e+01 6.108290e+01 1.035636e+01 6.108290e+01 6.208847e+01 6.548385e+01 5.846691e+01 6.042729e+01 6.047449e+01 6.632937e+01 6.407447e+01 6.774921e+01 6.113117e+01 6.067352e+01 1.360613e+01 4.256247e+01 6.728593e+01 6.440443e+01 6.132509e+01 6.049544e+01 6.823284e+01 
5.309781e+01 5.203054e+01 5.284436e+01 5.331019e+01 5.292383e+01 5.171387e+01 5.289371e+01 5.348328e+01 5.272403e+01 5.328813e+01 5.303854e+01 9.434045e+00 5.303854e+01 5.246284e+01 5.416572e+01 5.171387e+01 5.257200e+01 5.144399e+01 5.409887e+01 5.401831e+01 5.292383e+01 5.259735e+01 5.252862e+01 1.360613e+01 4.100577e+01 5.115937e+01 5.221873e+01 5.391717e+01 5.258612e+01 1.419197e+01 
4.964207e+01 4.956188e+01 4.967043e+01 4.976422e+01 4.998300e+01 4.914168e+01 4.928974e+01 4.981232e+01 1.939738e+01 4.980771e+01 4.946185e+01 8.786977e+00 4.946185e+01 4.959111e+01 4.983883e+01 4.914168e+01 4.915023e+01 4.958516e+01 4.983888e+01 4.993803e+01 4.998300e+01 4.946401e+01 4.982619e+01 1.360613e+01 2.611073e+01 4.976154e+01 2.898533e+01 4.989435e+01 4.933327e+01 1.417104e+01 
4.871173e+01 4.854691e+01 4.874901e+01 4.858336e+01 4.833651e+01 4.848436e+01 2.830999e+01 4.863273e+01 1.482851e+01 4.858010e+01 4.841019e+01 8.539718e+00 4.841019e+01 4.857285e+01 4.860271e+01 4.848436e+01 4.857133e+01 4.864353e+01 4.864819e+01 4.877478e+01 4.833651e+01 4.857719e+01 4.863483e+01 1.304187e+01 4.532412e+00 4.860128e+01 2.009128e+01 4.852629e+01 1.423393e+01 4.785815e+00 
4.829049e+01 1.452556e+00 7.540745e+00 6.971895e+00 8.611176e+00 4.827927e+01 1.117210e+01 1.265676e+01 2.374219e+00 4.811002e+01 3.492134e+01 4.380131e+00 3.492134e+01 4.825268e+01 4.822493e+01 4.827927e+01 4.820534e+01 9.341390e+00 4.814761e+01 4.816709e+01 8.611176e+00 2.419635e+01 4.819369e+01 8.158728e+00 1.879656e+00 2.528104e+01 1.538219e+00 4.072022e+00 9.124410e+00 4.247871e+00 
4.594890e-03 3.142665e-03 7.594919e-03 7.349907e-03 8.596107e-03 4.876315e-01 8.705731e-03 5.884420e-03 9.910403e-03 4.800088e+01 8.546017e-03 9.574130e-03 8.546017e-03 2.463017e-02 2.137772e-02 4.876315e-01 1.209113e-02 3.963113e-03 1.915051e-02 7.108500e-03 8.596107e-03 4.865548e-03 4.090294e-03 3.237700e-03 6.540591e-03 4.621962e-03 1.157878e-02 7.376836e-03 9.985186e-03 7.308045e-03 
0.000000e+00 0.000000e+00 0.000000e+00 0.000000e+00 0.000000e+00 0.000000e+00 0.000000e+00 0.000000e+00 0.000000e+00 0.000000e+00 0.000000e+00 0.000000e+00 0.000000e+00 0.000000e+00 0.000000e+00 0.000000e+00 0.000000e+00 0.000000e+00 0.000000e+00 0.000000e+00 0.000000e+00 0.000000e+00 0.000000e+00 0.000000e+00 0.000000e+00 0.000000e+00 0.000000e+00 0.000000e+00 0.000000e+00 0.000000e+00 
0.000000e+00 0.000000e+00 0.000000e+00 0.000000e+00 0.000000e+00 0.000000e+00 0.000000e+00 0.000000e+00 0.000000e+00 0.000000e+00 0.000000e+00 0.000000e+00 0.000000e+00 0.000000e+00 0.000000e+00 0.000000e+00 0.000000e+00 0.000000e+00 0.000000e+00 0.000000e+00 0.000000e+00 0.000000e+00 0.000000e+00 0.000000e+00 0.000000e+00 0.000000e+00 0.000000e+00 0.000000e+00 0.000000e+00 0.000000e+00 