1.148637e+03 1.055594e+03 1.053128e+03 1.052495e+03 1.179917e+03 9.027214e+02 1.155233e+03 1.261225e+03 9.152248e+02 1.299275e+03 1.042536e+03 9.809523e+02 1.163436e+03 1.163244e+03 1.243521e+03 9.027214e+02 1.040716e+03 1.153061e+03 1.274676e+03 1.125937e+03 1.179917e+03 1.120680e+03 1.118975e+03 1.155298e+03 1.088029e+03 1.120680e+03 1.140484e+03 1.179665e+03 1.040023e+03 1.179917e+03 
1.148637e+03 1.055594e+03 1.053128e+03 1.052495e+03 1.179917e+03 9.027214e+02 1.155233e+03 1.261225e+03 9.152248e+02 1.299275e+03 1.042536e+03 9.809523e+02 1.163436e+03 1.163244e+03 1.243521e+03 9.027214e+02 1.040716e+03 1.153061e+03 1.274676e+03 1.125937e+03 1.179917e+03 1.120680e+03 1.118975e+03 1.155298e+03 1.088029e+03 1.120680e+03 1.140484e+03 1.179665e+03 1.040023e+03 1.179917e+03 
1.148637e+03 1.055594e+03 1.053128e+03 1.052495e+03 1.179917e+03 9.027214e+02 1.155233e+03 1.261225e+03 9.152248e+02 1.299275e+03 1.042536e+03 9.809523e+02 1.163436e+03 1.163244e+03 1.243521e+03 9.027214e+02 1.040716e+03 1.153061e+03 1.274676e+03 1.125937e+03 1.179917e+03 1.120680e+03 1.118975e+03 1.155298e+03 1.088029e+03 1.120680e+03 1.140484e+03 1.179665e+03 1.040023e+03 1.179917e+03 
1.140323e+03 1.055594e+03 8.378689e+02 9.202675e+02 1.151182e+03 9.027214e+02 1.155233e+03 1.209253e+03 8.252941e+02 1.204104e+03 1.042536e+03 9.809523e+02 1.153198e+03 1.163244e+03 1.222149e+03 9.027214e+02 1.040716e+03 1.153061e+03 1.118299e+03 9.956295e+02 1.151182e+03 1.120680e+03 1.054469e+03 1.129382e+03 1.010268e+03 1.120680e+03 1.095598e+03 1.179665e+03 1.040023e+03 1.151182e+03 
1.084847e+03 1.055594e+03 8.378689e+02 8.837674e+02 9.228061e+02 9.027214e+02 9.635311e+02 1.132454e+03 8.252941e+02 1.014365e+03 1.038626e+03 9.809523e+02 1.055053e+03 1.163244e+03 1.165036e+03 9.027214e+02 1.017316e+03 8.913229e+02 1.118299e+03 9.307336e+02 9.228061e+02 1.103241e+03 1.030276e+03 1.129382e+03 9.522383e+02 1.103241e+03 9.739225e+02 1.179665e+03 1.040023e+03 9.228061e+02 
9.048552e+02 8.959020e+02 7.995613e+02 8.837674e+02 8.507216e+02 9.027214e+02 8.776226e+02 1.132454e+03 7.704134e+02 7.936922e+02 1.038626e+03 9.751507e+02 1.022591e+03 1.163244e+03 1.162013e+03 9.027214e+02 9.423384e+02 7.129833e+02 1.116846e+03 9.307336e+02 8.507216e+02 5.325247e+02 9.123189e+02 1.070459e+03 9.327453e+02 5.325247e+02 9.216158e+02 9.387366e+02 7.456219e+02 8.507216e+02 
7.665576e+02 8.767343e+02 6.520548e+02 8.631985e+02 6.582438e+02 7.302036e+02 7.360815e+02 6.177395e+02 7.624717e+02 6.257641e+02 8.484072e+02 9.724703e+02 7.236434e+02 9.297916e+02 8.150406e+02 7.302036e+02 5.608507e+02 7.118116e+02 9.127961e+02 8.042344e+02 6.582438e+02 5.317360e+02 7.972308e+02 9.793958e+02 9.227762e+02 5.317360e+02 7.789208e+02 8.961971e+02 6.439214e+02 6.582438e+02 
5.383851e+02 6.250049e+02 4.531535e+02 6.547442e+02 4.730610e+02 5.859355e+02 4.646161e+02 5.452986e+02 5.000913e+02 4.783950e+02 5.774396e+02 5.671978e+02 4.885412e+02 5.342612e+02 6.111767e+02 5.859355e+02 5.086166e+02 4.223493e+02 6.491297e+02 6.332389e+02 4.730610e+02 4.663584e+02 6.083727e+02 5.726800e+02 4.817730e+02 4.663584e+02 5.505289e+02 7.616666e+02 4.915208e+02 4.730610e+02 
3.124327e+02 3.123902e+02 3.298358e+02 3.669826e+02 3.431845e+02 3.166667e+02 3.091696e+02 3.657570e+02 3.434909e+02 3.391119e+02 3.705812e+02 3.167800e+02 3.053513e+02 3.460593e+02 3.241620e+02 3.166667e+02 3.675711e+02 3.480424e+02 3.464388e+02 3.904253e+02 3.431845e+02 3.570174e+02 3.888939e+02 3.679770e+02 3.830244e+02 3.570174e+02 3.446842e+02 3.532317e+02 3.340308e+02 3.431845e+02 
1.640730e+02 1.958842e+02 2.062687e+02 2.183318e+02 2.189114e+02 2.272329e+02 2.017558e+02 1.732931e+02 2.380341e+02 2.058844e+02 1.895203e+02 2.245331e+02 1.975291e+02 1.971166e+02 2.350090e+02 2.272329e+02 1.995711e+02 1.994295e+02 2.179777e+02 2.072537e+02 2.189114e+02 1.714356e+02 2.181243e+02 2.097404e+02 2.331799e+02 1.714356e+02 2.142613e+02 2.247820e+02 1.790504e+02 2.189114e+02 
1.169599e+02 1.298970e+02 1.195775e+02 1.274467e+02 1.139470e+02 1.285289e+02 1.089273e+02 1.291251e+02 1.137745e+02 1.117438e+02 1.221865e+02 1.260565e+02 1.153958e+02 1.213226e+02 1.355208e+02 1.285289e+02 1.177416e+02 1.015275e+02 1.179340e+02 1.207728e+02 1.139470e+02 1.181564e+02 1.267069e+02 1.183426e+02 1.177927e+02 1.181564e+02 1.147027e+02 1.166270e+02 1.150638e+02 1.139470e+02 
8.598948e+01 7.705540e+01 6.878441e+01 8.362504e+01 7.614679e+01 7.596041e+01 7.762736e+01 7.417923e+01 8.156257e+01 7.121788e+01 6.671431e+01 7.258355e+01 7.101067e+01 7.120031e+01 7.385338e+01 7.596041e+01 8.216938e+01 7.678912e+01 8.090830e+01 7.597623e+01 7.614679e+01 6.541847e+01 7.232981e+01 7.335129e+01 8.299350e+01 6.541847e+01 7.838235e+01 7.627188e+01 7.130438e+01 7.614679e+01 
4.826428e+01 4.807575e+01 5.058043e+01 5.205794e+01 5.493271e+01 5.161730e+01 5.216620e+01 5.552532e+01 4.260709e+01 5.172245e+01 5.211224e+01 5.150606e+01 5.178977e+01 5.507900e+01 5.279464e+01 5.161730e+01 5.848158e+01 4.849021e+01 5.537387e+01 5.043922e+01 5.493271e+01 5.046776e+01 5.704208e+01 4.979921e+01 5.529070e+01 5.046776e+01 5.291945e+01 4.940698e+01 5.329254e+01 5.493271e+01 
3.303990e+01 3.504742e+01 4.015292e+01 3.583657e+01 3.677799e+01 3.869963e+01 3.366130e+01 3.958870e+01 3.264348e+01 3.475876e+01 3.648621e+01 3.320211e+01 3.452447e+01 3.587714e+01 3.942390e+01 3.869963e+01 3.276897e+01 3.596043e+01 3.630866e+01 3.151094e+01 3.677799e+01 3.696236e+01 3.807798e+01 3.522294e+01 3.785943e+01 3.696236e+01 3.404764e+01 3.338851e+01 3.895624e+01 3.677799e+01 
2.612648e+01 2.529804e+01 2.319377e+01 2.465416e+01 2.546493e+01 2.437852e+01 2.398189e+01 2.723476e+01 2.454785e+01 2.567857e+01 2.561067e+01 2.557030e+01 2.561332e+01 2.592944e+01 2.376639e+01 2.437852e+01 2.465999e+01 2.513398e+01 2.615155e+01 2.485417e+01 2.546493e+01 2.759916e+01 2.428629e+01 2.620906e+01 2.545803e+01 2.759916e+01 2.688713e+01 2.545958e+01 2.793027e+01 2.546493e+01 
2.203846e+01 2.193046e+01 2.038722e+01 2.174263e+01 2.245540e+01 2.136804e+01 2.261390e+01 2.237741e+01 2.151859e+01 2.278036e+01 2.109956e+01 2.196098e+01 2.162257e+01 2.232452e+01 2.166181e+01 2.136804e+01 2.110385e+01 2.170340e+01 2.106521e+01 2.167088e+01 2.245540e+01 2.138954e+01 2.154995e+01 2.182984e+01 2.181022e+01 2.138954e+01 2.136728e+01 2.176424e+01 2.275598e+01 2.245540e+01 
0.000000e+00 0.000000e+00 0.000000e+00 0.000000e+00 0.000000e+00 0.000000e+00 0.000000e+00 0.000000e+00 0.000000e+00 0.000000e+00 0.000000e+00 0.000000e+00 0.000000e+00 0.000000e+00 0.000000e+00 0.000000e+00 0.000000e+00 0.000000e+00 0.000000e+00 0.000000e+00 0.000000e+00 0.000000e+00 0.000000e+00 0.000000e+00 0.000000e+00 0.000000e+00 0.000000e+00 0.000000e+00 0.000000e+00 0.000000e+00 