3.901334e+05 2.423833e+05 5.602545e+05 9.356280e+04 4.449705e+05 5.850764e+05 6.304838e+05 4.251548e+05 3.276200e+05 1.423018e+05 2.500649e+05 2.549243e+05 2.500649e+05 2.973670e+05 3.750089e+05 5.850764e+05 2.053952e+05 1.840175e+05 3.324250e+05 1.813436e+05 4.449705e+05 4.251548e+05 4.991117e+05 2.904930e+05 5.709293e+05 2.185784e+05 2.257831e+05 4.072287e+05 2.307419e+05 4.449705e+05 
3.901334e+05 2.423833e+05 5.602545e+05 9.356280e+04 4.449705e+05 5.850764e+05 6.304838e+05 4.251548e+05 3.276200e+05 1.423018e+05 2.500649e+05 2.549243e+05 2.500649e+05 2.973670e+05 3.750089e+05 5.850764e+05 2.053952e+05 1.840175e+05 3.324250e+05 1.813436e+05 4.449705e+05 4.251548e+05 4.991117e+05 2.904930e+05 5.709293e+05 2.185784e+05 2.257831e+05 4.072287e+05 2.307419e+05 4.449705e+05 
3.901334e+05 2.423833e+05 5.602545e+05 9.356280e+04 4.449705e+05 5.850764e+05 6.304838e+05 4.251548e+05 3.276200e+05 1.423018e+05 2.500649e+05 2.549243e+05 2.500649e+05 2.973670e+05 3.750089e+05 5.850764e+05 2.053952e+05 1.840175e+05 3.324250e+05 1.813436e+05 4.449705e+05 4.251548e+05 4.991117e+05 2.904930e+05 5.709293e+05 2.185784e+05 2.257831e+05 4.072287e+05 2.307419e+05 4.449705e+05 
3.901334e+05 2.423833e+05 5.602545e+05 9.356280e+04 4.430044e+05 2.974955e+05 5.002012e+04 4.251548e+05 3.222153e+05 1.423018e+05 2.500649e+05 2.358093e+05 2.500649e+05 1.804149e+05 4.057441e+04 2.974955e+05 1.926845e+05 1.815290e+05 1.251173e+05 1.813436e+05 4.430044e+05 4.251548e+05 4.299827e+05 2.094274e+05 4.036121e+05 2.185784e+05 8.307935e+04 4.072287e+05 2.160582e+05 4.430044e+05 
3.901334e+05 1.122683e+05 3.844543e+05 9.356280e+04 1.327062e+05 8.020394e+04 5.002012e+04 3.010484e+05 1.039865e+05 8.119229e+04 2.035374e+05 1.044913e+05 2.035374e+05 4.875457e+04 3.922286e+04 8.020394e+04 1.926845e+05 1.458798e+05 6.671215e+04 1.416890e+05 1.327062e+05 3.010484e+05 2.752803e+05 1.759154e+05 2.994133e+05 2.106207e+05 8.307935e+04 2.628072e+05 1.959817e+05 1.327062e+05 
2.085259e+05 9.746946e+04 9.611357e+04 9.247411e+04 1.327062e+05 1.919578e+04 5.002012e+04 2.620151e+05 1.027368e+05 6.201546e+04 2.316845e+04 7.073605e+04 2.316845e+04 2.382958e+04 3.751175e+04 1.919578e+04 4.973128e+04 4.182162e+03 6.671215e+04 1.387642e+05 1.327062e+05 2.620151e+05 2.012328e+05 1.096523e+05 1.945476e+05 2.106207e+05 8.307935e+04 3.198447e+04 1.959817e+05 1.327062e+05 
1.516275e+05 3.531933e+04 4.126828e+04 3.737238e+04 1.327062e+05 1.919578e+04 1.417044e+04 1.314260e+05 6.066609e+04 5.467573e+04 2.292799e+04 5.023008e+04 2.292799e+04 2.382958e+04 3.229781e+04 1.919578e+04 7.581930e+03 4.182162e+03 1.765394e+04 2.027628e+04 1.327062e+05 1.314260e+05 1.980607e+04 1.771993e+04 6.173700e+04 9.494327e+04 5.420938e+03 1.978906e+04 6.505076e+04 1.327062e+05 
4.608532e+03 3.159777e+03 3.010074e+03 7.654594e+03 3.472021e+04 9.997100e+03 1.386386e+04 6.018672e+03 6.098056e+03 1.308826e+03 1.131126e+04 9.672311e+03 1.131126e+04 7.502021e+03 2.529585e+03 9.997100e+03 3.189396e+03 4.182162e+03 9.523119e+02 6.943190e+03 3.472021e+04 6.018672e+03 1.064532e+04 1.586401e+04 1.723053e+04 3.336072e+03 5.210941e+03 1.688694e+04 1.046655e+04 3.472021e+04 
1.178430e+03 1.851401e+03 1.472091e+03 9.829860e+02 2.062915e+02 1.335197e+03 3.255450e+02 2.633577e+02 3.824503e+02 7.229740e+02 1.541904e+03 2.309732e+02 1.541904e+03 5.445022e+02 8.480947e+02 1.335197e+03 1.806563e+02 8.882831e+02 2.340389e+02 1.090056e+03 2.062915e+02 2.633577e+02 1.236059e+03 7.402083e+02 1.399619e+03 6.796138e+02 1.791454e+03 1.626624e+03 2.192964e+03 2.062915e+02 
5.760950e+01 9.888135e+01 8.027194e+01 8.613851e+01 3.605657e+01 8.666171e+01 2.977764e+01 7.479682e+01 4.279286e+01 7.015325e+01 5.713709e+01 6.316298e+01 5.713709e+01 3.154356e+01 6.715031e+01 8.666171e+01 6.169635e+01 1.415240e+01 3.696012e+01 8.302297e+01 3.605657e+01 7.479682e+01 4.451978e+01 4.105055e+01 4.399224e+01 4.263262e+01 8.352827e+01 4.460787e+01 4.645767e+01 3.605657e+01 
1.065872e+01 1.237413e+00 1.122442e+01 6.970779e+00 1.170612e+01 1.153016e+01 1.022232e+01 9.284113e+00 1.058028e+01 1.216148e+01 8.215742e+00 1.224809e+01 8.215742e+00 9.178593e+00 1.164721e+01 1.153016e+01 9.971716e+00 1.022294e+01 9.494471e+00 1.091680e+01 1.170612e+01 9.284113e+00 1.359608e+01 9.416568e+00 9.672181e+00 1.013036e+01 1.163670e+01 1.220366e+01 1.147557e+01 1.170612e+01 
6.699954e+00 7.974219e-01 1.799155e-02 3.951211e+00 3.293592e+00 7.128623e-01 4.058736e+00 5.462748e+00 3.637491e-01 5.540624e+00 4.892139e+00 6.375643e+00 4.892139e+00 4.591032e+00 5.957877e+00 7.128623e-01 5.119054e+00 5.602605e+00 4.742816e+00 1.679574e+00 3.293592e+00 5.462748e+00 5.194279e+00 5.546866e+00 3.061669e+00 5.510426e+00 1.916471e+00 4.387913e+00 6.119948e+00 3.293592e+00 
2.860416e+00 1.438512e-01 1.766288e-02 1.680123e+00 1.780535e+00 6.259018e-02 2.383391e+00 1.209951e+00 1.316576e-01 2.560578e+00 1.149530e+00 1.183454e-02 1.149530e+00 2.623791e+00 1.214419e+00 6.259018e-02 2.481678e+00 2.966438e+00 7.106049e-05 1.346636e+00 1.780535e+00 1.209951e+00 2.136900e+00 1.569809e+00 2.486960e+00 8.043990e-01 5.157856e-01 1.544865e+00 7.037113e-01 1.780535e+00 
4.810329e-03 2.091470e-04 7.564339e-04 6.845248e-07 1.450771e-06 8.205558e-07 1.115621e-01 2.268252e-01 1.608215e-04 1.803607e-04 1.648680e-06 1.107853e-04 1.648680e-06 7.129975e-04 3.231885e-05 8.205558e-07 8.631783e-08 2.290271e-05 2.632314e-05 1.188283e-08 1.450771e-06 2.268252e-01 9.886429e-02 1.167313e-03 6.210580e-04 6.163623e-04 4.035933e-03 2.928440e-02 1.446825e-07 1.450771e-06 
0.000000e+00 0.000000e+00 0.000000e+00 0.000000e+00 0.000000e+00 0.000000e+00 0.000000e+00 0.000000e+00 0.000000e+00 0.000000e+00 0.000000e+00 0.000000e+00 0.000000e+00 0.000000e+00 0.000000e+00 0.000000e+00 0.000000e+00 0.000000e+00 0.000000e+00 0.000000e+00 0.000000e+00 0.000000e+00 0.000000e+00 0.000000e+00 0.000000e+00 0.000000e+00 0.000000e+00 0.000000e+00 0.000000e+00 0.000000e+00 
0.000000e+00 0.000000e+00 0.000000e+00 0.000000e+00 0.000000e+00 0.000000e+00 0.000000e+00 0.000000e+00 0.000000e+00 0.000000e+00 0.000000e+00 0.000000e+00 0.000000e+00 0.000000e+00 0.000000e+00 0.000000e+00 0.000000e+00 0.000000e+00 0.000000e+00 0.000000e+00 0.000000e+00 0.000000e+00 0.000000e+00 0.000000e+00 0.000000e+00 0.000000e+00 0.000000e+00 0.000000e+00 0.000000e+00 0.000000e+00 
0.000000e+00 0.000000e+00 0.000000e+00 0.000000e+00 0.000000e+00 0.000000e+00 0.000000e+00 0.000000e+00 0.000000e+00 0.000000e+00 0.000000e+00 0.000000e+00 0.000000e+00 0.000000e+00 0.000000e+00 0.000000e+00 0.000000e+00 0.000000e+00 0.000000e+00 0.000000e+00 0.000000e+00 0.000000e+00 0.000000e+00 0.000000e+00 0.000000e+00 0.000000e+00 0.000000e+00 0.000000e+00 0.000000e+00 0.000000e+00 