2.439777e+03 2.250219e+03 2.058997e+03 2.002742e+03 2.058997e+03 2.219006e+03 2.279391e+03 2.067657e+03 2.270638e+03 2.594513e+03 2.128991e+03 2.293934e+03 2.128991e+03 2.143254e+03 2.075062e+03 2.219006e+03 1.988734e+03 2.058997e+03 2.219006e+03 1.641470e+03 2.058997e+03 2.067657e+03 1.939748e+03 2.075062e+03 2.384171e+03 2.067657e+03 1.988734e+03 2.434015e+03 2.293934e+03 2.058997e+03 
2.060932e+03 2.250219e+03 2.058997e+03 2.002742e+03 2.058997e+03 2.061656e+03 2.264916e+03 1.932805e+03 1.841893e+03 2.299756e+03 2.128991e+03 2.064983e+03 2.128991e+03 2.113544e+03 2.075062e+03 2.061656e+03 1.988734e+03 2.058997e+03 2.061656e+03 1.641470e+03 2.058997e+03 1.932805e+03 1.927681e+03 2.075062e+03 2.384171e+03 1.932805e+03 1.988734e+03 2.434015e+03 2.064983e+03 2.058997e+03 
2.060932e+03 2.250219e+03 2.058997e+03 2.002742e+03 2.058997e+03 2.061656e+03 2.264916e+03 1.932805e+03 1.841893e+03 2.299756e+03 2.128991e+03 2.064983e+03 2.128991e+03 2.113544e+03 2.075062e+03 2.061656e+03 1.988734e+03 2.058997e+03 2.061656e+03 1.641470e+03 2.058997e+03 1.932805e+03 1.927681e+03 2.075062e+03 2.384171e+03 1.932805e+03 1.988734e+03 2.434015e+03 2.064983e+03 2.058997e+03 
2.045336e+03 2.250219e+03 2.058997e+03 2.002742e+03 2.058997e+03 2.061656e+03 2.262958e+03 1.932805e+03 1.841893e+03 2.209332e+03 2.106243e+03 2.064983e+03 2.106243e+03 1.999110e+03 2.075062e+03 2.061656e+03 1.988734e+03 2.058997e+03 2.061656e+03 1.641470e+03 2.058997e+03 1.932805e+03 1.776876e+03 2.075062e+03 2.253755e+03 1.932805e+03 1.988734e+03 2.314964e+03 2.064983e+03 2.058997e+03 
1.900414e+03 1.670342e+03 1.843195e+03 2.002742e+03 1.843195e+03 1.920862e+03 1.848354e+03 1.844439e+03 1.783406e+03 2.032376e+03 2.098115e+03 2.000340e+03 2.098115e+03 1.779947e+03 1.727257e+03 1.920862e+03 1.869560e+03 1.843195e+03 1.920862e+03 1.641470e+03 1.843195e+03 1.844439e+03 1.670105e+03 1.727257e+03 2.225915e+03 1.844439e+03 1.869560e+03 1.778181e+03 2.000340e+03 1.843195e+03 
1.535879e+03 1.531585e+03 1.761148e+03 1.821136e+03 1.761148e+03 1.920862e+03 1.481226e+03 1.844439e+03 1.719582e+03 1.799876e+03 1.759885e+03 1.934443e+03 1.759885e+03 1.779947e+03 1.727257e+03 1.920862e+03 1.802730e+03 1.761148e+03 1.920862e+03 1.555352e+03 1.761148e+03 1.844439e+03 1.560346e+03 1.727257e+03 1.826865e+03 1.844439e+03 1.802730e+03 1.651834e+03 1.934443e+03 1.761148e+03 
1.260709e+03 1.441484e+03 1.488209e+03 1.604936e+03 1.488209e+03 1.367045e+03 1.410483e+03 1.332410e+03 1.517570e+03 1.550824e+03 1.685729e+03 1.412331e+03 1.685729e+03 1.635342e+03 1.479856e+03 1.367045e+03 1.522934e+03 1.488209e+03 1.367045e+03 1.062054e+03 1.488209e+03 1.332410e+03 1.433550e+03 1.479856e+03 1.120554e+03 1.332410e+03 1.522934e+03 1.589605e+03 1.412331e+03 1.488209e+03 
1.189304e+03 1.149435e+03 1.090033e+03 1.378984e+03 1.090033e+03 1.013180e+03 1.184810e+03 1.119244e+03 1.296780e+03 1.327413e+03 1.121558e+03 1.278156e+03 1.121558e+03 1.366750e+03 1.194237e+03 1.013180e+03 1.083397e+03 1.090033e+03 1.013180e+03 1.042910e+03 1.090033e+03 1.119244e+03 1.375107e+03 1.194237e+03 9.939592e+02 1.119244e+03 1.083397e+03 1.366216e+03 1.278156e+03 1.090033e+03 
5.232221e+02 6.849809e+02 7.928102e+02 1.027755e+03 7.928102e+02 1.013180e+03 6.911289e+02 9.663230e+02 6.313822e+02 5.291538e+02 9.552141e+02 8.286960e+02 9.552141e+02 8.279429e+02 1.120920e+03 1.013180e+03 6.753154e+02 7.928102e+02 1.013180e+03 9.578927e+02 7.928102e+02 9.663230e+02 1.059132e+03 1.120920e+03 9.929317e+02 9.663230e+02 6.753154e+02 1.049201e+03 8.286960e+02 7.928102e+02 
5.232221e+02 5.717708e+02 6.003917e+02 7.985371e+02 6.003917e+02 5.928182e+02 6.911289e+02 6.474965e+02 6.313822e+02 4.543062e+02 6.734436e+02 6.400354e+02 6.734436e+02 7.703380e+02 8.093533e+02 5.928182e+02 4.419218e+02 6.003917e+02 5.928182e+02 7.158589e+02 6.003917e+02 6.474965e+02 6.826785e+02 8.093533e+02 5.744834e+02 6.474965e+02 4.419218e+02 7.877602e+02 6.400354e+02 6.003917e+02 
3.609854e+02 2.361449e+02 2.549839e+02 4.221389e+02 2.549839e+02 3.652485e+02 3.011691e+02 3.716650e+02 3.588855e+02 3.107297e+02 4.113770e+02 3.271365e+02 4.113770e+02 2.417410e+02 3.149138e+02 3.652485e+02 1.455400e+02 2.549839e+02 3.652485e+02 3.307573e+02 2.549839e+02 3.716650e+02 4.713576e+02 3.149138e+02 3.027825e+02 3.716650e+02 1.455400e+02 4.483788e+02 3.271365e+02 2.549839e+02 
1.587151e+02 9.309232e+01 1.348354e+02 2.848254e+02 1.348354e+02 1.680592e+02 1.288128e+02 1.423636e+02 2.144038e+02 1.336738e+02 2.009966e+02 2.008448e+02 2.009966e+02 1.285753e+02 1.476491e+02 1.680592e+02 7.534616e+01 1.348354e+02 1.680592e+02 1.104365e+02 1.348354e+02 1.423636e+02 2.646427e+02 1.476491e+02 1.838132e+02 1.423636e+02 7.534616e+01 1.465984e+02 2.008448e+02 1.348354e+02 
4.566500e+01 3.842781e+01 2.428901e+01 8.360050e+01 2.428901e+01 5.611760e+01 5.393904e+01 4.217034e+01 5.438952e+01 4.605734e+01 6.803807e+01 4.353219e+01 6.803807e+01 3.920311e+01 4.136187e+01 5.611760e+01 3.254577e+01 2.428901e+01 5.611760e+01 3.338601e+01 2.428901e+01 4.217034e+01 7.027984e+01 4.136187e+01 4.635385e+01 4.217034e+01 3.254577e+01 6.055840e+01 4.353219e+01 2.428901e+01 
1.575688e+01 1.107840e+01 9.961681e+00 1.662747e+01 9.961681e+00 7.098805e+00 5.468012e+00 1.267954e+01 1.158733e+01 7.013807e+00 1.167513e+01 1.199772e+01 1.167513e+01 4.907480e+00 8.202600e+00 7.098805e+00 8.558641e+00 9.961681e+00 7.098805e+00 4.776268e+00 9.961681e+00 1.267954e+01 1.665589e+01 8.202600e+00 1.263883e+01 1.267954e+01 8.558641e+00 2.558485e+00 1.199772e+01 9.961681e+00 
3.797598e-01 5.164195e-01 3.553573e-01 2.928295e-01 3.553573e-01 4.223616e-01 3.496193e-01 3.374899e-01 4.808187e-01 1.115245e-01 3.424714e-01 3.895728e-01 3.424714e-01 3.196267e-01 4.076758e-01 4.223616e-01 5.703381e-01 3.553573e-01 4.223616e-01 2.904794e-01 3.553573e-01 3.374899e-01 3.676208e-01 4.076758e-01 3.601905e-01 3.374899e-01 5.703381e-01 3.395056e-01 3.895728e-01 3.553573e-01 
0.000000e+00 0.000000e+00 0.000000e+00 0.000000e+00 0.000000e+00 0.000000e+00 0.000000e+00 0.000000e+00 0.000000e+00 0.000000e+00 0.000000e+00 0.000000e+00 0.000000e+00 0.000000e+00 0.000000e+00 0.000000e+00 0.000000e+00 0.000000e+00 0.000000e+00 0.000000e+00 0.000000e+00 0.000000e+00 0.000000e+00 0.000000e+00 0.000000e+00 0.000000e+00 0.000000e+00 0.000000e+00 0.000000e+00 0.000000e+00 
0.000000e+00 0.000000e+00 0.000000e+00 0.000000e+00 0.000000e+00 0.000000e+00 0.000000e+00 0.000000e+00 0.000000e+00 0.000000e+00 0.000000e+00 0.000000e+00 0.000000e+00 0.000000e+00 0.000000e+00 0.000000e+00 0.000000e+00 0.000000e+00 0.000000e+00 0.000000e+00 0.000000e+00 0.000000e+00 0.000000e+00 0.000000e+00 0.000000e+00 0.000000e+00 0.000000e+00 0.000000e+00 0.000000e+00 0.000000e+00 