1.005502e+03 9.552643e+02 9.725068e+02 9.262088e+02 9.503997e+02 1.213580e+03 1.125389e+03 1.096138e+03 1.065667e+03 1.037337e+03 9.974039e+02 1.129772e+03 9.529750e+02 1.218220e+03 1.113225e+03 1.213580e+03 1.167476e+03 1.034972e+03 1.060842e+03 9.942874e+02 1.098139e+03 1.079715e+03 9.338062e+02 1.056408e+03 1.060357e+03 1.084900e+03 1.130555e+03 9.784694e+02 1.040463e+03 1.098139e+03 
1.005502e+03 9.552643e+02 9.725068e+02 9.262088e+02 9.503997e+02 1.213580e+03 1.125389e+03 1.096138e+03 1.065667e+03 1.037337e+03 9.974039e+02 1.129772e+03 9.529750e+02 1.218220e+03 1.113225e+03 1.213580e+03 1.167476e+03 1.034972e+03 1.060842e+03 9.942874e+02 1.098139e+03 1.079715e+03 9.338062e+02 1.056408e+03 1.060357e+03 1.084900e+03 1.130555e+03 9.784694e+02 1.040463e+03 1.098139e+03 
1.005502e+03 9.552643e+02 9.725068e+02 9.262088e+02 9.503997e+02 1.213580e+03 1.125389e+03 1.096138e+03 1.065667e+03 1.037337e+03 9.974039e+02 1.129772e+03 9.529750e+02 1.218220e+03 1.113225e+03 1.213580e+03 1.167476e+03 1.034972e+03 1.060842e+03 9.942874e+02 1.098139e+03 1.079715e+03 9.338062e+02 1.056408e+03 1.060357e+03 1.084900e+03 1.130555e+03 9.784694e+02 1.040463e+03 1.098139e+03 
9.951626e+02 9.552643e+02 9.725068e+02 9.262088e+02 9.503997e+02 1.213580e+03 1.125389e+03 1.051924e+03 1.047667e+03 9.835928e+02 9.974039e+02 1.071049e+03 9.529750e+02 1.188921e+03 9.309891e+02 1.213580e+03 1.167476e+03 1.034972e+03 1.060842e+03 9.942874e+02 1.041479e+03 1.079715e+03 9.338062e+02 1.056408e+03 1.048157e+03 8.242738e+02 1.130555e+03 8.572524e+02 9.286895e+02 1.041479e+03 
9.570814e+02 9.552643e+02 9.351247e+02 9.078342e+02 9.503997e+02 1.038654e+03 1.122167e+03 1.027699e+03 1.047667e+03 9.048585e+02 9.530779e+02 1.071049e+03 9.529750e+02 1.188921e+03 9.309891e+02 1.038654e+03 1.143665e+03 9.317241e+02 1.060842e+03 9.942874e+02 1.012776e+03 1.069197e+03 9.336098e+02 1.056408e+03 1.048157e+03 8.242738e+02 1.080837e+03 8.099232e+02 9.286895e+02 1.012776e+03 
9.072200e+02 9.228955e+02 8.659252e+02 9.072875e+02 9.306937e+02 1.024706e+03 1.092962e+03 9.477782e+02 9.657838e+02 9.048585e+02 9.439788e+02 1.021662e+03 8.915262e+02 1.108770e+03 8.933471e+02 1.024706e+03 9.501354e+02 9.101055e+02 9.142516e+02 9.756014e+02 1.012776e+03 1.035017e+03 8.925595e+02 1.043131e+03 9.261784e+02 8.242738e+02 1.029928e+03 8.066530e+02 8.457006e+02 1.012776e+03 
8.243272e+02 8.591033e+02 7.798668e+02 8.157881e+02 9.235038e+02 9.272537e+02 9.304822e+02 8.484968e+02 8.995275e+02 7.979820e+02 8.260901e+02 9.344101e+02 8.915262e+02 9.187101e+02 8.403050e+02 9.272537e+02 9.501354e+02 7.922397e+02 8.482539e+02 9.292414e+02 8.940495e+02 8.847106e+02 8.650939e+02 8.984280e+02 8.509457e+02 8.242738e+02 8.778038e+02 6.789884e+02 8.218818e+02 8.940495e+02 
7.354561e+02 7.701247e+02 7.713220e+02 7.185195e+02 7.155068e+02 8.135675e+02 7.409717e+02 8.001558e+02 7.673166e+02 7.662003e+02 8.260901e+02 8.079595e+02 7.974175e+02 8.413695e+02 7.874285e+02 8.135675e+02 6.645463e+02 7.872551e+02 7.951827e+02 7.744419e+02 8.149532e+02 8.050980e+02 8.332917e+02 8.674734e+02 6.586594e+02 7.618863e+02 7.640401e+02 6.703718e+02 6.848647e+02 8.149532e+02 
6.505240e+02 6.952249e+02 6.339793e+02 6.585013e+02 5.786031e+02 6.861026e+02 6.689751e+02 6.915687e+02 6.505131e+02 6.831236e+02 6.792197e+02 6.785030e+02 6.344077e+02 6.642516e+02 7.079265e+02 6.861026e+02 6.538723e+02 6.706571e+02 7.180900e+02 6.626164e+02 6.620336e+02 6.451197e+02 6.480084e+02 7.062717e+02 6.063113e+02 6.646568e+02 6.898270e+02 6.504452e+02 4.980274e+02 6.620336e+02 
5.555530e+02 5.572354e+02 5.552131e+02 5.797955e+02 5.427592e+02 5.618558e+02 5.638981e+02 5.642159e+02 5.378731e+02 5.535077e+02 5.741935e+02 5.660807e+02 5.631292e+02 5.635120e+02 5.258858e+02 5.618558e+02 5.818421e+02 5.467741e+02 5.856910e+02 5.575529e+02 5.638249e+02 5.686720e+02 5.664439e+02 5.725596e+02 5.630358e+02 5.633193e+02 5.617342e+02 5.438748e+02 3.062481e+02 5.638249e+02 
4.627515e+02 4.674652e+02 4.800661e+02 4.766366e+02 4.728766e+02 4.859210e+02 4.794653e+02 4.771269e+02 4.801745e+02 4.758283e+02 4.751171e+02 4.621630e+02 4.747547e+02 4.639746e+02 4.532752e+02 4.859210e+02 4.783050e+02 4.735584e+02 4.873734e+02 4.666717e+02 4.742225e+02 4.826791e+02 4.807367e+02 4.772272e+02 4.788591e+02 4.678395e+02 4.602615e+02 4.674638e+02 3.051719e+02 4.742225e+02 
4.314725e+02 4.245830e+02 4.357653e+02 4.249946e+02 3.569618e+02 4.319890e+02 4.362171e+02 4.336099e+02 4.311031e+02 4.341790e+02 4.332231e+02 4.250867e+02 4.278338e+02 4.250763e+02 4.357123e+02 4.319890e+02 4.202439e+02 4.276961e+02 4.398206e+02 4.345328e+02 4.331431e+02 4.319057e+02 4.312276e+02 4.286440e+02 4.327034e+02 4.335024e+02 4.339431e+02 4.281531e+02 1.802923e+02 4.331431e+02 
4.094688e+02 4.061848e+02 4.032550e+02 4.073224e+02 2.002009e+02 4.120521e+02 4.036110e+02 4.089855e+02 2.926880e+02 4.093392e+02 4.089185e+02 4.123039e+02 4.110076e+02 4.094639e+02 4.078863e+02 4.120521e+02 4.089879e+02 4.087842e+02 4.041044e+02 4.068813e+02 3.235727e+02 2.451596e+02 4.095380e+02 4.089336e+02 4.091117e+02 4.082882e+02 3.839165e+02 4.067771e+02 1.403267e+02 3.235727e+02 
3.313444e+02 3.832643e+02 3.568045e+02 3.167135e+02 1.812532e+02 3.561767e+02 3.121446e+02 2.910316e+02 2.491196e+02 3.916831e+02 3.852086e+02 3.847702e+02 2.904536e+02 2.897898e+02 3.892774e+02 3.561767e+02 3.893976e+02 3.880269e+02 3.105464e+02 3.917979e+02 2.286168e+02 2.008875e+02 3.910223e+02 3.326057e+02 3.587102e+02 3.844761e+02 2.962317e+02 3.552553e+02 1.293254e+02 2.286168e+02 
1.934442e+02 3.000010e+02 3.000010e+02 1.820624e+02 1.018066e+02 3.000010e+02 1.807682e+02 1.836602e+02 1.827387e+02 3.000019e+02 3.000013e+02 3.000007e+02 1.599729e+02 1.707352e+02 3.000025e+02 3.000010e+02 2.333644e+02 3.000008e+02 1.762849e+02 3.000007e+02 1.803711e+02 1.751948e+02 1.754862e+02 1.870789e+02 3.000017e+02 3.000019e+02 2.027477e+02 1.591875e+02 1.003285e+02 1.803711e+02 
1.000000e+02 3.000000e+02 3.000000e+02 1.000000e+02 1.000000e+02 3.000000e+02 1.000000e+02 1.000000e+02 1.000000e+02 3.000000e+02 3.000000e+02 3.000000e+02 1.000000e+02 1.000000e+02 3.000000e+02 3.000000e+02 1.000000e+02 3.000000e+02 1.000000e+02 3.000000e+02 1.000000e+02 1.000000e+02 1.000000e+02 1.000000e+02 3.000000e+02 3.000000e+02 1.000000e+02 1.000000e+02 1.000000e+02 1.000000e+02 
0.000000e+00 0.000000e+00 0.000000e+00 0.000000e+00 0.000000e+00 0.000000e+00 0.000000e+00 0.000000e+00 0.000000e+00 0.000000e+00 0.000000e+00 0.000000e+00 0.000000e+00 0.000000e+00 0.000000e+00 0.000000e+00 0.000000e+00 0.000000e+00 0.000000e+00 0.000000e+00 0.000000e+00 0.000000e+00 0.000000e+00 0.000000e+00 0.000000e+00 0.000000e+00 0.000000e+00 0.000000e+00 0.000000e+00 0.000000e+00 