3.155465e+07 1.618942e+07 1.362882e+07 1.394816e+07 2.003415e+07 1.899838e+07 8.717904e+06 9.315758e+06 8.477477e+05 1.838941e+07 1.703858e+07 2.259878e+07 1.000645e+07 8.032814e+06 1.162687e+07 1.899838e+07 8.490668e+06 3.045232e+07 8.605401e+06 1.184097e+07 1.367243e+07 2.035123e+07 6.642929e+06 1.111247e+07 6.182790e+06 2.035123e+07 1.966423e+07 3.487840e+06 1.275073e+07 1.367243e+07 
3.155465e+07 1.618942e+07 1.362882e+07 1.394816e+07 2.003415e+07 1.899838e+07 8.717904e+06 9.315758e+06 8.477477e+05 1.838941e+07 1.703858e+07 2.259878e+07 1.000645e+07 8.032814e+06 1.162687e+07 1.899838e+07 8.490668e+06 3.045232e+07 8.605401e+06 1.184097e+07 1.367243e+07 2.035123e+07 6.642929e+06 1.111247e+07 6.182790e+06 2.035123e+07 1.966423e+07 3.487840e+06 1.275073e+07 1.367243e+07 
3.155465e+07 1.618942e+07 1.362882e+07 1.394816e+07 2.003415e+07 1.899838e+07 8.717904e+06 9.315758e+06 8.477477e+05 1.838941e+07 1.703858e+07 2.259878e+07 1.000645e+07 8.032814e+06 1.162687e+07 1.899838e+07 8.490668e+06 3.045232e+07 8.605401e+06 1.184097e+07 1.367243e+07 2.035123e+07 6.642929e+06 1.111247e+07 6.182790e+06 2.035123e+07 1.966423e+07 3.487840e+06 1.275073e+07 1.367243e+07 
1.103897e+07 1.616605e+07 1.362882e+07 1.394816e+07 1.948735e+07 1.899805e+07 6.031691e+06 9.315758e+06 8.477477e+05 1.838941e+07 1.660613e+07 2.259878e+07 1.000645e+07 8.030445e+06 1.162687e+07 1.899805e+07 8.490649e+06 3.045232e+07 8.603369e+06 1.184097e+07 1.367243e+07 2.035051e+07 6.642929e+06 4.015463e+06 6.182785e+06 2.035051e+07 9.705318e+06 3.487840e+06 1.275072e+07 1.367243e+07 
1.103897e+07 1.616605e+07 1.362882e+07 1.394808e+07 8.649142e+06 1.001650e+07 6.031680e+06 9.315758e+06 8.433645e+05 1.838939e+07 1.636836e+07 2.021784e+07 1.000645e+07 8.030445e+06 1.162586e+07 1.001650e+07 8.490649e+06 3.045188e+07 6.382970e+06 1.184097e+07 1.367243e+07 1.570625e+07 6.634978e+06 4.015463e+06 6.182785e+06 1.570625e+07 9.705318e+06 3.454292e+06 7.401746e+06 1.367243e+07 
1.103897e+07 6.384494e+06 1.362882e+07 6.642229e+06 8.637919e+06 1.001650e+07 6.031534e+06 9.315758e+06 8.243914e+05 1.838930e+07 7.434102e+06 1.158856e+07 1.000645e+07 8.030040e+06 4.014664e+06 1.001650e+07 8.490649e+06 1.849961e+07 6.382970e+06 1.148221e+07 1.367242e+07 1.570067e+07 6.634868e+06 1.995019e+06 6.182298e+06 1.570067e+07 8.203322e+06 3.454292e+06 7.401297e+06 1.367242e+07 
9.534614e+06 5.545810e+06 1.362877e+07 5.077251e+06 1.724188e+06 1.001650e+07 6.031502e+06 8.598796e+06 8.243914e+05 1.270651e+07 5.199109e+06 4.654278e+06 9.264556e+06 5.978088e+06 4.014664e+06 1.001650e+07 5.910407e+06 3.500383e+06 1.373774e+06 4.872612e+06 2.413003e+06 8.527324e+06 3.402329e+06 1.994685e+06 6.156855e+06 8.527324e+06 2.488649e+06 1.735013e+06 7.386213e+06 2.413003e+06 
2.037843e+06 1.261985e+06 1.300448e+06 4.308544e+06 1.562670e+06 1.589872e+06 2.884639e+06 3.854225e+06 6.788614e+05 2.349707e+06 5.108765e+06 3.266854e+06 4.333105e+06 3.756696e+06 4.014664e+06 1.589872e+06 1.622208e+06 2.687038e+06 7.669309e+05 1.269132e+06 1.806257e+06 8.293137e+05 3.165832e+06 1.609702e+06 1.790909e+06 8.293137e+05 1.429284e+06 1.505528e+06 2.402967e+06 1.806257e+06 
9.586009e+05 4.728983e+05 1.129212e+06 6.195511e+05 6.109487e+05 4.770330e+05 7.789401e+05 9.474146e+05 3.638297e+05 1.023998e+06 3.359663e+05 6.794249e+05 5.341980e+05 1.346208e+06 3.697732e+05 4.770330e+05 5.356604e+05 2.763146e+05 3.918045e+05 8.893449e+04 3.709091e+05 7.668484e+05 9.668001e+05 5.991272e+05 4.747222e+05 7.668484e+05 4.666084e+05 7.613971e+05 5.305394e+05 3.709091e+05 
1.120266e+05 3.661235e+04 5.257086e+04 4.554707e+04 1.639342e+05 8.382816e+04 6.277462e+04 2.618554e+04 1.059846e+05 1.241804e+04 5.591012e+04 4.088888e+04 6.619477e+04 8.807338e+04 1.422333e+05 8.382816e+04 9.331398e+04 1.591973e+05 4.473504e+04 5.986215e+04 6.867204e+04 8.794352e+04 1.161442e+05 1.387079e+05 5.151855e+04 8.794352e+04 1.085694e+05 6.027181e+04 9.397166e+04 6.867204e+04 
2.587662e+03 1.608540e+03 1.865794e+03 2.465772e+03 1.814917e+03 1.806443e+03 2.290298e+03 1.541198e+03 2.482006e+03 2.256928e+03 2.583059e+03 3.706802e+03 2.508514e+03 2.546168e+03 2.485414e+03 1.806443e+03 3.345821e+03 2.823404e+03 2.212659e+03 2.518586e+03 2.727679e+03 3.435892e+03 2.979433e+03 3.290680e+03 2.302623e+03 3.435892e+03 1.675071e+03 2.908173e+03 2.429612e+03 2.727679e+03 
2.461789e+02 1.521184e+02 2.225883e+02 1.983878e+02 1.224952e+02 8.992731e+01 1.271546e+02 1.954440e+02 1.744307e+02 1.347215e+02 1.150598e+02 1.063333e+02 2.318130e+02 1.012993e+02 1.616135e+02 8.992731e+01 1.620432e+02 1.940357e+02 1.800704e+02 1.969815e+02 1.221264e+02 1.690611e+02 1.192886e+02 2.415270e+02 1.438268e+02 1.690611e+02 1.352635e+02 1.838530e+02 1.731622e+02 1.221264e+02 
1.079681e+01 8.596017e+00 1.039771e+01 1.328431e+01 7.062534e+00 7.832659e+00 7.842823e+00 8.262192e+00 1.102989e+01 1.211113e+01 9.781853e+00 1.131118e+01 1.009638e+01 1.354780e+01 9.726583e+00 7.832659e+00 7.896487e+00 1.145050e+01 8.953253e+00 9.360481e+00 9.020438e+00 4.840538e+00 1.177641e+01 1.322036e+01 6.975175e+00 4.840538e+00 5.546957e+00 1.165177e+01 1.018026e+01 9.020438e+00 
1.806410e+00 1.640984e+00 2.181519e+00 1.824269e+00 1.870839e+00 2.174385e+00 2.167705e+00 1.833058e+00 2.103106e+00 2.111182e+00 2.233198e+00 1.869397e+00 1.668453e+00 1.830863e+00 2.094890e+00 2.174385e+00 1.830033e+00 1.778893e+00 2.084456e+00 1.643143e+00 1.739323e+00 1.859035e+00 2.170424e+00 2.063160e+00 1.820488e+00 1.859035e+00 1.560704e+00 1.332854e+00 1.980778e+00 1.739323e+00 
6.804549e-01 5.415253e-01 5.464171e-01 6.647687e-01 7.003272e-01 5.796997e-01 7.293860e-01 5.353424e-01 5.195475e-01 4.709045e-01 4.638925e-01 5.578993e-01 5.826485e-01 7.464060e-01 4.610935e-01 5.796997e-01 5.549494e-01 2.940270e-01 4.537920e-01 4.267951e-01 7.435927e-01 5.510535e-01 3.457433e-01 4.637877e-01 5.586364e-01 5.510535e-01 5.496611e-01 5.430997e-01 3.975146e-01 7.435927e-01 
1.065109e-01 3.643119e-02 3.221347e-02 3.717979e-02 5.406638e-02 2.587351e-02 1.937922e-02 9.659215e-03 4.139579e-02 4.609929e-02 5.964495e-02 4.924033e-02 8.546007e-02 4.527552e-02 6.408601e-02 2.587351e-02 4.631380e-02 3.256904e-02 4.295540e-02 5.142356e-02 2.695259e-02 6.136682e-02 2.853850e-02 1.061948e-01 4.959432e-02 6.136682e-02 2.030426e-02 3.792724e-02 4.397730e-02 2.695259e-02 
0.000000e+00 0.000000e+00 0.000000e+00 0.000000e+00 0.000000e+00 0.000000e+00 0.000000e+00 0.000000e+00 0.000000e+00 0.000000e+00 0.000000e+00 0.000000e+00 0.000000e+00 0.000000e+00 0.000000e+00 0.000000e+00 0.000000e+00 0.000000e+00 0.000000e+00 0.000000e+00 0.000000e+00 0.000000e+00 0.000000e+00 0.000000e+00 0.000000e+00 0.000000e+00 0.000000e+00 0.000000e+00 0.000000e+00 0.000000e+00 