2.415646e+04 7.505495e+03 2.249322e+04 9.921848e+04 2.249322e+04 1.967609e+04 2.085040e+04 2.251426e+03 6.463110e+04 1.034882e+05 4.012272e+04 1.421368e+04 4.012272e+04 1.984916e+04 1.208877e+04 1.967609e+04 6.258911e+04 2.275892e+04 3.811320e+03 2.886397e+04 2.249322e+04 2.251426e+03 3.133325e+04 6.048310e+03 1.855902e+04 2.251426e+03 5.860760e+04 1.109207e+05 3.326049e+04 2.249322e+04 
2.415646e+04 7.505495e+03 2.203589e+04 3.300231e+04 2.203589e+04 1.967609e+04 2.085040e+04 1.023172e+03 1.992599e+04 1.203548e+04 4.012272e+04 1.421368e+04 4.012272e+04 1.758992e+04 1.208877e+04 1.967609e+04 3.779492e+04 1.597924e+04 3.811320e+03 2.610346e+04 2.203589e+04 1.023172e+03 1.145256e+04 6.048310e+03 6.134739e+03 1.023172e+03 8.780317e+02 6.022395e+03 1.524071e+04 2.203589e+04 
2.415646e+04 7.505495e+03 2.203589e+04 3.300231e+04 2.203589e+04 1.967609e+04 2.085040e+04 1.023172e+03 1.992599e+04 1.203548e+04 4.012272e+04 1.421368e+04 4.012272e+04 1.758992e+04 1.208877e+04 1.967609e+04 3.779492e+04 1.597924e+04 3.811320e+03 2.610346e+04 2.203589e+04 1.023172e+03 1.145256e+04 6.048310e+03 6.134739e+03 1.023172e+03 8.780317e+02 6.022395e+03 1.524071e+04 2.203589e+04 
2.415646e+04 6.435634e+03 1.903883e+04 2.918849e+03 1.903883e+04 8.222663e+03 2.085040e+04 1.023172e+03 4.481392e+03 1.203548e+04 5.984040e+03 1.421368e+04 5.984040e+03 1.318513e+04 3.852396e+03 8.222663e+03 1.797254e+02 1.555000e+04 3.811320e+03 2.610346e+04 1.903883e+04 1.023172e+03 1.606648e+03 6.048310e+03 1.702877e+03 1.023172e+03 8.780317e+02 6.022395e+03 5.883755e+03 1.903883e+04 
3.737876e+03 6.435634e+03 4.597488e+03 1.212041e+03 4.597488e+03 4.910386e+03 6.076697e+03 3.345843e+02 4.481392e+03 9.452276e+03 5.808954e+03 1.421368e+04 5.808954e+03 3.246924e+03 3.558707e+03 4.910386e+03 1.414138e+02 3.108266e+03 3.396412e+03 3.786546e+03 4.597488e+03 3.345843e+02 1.143231e+03 5.661579e+03 2.380022e+02 3.345843e+02 8.367653e+02 6.022395e+03 3.098157e+03 4.597488e+03 
2.670420e+03 1.722258e+02 3.004306e+02 1.212041e+03 3.004306e+02 1.889151e+03 2.423193e+03 2.666665e+02 2.695930e+03 1.095245e+03 2.256766e+03 4.140440e+03 2.256766e+03 2.464916e+03 2.110128e+02 1.889151e+03 1.414138e+02 7.855150e+02 2.724246e+03 1.509214e+03 3.004306e+02 2.666665e+02 4.352409e+02 3.615171e+03 2.380022e+02 2.666665e+02 5.581071e+02 7.639493e+02 2.345725e+03 3.004306e+02 
3.284051e+01 1.015988e+02 2.147759e+02 1.020590e+02 2.147759e+02 3.647295e+01 1.033211e+02 6.352113e+01 7.403860e+02 1.153682e+02 1.662073e+02 5.454861e+02 1.662073e+02 1.419286e+02 2.110128e+02 3.647295e+01 4.659440e+01 6.380855e+02 9.804516e+02 4.130275e+02 2.147759e+02 6.352113e+01 4.003502e+02 1.786578e+02 9.421368e+01 6.352113e+01 3.345677e+02 1.348051e+02 9.371991e+02 2.147759e+02 
2.478578e+01 9.542637e+01 3.261419e+01 5.193331e+01 3.261419e+01 1.799656e+01 1.487402e+01 1.759807e+01 2.422049e+01 1.328089e+01 2.693189e+01 7.920544e+01 2.693189e+01 1.987573e+01 8.737629e+01 1.799656e+01 2.115135e+01 3.873432e+01 7.563040e+01 6.488925e+01 3.261419e+01 1.759807e+01 7.855355e+01 1.887094e+01 9.421368e+01 1.759807e+01 9.108341e+01 3.020348e+01 6.793813e+01 3.261419e+01 
1.381821e+01 9.618383e+00 1.053867e+01 9.546095e+00 1.053867e+01 1.133034e+01 1.035260e+01 8.414722e+00 1.424471e+01 8.956805e+00 1.441853e+01 1.087685e+01 1.441853e+01 1.507981e+01 1.610994e+01 1.133034e+01 1.145502e+01 9.359229e+00 1.193003e+01 1.087245e+01 1.053867e+01 8.414722e+00 9.324547e+00 1.151136e+01 1.480730e+01 8.414722e+00 1.124849e+01 9.969460e+00 1.526782e+01 1.053867e+01 
5.696277e+00 5.325070e+00 5.614826e+00 4.704603e+00 5.614826e+00 5.793432e+00 5.934349e+00 4.802134e+00 5.619420e+00 4.285964e+00 6.413883e+00 8.181416e+00 6.413883e+00 5.315771e+00 6.145922e+00 5.793432e+00 6.175407e+00 5.551062e+00 5.618620e+00 6.131118e+00 5.614826e+00 4.802134e+00 4.418214e+00 4.870148e+00 6.497524e+00 4.802134e+00 7.338333e+00 7.008731e+00 5.027289e+00 5.614826e+00 
2.601264e+00 2.730499e+00 1.941950e+00 8.704449e-01 1.941950e+00 7.839740e-01 1.302867e+00 2.873899e+00 3.113089e+00 2.864083e+00 2.164479e+00 1.979682e+00 2.164479e+00 2.900990e+00 3.254870e+00 7.839740e-01 3.944952e+00 3.767574e-03 1.138247e+00 2.593113e+00 1.941950e+00 2.873899e+00 1.889065e+00 2.251588e+00 2.772264e-01 2.873899e+00 1.899324e+00 2.299912e+00 2.855382e+00 1.941950e+00 
6.723377e-01 2.646244e+00 1.346841e+00 5.607973e-01 1.346841e+00 6.928566e-01 7.420842e-01 1.704048e+00 8.520290e-01 1.658958e+00 3.028004e-01 1.610642e+00 3.028004e-01 1.511649e+00 2.262977e+00 6.928566e-01 9.619549e-01 2.658815e-03 3.410798e-01 2.004014e+00 1.346841e+00 1.704048e+00 1.442015e+00 2.676402e-03 2.003626e-01 1.704048e+00 1.872777e+00 1.487761e+00 1.556838e+00 1.346841e+00 
5.772820e-01 4.139050e-03 6.643552e-02 2.464579e-04 6.643552e-02 4.486607e-01 2.113419e-07 8.523581e-04 4.804297e-02 4.656403e-04 1.323252e-01 7.568868e-02 1.323252e-01 2.380547e-07 1.675309e+00 4.486607e-01 7.625347e-01 2.658815e-03 4.519380e-02 7.065214e-02 6.643552e-02 8.523581e-04 5.713881e-03 8.602460e-04 3.976391e-05 8.523581e-04 1.652523e-01 2.098623e-01 4.703737e-05 6.643552e-02 
4.938825e-06 1.575103e-08 1.021669e-04 1.533627e-07 1.021669e-04 6.264329e-05 1.389657e-08 0.000000e+00 1.220315e-02 1.946759e-05 4.040675e-05 0.000000e+00 4.040675e-05 0.000000e+00 1.484701e-04 6.264329e-05 1.898558e-04 1.851568e-04 3.492394e-08 6.670561e-07 1.021669e-04 0.000000e+00 6.689921e-08 5.118910e-07 1.473001e-08 0.000000e+00 8.970644e-08 0.000000e+00 4.703737e-05 1.021669e-04 
0.000000e+00 0.000000e+00 0.000000e+00 0.000000e+00 0.000000e+00 0.000000e+00 0.000000e+00 0.000000e+00 0.000000e+00 0.000000e+00 0.000000e+00 0.000000e+00 0.000000e+00 0.000000e+00 0.000000e+00 0.000000e+00 0.000000e+00 0.000000e+00 0.000000e+00 0.000000e+00 0.000000e+00 0.000000e+00 0.000000e+00 0.000000e+00 0.000000e+00 0.000000e+00 0.000000e+00 0.000000e+00 0.000000e+00 0.000000e+00 
0.000000e+00 0.000000e+00 0.000000e+00 0.000000e+00 0.000000e+00 0.000000e+00 0.000000e+00 0.000000e+00 0.000000e+00 0.000000e+00 0.000000e+00 0.000000e+00 0.000000e+00 0.000000e+00 0.000000e+00 0.000000e+00 0.000000e+00 0.000000e+00 0.000000e+00 0.000000e+00 0.000000e+00 0.000000e+00 0.000000e+00 0.000000e+00 0.000000e+00 0.000000e+00 0.000000e+00 0.000000e+00 0.000000e+00 0.000000e+00 
0.000000e+00 0.000000e+00 0.000000e+00 0.000000e+00 0.000000e+00 0.000000e+00 0.000000e+00 0.000000e+00 0.000000e+00 0.000000e+00 0.000000e+00 0.000000e+00 0.000000e+00 0.000000e+00 0.000000e+00 0.000000e+00 0.000000e+00 0.000000e+00 0.000000e+00 0.000000e+00 0.000000e+00 0.000000e+00 0.000000e+00 0.000000e+00 0.000000e+00 0.000000e+00 0.000000e+00 0.000000e+00 0.000000e+00 0.000000e+00 