1.956992e+03 1.827388e+03 2.038028e+03 1.822181e+03 2.055511e+03 1.884932e+03 1.830588e+03 1.489690e+03 1.324496e+03 1.113477e+03 1.649387e+03 1.555884e+03 1.815553e+03 1.611718e+03 1.377672e+03 1.884932e+03 1.833961e+03 1.950227e+03 1.964847e+03 2.155002e+03 2.055511e+03 1.820319e+03 1.950560e+03 2.206220e+03 1.866098e+03 1.820319e+03 1.149762e+03 1.789317e+03 1.615654e+03 2.055511e+03 
1.956992e+03 1.827388e+03 2.038028e+03 1.822181e+03 2.055511e+03 1.884932e+03 1.830588e+03 1.489690e+03 1.324496e+03 1.113477e+03 1.649387e+03 1.555884e+03 1.815553e+03 1.611718e+03 1.377672e+03 1.884932e+03 1.833961e+03 1.950227e+03 1.964847e+03 2.155002e+03 2.055511e+03 1.820319e+03 1.950560e+03 2.206220e+03 1.866098e+03 1.820319e+03 1.149762e+03 1.789317e+03 1.615654e+03 2.055511e+03 
1.956992e+03 1.827388e+03 2.038028e+03 1.822181e+03 2.055511e+03 1.884932e+03 1.830588e+03 1.489690e+03 1.324496e+03 1.113477e+03 1.649387e+03 1.555884e+03 1.815553e+03 1.611718e+03 1.377672e+03 1.884932e+03 1.833961e+03 1.950227e+03 1.964847e+03 2.155002e+03 2.055511e+03 1.820319e+03 1.950560e+03 2.206220e+03 1.866098e+03 1.820319e+03 1.149762e+03 1.789317e+03 1.615654e+03 2.055511e+03 
1.908754e+03 1.827388e+03 2.038028e+03 1.742034e+03 2.048886e+03 1.884932e+03 1.830588e+03 1.489690e+03 1.324496e+03 1.113477e+03 1.649387e+03 1.555884e+03 1.804910e+03 1.611718e+03 1.377672e+03 1.884932e+03 1.833961e+03 1.950227e+03 1.964847e+03 2.155002e+03 2.048886e+03 1.506615e+03 1.950560e+03 2.206220e+03 1.866098e+03 1.506615e+03 1.082683e+03 1.698421e+03 1.615654e+03 2.048886e+03 
1.880713e+03 1.827388e+03 1.553897e+03 1.742001e+03 1.992298e+03 1.884932e+03 1.829007e+03 1.489690e+03 1.324496e+03 1.113477e+03 1.642005e+03 1.555884e+03 1.769134e+03 1.611718e+03 1.332166e+03 1.884932e+03 1.458751e+03 1.920886e+03 1.593692e+03 1.729859e+03 1.992298e+03 1.475195e+03 1.548933e+03 1.955637e+03 1.856182e+03 1.475195e+03 1.082683e+03 1.698421e+03 1.343397e+03 1.992298e+03 
1.443337e+03 1.556530e+03 1.553897e+03 1.348693e+03 1.797245e+03 1.884932e+03 1.725889e+03 1.358101e+03 1.324496e+03 1.070975e+03 8.708021e+02 1.552032e+03 1.769134e+03 1.165563e+03 1.268241e+03 1.884932e+03 1.444892e+03 1.885693e+03 1.420725e+03 1.568901e+03 1.797245e+03 1.475195e+03 1.319457e+03 1.857631e+03 1.456345e+03 1.475195e+03 7.823002e+02 1.550829e+03 1.343397e+03 1.797245e+03 
1.443337e+03 1.357620e+03 1.341148e+03 9.417706e+02 1.484315e+03 1.477730e+03 1.259891e+03 1.269046e+03 1.257815e+03 1.006464e+03 8.708021e+02 1.302834e+03 1.567662e+03 1.163592e+03 1.183075e+03 1.477730e+03 1.090381e+03 1.379555e+03 1.370685e+03 1.377942e+03 1.484315e+03 9.174008e+02 1.108923e+03 1.756152e+03 1.442539e+03 9.174008e+02 7.823002e+02 1.415133e+03 1.324885e+03 1.484315e+03 
1.023116e+03 1.120504e+03 1.103069e+03 8.571485e+02 1.125266e+03 1.151783e+03 1.232531e+03 6.504385e+02 1.191685e+03 8.427211e+02 4.512107e+02 9.247238e+02 1.208575e+03 1.026384e+03 9.947178e+02 1.151783e+03 8.307929e+02 8.002549e+02 1.014056e+03 1.133422e+03 1.125266e+03 5.409951e+02 8.611728e+02 1.058758e+03 1.065392e+03 5.409951e+02 7.821174e+02 9.362562e+02 9.986400e+02 1.125266e+03 
5.318237e+02 7.554121e+02 7.159834e+02 8.132644e+02 4.920848e+02 6.697209e+02 7.481204e+02 6.504385e+02 6.615342e+02 4.156836e+02 3.922876e+02 4.716681e+02 5.814746e+02 6.669689e+02 5.081970e+02 6.697209e+02 7.689382e+02 5.721774e+02 6.874666e+02 4.408005e+02 4.920848e+02 4.975098e+02 6.706763e+02 6.935453e+02 6.394665e+02 4.975098e+02 5.419998e+02 5.733641e+02 6.516534e+02 4.920848e+02 
3.514527e+02 1.915850e+02 3.582937e+02 2.128259e+02 4.185811e+02 2.967216e+02 3.801024e+02 2.496391e+02 3.499816e+02 3.084205e+02 2.733321e+02 4.043203e+02 3.907663e+02 2.563053e+02 3.515017e+02 2.967216e+02 3.016218e+02 4.061518e+02 2.864291e+02 2.941082e+02 4.185811e+02 3.594915e+02 4.009526e+02 3.015433e+02 3.448814e+02 3.594915e+02 2.769398e+02 3.493279e+02 3.595168e+02 4.185811e+02 
3.964174e+01 7.862649e+01 1.077481e+02 1.011166e+02 6.559760e+01 6.633536e+01 1.085589e+02 7.784701e+01 8.386059e+01 1.176158e+02 1.023697e+02 8.580598e+01 8.825538e+01 1.482954e+02 1.112660e+02 6.633536e+01 6.213171e+01 1.047687e+02 1.413974e+02 1.290383e+02 6.559760e+01 9.053276e+01 8.317548e+01 1.076769e+02 6.192532e+01 9.053276e+01 9.424309e+01 1.257286e+02 7.728750e+01 6.559760e+01 
2.815957e+01 2.068833e+01 2.853052e+01 2.693398e+01 2.043349e+01 2.206036e+01 2.500880e+01 8.685785e+00 2.381600e+01 1.270156e+01 1.584546e+01 1.181566e+01 2.173921e+01 2.367164e+01 1.741485e+01 2.206036e+01 2.232015e+01 2.476948e+01 3.213850e+01 2.494179e+01 2.043349e+01 2.291391e+01 2.223943e+01 1.575596e+01 1.501144e+01 2.291391e+01 1.735114e+01 1.399245e+01 2.796651e+01 2.043349e+01 
3.848690e+00 3.874209e+00 4.563663e+00 3.277924e+00 4.750041e+00 3.005126e+00 4.493671e+00 3.296493e+00 3.146816e+00 3.654435e+00 3.486139e+00 3.851366e+00 3.286863e+00 3.347927e+00 3.321816e+00 3.005126e+00 3.224592e+00 4.507969e+00 5.994114e+00 4.976960e+00 4.750041e+00 3.739946e+00 3.177067e+00 4.828799e+00 3.403984e+00 3.739946e+00 4.532043e+00 3.402964e+00 3.568946e+00 4.750041e+00 
1.322462e+00 9.494002e-01 1.336501e+00 1.232976e+00 1.159997e+00 1.309513e+00 8.821393e-01 6.514354e-01 5.655063e-01 1.059782e+00 8.965158e-01 9.990982e-01 1.066558e+00 5.298021e-01 9.799203e-01 1.309513e+00 1.078327e+00 7.750978e-01 1.360285e+00 8.002019e-01 1.159997e+00 1.248895e+00 3.942702e-02 6.008043e-01 1.447812e+00 1.248895e+00 1.006587e+00 1.134497e+00 1.719736e+00 1.159997e+00 
1.568848e-02 1.591491e-02 1.088946e-02 1.289224e-02 3.449132e-02 7.805656e-03 2.184737e-02 1.822958e-02 2.679122e-02 1.813659e-02 1.063559e-02 2.077111e-02 6.692628e-03 1.951348e-02 1.061968e-02 7.805656e-03 1.346268e-02 5.782198e-02 3.598321e-02 9.746342e-03 3.449132e-02 7.770116e-03 2.546946e-03 1.259765e-03 1.508239e-02 7.770116e-03 9.644823e-03 2.313487e-02 1.291554e-02 3.449132e-02 
0.000000e+00 0.000000e+00 0.000000e+00 0.000000e+00 0.000000e+00 0.000000e+00 0.000000e+00 0.000000e+00 0.000000e+00 0.000000e+00 0.000000e+00 0.000000e+00 0.000000e+00 0.000000e+00 0.000000e+00 0.000000e+00 0.000000e+00 0.000000e+00 0.000000e+00 0.000000e+00 0.000000e+00 0.000000e+00 0.000000e+00 0.000000e+00 0.000000e+00 0.000000e+00 0.000000e+00 0.000000e+00 0.000000e+00 0.000000e+00 
0.000000e+00 0.000000e+00 0.000000e+00 0.000000e+00 0.000000e+00 0.000000e+00 0.000000e+00 0.000000e+00 0.000000e+00 0.000000e+00 0.000000e+00 0.000000e+00 0.000000e+00 0.000000e+00 0.000000e+00 0.000000e+00 0.000000e+00 0.000000e+00 0.000000e+00 0.000000e+00 0.000000e+00 0.000000e+00 0.000000e+00 0.000000e+00 0.000000e+00 0.000000e+00 0.000000e+00 0.000000e+00 0.000000e+00 0.000000e+00 