7.127558e+06 5.086242e+07 1.839690e+07 5.939529e+06 2.619104e+07 3.293495e+07 3.079534e+07 4.745378e+07 3.424987e+07 8.402547e+07 1.807362e+07 4.602081e+07 1.807362e+07 3.105777e+07 4.375431e+07 3.293495e+07 3.199622e+07 1.969493e+07 2.005603e+07 2.195640e+07 2.619104e+07 4.946214e+07 5.691856e+06 3.779801e+07 2.227541e+07 2.990243e+07 2.707486e+07 2.805368e+07 2.346537e+07 4.352656e+07 
7.127558e+06 5.086242e+07 1.839690e+07 5.939529e+06 2.619104e+07 3.293495e+07 3.079534e+07 4.745378e+07 3.424987e+07 8.402547e+07 1.807362e+07 4.602081e+07 1.807362e+07 3.105777e+07 4.375431e+07 3.293495e+07 3.199622e+07 1.969493e+07 2.005603e+07 2.195640e+07 2.619104e+07 4.946214e+07 5.691856e+06 3.779801e+07 2.227541e+07 2.990243e+07 2.707486e+07 2.805368e+07 2.346537e+07 4.352656e+07 
7.127558e+06 5.086242e+07 1.839690e+07 5.939529e+06 2.619104e+07 3.293495e+07 3.079534e+07 4.745378e+07 3.424987e+07 8.402547e+07 1.807362e+07 4.602081e+07 1.807362e+07 3.105777e+07 4.375431e+07 3.293495e+07 3.199622e+07 1.969493e+07 2.005603e+07 2.195640e+07 2.619104e+07 4.946214e+07 5.691856e+06 3.779801e+07 2.227541e+07 2.990243e+07 2.707486e+07 2.805368e+07 2.346537e+07 4.352656e+07 
7.127558e+06 5.086230e+07 1.839690e+07 5.939529e+06 2.619104e+07 2.471448e+07 2.382678e+07 3.221434e+07 1.090408e+07 5.011696e+07 1.807354e+07 2.322765e+07 1.807354e+07 3.105494e+07 4.375431e+07 2.471448e+07 3.199622e+07 1.969493e+07 2.005603e+07 2.195640e+07 2.619104e+07 2.012159e+07 5.691856e+06 3.779801e+07 2.227541e+07 2.990243e+07 2.786739e+06 2.805368e+07 2.346537e+07 3.306275e+07 
7.127558e+06 4.973476e+07 1.839098e+07 5.939529e+06 2.619104e+07 2.471448e+07 1.265393e+06 2.467859e+07 8.042882e+06 4.930134e+07 1.807354e+07 2.322765e+07 1.807354e+07 3.105494e+07 4.375431e+07 2.471448e+07 3.199622e+07 1.969493e+07 2.002092e+07 2.195640e+07 2.619104e+07 2.012159e+07 5.691281e+06 3.779801e+07 2.227541e+07 2.990243e+07 2.786739e+06 2.042334e+07 1.820770e+07 3.306275e+07 
7.127558e+06 2.587021e+06 1.838897e+07 5.939529e+06 2.619100e+07 2.107057e+07 1.265393e+06 2.467857e+07 7.846554e+06 1.361466e+07 1.336152e+07 1.763293e+07 1.336152e+07 3.105492e+07 1.151777e+07 2.107057e+07 2.504771e+07 1.969490e+07 2.002062e+07 2.195640e+07 2.619100e+07 2.012140e+07 5.691281e+06 2.539574e+07 1.898678e+07 4.445588e+06 2.775891e+06 1.851042e+07 1.820770e+07 2.493435e+07 
7.127078e+06 2.205226e+06 1.177468e+06 5.939529e+06 1.800001e+07 3.693800e+06 1.263930e+06 1.172766e+07 7.844687e+06 1.361446e+07 5.489014e+06 9.126654e+06 5.489014e+06 9.423168e+06 8.089385e+06 3.693800e+06 3.450874e+06 1.078701e+07 1.764414e+07 1.749018e+07 1.800001e+07 8.203964e+06 5.690932e+06 1.195448e+07 1.146684e+07 4.445588e+06 2.775891e+06 1.057665e+07 3.593975e+06 2.244734e+07 
4.130922e+06 2.201896e+06 1.177464e+06 2.428845e+06 4.397014e+06 3.000340e+06 1.263930e+06 6.500357e+06 1.960172e+06 3.037167e+06 5.488665e+06 1.841582e+06 5.488665e+06 4.106249e+06 1.399668e+06 3.000340e+06 3.185664e+06 3.728721e+06 5.555829e+06 4.522578e+06 4.397014e+06 1.447546e+06 5.006248e+06 5.596750e+06 1.602373e+06 1.983134e+06 9.256259e+05 3.640432e+06 3.545708e+06 4.690648e+06 
6.301721e+05 2.201641e+06 1.022146e+06 1.018241e+06 6.869661e+05 3.579201e+05 1.236458e+06 8.115095e+05 1.036195e+06 1.206841e+06 9.111573e+05 1.193988e+06 9.111573e+05 1.884952e+06 4.496484e+05 3.579201e+05 1.895535e+05 1.176723e+06 1.337401e+06 7.960366e+05 6.869661e+05 9.366556e+05 4.111600e+05 8.493558e+05 5.751102e+05 7.778483e+05 9.240706e+05 2.515330e+05 1.986197e+06 1.193866e+06 
1.006746e+05 1.189810e+05 1.163824e+05 5.767353e+04 8.436337e+04 2.594644e+04 2.659712e+04 8.256707e+04 9.103145e+04 7.780263e+04 1.087111e+05 3.763074e+04 1.087111e+05 2.406007e+05 2.286349e+04 2.594644e+04 6.618792e+04 9.889787e+04 7.796571e+04 1.525391e+05 8.436337e+04 6.473688e+04 1.134060e+05 8.284666e+04 1.038657e+05 2.534518e+04 1.728175e+05 3.510765e+04 2.116254e+05 3.039149e+04 
7.149629e+02 4.557769e+02 1.255784e+03 1.699275e+03 9.655384e+02 6.862554e+02 1.413030e+03 2.337629e+02 1.260262e+03 1.505258e+03 1.155370e+03 1.059842e+03 1.155370e+03 1.481927e+03 1.306650e+03 6.862554e+02 9.684444e+02 8.136657e+02 1.530712e+03 7.318992e+02 9.655384e+02 1.334318e+03 1.337084e+03 1.483772e+03 1.014697e+03 9.036395e+02 1.266829e+03 1.213367e+03 1.752652e+03 1.168098e+03 
3.569626e+01 7.612946e+01 5.650758e+01 5.031190e+01 3.623338e+01 3.024771e+01 6.901811e+01 3.479419e+01 1.313790e+01 4.727581e+01 1.215345e+01 4.304600e+01 1.215345e+01 4.077748e+01 3.991699e+01 3.024771e+01 4.323259e+01 5.750486e+01 5.744354e+01 5.351575e+01 3.623338e+01 7.417779e+01 4.296273e+01 7.676321e+00 4.967824e+01 5.394177e+01 6.158398e+01 3.425987e+01 6.819997e+01 5.809062e+01 
6.726137e-01 4.064981e-01 1.505042e-01 7.942791e-01 3.897464e-01 1.995542e-01 9.902711e-01 1.487954e-01 1.732073e-01 6.454048e-01 7.300168e-01 5.393818e-03 7.300168e-01 3.911081e-01 5.312334e-01 1.995542e-01 4.459963e-01 5.111515e-01 4.556225e-01 1.047767e+00 3.897464e-01 3.603170e-01 5.687039e-01 1.549365e-01 6.649596e-01 1.318209e+00 5.569097e-01 2.650675e-01 6.076392e-01 1.281564e+00 
0.000000e+00 0.000000e+00 0.000000e+00 0.000000e+00 0.000000e+00 0.000000e+00 0.000000e+00 0.000000e+00 0.000000e+00 0.000000e+00 0.000000e+00 0.000000e+00 0.000000e+00 0.000000e+00 0.000000e+00 0.000000e+00 0.000000e+00 0.000000e+00 0.000000e+00 0.000000e+00 0.000000e+00 0.000000e+00 0.000000e+00 0.000000e+00 0.000000e+00 0.000000e+00 0.000000e+00 0.000000e+00 0.000000e+00 0.000000e+00 
0.000000e+00 0.000000e+00 0.000000e+00 0.000000e+00 0.000000e+00 0.000000e+00 0.000000e+00 0.000000e+00 0.000000e+00 0.000000e+00 0.000000e+00 0.000000e+00 0.000000e+00 0.000000e+00 0.000000e+00 0.000000e+00 0.000000e+00 0.000000e+00 0.000000e+00 0.000000e+00 0.000000e+00 0.000000e+00 0.000000e+00 0.000000e+00 0.000000e+00 0.000000e+00 0.000000e+00 0.000000e+00 0.000000e+00 0.000000e+00 
0.000000e+00 0.000000e+00 0.000000e+00 0.000000e+00 0.000000e+00 0.000000e+00 0.000000e+00 0.000000e+00 0.000000e+00 0.000000e+00 0.000000e+00 0.000000e+00 0.000000e+00 0.000000e+00 0.000000e+00 0.000000e+00 0.000000e+00 0.000000e+00 0.000000e+00 0.000000e+00 0.000000e+00 0.000000e+00 0.000000e+00 0.000000e+00 0.000000e+00 0.000000e+00 0.000000e+00 0.000000e+00 0.000000e+00 0.000000e+00 
0.000000e+00 0.000000e+00 0.000000e+00 0.000000e+00 0.000000e+00 0.000000e+00 0.000000e+00 0.000000e+00 0.000000e+00 0.000000e+00 0.000000e+00 0.000000e+00 0.000000e+00 0.000000e+00 0.000000e+00 0.000000e+00 0.000000e+00 0.000000e+00 0.000000e+00 0.000000e+00 0.000000e+00 0.000000e+00 0.000000e+00 0.000000e+00 0.000000e+00 0.000000e+00 0.000000e+00 0.000000e+00 0.000000e+00 0.000000e+00 