3.643331e+03 4.351346e+03 4.135581e+03 3.653133e+03 4.078584e+03 3.517673e+03 3.377134e+03 4.195701e+03 4.281997e+03 4.291443e+03 3.197129e+03 4.583391e+03 3.197129e+03 4.064658e+03 4.142654e+03 3.517673e+03 4.826668e+03 4.688590e+03 3.679215e+03 3.619088e+03 4.078584e+03 4.588356e+03 3.899410e+03 4.701673e+03 5.074118e+03 4.631003e+03 3.904116e+03 4.595379e+03 4.691027e+03 4.556666e+03 
3.643331e+03 4.351346e+03 4.135581e+03 3.653133e+03 4.078584e+03 3.517673e+03 3.377134e+03 4.195701e+03 4.281997e+03 4.291443e+03 3.197129e+03 4.583391e+03 3.197129e+03 4.064658e+03 4.142654e+03 3.517673e+03 4.826668e+03 4.688590e+03 3.679215e+03 3.619088e+03 4.078584e+03 4.588356e+03 3.899410e+03 4.701673e+03 5.074118e+03 4.631003e+03 3.904116e+03 4.595379e+03 4.691027e+03 4.556666e+03 
3.643331e+03 4.351346e+03 4.135581e+03 3.653133e+03 4.078584e+03 3.517673e+03 3.377134e+03 4.195701e+03 4.281997e+03 4.291443e+03 3.197129e+03 4.583391e+03 3.197129e+03 4.064658e+03 4.142654e+03 3.517673e+03 4.826668e+03 4.688590e+03 3.679215e+03 3.619088e+03 4.078584e+03 4.588356e+03 3.899410e+03 4.701673e+03 5.074118e+03 4.631003e+03 3.904116e+03 4.595379e+03 4.691027e+03 4.556666e+03 
3.643331e+03 4.351346e+03 3.581783e+03 3.653133e+03 4.078584e+03 3.250407e+03 3.377134e+03 3.701067e+03 4.281997e+03 4.282853e+03 3.197129e+03 4.583391e+03 3.197129e+03 3.542187e+03 3.575429e+03 3.250407e+03 4.539047e+03 4.688590e+03 3.679215e+03 3.619088e+03 4.078584e+03 3.022500e+03 3.899410e+03 4.701673e+03 4.332384e+03 4.448022e+03 3.604636e+03 4.595379e+03 4.413684e+03 4.556666e+03 
3.062032e+03 4.351346e+03 3.581783e+03 3.653133e+03 4.078584e+03 3.250407e+03 3.230180e+03 3.368726e+03 4.262831e+03 4.282853e+03 3.197129e+03 4.583391e+03 3.197129e+03 3.377890e+03 3.529573e+03 3.250407e+03 4.519874e+03 4.688590e+03 3.613090e+03 3.619088e+03 4.078584e+03 2.920189e+03 3.758623e+03 4.524495e+03 4.332384e+03 3.987008e+03 3.604636e+03 4.183491e+03 4.123000e+03 4.556666e+03 
3.062032e+03 3.267757e+03 3.581783e+03 3.653133e+03 3.491997e+03 2.645795e+03 2.956943e+03 3.263014e+03 3.564023e+03 3.706032e+03 3.184102e+03 3.231413e+03 3.184102e+03 3.136695e+03 3.227887e+03 2.645795e+03 4.099945e+03 3.385415e+03 3.187711e+03 2.418904e+03 3.491997e+03 2.920189e+03 3.404098e+03 3.956693e+03 3.186993e+03 3.345052e+03 3.604636e+03 4.038405e+03 3.012331e+03 2.580437e+03 
2.493432e+03 2.310356e+03 2.800062e+03 1.777457e+03 2.674076e+03 1.793515e+03 2.892493e+03 2.612799e+03 2.360900e+03 3.516684e+03 3.010945e+03 2.406426e+03 3.010945e+03 2.781640e+03 2.626888e+03 1.793515e+03 2.844668e+03 2.713734e+03 2.866988e+03 2.418904e+03 2.674076e+03 2.298069e+03 2.879483e+03 3.124590e+03 3.105940e+03 3.006934e+03 3.275148e+03 3.468619e+03 2.851705e+03 2.580437e+03 
2.228298e+03 2.296891e+03 2.553139e+03 1.327611e+03 1.169702e+03 1.511149e+03 2.214864e+03 1.935095e+03 1.798668e+03 2.207298e+03 2.222995e+03 1.750811e+03 2.222995e+03 1.753514e+03 1.908138e+03 1.511149e+03 2.121251e+03 1.774825e+03 2.051595e+03 2.236903e+03 1.169702e+03 2.033018e+03 2.091530e+03 1.059434e+03 1.795477e+03 1.796708e+03 2.442120e+03 1.581965e+03 2.297784e+03 2.398145e+03 
1.384819e+03 1.338979e+03 1.277186e+03 1.061942e+03 1.099883e+03 1.185174e+03 1.335477e+03 1.032604e+03 1.149832e+03 1.204613e+03 1.047082e+03 1.070494e+03 1.047082e+03 1.394764e+03 9.790101e+02 1.185174e+03 1.183767e+03 1.470319e+03 9.361382e+02 1.253957e+03 1.099883e+03 1.092293e+03 1.209244e+03 1.006213e+03 1.187341e+03 1.047919e+03 1.240928e+03 7.186273e+02 1.110074e+03 1.190614e+03 
5.809560e+02 4.913426e+02 5.374922e+02 5.500735e+02 6.008207e+02 4.933380e+02 5.724173e+02 5.715522e+02 6.599485e+02 6.142723e+02 6.636896e+02 5.724222e+02 6.636896e+02 5.134119e+02 5.392310e+02 4.933380e+02 4.209416e+02 7.775041e+02 5.756590e+02 6.793641e+02 6.008207e+02 6.667712e+02 6.665822e+02 5.020425e+02 6.469306e+02 6.271170e+02 7.798729e+02 5.348171e+02 6.039667e+02 6.880129e+02 
1.990252e+02 1.933286e+02 1.820029e+02 1.755389e+02 2.169830e+02 1.951923e+02 2.197535e+02 2.075720e+02 2.007829e+02 2.214747e+02 2.003315e+02 2.360738e+02 2.003315e+02 2.249242e+02 2.452482e+02 1.951923e+02 1.824886e+02 2.192176e+02 1.991279e+02 2.045693e+02 2.169830e+02 2.439193e+02 2.372070e+02 1.879545e+02 2.184404e+02 2.009656e+02 2.263856e+02 2.104838e+02 2.725612e+02 2.114677e+02 
1.210208e+02 1.164447e+02 1.178034e+02 1.199264e+02 1.199701e+02 1.195404e+02 1.189349e+02 1.200538e+02 1.205306e+02 1.223016e+02 1.212205e+02 1.213882e+02 1.212205e+02 1.223507e+02 1.227648e+02 1.195404e+02 1.199811e+02 1.230947e+02 1.172292e+02 1.224147e+02 1.199701e+02 1.217036e+02 1.236060e+02 1.188034e+02 1.232888e+02 1.205775e+02 1.223951e+02 1.176661e+02 1.262469e+02 1.209704e+02 
1.009566e+02 1.010018e+02 1.009914e+02 1.019508e+02 1.015589e+02 1.015953e+02 1.011481e+02 1.010955e+02 1.013346e+02 1.021098e+02 1.018674e+02 1.014073e+02 1.018674e+02 1.016503e+02 1.017135e+02 1.015953e+02 1.012611e+02 1.029812e+02 1.006921e+02 1.015482e+02 1.015589e+02 1.022315e+02 1.023642e+02 1.009868e+02 1.012492e+02 1.014514e+02 1.019303e+02 1.013632e+02 1.032679e+02 1.011712e+02 
1.000004e+02 1.000001e+02 1.000004e+02 1.000005e+02 1.000004e+02 1.000003e+02 1.000002e+02 1.000002e+02 1.000004e+02 1.000003e+02 1.000003e+02 1.000001e+02 1.000003e+02 1.000003e+02 1.000005e+02 1.000003e+02 1.000002e+02 1.000004e+02 1.000004e+02 1.000002e+02 1.000004e+02 1.000007e+02 1.000006e+02 1.000004e+02 1.000003e+02 1.000002e+02 1.000004e+02 1.000002e+02 1.000005e+02 1.000002e+02 
1.000000e+02 1.000000e+02 1.000000e+02 1.000000e+02 1.000000e+02 1.000000e+02 1.000000e+02 1.000000e+02 1.000000e+02 1.000000e+02 1.000000e+02 1.000000e+02 1.000000e+02 1.000000e+02 1.000000e+02 1.000000e+02 9.192775e+01 1.000000e+02 1.000000e+02 1.000000e+02 1.000000e+02 1.000000e+02 1.000000e+02 1.000000e+02 1.000000e+02 1.000000e+02 1.000000e+02 1.000000e+02 1.000000e+02 1.000000e+02 
1.000000e+02 1.000000e+02 1.000000e+02 1.000000e+02 1.000000e+02 1.000000e+02 1.000000e+02 1.000000e+02 1.000000e+02 1.000000e+02 1.000000e+02 1.000000e+02 1.000000e+02 1.000000e+02 1.000000e+02 1.000000e+02 0.000000e+00 1.000000e+02 1.000000e+02 1.000000e+02 1.000000e+02 1.000000e+02 1.000000e+02 1.000000e+02 1.000000e+02 1.000000e+02 1.000000e+02 1.000000e+02 1.000000e+02 1.000000e+02 
0.000000e+00 0.000000e+00 0.000000e+00 0.000000e+00 0.000000e+00 0.000000e+00 0.000000e+00 0.000000e+00 0.000000e+00 0.000000e+00 0.000000e+00 0.000000e+00 0.000000e+00 0.000000e+00 0.000000e+00 0.000000e+00 0.000000e+00 0.000000e+00 0.000000e+00 0.000000e+00 0.000000e+00 0.000000e+00 0.000000e+00 0.000000e+00 0.000000e+00 0.000000e+00 0.000000e+00 0.000000e+00 0.000000e+00 0.000000e+00 