6.569228e+03 1.806456e+04 1.290794e+04 3.787785e+04 1.290794e+04 2.882787e+04 1.834125e+04 1.725790e+04 1.161557e+04 1.215705e+04 3.315639e+04 6.126205e+04 3.315639e+04 3.365179e+04 1.767301e+04 2.882787e+04 4.466254e+03 3.120764e+03 5.442964e+03 2.708097e+04 1.290794e+04 1.725790e+04 5.269042e+03 1.142809e+04 2.034939e+03 1.725790e+04 2.942235e+04 1.507984e+04 5.594414e+03 1.290794e+04 
6.199662e+03 1.742704e+04 1.290794e+04 3.339896e+04 1.290794e+04 2.379685e+03 5.163382e+03 1.725790e+04 1.693801e+03 4.194214e+02 6.358967e+03 3.366276e+04 6.358967e+03 1.479405e+04 8.669400e+03 2.379685e+03 4.466254e+03 3.120764e+03 5.442964e+03 2.708097e+04 1.290794e+04 1.725790e+04 5.269042e+03 3.074262e+03 1.924705e+03 1.725790e+04 1.654101e+04 3.198877e+02 5.594414e+03 1.290794e+04 
6.199662e+03 1.742704e+04 1.290794e+04 3.339896e+04 1.290794e+04 2.379685e+03 5.163382e+03 1.725790e+04 1.693801e+03 4.194214e+02 6.358967e+03 3.366276e+04 6.358967e+03 1.479405e+04 8.669400e+03 2.379685e+03 4.466254e+03 3.120764e+03 5.442964e+03 2.708097e+04 1.290794e+04 1.725790e+04 5.269042e+03 3.074262e+03 1.924705e+03 1.725790e+04 1.654101e+04 3.198877e+02 5.594414e+03 1.290794e+04 
6.199662e+03 1.145212e+04 1.290794e+04 6.870813e+02 1.290794e+04 1.212799e+03 4.272693e+03 1.470553e+04 1.693801e+03 4.194214e+02 6.358967e+03 9.554884e+03 6.358967e+03 1.479374e+04 8.839341e+02 1.212799e+03 4.461332e+03 3.120764e+03 5.442964e+03 1.162964e+04 1.290794e+04 1.470553e+04 5.269042e+03 3.074262e+03 1.924705e+03 1.470553e+04 1.131894e+04 3.198877e+02 4.522675e+03 1.290794e+04 
3.895905e+03 9.663758e+03 4.150727e+02 2.299333e+02 4.150727e+02 7.036620e+02 5.053490e+02 6.812671e+03 1.693801e+03 4.194214e+02 4.352860e+03 1.614096e+03 4.352860e+03 8.173511e+03 4.427068e+02 7.036620e+02 6.345879e+02 1.928516e+03 3.797769e+02 1.108462e+04 4.150727e+02 6.812671e+03 1.148360e+03 1.386597e+02 8.044309e+02 6.812671e+03 1.131894e+04 3.085166e+02 4.465118e+03 4.150727e+02 
1.866671e+03 1.279165e+03 2.774809e+02 2.274883e+02 2.774809e+02 2.055857e+02 5.053490e+02 8.248026e+02 1.683045e+03 3.466741e+02 1.485052e+03 5.524587e+02 1.485052e+03 6.179405e+02 1.116154e+02 2.055857e+02 6.304624e+02 3.817608e+02 1.841402e+02 1.930232e+03 2.774809e+02 8.248026e+02 8.392914e+02 4.570685e+01 4.244814e+02 8.248026e+02 1.581122e+02 2.093698e+01 5.652327e+02 2.774809e+02 
2.797732e+01 1.487712e+02 6.291812e+01 7.246961e+01 6.291812e+01 2.245739e+01 5.034225e+01 3.279637e+01 6.992570e+01 4.339585e+01 4.636915e+01 2.372494e+02 4.636915e+01 4.974663e+01 1.044266e+02 2.245739e+01 1.222044e+02 9.951367e+01 1.841402e+02 8.615384e+01 6.291812e+01 3.279637e+01 3.080736e+02 2.103087e+01 2.852667e+02 3.279637e+01 8.870455e+01 1.494241e+01 1.302102e+02 6.291812e+01 
2.727979e+01 2.991948e+01 1.549530e+01 1.545865e+01 1.549530e+01 1.569725e+01 1.391300e+01 1.088024e+01 4.088437e+01 1.400622e+01 2.797869e+01 1.745850e+01 2.797869e+01 3.002123e+01 5.645106e+00 1.569725e+01 2.254882e+01 1.666989e+01 3.059161e+01 4.102737e+01 1.549530e+01 1.088024e+01 1.808946e+01 1.953630e+01 2.493678e+01 1.088024e+01 3.323772e+01 1.282535e+01 1.257032e+01 1.549530e+01 
9.093350e+00 7.732755e+00 5.414419e+00 9.232805e+00 5.414419e+00 8.748605e+00 8.225625e+00 8.336654e+00 1.042847e+01 1.065202e+01 7.251488e+00 9.690787e+00 7.251488e+00 5.586850e+00 5.645106e+00 8.748605e+00 8.051494e+00 7.342954e+00 4.537693e+00 1.064058e+01 5.414419e+00 8.336654e+00 6.134014e+00 5.431932e+00 9.626862e+00 8.336654e+00 7.876294e+00 6.441178e+00 7.404321e+00 5.414419e+00 
3.346670e+00 4.623833e+00 2.960034e+00 2.442712e+00 2.960034e+00 2.059165e+00 1.553089e+00 4.470465e+00 3.668753e+00 4.321224e+00 2.221371e+00 5.560805e+00 2.221371e+00 3.061609e+00 3.430351e+00 2.059165e+00 3.721509e+00 1.800952e+00 4.323086e+00 5.279873e+00 2.960034e+00 4.470465e+00 4.864961e+00 4.053596e+00 3.489084e+00 4.470465e+00 3.597839e+00 3.805578e+00 3.309132e+00 2.960034e+00 
1.292522e+00 1.748280e+00 1.846896e+00 1.375233e-03 1.846896e+00 1.135312e+00 1.206002e+00 1.042419e+00 1.508535e+00 9.504735e-01 1.153697e+00 1.850267e+00 1.153697e+00 9.878421e-01 7.663085e-01 1.135312e+00 1.378276e+00 1.406238e+00 1.817169e+00 1.477872e+00 1.846896e+00 1.042419e+00 1.237704e+00 1.296915e+00 1.510420e+00 1.042419e+00 1.804300e+00 1.988263e+00 1.596969e+00 1.846896e+00 
8.222712e-01 1.136006e+00 4.827854e-01 1.375233e-03 4.827854e-01 7.073152e-01 8.255689e-01 5.834190e-01 8.847385e-01 6.309854e-01 9.147306e-01 1.324360e-01 9.147306e-01 4.816676e-01 7.663085e-01 7.073152e-01 7.389796e-01 6.945147e-01 9.100773e-01 6.432201e-01 4.827854e-01 5.834190e-01 8.788100e-01 7.741000e-01 2.961449e-01 5.834190e-01 9.573103e-01 6.874892e-01 1.241026e-01 4.827854e-01 
6.942603e-03 9.529420e-03 2.798498e-02 1.375233e-03 2.798498e-02 1.759320e-01 9.318550e-07 1.429888e-01 5.410843e-04 8.196282e-02 7.068946e-03 2.463746e-02 7.068946e-03 4.816676e-01 3.745973e-04 1.759320e-01 2.757943e-03 1.690312e-02 1.740093e-05 2.929338e-01 2.798498e-02 1.429888e-01 1.229838e-06 1.955989e-01 6.367729e-02 1.429888e-01 4.053369e-01 1.288076e-01 3.870292e-04 2.798498e-02 
3.717149e-04 4.469966e-05 0.000000e+00 2.821445e-04 0.000000e+00 2.512304e-08 8.980930e-08 2.830078e-04 8.382671e-05 0.000000e+00 9.525899e-05 1.917290e-03 9.525899e-05 1.952157e-02 1.751535e-04 2.512304e-08 4.038999e-07 3.947827e-03 4.152895e-06 1.015259e-07 0.000000e+00 2.830078e-04 1.229838e-06 5.246959e-06 7.489630e-05 2.830078e-04 3.246021e-04 5.198269e-08 5.170451e-06 0.000000e+00 
0.000000e+00 0.000000e+00 0.000000e+00 0.000000e+00 0.000000e+00 0.000000e+00 0.000000e+00 0.000000e+00 0.000000e+00 0.000000e+00 0.000000e+00 0.000000e+00 0.000000e+00 0.000000e+00 0.000000e+00 0.000000e+00 0.000000e+00 0.000000e+00 0.000000e+00 0.000000e+00 0.000000e+00 0.000000e+00 0.000000e+00 0.000000e+00 0.000000e+00 0.000000e+00 0.000000e+00 0.000000e+00 0.000000e+00 0.000000e+00 
0.000000e+00 0.000000e+00 0.000000e+00 0.000000e+00 0.000000e+00 0.000000e+00 0.000000e+00 0.000000e+00 0.000000e+00 0.000000e+00 0.000000e+00 0.000000e+00 0.000000e+00 0.000000e+00 0.000000e+00 0.000000e+00 0.000000e+00 0.000000e+00 0.000000e+00 0.000000e+00 0.000000e+00 0.000000e+00 0.000000e+00 0.000000e+00 0.000000e+00 0.000000e+00 0.000000e+00 0.000000e+00 0.000000e+00 0.000000e+00 
0.000000e+00 0.000000e+00 0.000000e+00 0.000000e+00 0.000000e+00 0.000000e+00 0.000000e+00 0.000000e+00 0.000000e+00 0.000000e+00 0.000000e+00 0.000000e+00 0.000000e+00 0.000000e+00 0.000000e+00 0.000000e+00 0.000000e+00 0.000000e+00 0.000000e+00 0.000000e+00 0.000000e+00 0.000000e+00 0.000000e+00 0.000000e+00 0.000000e+00 0.000000e+00 0.000000e+00 0.000000e+00 0.000000e+00 0.000000e+00 