2.513953e+06 1.417377e+06 3.078999e+06 3.550657e+06 1.292459e+06 7.724300e+05 1.807286e+06 2.413648e+06 5.599596e+05 2.760431e+05 6.689290e+05 1.822908e+06 6.689290e+05 8.341034e+05 2.721110e+06 7.724300e+05 5.352321e+05 3.160586e+06 1.145619e+06 1.542368e+06 1.292459e+06 2.413648e+06 2.239535e+06 2.687408e+05 1.325291e+06 1.035304e+06 1.741903e+06 2.194596e+06 1.537984e+06 1.292459e+06 
2.513953e+06 1.417377e+06 3.078999e+06 3.550657e+06 1.292459e+06 7.724300e+05 1.807286e+06 2.413648e+06 5.599596e+05 2.760431e+05 6.689290e+05 1.822908e+06 6.689290e+05 8.341034e+05 2.721110e+06 7.724300e+05 5.352321e+05 3.160586e+06 1.145619e+06 1.542368e+06 1.292459e+06 2.413648e+06 2.239535e+06 2.687408e+05 1.325291e+06 1.035304e+06 1.741903e+06 2.194596e+06 1.537984e+06 1.292459e+06 
2.513953e+06 1.417377e+06 3.078999e+06 3.550657e+06 1.292459e+06 7.724300e+05 1.807286e+06 2.413648e+06 5.599596e+05 2.760431e+05 6.689290e+05 1.822908e+06 6.689290e+05 8.341034e+05 2.721110e+06 7.724300e+05 5.352321e+05 3.160586e+06 1.145619e+06 1.542368e+06 1.292459e+06 2.413648e+06 2.239535e+06 2.687408e+05 1.325291e+06 1.035304e+06 1.741903e+06 2.194596e+06 1.537984e+06 1.292459e+06 
2.513953e+06 1.417377e+06 2.376712e+06 2.581771e+06 1.292459e+06 1.248899e+05 1.807286e+06 1.115102e+06 5.599596e+05 2.760431e+05 6.689290e+05 1.014263e+06 6.689290e+05 8.341034e+05 2.031638e+06 1.248899e+05 5.312635e+05 3.160586e+06 1.145619e+06 1.542125e+06 1.292459e+06 1.115102e+06 2.239535e+06 2.687408e+05 1.325291e+06 6.394835e+05 1.375089e+06 2.137848e+06 1.537984e+06 1.292459e+06 
7.698440e+05 1.417377e+06 2.376712e+06 1.835481e+06 1.292178e+06 1.248899e+05 1.312240e+06 1.115102e+06 5.599596e+05 2.760431e+05 6.689290e+05 1.014263e+06 6.689290e+05 5.866220e+05 2.031638e+06 1.248899e+05 5.312635e+05 2.257705e+06 1.027834e+06 1.542125e+06 1.292178e+06 1.115102e+06 2.229735e+06 2.687408e+05 8.005341e+05 6.394835e+05 1.058523e+06 1.410086e+06 7.945312e+05 1.292178e+06 
7.698440e+05 1.113472e+06 9.609254e+05 1.051371e+06 1.248558e+06 9.447304e+04 1.163869e+06 1.115102e+06 5.599596e+05 1.089210e+05 6.139799e+05 4.100671e+05 6.139799e+05 5.866220e+05 1.742381e+06 9.447304e+04 5.312015e+05 1.596416e+06 9.325166e+05 6.262022e+05 1.248558e+06 1.115102e+06 8.566920e+05 2.685678e+05 5.001912e+05 9.017915e+04 6.081734e+05 1.191427e+06 7.914179e+05 1.248558e+06 
7.376174e+05 1.035136e+06 3.616852e+05 3.921343e+05 2.997559e+05 8.653267e+04 4.664678e+05 1.115102e+06 5.599596e+05 1.084680e+05 3.298828e+05 2.390200e+05 3.298828e+05 4.074393e+05 1.565732e+05 8.653267e+04 4.180272e+05 4.134927e+05 1.926335e+05 4.615151e+05 2.997559e+05 1.115102e+06 5.355557e+05 2.285824e+05 3.321032e+05 9.013561e+04 5.196365e+05 1.621290e+05 7.699659e+05 2.997559e+05 
5.712185e+04 1.700145e+05 1.680779e+05 1.767532e+05 8.859150e+04 5.307224e+04 8.157645e+04 1.533406e+05 2.497125e+05 1.063967e+05 5.230499e+04 5.300777e+04 5.230499e+04 1.178793e+05 8.068069e+04 5.307224e+04 6.046817e+04 2.231566e+05 6.938759e+04 1.199171e+05 8.859150e+04 1.533406e+05 2.396005e+05 8.918540e+04 1.293431e+05 1.647265e+04 1.208950e+05 8.287691e+04 9.775397e+04 8.859150e+04 
1.182968e+04 7.149148e+03 1.431145e+04 2.318273e+04 2.526144e+04 2.358641e+04 2.392587e+04 3.674786e+04 1.593353e+04 4.352560e+03 2.286113e+04 1.689655e+04 2.286113e+04 1.207623e+04 2.369701e+03 2.358641e+04 8.024813e+03 1.082751e+04 3.312900e+04 2.829410e+04 2.526144e+04 3.674786e+04 1.478769e+04 1.378137e+04 3.251257e+04 3.376456e+03 7.790396e+03 1.810733e+04 1.842230e+04 2.526144e+04 
5.939897e+02 6.332079e+02 2.340043e+02 8.233148e+02 1.765782e+02 4.245667e+02 5.255533e+02 1.026376e+03 7.105729e+02 5.683584e+02 1.965340e+02 1.866752e+03 1.965340e+02 1.076016e+03 1.711031e+03 4.245667e+02 3.259106e+02 7.832150e+02 1.198870e+03 2.325157e+03 1.765782e+02 1.026376e+03 2.677451e+03 1.271131e+03 4.007045e+02 9.406019e+02 1.596041e+02 1.373019e+03 8.930789e+02 1.765782e+02 
1.871026e+01 1.982563e+01 1.837852e+01 1.970536e+01 2.326232e+01 2.032983e+01 1.689621e+01 1.931505e+01 1.780418e+01 2.210492e+01 1.875521e+01 2.244567e+01 1.875521e+01 1.842278e+01 2.095744e+01 2.032983e+01 1.936135e+01 2.135479e+01 2.010571e+01 1.802873e+01 2.326232e+01 1.931505e+01 1.870117e+01 2.368702e+01 1.647629e+01 2.295608e+01 1.622524e+01 2.024000e+01 1.696606e+01 2.326232e+01 
5.919992e+00 6.554621e+00 7.206170e+00 6.551367e+00 8.084330e+00 6.535302e+00 7.146188e+00 6.622940e+00 8.156178e+00 6.959888e+00 7.277012e+00 7.003506e+00 7.277012e+00 5.196930e+00 5.415802e+00 6.535302e+00 7.441674e+00 7.196643e+00 7.486250e+00 7.148100e+00 8.084330e+00 6.622940e+00 6.668024e+00 7.776953e+00 7.128666e+00 6.684617e+00 7.214179e+00 7.788081e+00 7.230006e+00 8.084330e+00 
4.108975e+00 3.474728e+00 3.724123e+00 3.779961e+00 4.682292e+00 4.594744e+00 4.335088e+00 4.529214e+00 4.521718e+00 4.201767e+00 4.034589e+00 4.829775e+00 4.034589e+00 3.987525e+00 3.767272e+00 4.594744e+00 4.196096e+00 4.232135e+00 3.750696e+00 4.011399e+00 4.682292e+00 4.529214e+00 3.561113e+00 4.518925e+00 4.290825e+00 4.915648e+00 4.339212e+00 3.539037e+00 4.534787e+00 4.682292e+00 
2.522049e+00 2.987452e+00 3.018534e+00 2.777721e+00 3.093054e+00 2.793429e+00 2.922290e+00 2.780262e+00 2.797355e+00 3.155797e+00 3.017178e+00 3.147789e+00 3.017178e+00 3.229951e+00 2.267750e+00 2.793429e+00 3.530197e+00 2.921012e+00 2.835539e+00 3.054255e+00 3.093054e+00 2.780262e+00 2.707205e+00 2.535305e+00 2.540815e+00 2.899940e+00 2.804479e+00 2.712437e+00 3.165972e+00 3.093054e+00 
1.611779e+00 1.564560e+00 1.890791e+00 1.762523e+00 1.752937e+00 1.543982e+00 1.417697e+00 1.591403e+00 1.542578e+00 2.131619e+00 1.656118e+00 1.732913e+00 1.656118e+00 2.067346e+00 1.433724e+00 1.543982e+00 1.470090e+00 1.293661e+00 1.871476e+00 1.453100e+00 1.752937e+00 1.591403e+00 1.883082e+00 1.808072e+00 1.383620e+00 1.668519e+00 1.481928e+00 1.644687e+00 1.769046e+00 1.752937e+00 
8.328655e-01 8.384526e-01 6.589060e-01 6.998628e-01 8.162634e-01 7.689809e-01 7.161643e-01 8.310238e-01 6.677310e-01 7.560733e-01 9.834246e-01 7.939211e-01 9.834246e-01 8.829472e-01 5.690536e-01 7.689809e-01 9.825774e-01 6.152874e-01 7.156943e-01 9.392793e-01 8.162634e-01 8.310238e-01 7.710582e-01 6.632624e-01 6.314200e-01 6.922723e-01 7.430571e-01 5.612825e-01 8.252259e-01 8.162634e-01 
0.000000e+00 0.000000e+00 0.000000e+00 0.000000e+00 0.000000e+00 0.000000e+00 0.000000e+00 0.000000e+00 0.000000e+00 0.000000e+00 0.000000e+00 0.000000e+00 0.000000e+00 0.000000e+00 0.000000e+00 0.000000e+00 0.000000e+00 0.000000e+00 0.000000e+00 0.000000e+00 0.000000e+00 0.000000e+00 0.000000e+00 0.000000e+00 0.000000e+00 0.000000e+00 0.000000e+00 0.000000e+00 0.000000e+00 0.000000e+00 