1.423203e+03 1.367595e+03 5.492197e+02 1.033300e+03 1.024596e+03 6.045576e+02 1.247284e+03 1.666534e+03 1.240851e+03 1.589080e+03 5.461007e+02 1.202526e+03 5.461007e+02 1.031012e+03 1.673395e+03 6.045576e+02 7.237022e+02 1.022863e+03 1.474406e+03 1.594193e+03 1.024596e+03 1.666534e+03 1.158416e+03 1.464000e+03 1.228639e+03 1.117422e+03 1.165969e+03 1.113597e+03 1.329448e+03 1.024596e+03 
1.423203e+03 1.291720e+03 5.492197e+02 1.033300e+03 5.359411e+02 6.045576e+02 1.118361e+03 1.666534e+03 1.087558e+03 1.529103e+03 5.461007e+02 1.202526e+03 5.461007e+02 1.031012e+03 1.482151e+03 6.045576e+02 7.237022e+02 1.022863e+03 1.147895e+03 7.902783e+02 5.359411e+02 1.666534e+03 8.981334e+02 1.208326e+03 1.228639e+03 1.117422e+03 1.165969e+03 1.113597e+03 1.329448e+03 5.359411e+02 
1.423203e+03 1.291720e+03 5.492197e+02 1.033300e+03 5.359411e+02 6.045576e+02 1.118361e+03 1.666534e+03 1.087558e+03 1.529103e+03 5.461007e+02 1.202526e+03 5.461007e+02 1.031012e+03 1.482151e+03 6.045576e+02 7.237022e+02 1.022863e+03 1.147895e+03 7.902783e+02 5.359411e+02 1.666534e+03 8.981334e+02 1.208326e+03 1.228639e+03 1.117422e+03 1.165969e+03 1.113597e+03 1.329448e+03 5.359411e+02 
9.322265e+02 1.041532e+03 5.492197e+02 7.977345e+02 5.359411e+02 6.045576e+02 1.118361e+03 1.567915e+03 1.087558e+03 1.464076e+03 5.461007e+02 1.026238e+03 5.461007e+02 1.012634e+03 1.342867e+03 6.045576e+02 7.237022e+02 1.010758e+03 8.371072e+02 7.902783e+02 5.359411e+02 1.567915e+03 8.981334e+02 1.206860e+03 1.073136e+03 1.117422e+03 1.140468e+03 6.611542e+02 1.238549e+03 5.359411e+02 
9.322265e+02 9.172949e+02 4.498833e+02 5.087147e+02 5.359411e+02 5.086861e+02 8.015299e+02 1.316102e+03 6.699304e+02 7.861085e+02 5.072768e+02 6.198704e+02 5.072768e+02 1.000299e+03 1.298889e+03 5.086861e+02 6.992209e+02 3.816380e+02 8.371072e+02 7.902783e+02 5.359411e+02 1.316102e+03 8.981334e+02 9.475817e+02 2.939808e+02 9.619262e+02 9.767707e+02 6.611542e+02 9.030586e+02 5.359411e+02 
9.322265e+02 7.426354e+02 3.710512e+02 5.087147e+02 2.548328e+02 5.086861e+02 7.888847e+02 6.732839e+02 5.754056e+02 7.861085e+02 5.072768e+02 5.454606e+02 5.072768e+02 8.795806e+02 8.918134e+02 5.086861e+02 6.992209e+02 3.816380e+02 7.314472e+02 6.739237e+02 2.548328e+02 6.732839e+02 4.798172e+02 5.381526e+02 2.939808e+02 9.411859e+02 4.552946e+02 6.347595e+02 6.307131e+02 2.548328e+02 
5.355220e+02 5.498719e+02 2.750283e+02 5.087147e+02 2.548328e+02 4.695104e+02 4.718044e+02 4.354805e+02 5.074791e+02 4.643062e+02 3.770034e+02 5.210177e+02 3.770034e+02 2.433121e+02 5.084409e+02 4.695104e+02 5.629195e+02 3.816380e+02 5.785902e+02 6.060002e+02 2.548328e+02 4.354805e+02 4.321222e+02 4.758874e+02 2.939808e+02 4.880346e+02 4.108149e+02 5.316928e+02 4.993915e+02 2.548328e+02 
4.010626e+02 3.637936e+02 2.416987e+02 3.640906e+02 2.373422e+02 4.110968e+02 3.094989e+02 2.484977e+02 4.342558e+02 2.424372e+02 3.770034e+02 3.916458e+02 3.770034e+02 2.296230e+02 3.149118e+02 4.110968e+02 3.327468e+02 2.583347e+02 3.390024e+02 2.646532e+02 2.373422e+02 2.484977e+02 3.506866e+02 3.294420e+02 2.939808e+02 2.901825e+02 2.713882e+02 4.179291e+02 2.016693e+02 2.373422e+02 
2.346136e+02 2.035166e+02 1.868946e+02 2.614110e+02 2.059739e+02 1.677451e+02 1.843352e+02 1.755928e+02 1.802005e+02 2.101461e+02 2.065181e+02 2.270057e+02 2.065181e+02 1.947609e+02 2.082153e+02 1.677451e+02 2.118843e+02 2.388680e+02 2.484445e+02 2.061571e+02 2.059739e+02 1.755928e+02 2.851108e+02 1.781244e+02 2.502518e+02 1.693862e+02 1.450237e+02 2.398549e+02 1.947020e+02 2.059739e+02 
1.625961e+02 1.519568e+02 1.528097e+02 1.425783e+02 1.692495e+02 1.536977e+02 1.457988e+02 1.518974e+02 1.548507e+02 1.520353e+02 1.233068e+02 1.544463e+02 1.233068e+02 1.480572e+02 1.662046e+02 1.536977e+02 1.486501e+02 1.548445e+02 1.264560e+02 1.387050e+02 1.692495e+02 1.518974e+02 1.464408e+02 1.306189e+02 1.545429e+02 1.472566e+02 1.276441e+02 1.574505e+02 1.524806e+02 1.692495e+02 
1.155800e+02 1.142123e+02 1.131053e+02 1.236351e+02 1.233886e+02 1.127204e+02 1.208451e+02 1.166344e+02 1.209309e+02 1.226684e+02 1.162256e+02 1.176997e+02 1.162256e+02 1.166502e+02 1.212887e+02 1.127204e+02 1.173741e+02 1.268772e+02 1.147141e+02 1.176069e+02 1.233886e+02 1.166344e+02 1.192910e+02 1.126695e+02 1.164537e+02 1.190332e+02 1.152259e+02 1.196987e+02 1.171621e+02 1.233886e+02 
1.096043e+02 1.099438e+02 1.078909e+02 1.108619e+02 1.107674e+02 7.707456e+01 1.016673e+02 1.096605e+02 1.094173e+02 1.103824e+02 1.089401e+02 1.084567e+02 1.089401e+02 1.088573e+02 1.095405e+02 7.707456e+01 1.079286e+02 1.107101e+02 1.057772e+02 1.072054e+02 1.107674e+02 1.096605e+02 1.109480e+02 1.056853e+02 1.091769e+02 1.085104e+02 1.071440e+02 1.094229e+02 1.077290e+02 1.107674e+02 
1.043104e+02 1.045453e+02 7.425619e+01 1.026357e+02 1.055074e+02 6.985423e+01 8.666181e+01 1.027555e+02 1.042311e+02 1.035548e+02 1.033257e+02 1.034367e+02 1.033257e+02 1.030510e+02 1.035361e+02 6.985423e+01 1.040676e+02 1.022418e+02 1.030457e+02 1.043729e+02 1.055074e+02 1.027555e+02 1.040697e+02 1.028726e+02 1.036401e+02 1.048755e+02 1.036831e+02 1.030433e+02 1.034296e+02 1.055074e+02 
1.025055e+02 1.009188e+02 6.399587e+01 1.016398e+02 9.789467e+01 5.356168e+01 6.636741e+01 1.012558e+02 9.442724e+01 1.010686e+02 1.013438e+02 1.013684e+02 1.013438e+02 1.004925e+02 6.570579e+01 5.356168e+01 1.011528e+02 1.013318e+02 1.015917e+02 1.014719e+02 9.789467e+01 1.012558e+02 1.013913e+02 1.019235e+02 1.014521e+02 6.686522e+01 1.013344e+02 1.016731e+02 1.015355e+02 9.789467e+01 
1.001817e+02 1.001365e+02 4.940754e+01 1.006405e+02 4.504516e+01 4.692012e+01 3.352590e+01 1.001379e+02 5.976816e+01 1.002378e+02 1.003592e+02 1.001697e+02 1.003592e+02 3.392720e+01 4.324451e+01 4.692012e+01 1.000957e+02 1.001792e+02 1.000759e+02 1.005476e+02 4.504516e+01 1.001379e+02 1.001514e+02 1.002709e+02 1.002377e+02 4.936627e+01 4.223561e+01 1.004779e+02 1.001456e+02 4.504516e+01 
1.000000e+02 1.000000e+02 1.156306e+01 1.000000e+02 0.000000e+00 0.000000e+00 3.176568e+01 1.000000e+02 3.553705e+01 1.000000e+02 1.000000e+02 1.000000e+02 1.000000e+02 3.194056e+01 3.953469e+01 0.000000e+00 1.000000e+02 1.000000e+02 1.000000e+02 1.000000e+02 0.000000e+00 1.000000e+02 1.000000e+02 1.000000e+02 1.000000e+02 3.526928e+01 0.000000e+00 1.000000e+02 1.000000e+02 0.000000e+00 
0.000000e+00 0.000000e+00 0.000000e+00 0.000000e+00 0.000000e+00 0.000000e+00 0.000000e+00 0.000000e+00 0.000000e+00 0.000000e+00 0.000000e+00 0.000000e+00 0.000000e+00 0.000000e+00 0.000000e+00 0.000000e+00 0.000000e+00 0.000000e+00 0.000000e+00 0.000000e+00 0.000000e+00 0.000000e+00 0.000000e+00 0.000000e+00 0.000000e+00 0.000000e+00 0.000000e+00 0.000000e+00 0.000000e+00 0.000000e+00 