1.208159e+03 1.276422e+03 1.287459e+03 1.323303e+03 1.138007e+03 1.358144e+03 1.229066e+03 1.453721e+03 1.277478e+03 1.325386e+03 1.117358e+03 1.178101e+03 1.470362e+03 1.346420e+03 1.264717e+03 1.358144e+03 1.195569e+03 1.139314e+03 1.258154e+03 1.116776e+03 1.333826e+03 1.452192e+03 1.480840e+03 1.379955e+03 9.796699e+02 1.144704e+03 1.441028e+03 1.370295e+03 1.233458e+03 1.333826e+03 
1.208159e+03 1.276422e+03 1.287459e+03 1.323303e+03 1.138007e+03 1.358144e+03 1.229066e+03 1.453721e+03 1.277478e+03 1.325386e+03 1.117358e+03 1.178101e+03 1.470362e+03 1.346420e+03 1.264717e+03 1.358144e+03 1.195569e+03 1.139314e+03 1.258154e+03 1.116776e+03 1.333826e+03 1.452192e+03 1.480840e+03 1.379955e+03 9.796699e+02 1.144704e+03 1.441028e+03 1.370295e+03 1.233458e+03 1.333826e+03 
1.208159e+03 1.276422e+03 1.287459e+03 1.323303e+03 1.138007e+03 1.358144e+03 1.229066e+03 1.453721e+03 1.277478e+03 1.325386e+03 1.117358e+03 1.178101e+03 1.470362e+03 1.346420e+03 1.264717e+03 1.358144e+03 1.195569e+03 1.139314e+03 1.258154e+03 1.116776e+03 1.333826e+03 1.452192e+03 1.480840e+03 1.379955e+03 9.796699e+02 1.144704e+03 1.441028e+03 1.370295e+03 1.233458e+03 1.333826e+03 
1.208159e+03 1.276422e+03 1.228433e+03 1.323303e+03 1.108793e+03 1.358144e+03 1.177611e+03 1.407783e+03 1.133540e+03 1.235361e+03 1.060041e+03 1.168011e+03 1.169689e+03 1.182323e+03 1.264717e+03 1.358144e+03 1.195569e+03 1.129783e+03 1.258154e+03 1.116776e+03 1.170340e+03 1.243547e+03 1.405538e+03 1.251986e+03 9.660726e+02 1.137704e+03 1.353620e+03 1.250414e+03 1.233458e+03 1.170340e+03 
9.107082e+02 1.276422e+03 1.228433e+03 1.323303e+03 1.108793e+03 1.245485e+03 1.177611e+03 1.135268e+03 1.078732e+03 1.223994e+03 1.037966e+03 1.090197e+03 1.146015e+03 1.018006e+03 1.170189e+03 1.245485e+03 1.195569e+03 1.129783e+03 1.220943e+03 1.079168e+03 1.052108e+03 1.159697e+03 1.300402e+03 9.917351e+02 9.416222e+02 1.137704e+03 1.122575e+03 1.159474e+03 9.991183e+02 1.052108e+03 
9.107082e+02 1.221979e+03 9.950431e+02 1.216294e+03 8.004252e+02 1.237278e+03 1.022259e+03 9.423663e+02 8.595997e+02 1.065416e+03 9.890193e+02 9.483134e+02 1.046295e+03 9.753473e+02 1.149904e+03 1.237278e+03 7.053101e+02 1.019336e+03 1.041886e+03 1.013715e+03 9.243892e+02 1.027739e+03 1.217455e+03 9.884855e+02 9.223158e+02 6.756115e+02 9.203981e+02 1.048672e+03 8.771381e+02 9.243892e+02 
9.107082e+02 8.926463e+02 9.766881e+02 1.146851e+03 4.389405e+02 1.075991e+03 5.573304e+02 8.950146e+02 8.324877e+02 1.006253e+03 9.165647e+02 9.220370e+02 8.632301e+02 5.796078e+02 9.480245e+02 1.075991e+03 6.889045e+02 6.964281e+02 7.235602e+02 9.510703e+02 7.323762e+02 9.917898e+02 1.057804e+03 8.024931e+02 8.888871e+02 6.756115e+02 7.865373e+02 8.735771e+02 8.766595e+02 7.323762e+02 
6.494119e+02 7.685462e+02 5.661591e+02 5.557296e+02 4.237884e+02 5.399281e+02 4.480919e+02 5.262981e+02 7.031262e+02 5.264500e+02 6.375310e+02 5.245511e+02 3.761522e+02 3.469735e+02 5.058696e+02 5.399281e+02 4.613271e+02 3.603134e+02 6.097069e+02 4.938650e+02 4.669618e+02 6.133146e+02 5.472179e+02 4.382451e+02 5.524831e+02 1.733181e+02 5.704694e+02 4.934839e+02 5.554722e+02 4.669618e+02 
2.759007e+02 2.408299e+02 2.970924e+02 3.965930e+02 2.644750e+02 2.495121e+02 2.492029e+02 2.815856e+02 3.314206e+02 2.805181e+02 2.333700e+02 1.852971e+02 2.348503e+02 2.108740e+02 2.534817e+02 2.495121e+02 2.234210e+02 2.031149e+02 2.083071e+02 2.562018e+02 3.619294e+02 2.425132e+02 2.731193e+02 2.881922e+02 3.597213e+02 1.646442e+02 2.653797e+02 2.844246e+02 2.972633e+02 3.619294e+02 
1.428328e+02 1.491743e+02 1.234323e+02 1.518057e+02 1.407783e+02 1.423643e+02 1.524012e+02 1.219271e+02 1.244723e+02 1.352799e+02 1.198245e+02 1.382145e+02 1.261026e+02 1.410308e+02 1.488944e+02 1.423643e+02 1.392463e+02 1.256643e+02 1.309883e+02 1.242887e+02 1.144077e+02 1.352706e+02 1.409648e+02 1.517351e+02 1.123668e+02 1.230496e+02 1.514340e+02 1.466586e+02 1.209202e+02 1.144077e+02 
4.457707e+01 5.106416e+01 4.343768e+01 6.047311e+01 3.979226e+01 5.304087e+01 4.683630e+01 3.241101e+01 3.666391e+01 5.360684e+01 5.864543e+01 4.528501e+01 4.755774e+01 4.695275e+01 3.382902e+01 5.304087e+01 4.132547e+01 4.572829e+01 3.812116e+01 4.632984e+01 4.198064e+01 4.987472e+01 4.917477e+01 4.051764e+01 4.812837e+01 3.520170e+01 4.045778e+01 4.695465e+01 3.137414e+01 4.198064e+01 
7.202358e+00 6.764796e+00 8.889247e+00 8.793255e+00 8.195234e+00 1.012508e+01 8.576414e+00 8.299940e+00 6.094211e+00 8.159214e+00 1.093280e+01 9.557334e+00 7.121188e+00 9.746394e+00 8.580455e+00 1.012508e+01 7.628062e+00 9.701639e+00 8.068461e+00 1.027066e+01 8.202802e+00 8.340091e+00 9.376962e+00 7.758580e+00 8.878142e+00 7.876557e+00 7.665612e+00 8.454646e+00 8.759399e+00 8.202802e+00 
1.012001e-02 1.399287e-02 1.454750e-02 4.015589e-03 1.614460e-02 1.899581e-02 1.300296e-02 1.672554e-02 8.511407e-03 1.006314e-02 1.633814e-02 9.462769e-03 1.345948e-02 2.555815e-02 5.705417e-03 1.899581e-02 1.720268e-02 1.083251e-02 1.309779e-02 1.790625e-02 1.723050e-02 1.451547e-02 6.537468e-03 1.180081e-02 2.668085e-02 1.304486e-02 8.484801e-03 1.752059e-02 2.915218e-03 1.723050e-02 
0.000000e+00 1.416471e-08 0.000000e+00 0.000000e+00 0.000000e+00 0.000000e+00 1.415274e-08 0.000000e+00 0.000000e+00 0.000000e+00 0.000000e+00 0.000000e+00 0.000000e+00 1.527469e-08 0.000000e+00 0.000000e+00 0.000000e+00 1.065711e-08 0.000000e+00 0.000000e+00 0.000000e+00 1.372339e-08 1.033452e-08 2.559700e-08 2.704293e-08 0.000000e+00 0.000000e+00 1.792356e-08 0.000000e+00 0.000000e+00 
0.000000e+00 0.000000e+00 0.000000e+00 0.000000e+00 0.000000e+00 0.000000e+00 0.000000e+00 0.000000e+00 0.000000e+00 0.000000e+00 0.000000e+00 0.000000e+00 0.000000e+00 0.000000e+00 0.000000e+00 0.000000e+00 0.000000e+00 0.000000e+00 0.000000e+00 0.000000e+00 0.000000e+00 0.000000e+00 0.000000e+00 0.000000e+00 0.000000e+00 0.000000e+00 0.000000e+00 0.000000e+00 0.000000e+00 0.000000e+00 
0.000000e+00 0.000000e+00 0.000000e+00 0.000000e+00 0.000000e+00 0.000000e+00 0.000000e+00 0.000000e+00 0.000000e+00 0.000000e+00 0.000000e+00 0.000000e+00 0.000000e+00 0.000000e+00 0.000000e+00 0.000000e+00 0.000000e+00 0.000000e+00 0.000000e+00 0.000000e+00 0.000000e+00 0.000000e+00 0.000000e+00 0.000000e+00 0.000000e+00 0.000000e+00 0.000000e+00 0.000000e+00 0.000000e+00 0.000000e+00 
0.000000e+00 0.000000e+00 0.000000e+00 0.000000e+00 0.000000e+00 0.000000e+00 0.000000e+00 0.000000e+00 0.000000e+00 0.000000e+00 0.000000e+00 0.000000e+00 0.000000e+00 0.000000e+00 0.000000e+00 0.000000e+00 0.000000e+00 0.000000e+00 0.000000e+00 0.000000e+00 0.000000e+00 0.000000e+00 0.000000e+00 0.000000e+00 0.000000e+00 0.000000e+00 0.000000e+00 0.000000e+00 0.000000e+00 0.000000e+00 