4.377491e+10 3.972003e+10 4.038149e+10 2.736554e+10 4.038149e+10 3.417755e+10 2.743681e+10 3.639688e+10 2.882411e+10 2.270792e+10 3.028563e+10 3.663508e+10 3.028563e+10 4.194876e+10 2.789833e+10 3.417755e+10 2.804303e+10 4.038149e+10 3.417755e+10 4.363997e+10 4.038149e+10 3.639688e+10 3.257427e+10 2.789833e+10 3.791658e+10 3.639688e+10 2.804303e+10 4.036734e+10 3.663508e+10 4.038149e+10 
4.377491e+10 3.972003e+10 4.038149e+10 2.736554e+10 4.038149e+10 3.417755e+10 2.743681e+10 3.639688e+10 2.882411e+10 2.270792e+10 3.028563e+10 3.663508e+10 3.028563e+10 4.194876e+10 2.789833e+10 3.417755e+10 2.804303e+10 4.038149e+10 3.417755e+10 4.363997e+10 4.038149e+10 3.639688e+10 3.257427e+10 2.789833e+10 3.791658e+10 3.639688e+10 2.804303e+10 4.036734e+10 3.663508e+10 4.038149e+10 
4.377491e+10 3.972003e+10 4.038149e+10 2.736554e+10 4.038149e+10 3.417755e+10 2.743681e+10 3.639688e+10 2.882411e+10 2.270792e+10 3.028563e+10 3.663508e+10 3.028563e+10 4.194876e+10 2.789833e+10 3.417755e+10 2.804303e+10 4.038149e+10 3.417755e+10 4.363997e+10 4.038149e+10 3.639688e+10 3.257427e+10 2.789833e+10 3.791658e+10 3.639688e+10 2.804303e+10 4.036734e+10 3.663508e+10 4.038149e+10 
4.267372e+10 3.972003e+10 3.258646e+10 2.736554e+10 3.258646e+10 2.892995e+10 2.743681e+10 3.639688e+10 2.836433e+10 2.270792e+10 3.028563e+10 3.631217e+10 3.028563e+10 3.827509e+10 2.744548e+10 2.892995e+10 2.804303e+10 3.258646e+10 2.892995e+10 3.636207e+10 3.258646e+10 3.639688e+10 2.181667e+10 2.744548e+10 3.674266e+10 3.639688e+10 2.804303e+10 3.868272e+10 3.631217e+10 3.258646e+10 
3.094642e+10 3.748222e+10 3.258646e+10 2.736554e+10 3.258646e+10 2.111734e+10 2.699713e+10 3.617276e+10 2.780574e+10 2.270792e+10 3.028563e+10 2.751149e+10 3.028563e+10 3.721996e+10 2.524926e+10 2.111734e+10 2.804303e+10 3.258646e+10 2.111734e+10 3.636207e+10 3.258646e+10 3.617276e+10 2.181667e+10 2.524926e+10 3.674266e+10 3.617276e+10 2.804303e+10 3.868272e+10 2.751149e+10 3.258646e+10 
2.905830e+10 2.385740e+10 2.843663e+10 2.736554e+10 2.843663e+10 1.902810e+10 1.593618e+10 3.478526e+10 2.780574e+10 2.270792e+10 2.605334e+10 2.502504e+10 2.605334e+10 3.562920e+10 2.457177e+10 1.902810e+10 2.804303e+10 2.843663e+10 1.902810e+10 3.253743e+10 2.843663e+10 3.478526e+10 2.131125e+10 2.457177e+10 3.121636e+10 3.478526e+10 2.804303e+10 2.939647e+10 2.502504e+10 2.843663e+10 
2.544292e+10 2.342438e+10 1.814977e+10 2.522842e+10 1.814977e+10 1.499256e+10 1.473526e+10 2.285378e+10 2.079762e+10 1.992295e+10 1.632668e+10 1.936931e+10 1.632668e+10 2.798723e+10 2.341195e+10 1.499256e+10 2.423408e+10 1.814977e+10 1.499256e+10 2.616534e+10 1.814977e+10 2.285378e+10 2.010538e+10 2.341195e+10 2.624165e+10 2.285378e+10 2.423408e+10 2.560115e+10 1.936931e+10 1.814977e+10 
1.277688e+10 1.383587e+10 9.751475e+09 1.803213e+10 9.751475e+09 1.310741e+10 1.329548e+10 1.479881e+10 1.619234e+10 1.420737e+10 1.264949e+10 1.366880e+10 1.264949e+10 2.054155e+10 1.555799e+10 1.310741e+10 9.866828e+09 9.751475e+09 1.310741e+10 1.708736e+10 9.751475e+09 1.479881e+10 1.897868e+10 1.555799e+10 1.221984e+10 1.479881e+10 9.866828e+09 1.532552e+10 1.366880e+10 9.751475e+09 
4.946808e+09 7.174189e+09 7.160396e+09 6.862169e+09 7.160396e+09 6.195523e+09 5.372253e+09 8.039309e+09 8.385667e+09 6.077029e+09 7.606425e+09 7.664816e+09 7.606425e+09 8.872119e+09 5.969564e+09 6.195523e+09 7.143259e+09 7.160396e+09 6.195523e+09 6.809813e+09 7.160396e+09 8.039309e+09 9.742213e+09 5.969564e+09 1.037296e+10 8.039309e+09 7.143259e+09 9.589943e+09 7.664816e+09 7.160396e+09 
2.344938e+09 2.420865e+09 1.537411e+09 2.154552e+09 1.537411e+09 2.332510e+09 2.063082e+09 2.304627e+09 2.091428e+09 2.193291e+09 2.356728e+09 2.573190e+09 2.356728e+09 3.023489e+09 3.128094e+09 2.332510e+09 2.048906e+09 1.537411e+09 2.332510e+09 1.903793e+09 1.537411e+09 2.304627e+09 3.588682e+09 3.128094e+09 3.085463e+09 2.304627e+09 2.048906e+09 2.992562e+09 2.573190e+09 1.537411e+09 
1.401367e+08 2.290449e+08 2.080847e+08 1.800382e+08 2.080847e+08 1.403885e+08 1.746346e+08 1.698146e+08 2.029511e+08 1.583715e+08 1.970370e+08 1.207275e+08 1.970370e+08 1.014141e+08 1.529142e+08 1.403885e+08 2.279616e+08 2.080847e+08 1.403885e+08 1.685315e+08 2.080847e+08 1.698146e+08 2.303514e+08 1.529142e+08 1.563954e+08 1.698146e+08 2.279616e+08 2.404108e+08 1.207275e+08 2.080847e+08 
2.933787e+06 2.930588e+06 4.156478e+06 3.867600e+06 4.156478e+06 3.304321e+06 2.051299e+06 2.498636e+06 3.760907e+06 3.727188e+06 2.636398e+06 2.728357e+06 2.636398e+06 2.625065e+06 2.353452e+06 3.304321e+06 3.358918e+06 4.156478e+06 3.304321e+06 3.001522e+06 4.156478e+06 2.498636e+06 3.849928e+06 2.353452e+06 3.434886e+06 2.498636e+06 3.358918e+06 3.715305e+06 2.728357e+06 4.156478e+06 
1.182227e+03 1.126110e+03 1.627253e+03 1.502460e+03 1.627253e+03 9.956895e+02 8.527628e+02 8.850126e+02 1.496305e+03 1.300104e+03 1.087292e+03 1.416329e+03 1.087292e+03 8.819437e+02 1.199543e+03 9.956895e+02 1.191634e+03 1.627253e+03 9.956895e+02 1.251687e+03 1.627253e+03 8.850126e+02 1.536004e+03 1.199543e+03 1.518684e+03 8.850126e+02 1.191634e+03 1.724849e+03 1.416329e+03 1.627253e+03 
5.366654e-05 5.471020e-05 8.008152e-05 9.403643e-05 8.008152e-05 6.470926e-05 5.003165e-05 4.176973e-05 1.104779e-04 6.511885e-05 7.999752e-05 6.020393e-05 7.999752e-05 8.172411e-05 1.045180e-04 6.470926e-05 1.109751e-04 8.008152e-05 6.470926e-05 5.809723e-05 8.008152e-05 4.176973e-05 7.877264e-05 1.045180e-04 1.001169e-04 4.176973e-05 1.109751e-04 1.502212e-04 6.020393e-05 8.008152e-05 
0.000000e+00 0.000000e+00 0.000000e+00 0.000000e+00 0.000000e+00 0.000000e+00 0.000000e+00 0.000000e+00 0.000000e+00 0.000000e+00 0.000000e+00 0.000000e+00 0.000000e+00 0.000000e+00 0.000000e+00 0.000000e+00 0.000000e+00 0.000000e+00 0.000000e+00 0.000000e+00 0.000000e+00 0.000000e+00 0.000000e+00 0.000000e+00 0.000000e+00 0.000000e+00 0.000000e+00 0.000000e+00 0.000000e+00 0.000000e+00 
0.000000e+00 0.000000e+00 0.000000e+00 0.000000e+00 0.000000e+00 0.000000e+00 0.000000e+00 0.000000e+00 0.000000e+00 0.000000e+00 0.000000e+00 0.000000e+00 0.000000e+00 0.000000e+00 0.000000e+00 0.000000e+00 0.000000e+00 0.000000e+00 0.000000e+00 0.000000e+00 0.000000e+00 0.000000e+00 0.000000e+00 0.000000e+00 0.000000e+00 0.000000e+00 0.000000e+00 0.000000e+00 0.000000e+00 0.000000e+00 
0.000000e+00 0.000000e+00 0.000000e+00 0.000000e+00 0.000000e+00 0.000000e+00 0.000000e+00 0.000000e+00 0.000000e+00 0.000000e+00 0.000000e+00 0.000000e+00 0.000000e+00 0.000000e+00 0.000000e+00 0.000000e+00 0.000000e+00 0.000000e+00 0.000000e+00 0.000000e+00 0.000000e+00 0.000000e+00 0.000000e+00 0.000000e+00 0.000000e+00 0.000000e+00 0.000000e+00 0.000000e+00 0.000000e+00 0.000000e+00 