2.272567e+03 1.850991e+03 2.475009e+03 2.499307e+03 1.929839e+03 1.747252e+03 2.279945e+03 2.355063e+03 1.739404e+03 2.462847e+03 2.508850e+03 2.094243e+03 1.923674e+03 2.369816e+03 2.639070e+03 1.747252e+03 2.077457e+03 2.488516e+03 2.099105e+03 2.244270e+03 1.929839e+03 1.957941e+03 2.230855e+03 2.161476e+03 2.034916e+03 1.957941e+03 2.253980e+03 1.862592e+03 2.129832e+03 1.929839e+03 
2.272567e+03 1.850991e+03 2.475009e+03 2.499307e+03 1.929839e+03 1.747252e+03 2.279945e+03 2.355063e+03 1.739404e+03 2.462847e+03 2.508850e+03 2.094243e+03 1.923674e+03 2.369816e+03 2.639070e+03 1.747252e+03 2.077457e+03 2.488516e+03 2.099105e+03 2.244270e+03 1.929839e+03 1.957941e+03 2.230855e+03 2.161476e+03 2.034916e+03 1.957941e+03 2.253980e+03 1.862592e+03 2.129832e+03 1.929839e+03 
2.272567e+03 1.850991e+03 2.475009e+03 2.499307e+03 1.929839e+03 1.747252e+03 2.279945e+03 2.355063e+03 1.739404e+03 2.462847e+03 2.508850e+03 2.094243e+03 1.923674e+03 2.369816e+03 2.639070e+03 1.747252e+03 2.077457e+03 2.488516e+03 2.099105e+03 2.244270e+03 1.929839e+03 1.957941e+03 2.230855e+03 2.161476e+03 2.034916e+03 1.957941e+03 2.253980e+03 1.862592e+03 2.129832e+03 1.929839e+03 
2.141933e+03 1.573956e+03 2.475009e+03 2.004257e+03 1.904558e+03 1.747252e+03 2.145689e+03 1.993476e+03 1.730908e+03 2.418009e+03 2.508850e+03 2.094243e+03 1.923674e+03 2.238200e+03 2.617523e+03 1.747252e+03 2.077457e+03 2.460566e+03 2.099105e+03 2.244270e+03 1.904558e+03 1.957941e+03 2.205507e+03 2.161476e+03 2.021193e+03 1.957941e+03 2.253980e+03 1.862592e+03 2.129832e+03 1.904558e+03 
2.080901e+03 1.573956e+03 2.231733e+03 1.986878e+03 1.904558e+03 1.747252e+03 2.145687e+03 1.844802e+03 1.581731e+03 2.418009e+03 2.508850e+03 2.094243e+03 1.693770e+03 2.238200e+03 2.488361e+03 1.747252e+03 2.077457e+03 2.460566e+03 2.099105e+03 2.244270e+03 1.904558e+03 1.957941e+03 1.856181e+03 2.088441e+03 1.896526e+03 1.957941e+03 2.253980e+03 1.862592e+03 2.129832e+03 1.904558e+03 
1.431243e+03 1.573956e+03 2.132252e+03 1.986878e+03 1.900130e+03 1.747252e+03 1.768755e+03 1.706178e+03 1.581731e+03 1.961196e+03 2.039140e+03 1.262415e+03 1.693770e+03 2.050575e+03 2.081345e+03 1.747252e+03 1.397473e+03 2.457221e+03 1.881824e+03 2.244270e+03 1.900130e+03 1.957941e+03 1.423593e+03 1.849682e+03 1.836932e+03 1.957941e+03 2.253980e+03 1.671976e+03 1.925504e+03 1.900130e+03 
1.431243e+03 1.573954e+03 1.555537e+03 1.728697e+03 1.834753e+03 1.747252e+03 1.317158e+03 1.706165e+03 1.581731e+03 1.961196e+03 1.983878e+03 1.262415e+03 1.627933e+03 1.754102e+03 1.869642e+03 1.747252e+03 1.397473e+03 1.887562e+03 1.679172e+03 1.899020e+03 1.834753e+03 1.794694e+03 1.423593e+03 1.761435e+03 1.797346e+03 1.794694e+03 2.047389e+03 1.329683e+03 1.605604e+03 1.834753e+03 
1.181311e+03 1.369939e+03 1.409803e+03 1.647530e+03 1.333444e+03 1.679848e+03 1.207302e+03 1.653493e+03 1.515493e+03 1.163683e+03 1.552434e+03 1.200549e+03 1.359789e+03 1.131381e+03 1.518573e+03 1.679848e+03 1.024344e+03 1.453002e+03 1.225960e+03 8.648134e+02 1.333444e+03 1.356532e+03 1.326113e+03 1.472411e+03 1.394315e+03 1.356532e+03 1.552830e+03 1.329683e+03 1.156208e+03 1.333444e+03 
9.886379e+02 8.370057e+02 1.050788e+03 1.184474e+03 1.050610e+03 9.114513e+02 1.040462e+03 1.168774e+03 1.125356e+03 9.362342e+02 1.062456e+03 8.228174e+02 9.248703e+02 6.223188e+02 1.068438e+03 9.114513e+02 9.306361e+02 1.248975e+03 6.548579e+02 8.646235e+02 1.050610e+03 9.504351e+02 9.313587e+02 1.150692e+03 1.011595e+03 9.504351e+02 1.036272e+03 1.089592e+03 9.495493e+02 1.050610e+03 
6.479803e+02 6.419970e+02 7.689763e+02 5.710843e+02 6.178710e+02 4.775220e+02 4.201625e+02 6.515926e+02 5.887423e+02 5.309093e+02 6.020143e+02 6.223003e+02 5.247876e+02 6.020935e+02 7.577295e+02 4.775220e+02 5.346316e+02 5.299701e+02 3.045327e+02 4.609284e+02 6.178710e+02 6.684207e+02 7.449787e+02 4.146450e+02 6.051313e+02 6.684207e+02 7.793911e+02 8.271390e+02 6.912934e+02 6.178710e+02 
1.592919e+02 2.170211e+02 2.525164e+02 1.976013e+02 2.514581e+02 1.670741e+02 3.145222e+02 1.930138e+02 2.689693e+02 2.730709e+02 3.305340e+02 2.988478e+02 2.671274e+02 2.488648e+02 3.143772e+02 1.670741e+02 3.182677e+02 2.057274e+02 1.442758e+02 2.734518e+02 2.514581e+02 2.666729e+02 3.265291e+02 2.436663e+02 2.742733e+02 2.666729e+02 1.870543e+02 2.831893e+02 3.282387e+02 2.514581e+02 
1.167889e+02 5.867316e+01 7.085138e+01 4.554915e+01 6.379607e+01 6.258487e+01 4.087118e+01 2.662533e+01 5.524364e+01 5.959184e+01 9.546610e+01 4.150073e+01 5.523616e+01 2.649507e+01 5.275004e+01 6.258487e+01 3.305156e+01 7.013583e+01 5.772720e+01 6.672079e+01 6.379607e+01 6.953884e+01 5.418615e+01 2.662416e+01 8.851715e+01 6.953884e+01 3.174891e+01 4.453334e+01 5.136230e+01 6.379607e+01 
1.008667e+01 1.404532e+01 9.557736e+00 8.303432e+00 1.038324e+01 1.120472e+01 8.908501e+00 8.259953e+00 8.731379e+00 1.255210e+01 1.140614e+01 7.558467e+00 1.337693e+01 9.286926e+00 8.566173e+00 1.120472e+01 1.016336e+01 8.991661e+00 8.069947e+00 9.627688e+00 1.038324e+01 1.346709e+01 6.678411e+00 9.618856e+00 1.461801e+01 1.346709e+01 8.294206e+00 1.266673e+01 1.191645e+01 1.038324e+01 
3.067661e+00 2.919997e+00 2.507424e+00 2.328460e+00 3.184385e+00 3.081255e+00 2.474462e+00 1.994232e+00 3.146866e+00 2.430912e+00 2.370381e+00 2.697519e+00 3.152867e+00 2.893299e+00 1.814602e+00 3.081255e+00 2.784668e+00 2.436876e+00 2.347588e+00 2.632048e+00 3.184385e+00 2.673025e+00 2.457578e+00 3.114580e+00 3.306968e+00 2.673025e+00 2.299957e+00 3.111615e+00 2.747616e+00 3.184385e+00 
9.977490e-01 8.936886e-01 9.649532e-01 6.744700e-01 1.020726e+00 7.163964e-01 6.542134e-01 1.033677e+00 8.389417e-01 1.096407e+00 1.002944e+00 1.208127e+00 7.555201e-01 1.264787e+00 8.471776e-01 7.163964e-01 8.444932e-01 1.026977e+00 1.040953e+00 8.398464e-01 1.020726e+00 1.041496e+00 8.243119e-01 7.807665e-01 1.104118e+00 1.041496e+00 5.783417e-01 1.087951e+00 8.918309e-01 1.020726e+00 
6.094907e-02 7.395759e-02 6.848878e-02 7.221739e-02 1.328878e-01 3.843794e-02 8.938133e-02 8.341172e-02 6.753520e-02 1.255050e-01 6.380178e-02 1.389726e-01 6.961388e-02 2.291785e-02 8.000749e-02 3.843794e-02 4.979988e-02 5.677880e-02 8.551562e-02 6.029976e-02 1.328878e-01 1.322754e-01 6.945324e-02 1.800994e-02 4.939400e-02 1.322754e-01 8.804096e-02 1.134511e-01 5.710941e-02 1.328878e-01 
0.000000e+00 0.000000e+00 0.000000e+00 0.000000e+00 0.000000e+00 0.000000e+00 0.000000e+00 0.000000e+00 0.000000e+00 0.000000e+00 0.000000e+00 0.000000e+00 0.000000e+00 0.000000e+00 0.000000e+00 0.000000e+00 0.000000e+00 0.000000e+00 0.000000e+00 0.000000e+00 0.000000e+00 0.000000e+00 0.000000e+00 0.000000e+00 0.000000e+00 0.000000e+00 0.000000e+00 0.000000e+00 0.000000e+00 0.000000e+00 