1.305072e+03 1.650745e+03 4.628223e+02 7.732460e+02 1.009200e+03 6.060733e+02 1.018099e+03 1.659293e+03 1.065188e+03 1.336021e+03 4.934538e+02 1.285559e+03 4.934538e+02 1.475936e+03 1.473109e+03 6.060733e+02 7.035551e+02 1.090843e+03 1.316614e+03 1.173610e+03 1.009200e+03 1.659293e+03 1.588534e+03 1.348981e+03 1.362945e+03 1.511640e+03 1.274156e+03 1.025227e+03 1.414519e+03 1.009200e+03 
1.268457e+03 8.660720e+02 4.628223e+02 6.704847e+02 1.009200e+03 6.060733e+02 9.016564e+02 9.898047e+02 9.709221e+02 1.270774e+03 4.934538e+02 1.285559e+03 4.934538e+02 1.372624e+03 9.764326e+02 6.060733e+02 7.035551e+02 9.903122e+02 1.186467e+03 1.173610e+03 1.009200e+03 9.898047e+02 1.540360e+03 1.260820e+03 1.275729e+03 1.511640e+03 1.274156e+03 1.025227e+03 1.344299e+03 1.009200e+03 
1.268457e+03 8.660720e+02 4.628223e+02 6.704847e+02 1.009200e+03 6.060733e+02 9.016564e+02 9.898047e+02 9.709221e+02 1.270774e+03 4.934538e+02 1.285559e+03 4.934538e+02 1.372624e+03 9.764326e+02 6.060733e+02 7.035551e+02 9.903122e+02 1.186467e+03 1.173610e+03 1.009200e+03 9.898047e+02 1.540360e+03 1.260820e+03 1.275729e+03 1.511640e+03 1.274156e+03 1.025227e+03 1.344299e+03 1.009200e+03 
7.116298e+02 5.346261e+02 4.628223e+02 6.704847e+02 1.009200e+03 6.060733e+02 8.038356e+02 5.376413e+02 9.709221e+02 1.270774e+03 4.934538e+02 1.092494e+03 4.934538e+02 1.363626e+03 9.764326e+02 6.060733e+02 7.023302e+02 9.903122e+02 9.268924e+02 1.162022e+03 1.009200e+03 5.376413e+02 1.353916e+03 1.104373e+03 1.275729e+03 8.541853e+02 8.665428e+02 7.750397e+02 1.344299e+03 1.009200e+03 
7.116298e+02 5.346261e+02 4.628223e+02 3.528201e+02 8.516471e+02 6.060733e+02 7.349751e+02 5.268405e+02 8.699201e+02 1.204486e+03 4.194773e+02 8.218147e+02 4.194773e+02 7.231899e+02 9.764326e+02 6.060733e+02 6.734280e+02 8.842287e+02 9.239357e+02 7.069470e+02 8.516471e+02 5.268405e+02 8.597650e+02 9.110311e+02 6.937071e+02 5.965822e+02 4.865426e+02 7.750397e+02 1.301886e+03 8.516471e+02 
6.531034e+02 4.052843e+02 4.628223e+02 3.370352e+02 8.516471e+02 5.513843e+02 5.859009e+02 5.268405e+02 5.977776e+02 9.443841e+02 3.947872e+02 7.551920e+02 3.947872e+02 4.680511e+02 6.660591e+02 5.513843e+02 5.310468e+02 2.036930e+02 5.180561e+02 7.069470e+02 8.516471e+02 5.268405e+02 4.460864e+02 8.171634e+02 6.937071e+02 5.382604e+02 4.865426e+02 7.371815e+02 8.654712e+02 8.516471e+02 
5.685087e+02 4.052843e+02 3.662759e+02 3.370236e+02 6.137527e+02 4.121844e+02 3.868215e+02 4.307187e+02 2.977665e+02 4.986224e+02 3.554056e+02 5.283902e+02 3.554056e+02 4.481723e+02 4.267625e+02 4.121844e+02 4.694046e+02 1.869506e+02 4.907950e+02 5.002242e+02 6.137527e+02 4.307187e+02 4.460864e+02 4.486898e+02 5.607297e+02 2.270500e+02 4.791275e+02 5.551689e+02 6.091075e+02 6.137527e+02 
4.459300e+02 2.618528e+02 2.900384e+02 2.759259e+02 3.109787e+02 3.815631e+02 3.125177e+02 3.561386e+02 2.558732e+02 2.268124e+02 2.556969e+02 3.375153e+02 2.556969e+02 2.956505e+02 4.267625e+02 3.815631e+02 3.475763e+02 1.861619e+02 2.872005e+02 1.975013e+02 3.109787e+02 3.561386e+02 4.416794e+02 1.740479e+02 4.297186e+02 2.216540e+02 2.669708e+02 3.636418e+02 3.044469e+02 3.109787e+02 
1.721818e+02 1.828870e+02 1.759167e+02 1.822166e+02 1.636568e+02 1.673357e+02 1.859211e+02 2.030164e+02 1.927391e+02 1.951641e+02 1.749646e+02 2.271500e+02 1.749646e+02 1.647642e+02 2.198461e+02 1.673357e+02 1.570144e+02 1.861619e+02 1.924868e+02 1.540443e+02 1.636568e+02 2.030164e+02 1.769754e+02 1.060413e+02 1.783132e+02 1.677824e+02 1.940332e+02 2.230154e+02 1.881274e+02 1.636568e+02 
1.422368e+02 1.269626e+02 1.238603e+02 1.311635e+02 1.273570e+02 1.348525e+02 9.229047e+01 1.308240e+02 1.375211e+02 1.445196e+02 1.290582e+02 1.330263e+02 1.290582e+02 1.326557e+02 1.231052e+02 1.348525e+02 1.384899e+02 1.342490e+02 1.327816e+02 1.301577e+02 1.273570e+02 1.308240e+02 1.364437e+02 1.060413e+02 1.322063e+02 1.384150e+02 1.194742e+02 1.476243e+02 1.336820e+02 1.273570e+02 
1.002960e+02 1.123361e+02 1.119058e+02 1.132444e+02 1.115189e+02 1.135512e+02 8.348669e+01 1.129194e+02 9.828503e+01 1.132144e+02 1.117198e+02 1.131997e+02 1.117198e+02 9.537552e+01 1.121773e+02 1.135512e+02 1.117003e+02 8.803976e+01 1.134913e+02 1.064079e+02 1.115189e+02 1.129194e+02 1.083073e+02 9.757333e+01 1.116656e+02 1.129458e+02 1.119178e+02 1.109997e+02 1.116120e+02 1.115189e+02 
6.706464e+01 1.045803e+02 1.053181e+02 1.064835e+02 1.054797e+02 1.062478e+02 6.014349e+01 1.058551e+02 6.634756e+01 1.063438e+02 1.061384e+02 1.061282e+02 1.061384e+02 6.768817e+01 1.053059e+02 1.062478e+02 1.040862e+02 6.515293e+01 1.073641e+02 8.587484e+01 1.054797e+02 1.058551e+02 8.193883e+01 7.676390e+01 1.065426e+02 9.976299e+01 1.050691e+02 1.057374e+02 1.042819e+02 1.054797e+02 
5.308497e+01 1.010058e+02 7.504399e+01 1.023140e+02 1.013104e+02 1.015875e+02 4.595394e+01 1.016830e+02 5.036176e+01 1.015563e+02 1.024792e+02 1.019613e+02 1.024792e+02 5.350672e+01 1.013178e+02 1.015875e+02 1.009824e+02 5.253015e+01 1.013531e+02 5.931448e+01 1.013104e+02 1.016830e+02 5.642972e+01 6.713303e+01 1.016301e+02 6.538517e+01 1.012505e+02 1.019523e+02 1.015024e+02 1.013104e+02 
4.772954e+01 6.166541e+01 5.583835e+01 1.006098e+02 1.002851e+02 1.008376e+02 1.675690e+01 1.001604e+02 3.429107e+01 1.006371e+02 1.006338e+02 1.002251e+02 1.006338e+02 2.875960e+01 1.005935e+02 1.008376e+02 1.002194e+02 2.532033e+01 1.002984e+02 2.570838e+01 1.002851e+02 1.001604e+02 3.789920e+01 5.535130e+01 7.762256e+01 5.360270e+01 3.143236e+01 1.002768e+02 1.003666e+02 1.002851e+02 
5.101869e-04 4.696197e+00 1.785150e+01 1.000004e+02 1.000001e+02 1.000003e+02 4.236604e-04 1.000006e+02 2.987735e-04 1.983808e+01 1.000003e+02 1.000000e+02 1.000003e+02 1.850324e+01 1.000001e+02 1.000003e+02 1.000000e+02 1.847862e-04 2.127030e+00 3.625367e-03 1.000001e+02 1.000006e+02 2.414091e-03 1.010193e-03 5.753075e+00 2.095371e+01 1.483652e+01 1.000000e+02 1.000000e+02 1.000001e+02 
0.000000e+00 0.000000e+00 0.000000e+00 1.000000e+02 1.000000e+02 1.000000e+02 0.000000e+00 1.000000e+02 0.000000e+00 0.000000e+00 1.000000e+02 1.000000e+02 1.000000e+02 0.000000e+00 1.000000e+02 1.000000e+02 1.000000e+02 0.000000e+00 0.000000e+00 0.000000e+00 1.000000e+02 1.000000e+02 0.000000e+00 0.000000e+00 0.000000e+00 0.000000e+00 0.000000e+00 1.000000e+02 1.000000e+02 1.000000e+02 
0.000000e+00 0.000000e+00 0.000000e+00 0.000000e+00 0.000000e+00 0.000000e+00 0.000000e+00 0.000000e+00 0.000000e+00 0.000000e+00 0.000000e+00 0.000000e+00 0.000000e+00 0.000000e+00 0.000000e+00 0.000000e+00 0.000000e+00 0.000000e+00 0.000000e+00 0.000000e+00 0.000000e+00 0.000000e+00 0.000000e+00 0.000000e+00 0.000000e+00 0.000000e+00 0.000000e+00 0.000000e+00 0.000000e+00 0.000000e+00 