1.323030e+03 1.203850e+03 1.228143e+03 1.189584e+03 1.078498e+03 1.111494e+03 1.325782e+03 1.096941e+03 1.190267e+03 1.016357e+03 1.308692e+03 1.098286e+03 1.220530e+03 1.257653e+03 1.001642e+03 1.111494e+03 9.845375e+02 1.258776e+03 1.168560e+03 1.084821e+03 1.078498e+03 9.096346e+02 1.020284e+03 1.117501e+03 1.240527e+03 9.096346e+02 1.115931e+03 1.112555e+03 1.030953e+03 1.078498e+03 
1.323030e+03 1.203850e+03 1.228143e+03 1.189584e+03 1.078498e+03 1.111494e+03 1.325782e+03 1.096941e+03 1.190267e+03 1.016357e+03 1.308692e+03 1.098286e+03 1.220530e+03 1.257653e+03 1.001642e+03 1.111494e+03 9.845375e+02 1.258776e+03 1.168560e+03 1.084821e+03 1.078498e+03 9.096346e+02 1.020284e+03 1.117501e+03 1.240527e+03 9.096346e+02 1.115931e+03 1.112555e+03 1.030953e+03 1.078498e+03 
1.323030e+03 1.203850e+03 1.228143e+03 1.189584e+03 1.078498e+03 1.111494e+03 1.325782e+03 1.096941e+03 1.190267e+03 1.016357e+03 1.308692e+03 1.098286e+03 1.220530e+03 1.257653e+03 1.001642e+03 1.111494e+03 9.845375e+02 1.258776e+03 1.168560e+03 1.084821e+03 1.078498e+03 9.096346e+02 1.020284e+03 1.117501e+03 1.240527e+03 9.096346e+02 1.115931e+03 1.112555e+03 1.030953e+03 1.078498e+03 
9.134421e+02 1.068673e+03 1.077586e+03 1.051409e+03 1.078498e+03 1.111494e+03 1.325782e+03 1.096941e+03 1.190267e+03 1.016357e+03 1.308692e+03 1.098286e+03 1.135408e+03 1.230921e+03 1.001642e+03 1.111494e+03 9.845375e+02 1.232501e+03 1.168560e+03 1.048694e+03 1.078498e+03 8.393010e+02 1.020284e+03 1.117501e+03 1.240527e+03 8.393010e+02 1.112713e+03 1.100164e+03 1.030953e+03 1.078498e+03 
9.134421e+02 1.068673e+03 9.584745e+02 1.051409e+03 1.078498e+03 1.105351e+03 1.067624e+03 1.001130e+03 1.056270e+03 8.446022e+02 1.199963e+03 8.723211e+02 1.135408e+03 1.058484e+03 1.001642e+03 1.105351e+03 9.247588e+02 1.079121e+03 1.162783e+03 9.872802e+02 1.078498e+03 8.393010e+02 1.020284e+03 1.117501e+03 1.240527e+03 8.393010e+02 1.104530e+03 1.087003e+03 6.989420e+02 1.078498e+03 
8.609006e+02 8.404398e+02 7.548825e+02 9.608730e+02 9.800416e+02 7.380909e+02 1.004120e+03 8.629393e+02 7.449636e+02 7.162636e+02 9.739703e+02 8.723211e+02 8.823696e+02 1.058484e+03 9.270657e+02 7.380909e+02 8.086338e+02 1.003714e+03 1.162783e+03 9.744784e+02 9.800416e+02 8.299758e+02 9.599175e+02 1.074605e+03 1.163296e+03 8.299758e+02 9.831996e+02 9.719392e+02 6.989420e+02 9.800416e+02 
6.943842e+02 7.224547e+02 7.224635e+02 7.391238e+02 9.295608e+02 7.023584e+02 8.421893e+02 6.779890e+02 6.968898e+02 6.427661e+02 9.494294e+02 7.995423e+02 6.147699e+02 7.783486e+02 7.658492e+02 7.023584e+02 6.680619e+02 6.501711e+02 6.924997e+02 9.744784e+02 9.295608e+02 6.647967e+02 7.086241e+02 9.931862e+02 9.860362e+02 6.647967e+02 7.717275e+02 8.381417e+02 5.754642e+02 9.295608e+02 
4.988319e+02 4.926619e+02 5.216723e+02 2.426492e+02 5.421299e+02 6.164669e+02 5.979193e+02 4.165349e+02 4.950960e+02 5.368159e+02 6.454259e+02 5.551832e+02 4.747188e+02 6.569191e+02 5.505706e+02 6.164669e+02 5.482123e+02 5.418497e+02 5.734225e+02 6.974808e+02 5.421299e+02 5.645154e+02 6.253028e+02 5.329081e+02 6.387501e+02 5.645154e+02 5.290067e+02 6.422447e+02 5.092960e+02 5.421299e+02 
3.085488e+02 3.270613e+02 3.153093e+02 2.239031e+02 2.841078e+02 3.581325e+02 3.482916e+02 3.038797e+02 2.916504e+02 3.015110e+02 3.280802e+02 2.394551e+02 3.205718e+02 2.726028e+02 3.065150e+02 3.581325e+02 3.829672e+02 3.101155e+02 3.848848e+02 3.646501e+02 2.841078e+02 3.361305e+02 2.967425e+02 2.906139e+02 4.326907e+02 3.361305e+02 3.443719e+02 3.519608e+02 3.668490e+02 2.841078e+02 
2.049274e+02 2.081331e+02 1.628199e+02 1.889626e+02 1.428610e+02 1.859195e+02 1.914594e+02 1.942017e+02 2.010683e+02 1.863975e+02 1.831063e+02 1.796886e+02 1.904239e+02 2.210994e+02 1.936537e+02 1.859195e+02 1.701360e+02 1.503850e+02 1.752438e+02 2.109201e+02 1.428610e+02 1.716190e+02 1.698971e+02 1.993698e+02 2.001051e+02 1.716190e+02 1.828726e+02 1.743477e+02 1.912243e+02 1.428610e+02 
9.785555e+01 8.369323e+01 9.453933e+01 7.599696e+01 7.141191e+01 8.714449e+01 7.719341e+01 8.161169e+01 7.109549e+01 8.528469e+01 8.460277e+01 7.933949e+01 7.377277e+01 7.391694e+01 8.956920e+01 8.714449e+01 4.424035e+01 7.854082e+01 8.701360e+01 9.222704e+01 7.141191e+01 6.973455e+01 9.779620e+01 9.467968e+01 7.888538e+01 6.973455e+01 7.980275e+01 7.999334e+01 5.813247e+01 7.141191e+01 
3.443309e+01 3.835783e+01 3.130919e+01 4.604093e+01 2.160643e+01 3.505174e+01 3.713473e+01 3.022791e+01 3.436159e+01 3.616375e+01 3.600551e+01 3.188813e+01 2.988226e+01 3.206527e+01 3.424573e+01 3.505174e+01 2.681057e+01 3.409582e+01 4.017713e+01 4.719057e+01 2.160643e+01 4.214697e+01 4.175071e+01 4.256471e+01 3.770571e+01 4.214697e+01 3.193311e+01 4.428389e+01 3.664682e+01 2.160643e+01 
1.657697e+01 9.931729e+00 1.038406e+01 1.695450e+01 6.902755e+00 1.258888e+01 1.326595e+01 1.352028e+01 1.471685e+01 3.777812e+00 8.854583e+00 5.627177e+00 9.847432e+00 1.189650e+01 1.302248e+01 1.258888e+01 1.533969e+01 1.773271e+01 5.878364e+00 2.053539e+01 6.902755e+00 1.724646e+01 1.760353e+01 1.435719e+01 2.085844e+01 1.724646e+01 7.692362e+00 1.310529e+01 1.166254e+01 6.902755e+00 
2.754813e+00 1.538609e-02 1.673179e-04 5.183929e-01 8.921659e-06 2.085510e-01 1.306354e+00 1.361613e-01 1.746429e-02 2.498353e-05 3.688454e-02 2.885912e-04 3.092797e-03 9.637533e-03 1.326111e-01 2.085510e-01 3.327194e+00 4.144825e+00 2.588190e-02 1.418873e+00 8.921659e-06 2.400369e+00 1.511754e+00 1.976006e+00 2.791203e+00 2.400369e+00 7.944273e-02 1.084879e+00 2.359302e-01 8.921659e-06 
0.000000e+00 0.000000e+00 0.000000e+00 0.000000e+00 0.000000e+00 0.000000e+00 0.000000e+00 0.000000e+00 0.000000e+00 0.000000e+00 0.000000e+00 0.000000e+00 0.000000e+00 0.000000e+00 0.000000e+00 0.000000e+00 0.000000e+00 0.000000e+00 0.000000e+00 0.000000e+00 0.000000e+00 0.000000e+00 0.000000e+00 0.000000e+00 0.000000e+00 0.000000e+00 0.000000e+00 0.000000e+00 0.000000e+00 0.000000e+00 
0.000000e+00 0.000000e+00 0.000000e+00 0.000000e+00 0.000000e+00 0.000000e+00 0.000000e+00 0.000000e+00 0.000000e+00 0.000000e+00 0.000000e+00 0.000000e+00 0.000000e+00 0.000000e+00 0.000000e+00 0.000000e+00 0.000000e+00 0.000000e+00 0.000000e+00 0.000000e+00 0.000000e+00 0.000000e+00 0.000000e+00 0.000000e+00 0.000000e+00 0.000000e+00 0.000000e+00 0.000000e+00 0.000000e+00 0.000000e+00 
0.000000e+00 0.000000e+00 0.000000e+00 0.000000e+00 0.000000e+00 0.000000e+00 0.000000e+00 0.000000e+00 0.000000e+00 0.000000e+00 0.000000e+00 0.000000e+00 0.000000e+00 0.000000e+00 0.000000e+00 0.000000e+00 0.000000e+00 0.000000e+00 0.000000e+00 0.000000e+00 0.000000e+00 0.000000e+00 0.000000e+00 0.000000e+00 0.000000e+00 0.000000e+00 0.000000e+00 0.000000e+00 0.000000e+00 0.000000e+00 