1.469804e+06 5.304427e+06 6.324019e+06 1.879172e+06 2.506496e+06 1.741955e+06 2.658172e+05 5.294530e+06 6.719525e+05 1.749097e+06 1.026086e+07 4.945625e+06 1.026086e+07 2.306494e+06 8.784930e+06 1.741955e+06 6.719525e+05 1.143724e+06 7.447294e+06 2.850895e+06 2.506496e+06 5.294530e+06 2.602993e+06 5.021961e+05 1.443290e+06 2.700663e+06 8.880493e+05 8.841190e+06 9.037821e+06 2.506496e+06 
1.468888e+06 8.399258e+05 6.324019e+06 1.878367e+06 7.314882e+05 1.741955e+06 2.658172e+05 3.892931e+06 6.719525e+05 1.749091e+06 9.656671e+06 2.213837e+06 9.656671e+06 2.306476e+06 4.818393e+06 1.741955e+06 6.719525e+05 1.143724e+06 6.648323e+06 2.850895e+06 7.314882e+05 3.892931e+06 2.602902e+06 5.020686e+05 1.007457e+06 2.700663e+06 8.880493e+05 6.850637e+06 9.037821e+06 7.314882e+05 
1.468888e+06 8.399258e+05 6.324019e+06 1.878367e+06 7.314882e+05 1.741955e+06 2.658172e+05 3.892931e+06 6.719525e+05 1.749091e+06 9.656671e+06 2.213837e+06 9.656671e+06 2.306476e+06 4.818393e+06 1.741955e+06 6.719525e+05 1.143724e+06 6.648323e+06 2.850895e+06 7.314882e+05 3.892931e+06 2.602902e+06 5.020686e+05 1.007457e+06 2.700663e+06 8.880493e+05 6.850637e+06 9.037821e+06 7.314882e+05 
1.468888e+06 8.399258e+05 2.021870e+06 1.878367e+06 7.314882e+05 1.741955e+06 2.651888e+05 3.892281e+06 6.719525e+05 1.749071e+06 9.076059e+06 2.213837e+06 9.076059e+06 2.306476e+06 4.818393e+06 1.741955e+06 6.719525e+05 1.143724e+06 1.090948e+06 7.608227e+05 7.314882e+05 3.892281e+06 4.919265e+05 5.020686e+05 3.157009e+05 2.725537e+05 6.896377e+05 4.637429e+06 1.145818e+06 7.314882e+05 
8.874163e+05 1.454381e+05 2.021629e+06 1.878260e+06 7.314785e+05 5.054979e+05 2.651830e+05 3.033156e+06 3.322965e+05 5.307348e+05 2.056289e+06 1.901936e+06 2.056289e+06 2.306476e+06 1.684886e+06 5.054979e+05 3.322965e+05 1.143724e+06 1.090930e+06 7.608227e+05 7.314785e+05 3.033156e+06 4.919265e+05 5.020616e+05 3.155672e+05 2.725537e+05 6.896377e+05 3.384269e+06 1.145548e+06 7.314785e+05 
1.740201e+05 1.454243e+05 2.230201e+05 1.394319e+06 1.617991e+05 5.054979e+05 2.651830e+05 5.021748e+05 1.068652e+05 5.303198e+05 1.583341e+06 8.404490e+05 1.583341e+06 2.114636e+06 1.311724e+06 5.054979e+05 1.068652e+05 2.750459e+05 1.671070e+05 5.491038e+05 1.617991e+05 5.021748e+05 4.137451e+05 5.020616e+05 3.155672e+05 2.725537e+05 6.896377e+05 1.922347e+06 9.047700e+05 1.617991e+05 
1.740201e+05 1.452158e+05 2.230043e+05 2.820186e+05 1.617991e+05 5.054979e+05 2.651830e+05 4.385483e+05 6.295333e+04 5.303198e+05 8.683976e+05 8.404490e+05 8.683976e+05 7.415127e+05 1.311714e+06 5.054979e+05 6.295333e+04 2.750316e+05 1.671070e+05 5.491038e+05 1.617991e+05 4.385483e+05 4.137287e+05 5.020616e+05 3.155672e+05 1.102473e+05 6.894874e+05 5.359073e+05 9.047700e+05 1.617991e+05 
1.729330e+05 1.452094e+05 2.224865e+05 2.654719e+05 1.617991e+05 3.918680e+05 6.223361e+04 3.273840e+05 6.256170e+04 5.082908e+05 2.779353e+05 3.772534e+05 2.779353e+05 5.948541e+05 8.303662e+05 3.918680e+05 6.256170e+04 8.271894e+04 1.666059e+05 1.399330e+05 1.617991e+05 3.273840e+05 2.559962e+05 5.019106e+05 2.975535e+05 1.097439e+05 6.894776e+05 1.808824e+05 4.409953e+05 1.617991e+05 
1.729330e+05 4.033146e+04 2.222538e+05 2.654702e+05 1.617323e+05 7.224167e+04 5.997171e+04 1.749568e+04 6.232834e+04 3.070459e+05 2.778142e+05 2.339014e+05 2.778142e+05 1.876216e+05 4.820246e+05 7.224167e+04 6.232834e+04 8.268075e+04 1.664788e+05 1.399267e+05 1.617323e+05 1.749568e+04 2.559962e+05 5.872087e+04 1.749100e+05 4.639963e+04 9.793674e+04 1.808592e+05 3.683098e+05 1.617323e+05 
1.836924e+04 1.347248e+04 2.222184e+05 1.426921e+05 9.644025e+04 7.185768e+04 5.995851e+04 1.749568e+04 6.232750e+04 1.128170e+05 2.072594e+05 8.376116e+04 2.072594e+05 1.722766e+05 1.280671e+05 7.185768e+04 6.232750e+04 8.268075e+04 1.104634e+05 9.329927e+04 9.644025e+04 1.749568e+04 5.035016e+04 5.872087e+04 5.667946e+04 4.639953e+04 9.744771e+04 7.237977e+04 8.388314e+04 9.644025e+04 
8.274260e+03 1.231847e+04 1.439280e+05 1.752601e+04 3.321567e+04 7.184325e+04 1.077775e+04 1.248140e+04 6.232750e+04 3.680965e+04 3.916743e+04 8.373390e+04 3.916743e+04 8.151577e+04 5.860948e+03 7.184325e+04 6.232750e+04 1.446338e+04 3.070805e+04 1.339697e+03 3.321567e+04 1.248140e+04 5.007217e+04 1.452975e+04 5.667946e+04 4.614874e+04 4.333461e+04 8.053234e+03 6.994599e+04 3.321567e+04 
3.222066e+03 4.855095e+03 1.319841e+04 2.653151e+03 8.624832e+02 5.271797e+03 4.742650e+03 8.633856e+03 1.288038e+04 1.626071e+03 2.036341e+03 2.820088e+04 2.036341e+03 4.051349e+03 5.192908e+03 5.271797e+03 1.288038e+04 3.911721e+03 2.960004e+03 9.524517e+02 8.624832e+02 8.633856e+03 6.372346e+03 4.788936e+02 4.942242e+03 1.751727e+04 1.744482e+03 4.162153e+03 2.025264e+04 8.624832e+02 
1.015994e+01 4.604076e+02 5.130357e+02 8.312044e+02 1.165255e+01 2.274861e+02 1.963605e-01 7.605365e+02 4.030392e+02 1.589586e+02 7.568760e+02 3.561885e-03 7.568760e+02 7.825594e+02 1.340503e+01 2.274861e+02 4.030392e+02 1.278598e+02 3.832532e+02 1.347833e+02 1.165255e+01 7.605365e+02 9.969917e+00 1.476034e+02 7.400417e+01 7.856973e+02 4.258280e+02 4.321230e+02 5.692904e+00 1.165255e+01 
4.681310e+00 3.229632e+00 7.426988e+00 3.026383e+02 1.165255e+01 5.492560e+00 1.963605e-01 1.018167e+00 2.483805e+01 8.973122e-01 2.070955e+01 3.561885e-03 2.070955e+01 3.749335e+01 4.503608e+00 5.492560e+00 2.483805e+01 9.693642e+01 1.506283e+00 2.799811e-01 1.165255e+01 1.018167e+00 8.405770e+00 8.514811e+00 2.147063e+00 4.006424e+01 1.109916e+00 8.878834e-01 7.062611e-01 1.165255e+01 
5.516882e-03 2.303255e-01 8.296322e-04 3.640758e-03 7.471942e-02 8.550679e-07 1.907993e-07 8.626146e-03 5.614386e-05 5.822963e-05 1.708453e-06 2.427893e-04 1.708453e-06 5.902146e-04 1.226101e-04 8.550679e-07 5.614386e-05 2.343444e-01 1.108092e-06 1.691438e-08 7.471942e-02 8.626146e-03 1.039055e-07 1.084980e-02 5.276918e-08 6.339309e-03 4.937521e-07 2.404452e-06 4.649562e-06 7.471942e-02 
0.000000e+00 0.000000e+00 0.000000e+00 0.000000e+00 0.000000e+00 0.000000e+00 0.000000e+00 0.000000e+00 0.000000e+00 0.000000e+00 0.000000e+00 0.000000e+00 0.000000e+00 0.000000e+00 0.000000e+00 0.000000e+00 0.000000e+00 0.000000e+00 0.000000e+00 0.000000e+00 0.000000e+00 0.000000e+00 0.000000e+00 0.000000e+00 0.000000e+00 0.000000e+00 0.000000e+00 0.000000e+00 0.000000e+00 0.000000e+00 
0.000000e+00 0.000000e+00 0.000000e+00 0.000000e+00 0.000000e+00 0.000000e+00 0.000000e+00 0.000000e+00 0.000000e+00 0.000000e+00 0.000000e+00 0.000000e+00 0.000000e+00 0.000000e+00 0.000000e+00 0.000000e+00 0.000000e+00 0.000000e+00 0.000000e+00 0.000000e+00 0.000000e+00 0.000000e+00 0.000000e+00 0.000000e+00 0.000000e+00 0.000000e+00 0.000000e+00 0.000000e+00 0.000000e+00 0.000000e+00 