4.513578e+10 4.570475e+10 4.718508e+10 2.871550e+10 4.718508e+10 3.812212e+10 3.158745e+10 4.168401e+10 3.376937e+10 3.491917e+10 3.295791e+10 3.927646e+10 3.295791e+10 4.690495e+10 2.832010e+10 3.812212e+10 3.288014e+10 4.718508e+10 3.812212e+10 5.210627e+10 4.718508e+10 4.168401e+10 3.055172e+10 2.832010e+10 3.692550e+10 4.168401e+10 3.288014e+10 3.909534e+10 3.927646e+10 4.718508e+10 
4.513578e+10 4.570475e+10 4.718508e+10 2.871550e+10 4.718508e+10 3.812212e+10 3.158745e+10 4.168401e+10 3.376937e+10 3.491917e+10 3.295791e+10 3.927646e+10 3.295791e+10 4.690495e+10 2.832010e+10 3.812212e+10 3.288014e+10 4.718508e+10 3.812212e+10 5.210627e+10 4.718508e+10 4.168401e+10 3.055172e+10 2.832010e+10 3.692550e+10 4.168401e+10 3.288014e+10 3.909534e+10 3.927646e+10 4.718508e+10 
4.513578e+10 4.570475e+10 4.718508e+10 2.871550e+10 4.718508e+10 3.812212e+10 3.158745e+10 4.168401e+10 3.376937e+10 3.491917e+10 3.295791e+10 3.927646e+10 3.295791e+10 4.690495e+10 2.832010e+10 3.812212e+10 3.288014e+10 4.718508e+10 3.812212e+10 5.210627e+10 4.718508e+10 4.168401e+10 3.055172e+10 2.832010e+10 3.692550e+10 4.168401e+10 3.288014e+10 3.909534e+10 3.927646e+10 4.718508e+10 
4.120271e+10 3.787856e+10 4.117831e+10 2.871550e+10 4.117831e+10 3.812212e+10 2.077110e+10 4.168401e+10 3.083165e+10 2.632916e+10 3.120619e+10 3.828655e+10 3.120619e+10 4.690495e+10 2.832010e+10 3.812212e+10 3.057117e+10 4.117831e+10 3.812212e+10 5.090828e+10 4.117831e+10 4.168401e+10 3.055172e+10 2.832010e+10 3.692550e+10 4.168401e+10 3.057117e+10 3.715714e+10 3.828655e+10 4.117831e+10 
3.009677e+10 3.787856e+10 4.117831e+10 2.871550e+10 4.117831e+10 3.812212e+10 2.077110e+10 4.063074e+10 3.083165e+10 2.542253e+10 3.120619e+10 2.782716e+10 3.120619e+10 3.804102e+10 2.391160e+10 3.812212e+10 3.057117e+10 4.117831e+10 3.812212e+10 4.515167e+10 4.117831e+10 4.063074e+10 3.055172e+10 2.391160e+10 3.526301e+10 4.063074e+10 3.057117e+10 3.715714e+10 2.782716e+10 4.117831e+10 
2.442329e+10 2.704456e+10 3.064155e+10 2.619010e+10 3.064155e+10 2.285708e+10 2.077110e+10 3.702131e+10 3.083165e+10 2.542253e+10 2.686636e+10 2.574395e+10 2.686636e+10 3.742758e+10 2.323092e+10 2.285708e+10 3.057117e+10 3.064155e+10 2.285708e+10 3.801490e+10 3.064155e+10 3.702131e+10 3.055172e+10 2.323092e+10 3.526301e+10 3.702131e+10 3.057117e+10 3.715714e+10 2.574395e+10 3.064155e+10 
2.442329e+10 2.587811e+10 2.457704e+10 2.390533e+10 2.457704e+10 2.195818e+10 2.077110e+10 2.525175e+10 2.470256e+10 2.010652e+10 2.620450e+10 1.972499e+10 2.620450e+10 2.286668e+10 2.205579e+10 2.195818e+10 2.756137e+10 2.457704e+10 2.195818e+10 3.406941e+10 2.457704e+10 2.525175e+10 2.862402e+10 2.205579e+10 2.652363e+10 2.525175e+10 2.756137e+10 3.491150e+10 1.972499e+10 2.457704e+10 
1.444409e+10 2.096591e+10 1.615805e+10 1.783827e+10 1.615805e+10 1.426906e+10 1.832843e+10 2.051896e+10 1.664191e+10 1.555301e+10 2.096184e+10 1.563293e+10 2.096184e+10 1.926243e+10 1.488891e+10 1.426906e+10 2.242057e+10 1.615805e+10 1.426906e+10 1.952545e+10 1.615805e+10 2.051896e+10 1.821615e+10 1.488891e+10 1.610420e+10 2.051896e+10 2.242057e+10 2.073120e+10 1.563293e+10 1.615805e+10 
1.022898e+10 8.248507e+09 1.126271e+10 7.151556e+09 1.126271e+10 9.699791e+09 9.787727e+09 8.914692e+09 1.001825e+10 6.702729e+09 6.487183e+09 6.605915e+09 6.487183e+09 1.050669e+10 9.362779e+09 9.699791e+09 7.741782e+09 1.126271e+10 9.699791e+09 9.164442e+09 1.126271e+10 8.914692e+09 1.124791e+10 9.362779e+09 9.470262e+09 8.914692e+09 7.741782e+09 7.671762e+09 6.605915e+09 1.126271e+10 
2.231361e+09 3.961798e+09 3.359170e+09 2.751177e+09 3.359170e+09 3.511928e+09 3.306548e+09 4.331660e+09 3.489405e+09 2.866967e+09 2.256520e+09 3.708012e+09 2.256520e+09 2.924756e+09 2.803627e+09 3.511928e+09 3.953624e+09 3.359170e+09 3.511928e+09 2.044400e+09 3.359170e+09 4.331660e+09 2.591561e+09 2.803627e+09 3.451746e+09 4.331660e+09 3.953624e+09 2.524437e+09 3.708012e+09 3.359170e+09 
3.479227e+08 5.108526e+08 2.080547e+08 2.911630e+08 2.080547e+08 2.762702e+08 3.053018e+08 3.629409e+08 3.296027e+08 2.491354e+08 3.263046e+08 3.670729e+08 3.263046e+08 3.226512e+08 2.669688e+08 2.762702e+08 2.588695e+08 2.080547e+08 2.762702e+08 2.374474e+08 2.080547e+08 3.629409e+08 3.376860e+08 2.669688e+08 3.252647e+08 3.629409e+08 2.588695e+08 2.454479e+08 3.670729e+08 2.080547e+08 
1.057220e+07 1.199010e+07 1.459076e+07 1.477396e+07 1.459076e+07 1.085333e+07 1.741483e+07 1.462891e+07 8.042132e+06 9.646422e+06 8.491174e+06 1.333209e+07 8.491174e+06 1.075999e+07 1.543157e+07 1.085333e+07 1.729015e+07 1.459076e+07 1.085333e+07 1.091143e+07 1.459076e+07 1.462891e+07 9.995648e+06 1.543157e+07 1.166938e+07 1.462891e+07 1.729015e+07 1.320777e+07 1.333209e+07 1.459076e+07 
1.194562e+05 1.324813e+05 1.513324e+05 1.790218e+05 1.513324e+05 9.207524e+04 1.571076e+05 1.086239e+05 2.056009e+05 1.305777e+05 1.323836e+05 1.851005e+05 1.323836e+05 1.126328e+05 1.332675e+05 9.207524e+04 1.434393e+05 1.513324e+05 9.207524e+04 1.361972e+05 1.513324e+05 1.086239e+05 1.383733e+05 1.332675e+05 1.443803e+05 1.086239e+05 1.434393e+05 1.392997e+05 1.851005e+05 1.513324e+05 
3.241060e+02 4.456826e+02 4.477223e+02 3.528721e+02 4.477223e+02 5.199875e+02 4.533217e+02 4.126272e+02 5.456755e+02 5.736841e+02 3.496542e+02 7.331834e+02 3.496542e+02 3.316174e+02 3.152110e+02 5.199875e+02 4.273713e+02 4.477223e+02 5.199875e+02 4.066992e+02 4.477223e+02 4.126272e+02 2.656170e+02 3.152110e+02 5.034476e+02 4.126272e+02 4.273713e+02 4.705233e+02 7.331834e+02 4.477223e+02 
1.104559e-03 1.493464e-03 1.417746e-03 1.315674e-03 1.417746e-03 1.565473e-03 3.090669e-03 1.199323e-03 1.806692e-03 3.361068e-03 1.761632e-03 1.782063e-03 1.761632e-03 1.266816e-03 1.339919e-03 1.565473e-03 1.244590e-03 1.417746e-03 1.565473e-03 3.503008e-03 1.417746e-03 1.199323e-03 1.183405e-03 1.339919e-03 1.029258e-03 1.199323e-03 1.244590e-03 2.576473e-03 1.782063e-03 1.417746e-03 
0.000000e+00 0.000000e+00 0.000000e+00 0.000000e+00 0.000000e+00 0.000000e+00 0.000000e+00 0.000000e+00 0.000000e+00 0.000000e+00 0.000000e+00 0.000000e+00 0.000000e+00 0.000000e+00 0.000000e+00 0.000000e+00 0.000000e+00 0.000000e+00 0.000000e+00 0.000000e+00 0.000000e+00 0.000000e+00 0.000000e+00 0.000000e+00 0.000000e+00 0.000000e+00 0.000000e+00 0.000000e+00 0.000000e+00 0.000000e+00 
0.000000e+00 0.000000e+00 0.000000e+00 0.000000e+00 0.000000e+00 0.000000e+00 0.000000e+00 0.000000e+00 0.000000e+00 0.000000e+00 0.000000e+00 0.000000e+00 0.000000e+00 0.000000e+00 0.000000e+00 0.000000e+00 0.000000e+00 0.000000e+00 0.000000e+00 0.000000e+00 0.000000e+00 0.000000e+00 0.000000e+00 0.000000e+00 0.000000e+00 0.000000e+00 0.000000e+00 0.000000e+00 0.000000e+00 0.000000e+00 