1.15713095e+03 1.97939344e+03 1.64687566e+03 2.07860810e+03 3.00226335e+03 1.94381911e+03 2.58824299e+03 1.76752798e+03 1.17988968e+03 2.74831624e+03 1.93976571e+03 2.71617803e+03 1.09401364e+03 2.20121270e+03 1.55096295e+03 2.46772164e+03 2.69774156e+03 2.10140042e+03 8.00819952e+02 1.96807538e+03 1.64215102e+03 2.12891651e+03 1.20025442e+03 1.84548260e+03 1.79465225e+03 3.13504468e+03 1.92415680e+03 1.09193625e+03 1.89340375e+03 1.66972709e+03 
1.15713095e+03 1.97939344e+03 1.28722632e+03 2.01462370e+03 2.10970242e+03 1.94381911e+03 1.71769123e+03 1.66578111e+03 1.17988968e+03 2.46861613e+03 1.64824541e+03 1.24780134e+03 1.09401364e+03 2.20121270e+03 1.53320812e+03 2.46772164e+03 1.13386612e+03 2.10140042e+03 8.00819952e+02 1.96807538e+03 1.64215102e+03 1.07145737e+03 1.20025442e+03 1.84548260e+03 1.79465225e+03 1.97662460e+03 1.92415680e+03 1.09193625e+03 1.89340375e+03 1.24460488e+03 
1.15713095e+03 1.18468514e+03 8.99173707e+02 7.61545687e+02 1.36566140e+03 1.94381911e+03 7.87388566e+02 1.21507547e+03 1.11425132e+03 1.15564493e+03 1.21780693e+03 1.24780134e+03 1.09401364e+03 7.06292669e+02 1.53320812e+03 1.82770645e+03 1.13386612e+03 1.66111084e+03 6.38117593e+02 1.96807538e+03 1.51720883e+03 1.07145737e+03 1.10333648e+03 1.01619919e+03 1.42159785e+03 1.82328537e+03 1.63903001e+03 9.65982096e+02 1.20557282e+03 7.82386514e+02 
9.19861320e+02 1.18468514e+03 7.22839514e+02 7.61545687e+02 1.36566140e+03 1.94381911e+03 7.87388566e+02 1.21507547e+03 6.72150415e+02 1.15564493e+03 9.10904095e+02 9.56155997e+02 6.61641697e+02 7.06292669e+02 6.67679005e+02 1.82770645e+03 1.13386612e+03 1.17893285e+03 6.38117593e+02 1.73891690e+03 1.00829736e+03 7.26788426e+02 1.01224231e+03 1.01619919e+03 1.09683871e+03 1.74020788e+03 1.30311190e+03 9.65982096e+02 1.20557282e+03 7.82386514e+02 
9.19861320e+02 7.21706941e+02 7.22839514e+02 5.65215399e+02 1.25759460e+03 1.01248327e+03 5.86649143e+02 3.14776231e+02 3.06349366e+02 7.11125368e+02 9.10904095e+02 8.40079960e+02 6.55678345e+02 5.47146732e+02 6.67679005e+02 8.20486531e+02 7.41840655e+02 6.33103207e+02 6.38117593e+02 3.33468836e+02 1.00829736e+03 7.26788426e+02 7.95766777e+02 1.01619919e+03 1.09683871e+03 8.96164933e+02 1.18201977e+03 7.34388472e+02 4.38264891e+02 2.94251312e+02 
5.32313844e+02 4.18019480e+02 3.28279951e+02 3.78359884e+02 4.66873155e+02 1.00109757e+03 5.63242987e+02 3.14776231e+02 2.96268735e+02 7.11125368e+02 7.98024112e+02 5.78003553e+02 4.28544901e+02 4.52277952e+02 6.67679005e+02 8.12092112e+02 4.30673028e+02 6.21427724e+02 4.86414230e+02 3.33468836e+02 4.68144979e+02 6.73637141e+02 5.18899200e+02 6.03968641e+02 3.11101122e+02 5.64544792e+02 8.39124772e+02 6.19183219e+02 4.38264891e+02 2.94251312e+02 
3.95332178e+02 3.75509528e+02 3.28279951e+02 1.28888461e+02 2.96373810e+02 4.87352708e+02 2.55843659e+02 2.84511220e+02 2.96268735e+02 3.06263979e+02 3.06878519e+02 4.84450034e+02 2.84024690e+02 3.60769260e+02 1.81153994e+02 1.34978189e+02 2.45922123e+02 2.89358830e+02 3.64711684e+02 2.87416604e+02 4.68144979e+02 4.66984720e+02 1.73618382e+02 5.11375413e+02 3.04569331e+02 5.64544792e+02 5.32820488e+02 4.03577701e+02 2.63474802e+02 2.94251312e+02 
2.24485409e+02 1.47922456e+02 2.34845928e+02 1.28888461e+02 2.73169682e+02 1.94945088e+02 1.63094427e+02 1.76071432e+02 2.32279636e+02 2.28446149e+02 1.60196987e+02 1.81002366e+02 1.72872363e+02 1.18546690e+02 1.81153994e+02 1.34978189e+02 2.09411477e+02 1.66645778e+02 2.05863007e+02 2.70916677e+02 2.20560818e+02 2.80440455e+02 1.73618382e+02 1.69784887e+02 1.50390658e+02 1.12407319e+02 2.64668306e+02 2.14250917e+02 2.63474802e+02 1.56897586e+02 
9.27129084e+01 8.57394485e+01 7.22944394e+01 3.95720801e+01 4.75842997e+01 6.83486068e+01 4.16502539e+01 8.58259653e+01 1.33418929e+02 9.67786924e+01 1.30342002e+02 5.58892245e+01 3.81327352e+01 3.48768612e+01 5.43515902e+01 5.74144883e+01 3.96469477e+01 6.48187011e+01 4.28119680e+01 6.92488005e+01 1.05856265e+02 4.11801792e+01 5.38439671e+01 3.98328617e+01 2.30062338e+01 4.84993484e+01 7.77654203e+01 4.41302713e+01 7.38986320e+01 5.96803444e+01 
5.69685035e+00 7.87439739e+00 7.71687073e+00 3.51591673e+00 7.72284119e+00 4.92503640e+00 3.70209903e+00 4.37337412e+00 3.82039159e+00 1.41436411e+01 6.29761882e+00 5.08474998e+00 1.78774972e+00 4.79689478e+00 1.16333877e+01 4.42522887e+00 4.77195584e+00 3.32438274e+00 3.40332427e+00 4.34388531e+00 1.03042713e+01 3.42242365e+00 7.25842917e+00 6.65723707e+00 1.52489050e+00 1.16955005e+01 9.97973445e+00 4.94961690e+00 4.43237156e+00 5.23772433e+00 
1.01402345e-01 1.85913219e-01 8.24126477e-02 3.73710157e-02 1.08892388e-01 6.66861514e-02 4.09006714e-02 1.11775742e-01 4.10875474e-02 2.57129718e-01 1.78286046e-01 3.58900192e-02 4.18135820e-02 5.38123803e-02 1.72649698e-01 5.32578722e-02 1.14965502e-01 6.91770377e-02 4.71695677e-02 1.61966350e-01 1.94028294e-01 5.65290900e-02 8.01916373e-02 1.23829229e-01 1.43731683e-01 1.98079300e-01 1.46935702e-01 8.32146310e-02 2.06390011e-01 8.90050321e-02 
5.17047511e-07 1.22268693e-06 4.15280851e-07 2.11954443e-07 6.28793714e-07 3.58782813e-07 2.60974957e-07 1.03179309e-06 1.09659823e-07 4.18996194e-06 2.92493371e-06 4.89194463e-07 3.66263976e-07 2.36941673e-07 2.66022766e-06 1.08083691e-06 9.76414640e-07 6.52436029e-07 1.25362806e-06 9.88192369e-07 4.40059341e-06 4.40524673e-07 6.52777317e-07 6.45476007e-07 1.44130547e-06 4.08840310e-06 2.86801503e-06 4.11134124e-07 1.46851085e-06 9.58998271e-07 
1.00000000e-08 1.00000000e-08 1.00000000e-08 1.00000000e-08 1.00000000e-08 1.00000000e-08 1.00000000e-08 1.00000000e-08 1.00000000e-08 1.00000000e-08 1.00000000e-08 1.00000000e-08 1.00000000e-08 1.00000000e-08 1.00000000e-08 1.00000000e-08 1.00000000e-08 1.00000000e-08 1.00000000e-08 1.00000000e-08 1.00000000e-08 1.00000000e-08 1.00000000e-08 1.00000000e-08 1.00000000e-08 1.00000000e-08 1.00000000e-08 1.00000000e-08 1.00000000e-08 1.00000000e-08 
1.00000000e-08 1.00000000e-08 1.00000000e-08 1.00000000e-08 1.00000000e-08 1.00000000e-08 1.00000000e-08 1.00000000e-08 1.00000000e-08 1.00000000e-08 1.00000000e-08 1.00000000e-08 1.00000000e-08 1.00000000e-08 1.00000000e-08 1.00000000e-08 1.00000000e-08 1.00000000e-08 1.00000000e-08 1.00000000e-08 1.00000000e-08 1.00000000e-08 1.00000000e-08 1.00000000e-08 1.00000000e-08 1.00000000e-08 1.00000000e-08 1.00000000e-08 1.00000000e-08 1.00000000e-08 
1.00000000e-08 1.00000000e-08 1.00000000e-08 1.00000000e-08 1.00000000e-08 1.00000000e-08 1.00000000e-08 1.00000000e-08 1.00000000e-08 1.00000000e-08 1.00000000e-08 1.00000000e-08 1.00000000e-08 1.00000000e-08 1.00000000e-08 1.00000000e-08 1.00000000e-08 1.00000000e-08 1.00000000e-08 1.00000000e-08 1.00000000e-08 1.00000000e-08 1.00000000e-08 1.00000000e-08 1.00000000e-08 1.00000000e-08 1.00000000e-08 1.00000000e-08 1.00000000e-08 1.00000000e-08 
1.00000000e-08 1.00000000e-08 1.00000000e-08 1.00000000e-08 1.00000000e-08 1.00000000e-08 1.00000000e-08 1.00000000e-08 1.00000000e-08 1.00000000e-08 1.00000000e-08 1.00000000e-08 1.00000000e-08 1.00000000e-08 1.00000000e-08 1.00000000e-08 1.00000000e-08 1.00000000e-08 1.00000000e-08 1.00000000e-08 1.00000000e-08 1.00000000e-08 1.00000000e-08 1.00000000e-08 1.00000000e-08 1.00000000e-08 1.00000000e-08 1.00000000e-08 1.00000000e-08 1.00000000e-08 
3.54550000e+04 3.65160000e+04 3.58640000e+04 3.48890000e+04 3.62380000e+04 3.53310000e+04 3.46360000e+04 3.61330000e+04 3.45000000e+04 3.75810000e+04 3.72430000e+04 3.52600000e+04 3.59740000e+04 3.46550000e+04 3.73230000e+04 3.59880000e+04 3.55360000e+04 3.62110000e+04 3.70310000e+04 3.62650000e+04 3.82370000e+04 3.54430000e+04 3.50870000e+04 3.56290000e+04 3.69050000e+04 3.77850000e+04 3.66750000e+04 3.58840000e+04 3.63860000e+04 3.67210000e+04 
