2.66087529e+02 2.52812600e+02 2.28173850e+02 2.12539833e+02 2.23517723e+02 2.81285550e+02 2.84557980e+02 2.52184818e+02 2.64733936e+02 2.74863091e+02 2.45640026e+02 2.66868075e+02 2.56484147e+02 2.59743383e+02 2.37091966e+02 2.58164063e+02 2.54455152e+02 2.12312259e+02 2.53502120e+02 2.43145647e+02 2.51305888e+02 2.63505060e+02 2.42331086e+02 2.42138506e+02 2.71303640e+02 2.52322657e+02 2.65369697e+02 2.28299326e+02 2.62458609e+02 2.65283880e+02 
2.46469940e+02 2.15164272e+02 2.28173850e+02 2.12539833e+02 2.23517723e+02 2.39733590e+02 2.60458355e+02 2.40362139e+02 2.64733936e+02 2.54753758e+02 2.25886007e+02 2.51240358e+02 1.92952910e+02 2.51432584e+02 2.37091966e+02 2.50561839e+02 2.32492645e+02 2.12312259e+02 2.22445094e+02 1.85564760e+02 2.39362577e+02 2.36506112e+02 2.29004140e+02 2.42138506e+02 2.33215665e+02 2.28236011e+02 2.63175140e+02 2.28299326e+02 2.50010424e+02 2.45618471e+02 
1.83015242e+02 2.15164272e+02 2.28173850e+02 2.09165451e+02 2.23517723e+02 1.87918265e+02 2.48715979e+02 2.30251589e+02 2.25928999e+02 2.41793168e+02 2.25886007e+02 2.31956712e+02 1.92952910e+02 2.17543874e+02 2.12929190e+02 2.44616801e+02 2.32492645e+02 2.12312259e+02 2.22445094e+02 1.85564760e+02 2.29813039e+02 2.36506112e+02 2.20451703e+02 2.19101659e+02 2.10102117e+02 1.87175624e+02 2.29565797e+02 2.28299326e+02 2.13596155e+02 2.45618471e+02 
1.83015242e+02 2.15164272e+02 1.89930857e+02 2.09165451e+02 2.23517723e+02 1.87918265e+02 2.27232016e+02 2.23014854e+02 2.04192003e+02 2.10150764e+02 2.04830411e+02 2.11492647e+02 1.92952910e+02 2.17543874e+02 2.12929190e+02 2.16119550e+02 2.15518842e+02 2.00692378e+02 2.19997119e+02 1.85564760e+02 2.26890201e+02 2.15043290e+02 1.92661519e+02 2.13378150e+02 2.09884674e+02 1.83008234e+02 2.29565797e+02 2.06794786e+02 2.13596155e+02 2.04682624e+02 
1.83015242e+02 1.84723428e+02 1.89930857e+02 2.09165451e+02 2.15889885e+02 1.87918265e+02 2.00848635e+02 1.98636720e+02 2.04192003e+02 1.74764592e+02 2.04830411e+02 1.99967029e+02 1.92952910e+02 2.17543874e+02 2.05047755e+02 2.09831813e+02 2.07692137e+02 2.00692378e+02 2.09722132e+02 1.85564760e+02 2.26890201e+02 1.97322539e+02 1.92661519e+02 2.04895799e+02 2.09884674e+02 1.83008234e+02 2.14212322e+02 2.06794786e+02 2.06887296e+02 1.96053528e+02 
1.83015242e+02 1.84723428e+02 1.82024828e+02 2.09165451e+02 2.03449706e+02 1.87918265e+02 1.85311952e+02 1.85351765e+02 1.56452796e+02 1.67876623e+02 2.04830411e+02 1.99967029e+02 1.92952910e+02 1.93621836e+02 2.01023015e+02 2.05695319e+02 2.07692137e+02 2.00692378e+02 1.75372146e+02 1.85564760e+02 2.07578722e+02 1.83907599e+02 1.78395394e+02 1.69928132e+02 2.09884674e+02 1.73332176e+02 2.14212322e+02 1.97009414e+02 1.79809168e+02 1.96053528e+02 
1.75978466e+02 1.66867697e+02 1.56443347e+02 1.70926655e+02 1.52458367e+02 1.87918265e+02 1.82603419e+02 1.79355752e+02 1.41173698e+02 1.57718843e+02 1.61134148e+02 1.51001559e+02 1.67015899e+02 1.54906076e+02 1.47743505e+02 1.72438220e+02 1.63880589e+02 1.67531199e+02 1.54698181e+02 1.71303077e+02 1.78436197e+02 1.67896565e+02 1.78395394e+02 1.69928132e+02 1.33731793e+02 1.51451248e+02 1.85262455e+02 1.80211806e+02 1.65267579e+02 1.64410586e+02 
1.33365540e+02 1.41958230e+02 1.36104984e+02 1.49188903e+02 1.52458367e+02 1.47754803e+02 1.61381557e+02 1.56266720e+02 1.36460046e+02 1.44642513e+02 1.25672098e+02 1.51001559e+02 1.37282594e+02 1.41373866e+02 1.47743505e+02 1.57287311e+02 1.50742889e+02 1.30700740e+02 1.45854571e+02 1.64899216e+02 1.65611756e+02 1.59776907e+02 1.54664089e+02 1.41991958e+02 1.33731793e+02 1.51451248e+02 1.49969213e+02 1.54916200e+02 1.39919250e+02 1.41512169e+02 
1.33365540e+02 1.34747978e+02 1.36104984e+02 1.35501643e+02 1.35769880e+02 1.27035660e+02 1.46814118e+02 1.21432265e+02 1.18967760e+02 1.30598641e+02 1.25672098e+02 1.21005715e+02 1.37282594e+02 1.29907289e+02 1.15643051e+02 1.32240785e+02 1.25500034e+02 1.30700740e+02 1.42702384e+02 1.37377645e+02 1.37146450e+02 1.41732418e+02 1.27174233e+02 1.33507261e+02 1.33731793e+02 1.29685126e+02 1.32048772e+02 1.28520604e+02 1.32495801e+02 1.23173464e+02 
1.11526515e+02 1.22927516e+02 1.18972144e+02 1.04946882e+02 1.06409276e+02 1.23387400e+02 1.08307733e+02 1.15229864e+02 1.16786328e+02 9.51287614e+01 1.25672098e+02 1.21005715e+02 1.17106875e+02 9.89777287e+01 1.15643051e+02 1.21783281e+02 1.25044095e+02 1.12160569e+02 1.10014601e+02 1.08953314e+02 7.63777504e+01 1.00020360e+02 1.19875331e+02 1.07577075e+02 1.07355898e+02 1.26721233e+02 1.20269436e+02 1.08948973e+02 1.21245612e+02 1.17961499e+02 
7.40657629e+01 1.18420037e+02 1.08722354e+02 8.75184237e+01 1.00095455e+02 1.03832629e+02 1.02524982e+02 9.20889150e+01 9.80609794e+01 9.51287614e+01 9.72078855e+01 1.04165380e+02 9.15931233e+01 8.70756214e+01 8.82508124e+01 9.29306736e+01 9.97516535e+01 1.03536620e+02 9.28423419e+01 1.01574533e+02 7.63777504e+01 9.45222613e+01 1.12184082e+02 9.36525893e+01 1.00151484e+02 9.20730972e+01 9.02773476e+01 9.83090178e+01 9.30205253e+01 8.20101105e+01 
5.67807702e+01 5.49559951e+01 7.74558910e+01 6.46644068e+01 5.81517337e+01 6.69879059e+01 6.36797657e+01 5.42078063e+01 6.52343327e+01 6.71576213e+01 7.00854917e+01 7.00448142e+01 7.06009418e+01 6.28665173e+01 4.42488910e+01 6.63772084e+01 7.28278781e+01 6.32699228e+01 5.58604100e+01 6.61555107e+01 6.29546290e+01 5.91951233e+01 5.90295118e+01 6.39977611e+01 6.66994841e+01 6.22579927e+01 6.99526256e+01 4.43884621e+01 6.80845860e+01 4.52952583e+01 
4.53858603e+01 2.95329557e+01 3.59554510e+01 3.59145296e+01 3.25536207e+01 4.05294996e+01 3.56162686e+01 3.42732372e+01 4.35352506e+01 3.20005337e+01 2.77421697e+01 3.15753961e+01 3.83626267e+01 4.58286022e+01 3.04851385e+01 3.57871829e+01 2.97796970e+01 3.62175206e+01 3.58924273e+01 4.49049103e+01 3.79404285e+01 3.46362247e+01 3.15875255e+01 3.26636351e+01 3.81334750e+01 3.49738479e+01 3.10195285e+01 2.92458386e+01 2.72857660e+01 3.26858916e+01 
2.13998067e+01 1.49139144e+01 1.32827000e+01 1.15328757e+01 1.32608324e+01 2.13773135e+01 1.29541589e+01 1.16002981e+01 2.07489383e+01 1.24863243e+01 8.27114746e+00 1.03498705e+01 1.09503935e+01 1.71427379e+01 1.19966085e+01 1.32066959e+01 1.13372036e+01 1.61319693e+01 1.62543852e+01 2.18718242e+01 1.61315112e+01 1.65195861e+01 1.49654644e+01 1.49013095e+01 1.14796539e+01 1.01246210e+01 1.34664622e+01 1.50864767e+01 9.74150183e+00 1.55907766e+01 
5.77421210e+00 4.46515707e+00 5.58464880e+00 2.84187353e+00 4.17199293e+00 6.19574538e+00 5.30438874e+00 4.34998244e+00 5.61814015e+00 5.32437382e+00 2.23874220e+00 5.18713788e+00 4.98975659e+00 4.68267198e+00 2.63380132e+00 4.94135794e+00 3.66636584e+00 4.76994809e+00 4.41469794e+00 7.57513376e+00 5.82389374e+00 5.34065438e+00 6.28440916e+00 4.69497746e+00 3.49294643e+00 4.35098356e+00 3.59866800e+00 5.44051524e+00 2.31923364e+00 6.41243018e+00 
4.97485020e+00 3.97985026e+00 4.97483693e+00 1.98996009e+00 3.97985978e+00 5.96979139e+00 4.97487111e+00 3.97985061e+00 4.97484568e+00 4.97485437e+00 1.98998174e+00 4.97481480e+00 3.97984702e+00 3.97985458e+00 1.98993982e+00 3.97999530e+00 2.98492344e+00 3.97989507e+00 3.97990181e+00 5.96979044e+00 4.97484044e+00 4.97480860e+00 5.96982266e+00 3.97986823e+00 2.98488107e+00 2.98493343e+00 2.98510165e+00 4.97480959e+00 1.98995337e+00 5.96978868e+00 
1.00000000e+06 1.00000000e+06 1.00000000e+06 1.00000000e+06 1.00000000e+06 1.00000000e+06 1.00000000e+06 1.00000000e+06 1.00000000e+06 1.00000000e+06 1.00000000e+06 1.00000000e+06 1.00000000e+06 1.00000000e+06 1.00000000e+06 1.00000000e+06 1.00000000e+06 1.00000000e+06 1.00000000e+06 1.00000000e+06 1.00000000e+06 1.00000000e+06 1.00000000e+06 1.00000000e+06 1.00000000e+06 1.00000000e+06 1.00000000e+06 1.00000000e+06 1.00000000e+06 1.00000000e+06 
