1.30905234e+02 1.08791313e+02 1.26898659e+02 2.01554461e+02 8.03930393e+01 1.47791228e+02 1.34576614e+02 1.68844945e+02 1.55166897e+02 1.73012465e+02 1.42087205e+02 1.44616936e+02 1.02227210e+02 1.76036913e+02 1.96406681e+02 1.30652560e+02 1.93004279e+02 1.91291371e+02 1.98595672e+02 1.71583870e+02 1.31360593e+02 1.07596951e+02 2.14974269e+02 1.64458865e+02 2.48224317e+02 2.02532781e+02 2.24808427e+02 1.69067584e+02 1.55952359e+02 1.47855304e+02 
1.23556597e+02 1.08791313e+02 1.26898659e+02 1.92335826e+02 8.03930393e+01 1.30787267e+02 1.34576614e+02 1.15802109e+02 1.55166897e+02 1.73012465e+02 1.28075828e+02 1.39057337e+02 1.02227210e+02 1.71937132e+02 1.51459485e+02 1.09288034e+02 1.80725337e+02 1.91291371e+02 1.92583410e+02 1.58706464e+02 1.28066746e+02 1.07596951e+02 1.47064062e+02 1.26554215e+02 1.91403227e+02 1.66868267e+02 2.21023394e+02 1.03831450e+02 1.55952359e+02 1.47855304e+02 
1.05917091e+02 1.08791313e+02 1.26898659e+02 1.62233225e+02 8.03930393e+01 1.30787267e+02 1.34576614e+02 1.11253247e+02 1.46653632e+02 1.50540719e+02 1.28075828e+02 1.39057337e+02 1.02227210e+02 1.62986861e+02 1.28512141e+02 1.09288034e+02 1.51839836e+02 1.15682337e+02 1.55885081e+02 1.55179875e+02 1.28066746e+02 1.07596951e+02 1.20184008e+02 1.26554215e+02 1.16265453e+02 1.66868267e+02 1.78276046e+02 1.02153776e+02 7.19034766e+01 1.07016539e+02 
1.05917091e+02 1.08791313e+02 1.26898659e+02 1.41071536e+02 8.03930393e+01 1.30787267e+02 8.79274731e+01 1.11253247e+02 1.46653632e+02 1.50540719e+02 1.15512952e+02 1.38265791e+02 8.22676923e+01 1.33782800e+02 1.11943460e+02 1.09288034e+02 1.41537641e+02 1.15682337e+02 1.26264979e+02 1.55179875e+02 1.01626591e+02 1.07596951e+02 1.20184008e+02 1.26554215e+02 1.16265453e+02 1.31776451e+02 1.75561515e+02 1.02153776e+02 7.19034766e+01 1.06662070e+02 
1.05917091e+02 1.08791313e+02 1.05143483e+02 1.07197096e+02 5.99822216e+01 1.03243805e+02 8.79274731e+01 1.11253247e+02 6.73552449e+01 8.58582402e+01 1.15512952e+02 1.24655129e+02 8.22676923e+01 1.29564341e+02 1.02295060e+02 1.09288034e+02 8.77300464e+01 9.72358430e+01 1.04764849e+02 9.00789576e+01 7.37248254e+01 1.06207647e+02 1.08120805e+02 1.08068233e+02 1.10799239e+02 9.82393256e+01 8.30830151e+01 7.94410254e+01 7.19034766e+01 9.93752540e+01 
9.85969075e+01 7.56611702e+01 8.63350591e+01 8.86092545e+01 5.99822216e+01 7.35347234e+01 8.79274731e+01 9.66892589e+01 6.73552449e+01 7.83650216e+01 9.73751577e+01 8.59594641e+01 7.92797299e+01 8.70781177e+01 8.62774470e+01 8.16547916e+01 7.06575642e+01 7.72974918e+01 1.04764849e+02 9.00789576e+01 6.24840893e+01 1.06207647e+02 1.08120805e+02 8.05025276e+01 1.10799239e+02 9.81694995e+01 6.11666892e+01 4.81587462e+01 7.19034766e+01 8.52573374e+01 
8.46719537e+01 6.76969163e+01 7.60944435e+01 5.63326840e+01 5.99822216e+01 5.94984597e+01 6.70044416e+01 7.57230618e+01 6.73552449e+01 7.15969986e+01 7.62757448e+01 8.34963647e+01 7.92797299e+01 6.98291222e+01 7.57845075e+01 7.15475242e+01 6.09964693e+01 7.17283557e+01 9.45273307e+01 6.96906537e+01 6.24840893e+01 6.04234648e+01 7.71975207e+01 6.52231309e+01 8.10478242e+01 7.07161478e+01 6.11666892e+01 4.81587462e+01 7.19034766e+01 6.98858190e+01 
6.40626924e+01 4.70087099e+01 7.23054599e+01 5.63326840e+01 4.60382030e+01 5.64521934e+01 3.56155402e+01 5.83198540e+01 5.52244318e+01 5.13448734e+01 5.29509519e+01 6.21474908e+01 5.74144830e+01 6.24196550e+01 6.75127132e+01 5.97226587e+01 6.00213074e+01 6.43357578e+01 6.59159184e+01 5.63111509e+01 6.24840893e+01 6.04234648e+01 6.86447846e+01 5.82533639e+01 6.19105837e+01 7.04047233e+01 6.11666892e+01 4.81587462e+01 6.68249537e+01 5.84059699e+01 
5.05891184e+01 4.70087099e+01 4.09361697e+01 4.72245346e+01 3.77217842e+01 4.69153227e+01 3.56155402e+01 5.45115082e+01 4.35744286e+01 5.11917887e+01 4.49547859e+01 4.96521163e+01 5.74144830e+01 4.93706108e+01 5.53173864e+01 3.94957347e+01 4.69533323e+01 5.63574463e+01 5.41254295e+01 5.50896989e+01 5.00343323e+01 3.26699705e+01 5.03630169e+01 4.22281926e+01 5.64601433e+01 5.12770489e+01 4.97208110e+01 4.29870310e+01 4.76466709e+01 4.17501095e+01 
4.04383082e+01 4.04182342e+01 4.09361697e+01 3.58119776e+01 3.61432736e+01 4.69153227e+01 3.47795603e+01 3.97396282e+01 4.05202485e+01 3.60452446e+01 4.49547859e+01 4.15670625e+01 4.27467321e+01 3.84364185e+01 3.72299082e+01 3.87835345e+01 4.02928758e+01 4.19507721e+01 4.60616585e+01 3.81641518e+01 3.67921970e+01 3.26699705e+01 3.71462310e+01 4.22281926e+01 3.51314884e+01 5.07955808e+01 3.75749989e+01 3.56463645e+01 4.07838898e+01 3.75234296e+01 
2.98273178e+01 3.70889015e+01 3.20936512e+01 3.54983809e+01 3.27500288e+01 2.94373096e+01 3.44451623e+01 3.69378190e+01 3.33346823e+01 3.07696820e+01 3.21760938e+01 3.09730719e+01 3.02756815e+01 3.59066838e+01 2.69992630e+01 3.41032292e+01 2.83821046e+01 3.00326987e+01 3.07648962e+01 1.75215055e+01 2.85667316e+01 2.92574738e+01 3.20998108e+01 2.70591273e+01 3.51314884e+01 3.87757721e+01 3.20769544e+01 2.48586616e+01 3.48401458e+01 3.12088545e+01 
2.23051541e+01 2.52376492e+01 2.13484387e+01 1.77237334e+01 1.65756119e+01 1.64858985e+01 2.19691822e+01 1.99705724e+01 2.08099420e+01 2.08620349e+01 2.01238185e+01 2.62097935e+01 2.62760907e+01 1.94190644e+01 1.67100231e+01 2.61383048e+01 2.18945334e+01 1.78557113e+01 2.59087344e+01 1.51990385e+01 1.85511363e+01 1.57486984e+01 2.79447131e+01 2.44796025e+01 1.79453884e+01 2.51942637e+01 2.32644009e+01 2.20736945e+01 2.02460565e+01 1.93118556e+01 
9.65596574e+00 8.29998187e+00 1.48048302e+01 6.31723183e+00 1.15994492e+01 1.15325060e+01 7.72342354e+00 7.25280541e+00 1.04845714e+01 9.84299626e+00 1.18315053e+01 1.15254064e+01 1.12161105e+01 8.86126155e+00 1.06382154e+01 1.32506476e+01 1.27617701e+01 6.22323673e+00 1.56655132e+01 8.33019566e+00 1.04297420e+01 6.90146507e+00 1.25758577e+01 7.48235583e+00 8.98519088e+00 1.00458699e+01 9.74346528e+00 5.71944159e+00 1.20418542e+01 9.98126733e+00 
2.53919419e+00 4.20644434e+00 3.87771114e+00 5.40705523e+00 3.57044091e+00 4.54100511e+00 3.00088283e+00 3.41898874e+00 5.73756394e+00 2.97441503e+00 4.08621136e+00 5.46822090e+00 2.92350164e+00 4.00410023e+00 5.56895607e+00 3.01740415e+00 2.86026155e+00 4.56291003e+00 3.16930360e+00 3.20907578e+00 1.74118674e+00 3.21695673e+00 4.75478533e+00 2.71809464e+00 1.98480776e+00 2.39061905e+00 3.68199916e+00 2.25886338e+00 4.38464978e+00 2.57683415e+00 
1.53472617e-02 8.50299844e-02 8.46007548e-02 1.00000000e-08 4.56327642e-02 5.80524823e-02 1.79169744e-02 3.84611844e-02 1.93753765e-02 4.49977085e-02 3.43463918e-02 4.14902630e-02 6.20420064e-02 2.92705815e-02 2.35250916e-02 2.16697819e-02 4.05356276e-02 1.00000000e-08 4.41149630e-02 1.62064106e-02 2.40388282e-02 3.59524734e-02 3.95903928e-02 3.88066779e-02 1.32639071e-01 2.05365384e-02 6.49306003e-07 3.11522363e-02 1.50333078e-02 2.83741430e-02 
1.00000000e-08 1.00000000e-08 1.00000000e-08 1.00000000e-08 1.00000000e-08 1.00000000e-08 1.00000000e-08 1.00000000e-08 1.00000000e-08 1.00000000e-08 1.00000000e-08 1.00000000e-08 1.00000000e-08 1.00000000e-08 1.00000000e-08 1.00000000e-08 1.00000000e-08 1.00000000e-08 1.00000000e-08 1.00000000e-08 1.00000000e-08 1.00000000e-08 1.00000000e-08 1.00000000e-08 1.00000000e-08 1.00000000e-08 1.00000000e-08 1.00000000e-08 1.00000000e-08 1.00000000e-08 
1.66950000e+05 1.44039000e+05 1.64257000e+05 1.23148000e+05 1.66895000e+05 1.73239000e+05 1.70339000e+05 1.61778000e+05 1.77854000e+05 1.53394000e+05 1.57577000e+05 1.66774000e+05 1.68618000e+05 1.68083000e+05 1.64892000e+05 1.62650000e+05 1.56745000e+05 1.20812000e+05 1.53454000e+05 1.71216000e+05 1.72031000e+05 1.53092000e+05 1.67428000e+05 1.71777000e+05 1.67206000e+05 1.67912000e+05 1.30403000e+05 1.75052000e+05 1.61065000e+05 1.69535000e+05 
