1.00150211e+04 8.74016984e+03 7.24650264e+03 6.72255813e+03 7.75304554e+03 9.84328637e+03 7.79491591e+03 8.12846516e+03 8.84482519e+03 3.82999520e+03 7.25460772e+03 8.87059982e+03 5.50421936e+03 7.25202452e+03 9.46904263e+03 6.63053426e+03 1.01491685e+04 7.01182738e+03 6.30344032e+03 9.69149971e+03 7.63119817e+03 9.12812972e+03 5.33793779e+03 9.43583115e+03 8.51908108e+03 5.58641931e+03 7.90858253e+03 1.04158774e+04 8.70618035e+03 8.60229967e+03 
7.85034249e+03 6.47933525e+03 6.50920474e+03 5.90782465e+03 7.75304554e+03 6.95162409e+03 5.78888654e+03 7.87100396e+03 6.43247113e+03 3.82999520e+03 5.86772961e+03 6.78930642e+03 5.27759832e+03 7.25202452e+03 7.61667081e+03 4.93102145e+03 8.75179219e+03 6.54505158e+03 6.30344032e+03 9.40345963e+03 5.30258414e+03 5.38916761e+03 5.33793779e+03 5.84003089e+03 4.84881380e+03 5.58641931e+03 6.75533567e+03 7.54128345e+03 6.76277200e+03 8.11112746e+03 
5.30800442e+03 6.47933525e+03 6.14786104e+03 5.43658132e+03 7.75304554e+03 4.46620316e+03 5.78888654e+03 6.65583148e+03 6.43247113e+03 3.82999520e+03 5.86772961e+03 3.23393425e+03 5.27759832e+03 6.03607721e+03 4.07556672e+03 4.93102145e+03 5.34732156e+03 6.54505158e+03 5.47766107e+03 6.84497885e+03 5.30258414e+03 4.97405080e+03 5.33793779e+03 5.67690464e+03 4.84881380e+03 5.58641931e+03 6.75533567e+03 6.95076912e+03 6.42519112e+03 3.68148102e+03 
5.30800442e+03 6.47933525e+03 6.14786104e+03 5.43658132e+03 6.32486356e+03 4.46620316e+03 5.78888654e+03 6.65583148e+03 5.51272987e+03 3.82999520e+03 5.33077676e+03 3.23393425e+03 5.27759832e+03 3.51394786e+03 4.07556672e+03 4.93102145e+03 5.34732156e+03 4.33177550e+03 5.47766107e+03 5.97918978e+03 3.01343515e+03 4.97405080e+03 5.33793779e+03 5.65204321e+03 3.60275939e+03 5.58641931e+03 6.75533567e+03 6.95076912e+03 5.42222470e+03 3.68148102e+03 
5.30800442e+03 5.18158471e+03 5.26245104e+03 4.09491017e+03 5.80780427e+03 4.32262430e+03 4.71322086e+03 5.92613910e+03 4.87310222e+03 3.82999520e+03 5.04894205e+03 3.23393425e+03 5.27759832e+03 3.51394786e+03 3.64178432e+03 4.93102145e+03 5.34732156e+03 4.33177550e+03 5.47766107e+03 5.97918978e+03 3.01343515e+03 4.97405080e+03 5.19395481e+03 5.65204321e+03 3.60275939e+03 5.31987034e+03 6.15883958e+03 3.42781310e+03 5.42222470e+03 3.68148102e+03 
3.11142857e+03 4.09368556e+03 5.26245104e+03 4.09491017e+03 5.76012247e+03 4.02966116e+03 2.95826699e+03 4.90830066e+03 4.87310222e+03 3.82999520e+03 3.38081277e+03 3.23393425e+03 4.17648269e+03 3.51394786e+03 3.64178432e+03 4.93102145e+03 4.49501181e+03 4.33177550e+03 5.37496027e+03 4.96478848e+03 3.01343515e+03 4.97405080e+03 5.05585629e+03 5.01534710e+03 3.60275939e+03 3.60600511e+03 5.56787588e+03 3.42781310e+03 3.97209195e+03 3.68148102e+03 
2.50412137e+03 3.42442278e+03 2.58329899e+03 2.49575522e+03 2.43036010e+03 2.36142852e+03 2.33586879e+03 2.98311118e+03 3.03575471e+03 2.52806382e+03 3.09884367e+03 3.08541303e+03 3.15267666e+03 2.89020600e+03 3.21611904e+03 2.93490837e+03 3.29149439e+03 3.59042675e+03 3.30552110e+03 2.80171903e+03 2.23029906e+03 3.21443469e+03 2.80628116e+03 3.05672425e+03 1.43342199e+03 2.17622989e+03 3.15401937e+03 2.77584101e+03 3.00660223e+03 2.48704621e+03 
1.54511949e+03 1.69301800e+03 1.70852526e+03 1.76133549e+03 2.07300334e+03 1.64721757e+03 1.55180711e+03 1.32850698e+03 1.70451188e+03 2.10824462e+03 1.17467752e+03 1.10456670e+03 1.55839600e+03 1.50996193e+03 1.39040163e+03 1.67634542e+03 2.08806654e+03 1.35476403e+03 1.04493088e+03 1.99059518e+03 1.31266063e+03 1.66929948e+03 2.01202121e+03 1.91739700e+03 1.36563963e+03 1.61070305e+03 1.36941696e+03 1.95889511e+03 1.63921658e+03 1.95753819e+03 
7.70024591e+02 6.65027359e+02 4.61011746e+02 5.20067186e+02 8.02860315e+02 7.23348989e+02 5.83425422e+02 5.59716664e+02 6.99665386e+02 6.88293068e+02 5.60097033e+02 5.79810815e+02 6.66616378e+02 5.87321072e+02 4.50547623e+02 4.51643523e+02 8.12003224e+02 3.74174755e+02 7.83902545e+02 6.57277573e+02 5.97425849e+02 8.15812787e+02 5.46580942e+02 4.02652414e+02 6.25719844e+02 5.53090883e+02 5.36413671e+02 5.33101883e+02 5.72786293e+02 6.81434877e+02 
4.11399997e+01 2.39160142e+01 4.35299076e+01 2.65433159e+01 3.78536664e+01 1.64598106e+01 1.79464409e+01 2.57876705e+01 2.47853380e+01 2.49278312e+01 3.48953738e+01 2.37683754e+01 4.71346035e+01 2.42936949e+01 1.87363346e+01 2.33817194e+01 3.58186668e+01 2.45910064e+01 8.16775207e+01 3.69734520e+01 3.83760750e+01 3.61034548e+01 2.74867034e+01 2.85043324e+01 4.82366640e+01 2.26038888e+01 4.62775073e+01 3.40743362e+01 2.76747428e+01 2.28402286e+01 
1.84099204e-02 3.36222847e-02 4.43339733e-02 2.69395280e-02 2.37479370e-02 1.11152352e-02 1.64196393e-02 1.21324819e-02 4.90348606e-02 1.87887678e-02 3.95610787e-02 1.42014575e-02 4.98733473e-02 2.66809078e-02 1.68943573e-02 2.05216796e-02 3.60663816e-02 1.85191924e-02 2.78707813e-01 3.01626536e-02 4.24674510e-02 5.30361876e-02 2.09249466e-02 2.62213829e-02 3.58730594e-02 1.58470149e-02 4.39147165e-02 2.52572462e-02 1.76926948e-02 3.59795778e-02 
1.00000000e-08 1.00000000e-08 1.00000000e-08 1.00000000e-08 1.00000000e-08 1.00000000e-08 1.00000000e-08 1.00000000e-08 1.00000000e-08 1.00000000e-08 1.00000000e-08 1.00000000e-08 1.00000000e-08 1.00000000e-08 1.00000000e-08 1.00000000e-08 1.00000000e-08 1.00000000e-08 1.00000000e-08 1.00000000e-08 1.00000000e-08 1.00000000e-08 1.00000000e-08 1.00000000e-08 1.00000000e-08 1.00000000e-08 1.00000000e-08 1.00000000e-08 1.00000000e-08 1.00000000e-08 
1.00000000e-08 1.00000000e-08 1.00000000e-08 1.00000000e-08 1.00000000e-08 1.00000000e-08 1.00000000e-08 1.00000000e-08 1.00000000e-08 1.00000000e-08 1.00000000e-08 1.00000000e-08 1.00000000e-08 1.00000000e-08 1.00000000e-08 1.00000000e-08 1.00000000e-08 1.00000000e-08 1.00000000e-08 1.00000000e-08 1.00000000e-08 1.00000000e-08 1.00000000e-08 1.00000000e-08 1.00000000e-08 1.00000000e-08 1.00000000e-08 1.00000000e-08 1.00000000e-08 1.00000000e-08 
1.00000000e-08 1.00000000e-08 1.00000000e-08 1.00000000e-08 1.00000000e-08 1.00000000e-08 1.00000000e-08 1.00000000e-08 1.00000000e-08 1.00000000e-08 1.00000000e-08 1.00000000e-08 1.00000000e-08 1.00000000e-08 1.00000000e-08 1.00000000e-08 1.00000000e-08 1.00000000e-08 1.00000000e-08 1.00000000e-08 1.00000000e-08 1.00000000e-08 1.00000000e-08 1.00000000e-08 1.00000000e-08 1.00000000e-08 1.00000000e-08 1.00000000e-08 1.00000000e-08 1.00000000e-08 
1.00000000e-08 1.00000000e-08 1.00000000e-08 1.00000000e-08 1.00000000e-08 1.00000000e-08 1.00000000e-08 1.00000000e-08 1.00000000e-08 1.00000000e-08 1.00000000e-08 1.00000000e-08 1.00000000e-08 1.00000000e-08 1.00000000e-08 1.00000000e-08 1.00000000e-08 1.00000000e-08 1.00000000e-08 1.00000000e-08 1.00000000e-08 1.00000000e-08 1.00000000e-08 1.00000000e-08 1.00000000e-08 1.00000000e-08 1.00000000e-08 1.00000000e-08 1.00000000e-08 1.00000000e-08 
1.00000000e-08 1.00000000e-08 1.00000000e-08 1.00000000e-08 1.00000000e-08 1.00000000e-08 1.00000000e-08 1.00000000e-08 1.00000000e-08 1.00000000e-08 1.00000000e-08 1.00000000e-08 1.00000000e-08 1.00000000e-08 1.00000000e-08 1.00000000e-08 1.00000000e-08 1.00000000e-08 1.00000000e-08 1.00000000e-08 1.00000000e-08 1.00000000e-08 1.00000000e-08 1.00000000e-08 1.00000000e-08 1.00000000e-08 1.00000000e-08 1.00000000e-08 1.00000000e-08 1.00000000e-08 
8.27950000e+04 8.33940000e+04 8.40990000e+04 8.30790000e+04 8.19070000e+04 8.12740000e+04 8.12730000e+04 8.09920000e+04 8.35970000e+04 8.18070000e+04 8.40710000e+04 8.18220000e+04 8.27280000e+04 8.25520000e+04 8.17970000e+04 8.20470000e+04 8.32510000e+04 8.12000000e+04 8.72910000e+04 8.33510000e+04 8.50380000e+04 8.30190000e+04 8.19730000e+04 8.35470000e+04 8.51100000e+04 8.22020000e+04 8.29250000e+04 8.25220000e+04 8.27420000e+04 8.28520000e+04 
