1.14619102e+03 1.52782055e+02 6.48728028e+02 3.52360702e+02 2.97912616e+02 3.58890604e+02 1.14922921e+02 1.84892127e+02 3.52085473e+02 4.05693044e+02 2.23904183e+02 5.08715601e+02 6.33129041e+02 1.95242582e+02 1.51763038e+02 9.72687092e+02 5.72388420e+02 5.66559669e+02 2.41529309e+02 3.01913720e+02 1.26340521e+02 2.16391138e+02 5.05737358e+02 5.62943237e+02 4.17878914e+02 1.57304138e+02 2.35224156e+02 4.79816362e+02 2.28992631e+02 2.01404470e+02 
3.90604529e+02 1.52782055e+02 1.29540530e+02 2.17360577e+02 2.77234773e+02 3.58890604e+02 1.14922921e+02 1.84892127e+02 3.32767215e+02 3.47666879e+02 2.23904183e+02 3.75397722e+02 1.85435316e+02 1.95242582e+02 1.51763038e+02 4.42124861e+02 2.91800647e+02 2.25427498e+02 2.41529309e+02 2.14387412e+02 1.26340521e+02 2.16391138e+02 1.33307408e+02 4.11474429e+02 3.95590646e+02 1.57304138e+02 1.37050023e+02 2.97167216e+02 2.28992631e+02 1.93181195e+02 
3.60580372e+02 1.52782055e+02 1.29540530e+02 1.32020962e+02 2.45881442e+02 3.58890604e+02 1.14922921e+02 1.46659043e+02 3.32767215e+02 2.85532594e+02 1.37540303e+02 3.55372040e+02 1.85435316e+02 1.95242582e+02 1.51763038e+02 1.45198129e+02 2.01787227e+02 1.27333634e+02 2.41529309e+02 2.14387412e+02 1.26340521e+02 2.16391138e+02 1.33307408e+02 3.07989550e+02 2.48936860e+02 1.41524779e+02 1.37050023e+02 2.06828909e+02 1.77115260e+02 1.93181195e+02 
1.67131820e+02 1.52782055e+02 1.29540530e+02 1.32020962e+02 1.42436924e+02 2.63790711e+02 1.14922921e+02 1.46659043e+02 2.34229875e+02 1.42008158e+02 1.37540303e+02 3.55372040e+02 1.75011858e+02 1.95242582e+02 1.11467667e+02 1.45198129e+02 1.62203844e+02 1.27333634e+02 1.57644804e+02 1.84377283e+02 1.18740350e+02 1.38672356e+02 1.33307408e+02 1.10999590e+02 1.87030916e+02 1.28850949e+02 1.37050023e+02 1.28846700e+02 1.77115260e+02 1.83192252e+02 
1.18855900e+02 1.30783681e+02 1.11262379e+02 1.30337962e+02 1.22035466e+02 1.26683930e+02 1.14922921e+02 1.24020598e+02 1.53869741e+02 1.42008158e+02 1.21073443e+02 1.62790441e+02 1.17105337e+02 1.20680620e+02 1.11467667e+02 1.42417874e+02 1.27398610e+02 1.24498895e+02 1.41939519e+02 1.23296782e+02 1.13664665e+02 1.18835870e+02 1.21985500e+02 1.10999590e+02 1.27998562e+02 1.13257091e+02 1.28517078e+02 1.22373882e+02 1.34540164e+02 1.41928801e+02 
1.18855900e+02 1.15064114e+02 1.08606706e+02 1.08733742e+02 1.13870863e+02 1.12082141e+02 1.14922921e+02 1.22719794e+02 1.22513820e+02 1.28666432e+02 1.12546130e+02 1.28412929e+02 1.11052936e+02 1.16419572e+02 1.11467667e+02 1.41289130e+02 1.25543902e+02 1.11551976e+02 1.17456931e+02 1.09516447e+02 1.10229992e+02 1.18835870e+02 1.15104608e+02 1.10999590e+02 1.12951046e+02 1.07130934e+02 1.14084269e+02 1.14283614e+02 1.20069151e+02 1.30234129e+02 
1.03468499e+02 1.11736880e+02 1.07460426e+02 1.08733742e+02 1.04709325e+02 1.10695632e+02 1.09432376e+02 1.07035676e+02 1.07613702e+02 1.05336009e+02 1.12114452e+02 1.21564750e+02 1.06965896e+02 1.09585427e+02 1.07480669e+02 1.20856387e+02 1.07504402e+02 1.07916954e+02 1.11737194e+02 1.04366588e+02 1.04700699e+02 1.17938066e+02 1.11632041e+02 1.06661502e+02 1.07702207e+02 1.02962088e+02 1.08818062e+02 1.08751582e+02 1.07702736e+02 1.17006749e+02 
1.02186202e+02 1.01846018e+02 1.01220318e+02 1.03124022e+02 1.02004086e+02 1.02374422e+02 1.04861869e+02 1.03325801e+02 1.01997868e+02 1.03084208e+02 1.03870875e+02 1.03896702e+02 1.02663090e+02 1.04295659e+02 1.02073066e+02 1.09379709e+02 1.03803908e+02 1.02308535e+02 1.03827783e+02 1.03625519e+02 1.02267786e+02 1.03795398e+02 1.03090898e+02 1.05698363e+02 1.03656253e+02 1.01237941e+02 1.01452874e+02 1.01552254e+02 1.01209607e+02 1.03216622e+02 
1.01292888e+02 1.01154295e+02 1.01218386e+02 1.00784347e+02 1.00972693e+02 1.00980049e+02 1.01111375e+02 1.01344599e+02 1.00996533e+02 1.01238889e+02 1.00659683e+02 1.01269309e+02 1.00991688e+02 1.01101104e+02 1.01082985e+02 1.01497478e+02 1.00632220e+02 1.00974391e+02 1.01137569e+02 1.00982261e+02 1.01073907e+02 1.01528001e+02 1.00521098e+02 1.01169676e+02 1.01755928e+02 1.00961856e+02 1.01452874e+02 1.00915109e+02 1.01119207e+02 1.01030441e+02 
1.00631469e+02 1.00642769e+02 1.00568897e+02 1.00497920e+02 1.00585882e+02 1.00746674e+02 1.00607752e+02 1.00572059e+02 1.00528584e+02 1.00599156e+02 1.00595419e+02 1.00632851e+02 1.00614664e+02 1.00596108e+02 1.00444880e+02 1.00544554e+02 1.00588192e+02 1.00563496e+02 1.00638484e+02 1.00628306e+02 1.00642561e+02 1.00776033e+02 1.00521098e+02 1.00817147e+02 1.00697531e+02 1.00458788e+02 1.00508312e+02 1.00571207e+02 1.00542241e+02 1.00532226e+02 
1.00501434e+02 1.00444838e+02 1.00379448e+02 1.00418270e+02 1.00485991e+02 1.00492713e+02 1.00355283e+02 1.00378719e+02 1.00443887e+02 1.00464102e+02 1.00355906e+02 1.00405134e+02 1.00412739e+02 1.00424886e+02 1.00386705e+02 1.00451474e+02 1.00382421e+02 1.00316563e+02 1.00383742e+02 1.00401596e+02 1.00459326e+02 1.00376758e+02 1.00457550e+02 1.00487918e+02 1.00509153e+02 1.00355036e+02 1.00385606e+02 1.00425184e+02 1.00402079e+02 1.00431437e+02 
1.00370832e+02 1.00260140e+02 1.00329639e+02 1.00329093e+02 1.00385329e+02 1.00319082e+02 1.00338257e+02 1.00353139e+02 1.00281514e+02 1.00259197e+02 1.00311470e+02 1.00360830e+02 1.00338372e+02 1.00249544e+02 1.00336699e+02 1.00350843e+02 1.00340120e+02 1.00275682e+02 1.00325797e+02 1.00340272e+02 1.00319748e+02 1.00332277e+02 1.00324938e+02 1.00315016e+02 1.00406521e+02 1.00290911e+02 1.00324962e+02 1.00368205e+02 1.00335330e+02 1.00272889e+02 
1.00307790e+02 1.00260140e+02 1.00251858e+02 1.00239261e+02 1.00284646e+02 1.00220570e+02 1.00286103e+02 1.00262911e+02 1.00247445e+02 1.00252099e+02 1.00201658e+02 1.00273813e+02 1.00287129e+02 1.00249544e+02 1.00245486e+02 1.00280597e+02 1.00270955e+02 1.00260056e+02 1.00307453e+02 1.00285709e+02 1.00257649e+02 1.00271714e+02 1.00243888e+02 1.00284343e+02 1.00288800e+02 1.00258719e+02 1.00267204e+02 1.00307255e+02 1.00264914e+02 1.00242576e+02 
1.00236455e+02 1.00235127e+02 1.00216415e+02 1.00212425e+02 1.00264604e+02 1.00220570e+02 1.00242303e+02 1.00261667e+02 1.00222945e+02 1.00201666e+02 1.00178500e+02 1.00273813e+02 1.00254834e+02 1.00249544e+02 1.00202512e+02 1.00219079e+02 1.00250951e+02 1.00215735e+02 1.00272188e+02 1.00236195e+02 1.00230348e+02 1.00251378e+02 1.00243888e+02 1.00230259e+02 1.00276490e+02 1.00192151e+02 1.00241831e+02 1.00252309e+02 1.00227141e+02 1.00237303e+02 
1.00229122e+02 1.00214000e+02 1.00205526e+02 1.00211375e+02 1.00264604e+02 1.00220570e+02 1.00225216e+02 1.00243451e+02 1.00220458e+02 1.00200377e+02 1.00177073e+02 1.00239155e+02 1.00231198e+02 1.00191464e+02 1.00141515e+02 1.00210852e+02 1.00233091e+02 1.00203312e+02 1.00189020e+02 1.00221144e+02 1.00196200e+02 1.00190578e+02 1.00221937e+02 1.00224668e+02 1.00263009e+02 1.00182095e+02 1.00230866e+02 1.00243857e+02 1.00227141e+02 1.00202188e+02 
1.00225073e+02 1.00208162e+02 1.00205526e+02 1.00202175e+02 1.00263911e+02 1.00196104e+02 1.00222372e+02 1.00235263e+02 1.00208046e+02 1.00194656e+02 1.00170436e+02 1.00229472e+02 1.00218506e+02 1.00187509e+02 1.00141381e+02 1.00210847e+02 1.00211262e+02 1.00193173e+02 1.00184609e+02 1.00221144e+02 1.00193043e+02 1.00184013e+02 1.00219956e+02 1.00216664e+02 1.00239858e+02 1.00169731e+02 1.00216474e+02 1.00238780e+02 1.00201861e+02 1.00191946e+02 
2.00000000e+05 2.00000000e+05 2.00000000e+05 2.00000000e+05 2.00000000e+05 2.00000000e+05 2.00000000e+05 2.00000000e+05 2.00000000e+05 2.00000000e+05 2.00000000e+05 2.00000000e+05 2.00000000e+05 2.00000000e+05 2.00000000e+05 2.00000000e+05 2.00000000e+05 2.00000000e+05 2.00000000e+05 2.00000000e+05 2.00000000e+05 2.00000000e+05 2.00000000e+05 2.00000000e+05 2.00000000e+05 2.00000000e+05 2.00000000e+05 2.00000000e+05 2.00000000e+05 2.00000000e+05 
