8.84933341e+04 5.68118257e+04 5.64481317e+04 8.22736116e+04 1.00864578e+05 7.39888608e+04 8.06676033e+04 7.55846267e+04 1.03090506e+05 7.44005732e+04 7.65410411e+04 7.85285390e+04 6.75016275e+04 4.50128718e+04 5.17127495e+04 5.80513577e+04 8.61473825e+04 5.99276035e+04 1.00280422e+05 7.48728765e+04 8.50882892e+04 8.17717134e+04 1.22574284e+05 7.06564777e+04 7.92463429e+04 7.20473747e+04 1.05077780e+05 1.24664589e+05 8.67633505e+04 7.21317977e+04 
7.09168025e+04 5.68118257e+04 5.64481317e+04 5.93896140e+04 7.96777224e+04 7.39888608e+04 7.48206992e+04 6.64641746e+04 1.03090506e+05 6.73139429e+04 6.31777909e+04 7.62375184e+04 6.75016275e+04 4.50128718e+04 5.17127495e+04 5.80513577e+04 7.09391081e+04 5.99276035e+04 6.47910123e+04 7.48728765e+04 8.33759480e+04 8.17717134e+04 5.50002413e+04 7.06564777e+04 7.32914407e+04 7.20473747e+04 8.08705912e+04 7.10314973e+04 8.67633505e+04 7.21317977e+04 
6.78241750e+04 5.68118257e+04 5.64481317e+04 4.33641861e+04 6.71182540e+04 6.27834217e+04 6.54318675e+04 6.64641746e+04 7.47590994e+04 6.73139429e+04 6.31777909e+04 7.62375184e+04 5.67526142e+04 4.50128718e+04 5.17127495e+04 5.53100213e+04 7.09391081e+04 5.99276035e+04 6.47910123e+04 7.14093567e+04 6.59244717e+04 7.54062023e+04 5.50002413e+04 5.08318163e+04 6.28720606e+04 6.96233088e+04 5.92227996e+04 5.51920807e+04 8.27334420e+04 7.00917122e+04 
5.77053329e+04 5.68118257e+04 5.64481317e+04 4.33641861e+04 5.42765383e+04 6.16618026e+04 3.29627201e+04 6.64641746e+04 4.84157564e+04 6.05484772e+04 5.45061109e+04 6.28652631e+04 5.67526142e+04 4.50128718e+04 5.17127495e+04 5.53100213e+04 7.09391081e+04 5.99276035e+04 5.72986755e+04 6.57676175e+04 5.84812253e+04 5.81081290e+04 5.50002413e+04 5.08318163e+04 6.28720606e+04 6.67240371e+04 5.76917597e+04 5.51920807e+04 6.68076477e+04 7.00917122e+04 
5.77053329e+04 5.68118257e+04 4.09388805e+04 4.33641861e+04 5.42765383e+04 3.84106861e+04 3.29627201e+04 6.64641746e+04 4.84157564e+04 5.24648482e+04 5.45061109e+04 6.28652631e+04 5.67526142e+04 4.50128718e+04 5.17127495e+04 4.24336655e+04 6.55258101e+04 5.99276035e+04 4.89428996e+04 4.88519440e+04 5.73899771e+04 5.24938867e+04 5.50002413e+04 5.08318163e+04 6.28720606e+04 6.67240371e+04 5.76917597e+04 5.51920807e+04 6.68076477e+04 5.20971417e+04 
5.77053329e+04 4.55621229e+04 4.09388805e+04 4.33641861e+04 5.42765383e+04 3.84106861e+04 3.29627201e+04 6.64641746e+04 4.84157564e+04 5.24648482e+04 5.45061109e+04 5.00075006e+04 5.67526142e+04 4.50128718e+04 5.17127495e+04 4.24336655e+04 6.55258101e+04 5.99276035e+04 4.89428996e+04 4.33579145e+04 5.64790318e+04 4.92528334e+04 5.02376435e+04 5.08318163e+04 6.28720606e+04 5.99429467e+04 3.82915481e+04 5.51920807e+04 5.06727964e+04 5.20971417e+04 
3.63627540e+04 3.13964919e+04 4.09388805e+04 3.89168513e+04 4.86618471e+04 3.84106861e+04 3.29627201e+04 3.64777592e+04 4.00231434e+04 5.24648482e+04 3.77942508e+04 5.00075006e+04 4.39261689e+04 3.62731461e+04 3.30776492e+04 4.23372619e+04 3.66597901e+04 5.03341365e+04 4.57101247e+04 4.33579145e+04 3.65960712e+04 4.92528334e+04 3.86525168e+04 4.08185566e+04 5.14055123e+04 5.15534600e+04 3.82915481e+04 3.87558246e+04 4.95022723e+04 4.15181856e+04 
3.63627540e+04 3.13964919e+04 3.65068557e+04 3.89168513e+04 3.14197528e+04 3.27272036e+04 3.29627201e+04 3.64777592e+04 4.00231434e+04 4.16941372e+04 2.86961131e+04 2.96307138e+04 4.16348950e+04 3.62731461e+04 3.30776492e+04 4.09051684e+04 3.66597901e+04 4.69328786e+04 1.75199705e+04 2.72908379e+04 3.63333250e+04 4.24243115e+04 3.27645277e+04 3.44066204e+04 3.36558466e+04 2.75775113e+04 3.67065840e+04 3.87558246e+04 3.73339557e+04 3.95612078e+04 
3.15232685e+04 2.66988537e+04 3.15504845e+04 1.94549956e+04 2.44062180e+04 2.60603160e+04 3.29627201e+04 3.37586433e+04 3.15115439e+04 3.03979350e+04 2.66454260e+04 2.96307138e+04 2.50314160e+04 2.58140581e+04 3.30776492e+04 3.22108444e+04 2.12485311e+04 3.14758568e+04 1.75199705e+04 2.72908379e+04 2.37101082e+04 3.86818583e+04 2.91503827e+04 3.29404637e+04 2.06728310e+04 2.75775113e+04 2.16763388e+04 3.45900619e+04 3.23871718e+04 2.16519365e+04 
6.08605079e+03 3.50525998e+03 2.58127904e+03 2.26134647e+03 1.45116215e+03 5.49782012e+03 2.96809800e+04 3.18283889e+03 1.33452419e+03 3.86999257e+03 3.73289717e+03 2.96818170e+03 8.03612789e+02 7.60202866e+03 1.10942716e+04 6.00563975e+03 5.74735008e+03 9.27023793e+02 3.68461781e+03 1.73418061e+03 1.13688042e+03 3.96313050e+03 1.91209355e+03 4.04340578e+03 9.68255108e+02 2.60381464e+04 8.16350683e+03 1.68090001e+04 1.58299001e+04 2.80630923e+03 
1.99195078e+00 2.32017097e+00 1.61113312e+00 8.41784868e-01 7.47048058e-01 3.71014481e+00 4.26915358e+01 1.19371319e+00 8.05015072e-01 1.42711576e+00 2.14938113e+00 1.50195656e+00 6.85177827e-01 3.87759635e+00 5.50422097e+00 5.26193953e+00 5.84369113e+00 3.42140207e-01 2.85501770e+00 8.55853866e-01 5.37650118e-01 2.45276624e+00 7.11617894e-01 1.51671930e+00 7.63428251e-01 4.77846074e+01 5.25701432e+00 2.44718761e+01 1.85374989e+01 8.43700420e-01 
4.00548686e-07 4.28012640e-07 5.99211489e-07 3.69705845e-07 1.33970502e-07 1.03640747e-06 2.02758642e-05 2.67365522e-07 2.29666796e-07 5.81770337e-07 6.28057023e-07 4.38749510e-07 1.46846901e-07 7.87765430e-07 2.09722361e-06 9.77271668e-07 1.55489329e-06 8.49447588e-08 6.46555691e-07 1.30589910e-07 1.08761128e-07 5.71554381e-07 2.71373608e-07 2.88125534e-07 1.47333367e-07 1.26249517e-05 1.37840829e-06 2.16618224e-06 5.12502180e-06 2.44709213e-07 
1.00000000e-08 1.00000000e-08 1.00000000e-08 1.00000000e-08 1.00000000e-08 1.00000000e-08 1.00000000e-08 1.00000000e-08 1.00000000e-08 1.00000000e-08 1.00000000e-08 1.00000000e-08 1.00000000e-08 1.00000000e-08 1.00000000e-08 1.00000000e-08 1.00000000e-08 1.00000000e-08 1.00000000e-08 1.00000000e-08 1.00000000e-08 1.00000000e-08 1.00000000e-08 1.00000000e-08 1.00000000e-08 1.00000000e-08 1.00000000e-08 1.00000000e-08 1.00000000e-08 1.00000000e-08 
1.00000000e-08 1.00000000e-08 1.00000000e-08 1.00000000e-08 1.00000000e-08 1.00000000e-08 1.00000000e-08 1.00000000e-08 1.00000000e-08 1.00000000e-08 1.00000000e-08 1.00000000e-08 1.00000000e-08 1.00000000e-08 1.00000000e-08 1.00000000e-08 1.00000000e-08 1.00000000e-08 1.00000000e-08 1.00000000e-08 1.00000000e-08 1.00000000e-08 1.00000000e-08 1.00000000e-08 1.00000000e-08 1.00000000e-08 1.00000000e-08 1.00000000e-08 1.00000000e-08 1.00000000e-08 
1.00000000e-08 1.00000000e-08 1.00000000e-08 1.00000000e-08 1.00000000e-08 1.00000000e-08 1.00000000e-08 1.00000000e-08 1.00000000e-08 1.00000000e-08 1.00000000e-08 1.00000000e-08 1.00000000e-08 1.00000000e-08 1.00000000e-08 1.00000000e-08 1.00000000e-08 1.00000000e-08 1.00000000e-08 1.00000000e-08 1.00000000e-08 1.00000000e-08 1.00000000e-08 1.00000000e-08 1.00000000e-08 1.00000000e-08 1.00000000e-08 1.00000000e-08 1.00000000e-08 1.00000000e-08 
1.00000000e-08 1.00000000e-08 1.00000000e-08 1.00000000e-08 1.00000000e-08 1.00000000e-08 1.00000000e-08 1.00000000e-08 1.00000000e-08 1.00000000e-08 1.00000000e-08 1.00000000e-08 1.00000000e-08 1.00000000e-08 1.00000000e-08 1.00000000e-08 1.00000000e-08 1.00000000e-08 1.00000000e-08 1.00000000e-08 1.00000000e-08 1.00000000e-08 1.00000000e-08 1.00000000e-08 1.00000000e-08 1.00000000e-08 1.00000000e-08 1.00000000e-08 1.00000000e-08 1.00000000e-08 
9.93900000e+04 1.01257000e+05 1.00817000e+05 9.92570000e+04 9.89610000e+04 1.03207000e+05 1.10987000e+05 9.94450000e+04 9.84110000e+04 1.01851000e+05 1.01496000e+05 1.01094000e+05 9.88740000e+04 1.02633000e+05 1.03645000e+05 1.03114000e+05 1.04302000e+05 9.57430000e+04 1.01482000e+05 9.82210000e+04 9.70910000e+04 1.02050000e+05 9.93620000e+04 9.89420000e+04 9.79780000e+04 1.09444000e+05 1.03696000e+05 1.07907000e+05 1.07652000e+05 9.94480000e+04 
