9.42070799e+01 1.01288323e+02 8.78079164e+01 8.90489020e+01 1.11157848e+02 7.78738202e+01 1.13066533e+02 1.01877903e+02 8.83939298e+01 8.35828089e+01 1.00300142e+02 9.47009478e+01 9.04645053e+01 9.85468315e+01 8.86817240e+01 1.08375025e+02 8.46892199e+01 1.11202219e+02 7.66629696e+01 9.79622296e+01 1.10109384e+02 8.47030974e+01 8.40858557e+01 9.48108893e+01 1.01719579e+02 7.22938469e+01 1.06675088e+02 9.17284211e+01 8.65110458e+01 8.59137551e+01 
7.76337253e+01 7.50503300e+01 8.78079164e+01 6.79026705e+01 9.93100778e+01 7.78738202e+01 1.05903271e+02 8.98467142e+01 8.83939298e+01 8.35828089e+01 8.99845173e+01 9.47009478e+01 8.52931120e+01 9.70942385e+01 8.86817240e+01 1.05630691e+02 8.39180636e+01 9.98432273e+01 7.66629696e+01 9.79622296e+01 1.03054517e+02 8.11496607e+01 8.40858557e+01 8.31795088e+01 1.01719579e+02 7.22938469e+01 9.39800100e+01 9.17284211e+01 8.65110458e+01 8.49372118e+01 
7.76337253e+01 7.50503300e+01 8.18667005e+01 6.79026705e+01 7.26670158e+01 7.78738202e+01 8.11344789e+01 7.38733969e+01 8.83939298e+01 8.35828089e+01 7.92014419e+01 8.64526300e+01 8.52931120e+01 8.10886172e+01 8.86817240e+01 9.60671612e+01 8.39180636e+01 9.98432273e+01 7.66629696e+01 9.50781333e+01 9.83546267e+01 8.11496607e+01 8.40858557e+01 8.13725431e+01 1.00283013e+02 7.22938469e+01 9.39800100e+01 8.04234129e+01 7.92646129e+01 8.49372118e+01 
7.76337253e+01 7.50503300e+01 8.03492082e+01 6.79026705e+01 7.26670158e+01 7.78738202e+01 7.68591780e+01 7.14715026e+01 8.41518013e+01 8.35828089e+01 7.73323640e+01 7.69069230e+01 7.70848859e+01 8.10886172e+01 7.92629895e+01 7.17074049e+01 8.20314351e+01 9.20989021e+01 6.78901689e+01 8.30185869e+01 9.31906594e+01 8.11496607e+01 7.85381563e+01 6.11867693e+01 8.31920824e+01 7.22938469e+01 8.61573715e+01 8.04234129e+01 7.92646129e+01 8.37297507e+01 
7.76337253e+01 7.50503300e+01 7.61845437e+01 6.79026705e+01 7.26670158e+01 6.94228527e+01 7.68591780e+01 7.14715026e+01 4.87634449e+01 8.35828089e+01 7.73323640e+01 7.16509363e+01 7.32349805e+01 6.37484655e+01 6.84728838e+01 6.93984651e+01 7.32704511e+01 8.18791988e+01 6.78901689e+01 7.30366722e+01 7.30910750e+01 7.27357366e+01 7.19933470e+01 6.11867693e+01 7.15506414e+01 7.22677832e+01 7.22901951e+01 7.84867919e+01 7.92646129e+01 7.69007576e+01 
7.20068299e+01 6.52762602e+01 7.61845437e+01 6.51528561e+01 7.26670158e+01 6.50679472e+01 6.35452004e+01 6.45907730e+01 4.87634449e+01 7.80858498e+01 6.52271703e+01 7.16509363e+01 5.17692309e+01 6.37484655e+01 5.78867494e+01 6.93984651e+01 6.82491805e+01 7.27557260e+01 6.78901689e+01 6.68071261e+01 7.30910750e+01 7.09008041e+01 6.03728034e+01 4.13116437e+01 6.79503462e+01 7.22677832e+01 7.14909698e+01 6.64510473e+01 7.36217484e+01 7.45091408e+01 
4.21717066e+01 6.14706564e+01 4.75058546e+01 5.05151068e+01 4.95470893e+01 3.65433473e+01 3.56967413e+01 5.42849236e+01 4.85954150e+01 4.61052359e+01 4.67863125e+01 4.66304462e+01 5.17692309e+01 4.25582548e+01 4.50036394e+01 4.22057280e+01 5.28714016e+01 4.77193433e+01 5.11956005e+01 5.38085328e+01 4.72864661e+01 4.38749142e+01 5.01066732e+01 4.13116437e+01 5.09199938e+01 3.72666731e+01 5.53422239e+01 4.66131986e+01 5.56303357e+01 4.96076315e+01 
3.15307358e+01 3.49898815e+01 3.39863157e+01 3.44880039e+01 2.83022096e+01 3.65433473e+01 3.20659795e+01 3.60201092e+01 3.04726348e+01 3.33232589e+01 3.79267360e+01 3.21286072e+01 3.48241820e+01 3.73507804e+01 3.37505506e+01 2.90481576e+01 3.01201584e+01 3.39094608e+01 3.75468188e+01 3.75244084e+01 3.45754473e+01 2.68736952e+01 3.48487883e+01 2.85227842e+01 2.84242741e+01 2.49315502e+01 3.36428180e+01 3.57223517e+01 3.32404608e+01 3.33237706e+01 
1.54232170e+01 2.29426656e+01 1.95498432e+01 1.99594462e+01 1.75355512e+01 2.26493880e+01 2.03199004e+01 2.09458350e+01 1.88324823e+01 1.96912486e+01 2.18605906e+01 1.65415605e+01 1.56967055e+01 2.35234540e+01 2.21102064e+01 1.85001790e+01 2.10913215e+01 1.68340833e+01 1.99924108e+01 2.38201950e+01 1.75964365e+01 2.07447037e+01 1.99021599e+01 2.07203318e+01 1.76889401e+01 1.89407007e+01 1.89469908e+01 2.11352845e+01 1.93902003e+01 1.76028032e+01 
5.04659846e+00 6.24141352e+00 3.91507014e+00 4.04672093e+00 4.28027565e+00 4.88296042e+00 5.43503548e+00 5.50564420e+00 7.69764062e+00 5.86966344e+00 5.89760502e+00 4.90167941e+00 5.90445051e+00 6.80004179e+00 4.31608029e+00 4.84095525e+00 5.72460459e+00 6.02539361e+00 4.44161663e+00 5.21127370e+00 4.82659843e+00 4.11555860e+00 5.43652671e+00 4.50486072e+00 4.54838955e+00 4.76467667e+00 5.35870511e+00 6.58820877e+00 6.69088447e+00 4.59850176e+00 
2.08213547e-01 2.44678621e-01 2.09029128e-01 2.33558827e-01 2.02882413e-01 1.92848671e-01 2.46004331e-01 2.76770179e-01 3.12875602e-01 2.27492403e-01 3.09582063e-01 2.36349967e-01 2.93698218e-01 3.02438859e-01 3.27853536e-01 3.32159642e-01 3.10779768e-01 3.04466875e-01 1.99388740e-01 2.55200786e-01 2.29173728e-01 2.26861902e-01 2.43540621e-01 2.16231729e-01 2.72972339e-01 2.22721921e-01 2.11065306e-01 3.32197350e-01 2.64246506e-01 2.19990027e-01 
8.51802546e-04 7.57870696e-04 7.07523973e-04 8.19887813e-04 5.79465472e-04 7.16024494e-04 7.03531116e-04 8.08481171e-04 1.21650984e-03 6.91859253e-04 1.08598629e-03 9.03690931e-04 1.08833991e-03 1.08240182e-03 1.21925592e-03 9.75171443e-04 7.16741175e-04 1.05364585e-03 6.93034265e-04 7.95747354e-04 7.94143392e-04 7.35714130e-04 9.25453745e-04 6.94654221e-04 8.89563515e-04 6.12872122e-04 6.96766110e-04 1.12694777e-03 7.58735062e-04 7.32618127e-04 
1.08099130e-08 2.68638587e-08 1.17723857e-08 1.00000000e-08 2.45754563e-08 1.62895049e-08 3.40705810e-08 2.37338327e-08 6.58902763e-08 3.33644721e-08 2.44478997e-08 1.99827355e-08 3.60563490e-08 3.47447440e-08 2.03617674e-08 1.32588411e-08 1.97238705e-08 1.24272219e-08 1.00000000e-08 2.16050466e-08 1.67291319e-08 1.00000000e-08 2.03468744e-08 1.85958697e-08 2.32182629e-08 1.85442559e-08 1.15492185e-08 2.44714329e-08 3.04620471e-08 1.26276518e-08 
1.00000000e-08 1.00000000e-08 1.00000000e-08 1.00000000e-08 1.00000000e-08 1.00000000e-08 1.00000000e-08 1.00000000e-08 1.00000000e-08 1.00000000e-08 1.00000000e-08 1.00000000e-08 1.00000000e-08 1.00000000e-08 1.00000000e-08 1.00000000e-08 1.00000000e-08 1.00000000e-08 1.00000000e-08 1.00000000e-08 1.00000000e-08 1.00000000e-08 1.00000000e-08 1.00000000e-08 1.00000000e-08 1.00000000e-08 1.00000000e-08 1.00000000e-08 1.00000000e-08 1.00000000e-08 
1.00000000e-08 1.00000000e-08 1.00000000e-08 1.00000000e-08 1.00000000e-08 1.00000000e-08 1.00000000e-08 1.00000000e-08 1.00000000e-08 1.00000000e-08 1.00000000e-08 1.00000000e-08 1.00000000e-08 1.00000000e-08 1.00000000e-08 1.00000000e-08 1.00000000e-08 1.00000000e-08 1.00000000e-08 1.00000000e-08 1.00000000e-08 1.00000000e-08 1.00000000e-08 1.00000000e-08 1.00000000e-08 1.00000000e-08 1.00000000e-08 1.00000000e-08 1.00000000e-08 1.00000000e-08 
1.00000000e-08 1.00000000e-08 1.00000000e-08 1.00000000e-08 1.00000000e-08 1.00000000e-08 1.00000000e-08 1.00000000e-08 1.00000000e-08 1.00000000e-08 1.00000000e-08 1.00000000e-08 1.00000000e-08 1.00000000e-08 1.00000000e-08 1.00000000e-08 1.00000000e-08 1.00000000e-08 1.00000000e-08 1.00000000e-08 1.00000000e-08 1.00000000e-08 1.00000000e-08 1.00000000e-08 1.00000000e-08 1.00000000e-08 1.00000000e-08 1.00000000e-08 1.00000000e-08 1.00000000e-08 
1.66369000e+05 1.69958000e+05 1.66675000e+05 1.64201000e+05 1.67678000e+05 1.66896000e+05 1.68792000e+05 1.69337000e+05 1.71894000e+05 1.70250000e+05 1.68476000e+05 1.68787000e+05 1.70324000e+05 1.70897000e+05 1.69310000e+05 1.66376000e+05 1.68547000e+05 1.67558000e+05 1.64514000e+05 1.67675000e+05 1.67081000e+05 1.64896000e+05 1.68348000e+05 1.67664000e+05 1.68798000e+05 1.68099000e+05 1.67184000e+05 1.68220000e+05 1.69883000e+05 1.66754000e+05 
