3.78770304e+02 3.54321010e+02 2.81978708e+02 3.93861096e+02 4.34402234e+02 2.85229643e+02 3.19780482e+02 3.02309230e+02 3.25823652e+02 3.25242792e+02 3.04587760e+02 3.88340744e+02 3.02913099e+02 3.56112234e+02 3.71543227e+02 3.47064126e+02 3.10872170e+02 3.40216867e+02 3.78152668e+02 3.38306876e+02 4.21222155e+02 3.48640728e+02 4.00002845e+02 3.49544796e+02 4.82130568e+02 3.26724456e+02 2.51112358e+02 2.61381544e+02 3.41700478e+02 3.23416050e+02 
3.13413708e+02 2.78593784e+02 2.31741519e+02 3.70223362e+02 2.84566528e+02 2.62429633e+02 3.19780482e+02 3.02309230e+02 3.25823652e+02 2.99081807e+02 2.99965618e+02 3.03314310e+02 2.51301669e+02 3.56112234e+02 3.71543227e+02 2.81481988e+02 2.82711619e+02 3.31713053e+02 3.06815517e+02 2.72449378e+02 2.55559357e+02 2.64319884e+02 3.29009568e+02 3.29367755e+02 3.65038108e+02 2.74410909e+02 2.51112358e+02 2.61381544e+02 2.42484089e+02 3.23416050e+02 
3.13413708e+02 2.63415367e+02 2.15777834e+02 2.60241257e+02 2.84566528e+02 2.62429633e+02 3.19780482e+02 3.02309230e+02 2.98251449e+02 2.46455219e+02 2.51938088e+02 3.03314310e+02 2.42808518e+02 3.39684122e+02 3.60257291e+02 2.72998969e+02 2.65746176e+02 2.62416801e+02 2.39738059e+02 2.38338946e+02 2.55559357e+02 2.33431004e+02 2.84313878e+02 2.82876871e+02 2.62301459e+02 2.74410909e+02 2.51112358e+02 2.61381544e+02 2.36811367e+02 3.11880137e+02 
2.35272492e+02 2.15577439e+02 2.15777834e+02 2.60241257e+02 2.64250285e+02 2.35764864e+02 2.83388825e+02 3.02309230e+02 2.92383272e+02 2.23437824e+02 2.17633160e+02 2.59613781e+02 2.25061057e+02 2.82626935e+02 2.78789306e+02 2.65822712e+02 2.55017986e+02 2.62416801e+02 2.28369548e+02 2.38338946e+02 2.33195115e+02 2.33431004e+02 2.84313878e+02 2.41234122e+02 2.62301459e+02 2.59824390e+02 2.24320779e+02 2.61381544e+02 2.02547940e+02 2.17172374e+02 
1.96341151e+02 2.07316592e+02 1.93277833e+02 2.32557247e+02 2.09851401e+02 2.13447728e+02 2.32529969e+02 2.48906274e+02 2.23734508e+02 2.04927864e+02 2.07734084e+02 2.27214572e+02 1.87244594e+02 2.34130329e+02 2.27107160e+02 1.99256860e+02 1.98839748e+02 2.14368929e+02 1.86743452e+02 1.83930219e+02 2.21856986e+02 2.02046120e+02 2.20941993e+02 1.83050322e+02 1.99651089e+02 2.18321525e+02 1.84482912e+02 2.22298096e+02 2.02547940e+02 2.11613394e+02 
1.79588965e+02 1.85713529e+02 1.79664424e+02 1.84702279e+02 1.75365800e+02 1.80778727e+02 1.89430312e+02 1.92164723e+02 1.92429210e+02 1.81309525e+02 1.77854536e+02 1.90650394e+02 1.79085940e+02 1.80706390e+02 1.93170175e+02 1.87066077e+02 1.76314249e+02 1.92542983e+02 1.86743452e+02 1.78118523e+02 1.87646159e+02 1.80878213e+02 1.87927351e+02 1.73800468e+02 1.81582057e+02 1.80233888e+02 1.80797474e+02 1.79617664e+02 1.86452224e+02 1.83947138e+02 
1.73706806e+02 1.70389763e+02 1.72081539e+02 1.70891635e+02 1.71837049e+02 1.70594687e+02 1.77738753e+02 1.70030572e+02 1.72620121e+02 1.69583239e+02 1.71243004e+02 1.71838982e+02 1.69142615e+02 1.75486789e+02 1.73615113e+02 1.72989768e+02 1.71844789e+02 1.73301630e+02 1.71801476e+02 1.71403586e+02 1.72557602e+02 1.69775915e+02 1.73877447e+02 1.70370301e+02 1.72261953e+02 1.72494953e+02 1.71608233e+02 1.71358751e+02 1.71229601e+02 1.72023137e+02 
1.68337977e+02 1.67757128e+02 1.68525662e+02 1.67968976e+02 1.67937898e+02 1.67004354e+02 1.67456441e+02 1.67703193e+02 1.67365282e+02 1.67139778e+02 1.66660650e+02 1.68506976e+02 1.65733255e+02 1.69421267e+02 1.68541104e+02 1.66054923e+02 1.67176744e+02 1.67365175e+02 1.67281707e+02 1.67454102e+02 1.68340763e+02 1.66593721e+02 1.67804959e+02 1.67206518e+02 1.67096023e+02 1.67608298e+02 1.67452678e+02 1.67856731e+02 1.67069528e+02 1.68670792e+02 
1.64299431e+02 1.66066271e+02 1.66081342e+02 1.65500675e+02 1.66284206e+02 1.65243300e+02 1.64568309e+02 1.65405095e+02 1.65900334e+02 1.64508904e+02 1.65655841e+02 1.65473342e+02 1.65344958e+02 1.63794144e+02 1.65415500e+02 1.66054923e+02 1.65630842e+02 1.65834198e+02 1.65342426e+02 1.65621757e+02 1.65056542e+02 1.66414899e+02 1.65618717e+02 1.64924127e+02 1.65638121e+02 1.65251736e+02 1.64748371e+02 1.65373246e+02 1.65443799e+02 1.65141941e+02 
1.64299431e+02 1.64702697e+02 1.63569404e+02 1.62226420e+02 1.64794301e+02 1.64446173e+02 1.64568309e+02 1.63174686e+02 1.64607003e+02 1.64046505e+02 1.64399515e+02 1.63357082e+02 1.64373680e+02 1.62433061e+02 1.64365863e+02 1.64715041e+02 1.63301345e+02 1.64442390e+02 1.63240534e+02 1.64285393e+02 1.64275605e+02 1.63694853e+02 1.64159484e+02 1.64694073e+02 1.63445079e+02 1.63399076e+02 1.62457561e+02 1.61490256e+02 1.63820026e+02 1.64534900e+02 
1.61266787e+02 1.62933429e+02 1.62474656e+02 1.61623416e+02 1.62520712e+02 1.62394118e+02 1.61417330e+02 1.61547019e+02 1.62050079e+02 1.61731680e+02 1.60492897e+02 1.60627160e+02 1.62327864e+02 1.61885554e+02 1.62151710e+02 1.63236215e+02 1.62717761e+02 1.63101895e+02 1.62052676e+02 1.62326992e+02 1.59847421e+02 1.62803155e+02 1.60757315e+02 1.62720251e+02 1.61885019e+02 1.62743256e+02 1.61590754e+02 1.60969373e+02 1.61656638e+02 1.62542321e+02 
1.59378595e+02 1.62700142e+02 1.59551819e+02 1.61404906e+02 1.61461079e+02 1.59733237e+02 1.59677950e+02 1.59389358e+02 1.61435871e+02 1.59565022e+02 1.59435453e+02 1.59368929e+02 1.59583936e+02 1.61443016e+02 1.61440643e+02 1.60177674e+02 1.62700131e+02 1.59702181e+02 1.61435613e+02 1.61406550e+02 1.59368876e+02 1.62700142e+02 1.59420725e+02 1.62700131e+02 1.61436134e+02 1.62700131e+02 1.61405012e+02 1.59498786e+02 1.61435872e+02 1.61436022e+02 
1.59368734e+02 1.62700131e+02 1.59368734e+02 1.61404881e+02 1.61435268e+02 1.59368734e+02 1.59368734e+02 1.59368734e+02 1.61435268e+02 1.59543776e+02 1.59368734e+02 1.59368734e+02 1.59368734e+02 1.61404882e+02 1.61435268e+02 1.59368734e+02 1.62700131e+02 1.59368734e+02 1.61435268e+02 1.61404881e+02 1.59368734e+02 1.62700131e+02 1.59368734e+02 1.62700131e+02 1.61435268e+02 1.62700131e+02 1.61404881e+02 1.59368734e+02 1.61435268e+02 1.61435268e+02 
1.59368734e+02 1.62700131e+02 1.59368734e+02 1.61404881e+02 1.61435268e+02 1.59368734e+02 1.59368734e+02 1.59368734e+02 1.61435268e+02 1.59543776e+02 1.59368734e+02 1.59368734e+02 1.59368734e+02 1.61404881e+02 1.61435268e+02 1.59368734e+02 1.62700131e+02 1.59368734e+02 1.61435268e+02 1.61404881e+02 1.59368734e+02 1.62700131e+02 1.59368734e+02 1.62700131e+02 1.61435268e+02 1.62700131e+02 1.61404881e+02 1.59368734e+02 1.61435268e+02 1.61435268e+02 
1.59368734e+02 1.62700131e+02 1.59368734e+02 1.61404881e+02 1.61435268e+02 1.59368734e+02 1.59368734e+02 1.59368734e+02 1.61435268e+02 1.59543776e+02 1.59368734e+02 1.59368734e+02 1.59368734e+02 1.61404881e+02 1.61435268e+02 1.59368734e+02 1.62700131e+02 1.59368734e+02 1.61435268e+02 1.61404881e+02 1.59368734e+02 1.62700131e+02 1.59368734e+02 1.62700131e+02 1.61435268e+02 1.62700131e+02 1.61404881e+02 1.59368734e+02 1.61435268e+02 1.61435268e+02 
1.59368734e+02 1.62700131e+02 1.59368734e+02 1.61404881e+02 1.61435268e+02 1.59368734e+02 1.59368734e+02 1.59368734e+02 1.61435268e+02 1.59543776e+02 1.59368734e+02 1.59368734e+02 1.59368734e+02 1.61404881e+02 1.61435268e+02 1.59368734e+02 1.62700131e+02 1.59368734e+02 1.61435268e+02 1.61404881e+02 1.59368734e+02 1.62700131e+02 1.59368734e+02 1.62700131e+02 1.61435268e+02 1.62700131e+02 1.61404881e+02 1.59368734e+02 1.61435268e+02 1.61435268e+02 
2.00000000e+05 2.00000000e+05 2.00000000e+05 2.00000000e+05 2.00000000e+05 2.00000000e+05 2.00000000e+05 2.00000000e+05 2.00000000e+05 2.00000000e+05 2.00000000e+05 2.00000000e+05 2.00000000e+05 2.00000000e+05 2.00000000e+05 2.00000000e+05 2.00000000e+05 2.00000000e+05 2.00000000e+05 2.00000000e+05 2.00000000e+05 2.00000000e+05 2.00000000e+05 2.00000000e+05 2.00000000e+05 2.00000000e+05 2.00000000e+05 2.00000000e+05 2.00000000e+05 2.00000000e+05 
