3.85184769e+03 4.63385440e+03 3.37229013e+03 2.60297539e+03 2.15963220e+03 3.63552878e+03 3.66676484e+03 5.48824397e+03 3.57997719e+03 3.45964660e+03 4.65153797e+03 4.95976987e+03 3.82085536e+03 3.09360871e+03 3.29470159e+03 5.11625130e+03 2.72083724e+03 3.08221030e+03 3.38028832e+03 4.57194407e+03 3.78548454e+03 3.27527602e+03 3.58050022e+03 4.65682960e+03 3.26087024e+03 2.87105671e+03 3.29796629e+03 5.22106949e+03 6.06453964e+03 4.05396788e+03 
2.37928667e+03 1.58736254e+03 2.99366040e+03 2.60297539e+03 2.15963220e+03 3.63552878e+03 2.67077026e+03 1.61719095e+03 2.90966209e+03 2.19553254e+03 2.88248749e+03 2.99379831e+03 3.46133819e+03 3.09360871e+03 2.30797092e+03 3.31436175e+03 2.30341126e+03 1.75941151e+03 3.12248305e+03 3.28475138e+03 3.40847044e+03 3.27527602e+03 3.58050022e+03 2.64445714e+03 3.26087024e+03 1.57172158e+03 2.33975892e+03 2.53388578e+03 3.40491241e+03 3.51765398e+03 
2.37928667e+03 1.58736254e+03 2.99366040e+03 2.42832633e+03 2.15963220e+03 3.11346432e+03 1.94850864e+03 1.61719095e+03 2.50214726e+03 1.99027541e+03 2.41363514e+03 2.49997564e+03 3.46133819e+03 2.79881857e+03 2.05601036e+03 2.00157536e+03 1.63029231e+03 1.75941151e+03 2.20216689e+03 2.13246558e+03 2.13998104e+03 2.54605836e+03 3.00097256e+03 1.71808647e+03 2.52395367e+03 1.57172158e+03 1.78169692e+03 2.53388578e+03 2.67833665e+03 3.03913082e+03 
2.32239911e+03 1.58736254e+03 2.16936594e+03 2.42409231e+03 1.00653555e+03 2.67247574e+03 1.93588468e+03 9.05618452e+02 1.74420337e+03 1.52502367e+03 2.16834310e+03 1.71504421e+03 1.60594612e+03 2.05699423e+03 1.49406017e+03 1.76289918e+03 1.63029231e+03 1.75941151e+03 1.07268230e+03 1.06555150e+03 1.90966614e+03 2.54605836e+03 1.89973791e+03 1.71808647e+03 2.06400732e+03 1.18536651e+03 1.78169692e+03 2.12747103e+03 2.29803467e+03 1.66997790e+03 
2.03196352e+03 9.24160571e+02 1.73397160e+03 1.56804864e+03 1.00653555e+03 1.93901982e+03 9.96307497e+02 6.21678878e+02 1.48832820e+03 1.52502367e+03 1.38171966e+03 1.33561241e+03 1.48354516e+03 1.74405005e+03 1.25946086e+03 1.59618436e+03 1.22738196e+03 1.66471183e+03 1.07268230e+03 1.06555150e+03 1.65697858e+03 1.27353894e+03 1.43010351e+03 1.58167827e+03 1.47971005e+03 1.18536651e+03 1.27761333e+03 1.36977298e+03 1.28226669e+03 1.66997790e+03 
2.03196352e+03 9.24160571e+02 1.26680375e+03 7.97986238e+02 9.66473433e+02 1.43542515e+03 9.96307497e+02 6.21678878e+02 1.35951094e+03 1.17725667e+03 1.38171966e+03 1.25765136e+03 1.38547519e+03 1.35007385e+03 1.19499369e+03 7.80224407e+02 1.22738196e+03 1.39269505e+03 1.07268230e+03 1.06555150e+03 1.12880454e+03 1.27353894e+03 1.42045364e+03 9.77886441e+02 9.63967039e+02 9.25343740e+02 9.46725227e+02 9.48021776e+02 1.28226669e+03 1.18082447e+03 
5.46153680e+02 6.31635025e+02 4.93070997e+02 4.31806794e+02 4.48300464e+02 4.25995841e+02 3.12096300e+02 5.15228884e+02 6.26690185e+02 5.83305789e+02 5.96094732e+02 6.87230783e+02 5.00648400e+02 5.44566841e+02 4.05146513e+02 4.43160905e+02 5.92640711e+02 6.99836769e+02 4.84969090e+02 5.81004084e+02 6.44655326e+02 5.76784733e+02 6.19038441e+02 4.29807623e+02 5.87984432e+02 5.70086666e+02 5.52330792e+02 6.75433834e+02 6.47232731e+02 1.97194155e+02 
2.98783621e+02 2.51359479e+02 1.90688588e+02 2.84850300e+02 2.93705807e+02 2.55659396e+02 2.18918175e+02 2.40208613e+02 2.10833350e+02 2.42364469e+02 2.65291993e+02 2.42293096e+02 2.20524925e+02 2.74671660e+02 2.47487094e+02 2.45800755e+02 2.47492250e+02 2.28974196e+02 2.64470470e+02 2.81890632e+02 1.94529426e+02 2.42041653e+02 2.42558474e+02 2.61477317e+02 2.50657559e+02 2.20181668e+02 2.97953524e+02 2.61971663e+02 2.11101262e+02 1.97194155e+02 
9.84642188e+01 1.04449770e+02 8.67461565e+01 1.06081087e+02 1.03005541e+02 1.07108035e+02 9.55611496e+01 9.48988482e+01 1.20065872e+02 8.40983862e+01 9.54052081e+01 1.00402552e+02 8.38649725e+01 1.01168845e+02 8.63994071e+01 9.18417184e+01 1.06351631e+02 1.02613479e+02 8.31701268e+01 1.18028064e+02 9.13502591e+01 8.07662567e+01 1.10291601e+02 9.10574472e+01 9.53853189e+01 9.39604387e+01 1.10392941e+02 9.29833593e+01 8.24116549e+01 9.65196112e+01 
4.95800215e+01 4.97315677e+01 4.95999769e+01 5.00717020e+01 4.95971246e+01 5.01944787e+01 4.99583874e+01 4.99032189e+01 5.06426772e+01 4.97481061e+01 4.98596406e+01 5.00437433e+01 4.96752505e+01 5.00165616e+01 4.97208932e+01 4.98709745e+01 4.97958424e+01 4.99412389e+01 4.99213009e+01 4.98412382e+01 4.95711593e+01 4.98064925e+01 4.97211594e+01 4.94881821e+01 4.95614183e+01 4.98053834e+01 5.03207044e+01 4.97329390e+01 4.97342675e+01 4.99709208e+01 
4.90845519e+01 4.90846145e+01 4.90845708e+01 4.90845983e+01 4.90845606e+01 4.90846492e+01 4.90846051e+01 4.90845832e+01 4.90847253e+01 4.90845952e+01 4.90846610e+01 4.90845874e+01 4.90845567e+01 4.90846900e+01 4.90845775e+01 4.90845711e+01 4.90846152e+01 4.90845880e+01 4.90845912e+01 4.48964050e+01 4.90845785e+01 4.90845887e+01 4.90846237e+01 4.90845459e+01 4.90845829e+01 4.90845982e+01 4.90845915e+01 4.90846412e+01 4.90845746e+01 4.90846707e+01 
4.90844790e+01 4.90844790e+01 4.90844790e+01 4.90844790e+01 4.90844790e+01 4.90844790e+01 4.90844790e+01 4.90844790e+01 4.90844790e+01 4.90844790e+01 4.90844790e+01 4.90844790e+01 4.90844790e+01 4.90844790e+01 4.90844790e+01 4.90844790e+01 4.90844790e+01 4.90844790e+01 4.90844790e+01 4.48954693e+01 4.90844790e+01 4.90844790e+01 4.90844790e+01 4.90844790e+01 4.90844790e+01 4.90844790e+01 4.90844790e+01 4.90844790e+01 4.90844790e+01 4.90844790e+01 
4.90844790e+01 4.90844790e+01 4.90844790e+01 4.90844790e+01 4.90844790e+01 4.90844790e+01 4.90844790e+01 4.90844790e+01 4.90844790e+01 4.90844790e+01 4.90844790e+01 4.90844790e+01 4.90844790e+01 4.90844790e+01 4.90844790e+01 4.90844790e+01 4.90844790e+01 4.90844790e+01 4.90844790e+01 4.48954693e+01 4.90844790e+01 4.90844790e+01 4.90844790e+01 4.90844790e+01 4.90844790e+01 4.90844790e+01 4.90844790e+01 4.90844790e+01 4.90844790e+01 4.90844790e+01 
4.90844790e+01 4.90844790e+01 4.90844790e+01 4.90844790e+01 4.90844790e+01 4.90844790e+01 4.90844790e+01 4.90844790e+01 4.90844790e+01 4.90844790e+01 4.90844790e+01 4.90844790e+01 4.90844790e+01 4.90844790e+01 4.90844790e+01 4.90844790e+01 4.90844790e+01 4.90844790e+01 4.90844790e+01 4.48954693e+01 4.90844790e+01 4.90844790e+01 4.90844790e+01 4.90844790e+01 4.90844790e+01 4.90844790e+01 4.90844790e+01 4.90844790e+01 4.90844790e+01 4.90844790e+01 
4.90844790e+01 4.90844790e+01 4.90844790e+01 4.90844790e+01 4.90844790e+01 4.90844790e+01 4.90844790e+01 4.90844790e+01 4.90844790e+01 4.90844790e+01 4.90844790e+01 4.90844790e+01 4.90844790e+01 4.90844790e+01 4.90844790e+01 4.90844790e+01 4.90844790e+01 4.90844790e+01 4.90844790e+01 4.48954693e+01 4.90844790e+01 4.90844790e+01 4.90844790e+01 4.90844790e+01 4.90844790e+01 4.90844790e+01 4.90844790e+01 4.90844790e+01 4.90844790e+01 4.90844790e+01 
4.90844790e+01 4.90844790e+01 4.90844790e+01 4.90844790e+01 4.90844790e+01 4.90844790e+01 4.90844790e+01 4.90844790e+01 4.90844790e+01 4.90844790e+01 4.90844790e+01 4.90844790e+01 4.90844790e+01 4.90844790e+01 4.90844790e+01 4.90844790e+01 4.90844790e+01 4.90844790e+01 4.90844790e+01 4.48954693e+01 4.90844790e+01 4.90844790e+01 4.90844790e+01 4.90844790e+01 4.90844790e+01 4.90844790e+01 4.90844790e+01 4.90844790e+01 4.90844790e+01 4.90844790e+01 
1.00000000e+06 1.00000000e+06 1.00000000e+06 1.00000000e+06 1.00000000e+06 1.00000000e+06 1.00000000e+06 1.00000000e+06 1.00000000e+06 1.00000000e+06 1.00000000e+06 1.00000000e+06 1.00000000e+06 1.00000000e+06 1.00000000e+06 1.00000000e+06 1.00000000e+06 1.00000000e+06 1.00000000e+06 1.00000000e+06 1.00000000e+06 1.00000000e+06 1.00000000e+06 1.00000000e+06 1.00000000e+06 1.00000000e+06 1.00000000e+06 1.00000000e+06 1.00000000e+06 1.00000000e+06 
