9.91289883e+01 9.67373714e+01 1.09442202e+02 9.07908785e+01 1.03528192e+02 1.06610756e+02 9.49459216e+01 8.90227282e+01 9.82500656e+01 9.48098955e+01 8.95462895e+01 9.28506757e+01 5.23257926e+01 8.43947389e+01 8.00596522e+01 1.16239620e+02 8.94809879e+01 9.87189518e+01 1.03455508e+02 9.63465618e+01 8.73764939e+01 1.06398103e+02 7.87709507e+01 8.77404310e+01 9.82792334e+01 9.59205384e+01 9.15633214e+01 1.00016241e+02 8.44457164e+01 9.76367744e+01 
6.79611413e+01 9.61440114e+01 9.12282755e+01 6.43761619e+01 8.98845622e+01 8.97746595e+01 8.74539809e+01 7.95276949e+01 6.06980232e+01 7.76748113e+01 8.95462895e+01 9.15665385e+01 5.23257926e+01 8.43947389e+01 8.00596522e+01 7.81894499e+01 8.94809879e+01 8.81062904e+01 9.62796033e+01 9.63465618e+01 8.62310893e+01 9.17738068e+01 7.87709507e+01 8.77404310e+01 9.36862327e+01 8.66572747e+01 9.15633214e+01 7.25097059e+01 7.27984228e+01 8.58065900e+01 
6.79611413e+01 9.60230832e+01 8.52213331e+01 6.43761619e+01 8.98845622e+01 8.36350371e+01 8.61491827e+01 6.94204161e+01 6.06980232e+01 7.76748113e+01 8.95462895e+01 8.94628090e+01 5.23257926e+01 8.43947389e+01 8.00596522e+01 7.81894499e+01 7.89800129e+01 7.23432292e+01 9.40494427e+01 7.26806603e+01 8.62310893e+01 7.03274638e+01 7.87709507e+01 7.60000341e+01 8.76012663e+01 8.10885082e+01 8.33998767e+01 7.25097059e+01 7.27984228e+01 8.58065900e+01 
6.79611413e+01 5.57952758e+01 8.52213331e+01 6.43761619e+01 8.98845622e+01 6.18502917e+01 8.41488586e+01 6.94204161e+01 6.06980232e+01 7.76748113e+01 8.87499729e+01 7.99058152e+01 5.23257926e+01 8.43947389e+01 8.00596522e+01 7.81894499e+01 7.86020605e+01 7.23432292e+01 7.15004825e+01 7.26806603e+01 8.62310893e+01 7.03274638e+01 7.87709507e+01 7.04365890e+01 6.91708296e+01 8.08303784e+01 8.12732641e+01 6.10769241e+01 6.80994715e+01 7.12508755e+01 
5.85905829e+01 5.44356190e+01 5.78290582e+01 6.43761619e+01 7.11016894e+01 6.18502917e+01 8.02006152e+01 6.34105037e+01 6.06980232e+01 5.57671046e+01 6.49799569e+01 7.31582492e+01 5.23257926e+01 6.07468664e+01 6.57227754e+01 5.10439215e+01 7.50349189e+01 6.48763784e+01 6.97088956e+01 5.92391224e+01 7.44881022e+01 6.45756515e+01 6.95501860e+01 7.04365890e+01 6.91708296e+01 5.83589218e+01 6.49026283e+01 6.10769241e+01 6.69340271e+01 7.12508755e+01 
5.85905829e+01 5.44356190e+01 5.65215448e+01 6.43761619e+01 6.00511621e+01 6.18502917e+01 7.14916711e+01 5.46425834e+01 6.06980232e+01 5.57671046e+01 5.35300301e+01 5.53347785e+01 5.23257926e+01 6.07468664e+01 5.41389786e+01 5.10439215e+01 7.19039779e+01 6.44722565e+01 6.90881738e+01 5.86907932e+01 6.63759091e+01 5.95306531e+01 5.89680446e+01 6.98294708e+01 6.59458492e+01 5.83589218e+01 4.72370697e+01 6.10769241e+01 6.23663860e+01 5.11477867e+01 
5.85905829e+01 5.44356190e+01 5.51750271e+01 4.90609063e+01 6.00511621e+01 5.12820727e+01 6.82448757e+01 5.46425834e+01 6.06980232e+01 5.57671046e+01 5.05545710e+01 5.53347785e+01 5.23257926e+01 5.68751266e+01 5.41389786e+01 5.10439215e+01 5.06483637e+01 5.09372779e+01 6.23244662e+01 5.76747223e+01 6.30823292e+01 5.83516580e+01 3.79244221e+01 4.10658123e+01 5.88922487e+01 5.72353400e+01 4.72370697e+01 5.79702773e+01 5.99566943e+01 5.11477867e+01 
4.72587442e+01 5.44356190e+01 4.74653052e+01 4.90609063e+01 6.00511621e+01 5.12820727e+01 6.36328677e+01 5.46425834e+01 5.98379297e+01 4.38853007e+01 4.41528075e+01 4.73028017e+01 4.49937298e+01 4.47584852e+01 5.41389786e+01 4.33554686e+01 5.06483637e+01 5.09372779e+01 5.54040919e+01 4.82914837e+01 5.41716899e+01 4.17641930e+01 3.79244221e+01 4.10658123e+01 5.88922487e+01 5.12708307e+01 4.72370697e+01 5.79702773e+01 5.81897005e+01 4.38156767e+01 
4.72587442e+01 5.22124753e+01 3.56418822e+01 4.90609063e+01 5.41407303e+01 3.73562879e+01 4.50342605e+01 4.89677085e+01 5.12387976e+01 3.91456841e+01 4.41528075e+01 4.47144464e+01 4.49937298e+01 3.90108992e+01 4.18409588e+01 4.11032038e+01 4.51844681e+01 5.09372779e+01 3.35724417e+01 4.55590949e+01 4.91880024e+01 3.68479117e+01 3.79244221e+01 4.10658123e+01 5.75196389e+01 4.34180319e+01 4.64491066e+01 5.04139909e+01 3.71180245e+01 4.38156767e+01 
3.48556196e+01 4.06010546e+01 3.56418822e+01 4.90609063e+01 3.88825754e+01 3.73562879e+01 3.30453572e+01 4.65240470e+01 3.80100394e+01 3.91456841e+01 4.41528075e+01 4.47144464e+01 3.76200931e+01 2.61345979e+01 4.12945285e+01 4.11032038e+01 4.27616698e+01 3.80671626e+01 2.89779711e+01 4.17441349e+01 4.60912634e+01 3.68479117e+01 3.76443306e+01 4.10658123e+01 4.44704232e+01 4.34180319e+01 4.04640093e+01 4.38171611e+01 3.71180245e+01 4.16277794e+01 
2.09812384e+01 3.17730354e+01 3.56418822e+01 2.25192724e+01 3.37379719e+01 3.73562879e+01 2.66762208e+01 2.99145564e+01 2.64315007e+01 3.77330396e+01 3.63999432e+01 2.36427436e+01 2.94885849e+01 2.61345979e+01 2.64506078e+01 2.64774893e+01 3.98563380e+01 3.17226162e+01 2.89779711e+01 2.80307940e+01 2.92972801e+01 2.94416701e+01 3.76443306e+01 2.83436637e+01 3.37685094e+01 2.50930037e+01 3.15166742e+01 1.96758493e+01 3.67801474e+01 2.72883504e+01 
1.26611602e+01 2.06924529e+01 1.36554704e+01 1.37566746e+01 2.02258799e+01 1.58513253e+01 2.02251277e+01 1.87061479e+01 1.87526994e+01 1.82078903e+01 1.93561713e+01 1.37916740e+01 1.86518199e+01 1.47844106e+01 1.66826005e+01 1.49336555e+01 1.56801228e+01 1.67497396e+01 2.15512727e+01 1.41221358e+01 2.27155855e+01 1.64933244e+01 2.07672231e+01 1.57479084e+01 1.92148819e+01 2.50930037e+01 1.68038631e+01 1.54090077e+01 1.57857298e+01 1.73418950e+01 
8.74644106e+00 1.42904790e+01 7.84099373e+00 9.74305244e+00 1.07414811e+01 1.13876871e+01 7.87536409e+00 8.14872977e+00 4.62687541e+00 1.48453810e+01 9.05357267e+00 1.31399188e+01 7.89772089e+00 8.96194263e+00 6.71450794e+00 4.82568350e+00 8.08365684e+00 1.00747525e+01 1.15134453e+01 6.22181447e+00 7.19943653e+00 9.88323721e+00 8.01298917e+00 7.50267679e+00 1.34103075e+01 1.07093871e+01 1.08416656e+01 9.82581984e+00 8.66442506e+00 1.02802590e+01 
2.51496545e+00 4.33258419e+00 5.61708510e+00 3.09030964e+00 4.42666129e+00 2.98487742e+00 5.67499510e+00 2.00610508e+00 3.01410133e+00 2.98626130e+00 6.18322095e+00 4.14299850e+00 4.64252777e+00 3.69250483e+00 3.11949035e+00 3.87784503e+00 1.91682759e+00 3.70752512e+00 3.68479623e+00 3.26468749e+00 4.37727103e+00 4.22482393e+00 3.15362714e+00 9.95027225e-01 7.40368162e+00 3.55159395e+00 9.53648604e-01 4.76451005e+00 4.35319735e+00 6.29028300e+00 
1.06178912e+00 3.03986269e+00 3.02886310e+00 2.98487717e+00 2.06506510e+00 2.98487717e+00 3.18359153e+00 1.02335690e+00 1.33123381e+00 2.98487717e+00 2.10668622e+00 3.97983623e+00 3.00898794e+00 1.05338878e+00 2.05778698e+00 2.03019912e+00 1.13050465e+00 2.99627889e+00 2.21213504e+00 2.10081063e+00 3.03440394e+00 3.14026872e+00 2.09112305e+00 9.94959057e-01 3.02982953e+00 2.00873841e+00 9.62417382e-02 2.04917343e+00 3.09300105e+00 3.09726229e+00 
9.95071005e-01 2.98498755e+00 2.98491487e+00 2.98487717e+00 1.98997378e+00 2.98487717e+00 2.98502050e+00 9.95014329e-01 9.95054939e-01 2.98487717e+00 1.99011299e+00 3.97983623e+00 2.98499212e+00 9.95017852e-01 1.99076223e+00 1.98994697e+00 9.95119780e-01 2.98498916e+00 1.99013289e+00 1.99013264e+00 2.98490860e+00 2.98494816e+00 1.98998535e+00 9.94959057e-01 2.98490908e+00 1.98999881e+00 7.25604458e-05 1.99013397e+00 2.98489560e+00 2.98496101e+00 
2.00000000e+05 2.00000000e+05 2.00000000e+05 2.00000000e+05 2.00000000e+05 2.00000000e+05 2.00000000e+05 2.00000000e+05 2.00000000e+05 2.00000000e+05 2.00000000e+05 2.00000000e+05 2.00000000e+05 2.00000000e+05 2.00000000e+05 2.00000000e+05 2.00000000e+05 2.00000000e+05 2.00000000e+05 2.00000000e+05 2.00000000e+05 2.00000000e+05 2.00000000e+05 2.00000000e+05 2.00000000e+05 2.00000000e+05 2.00000000e+05 2.00000000e+05 2.00000000e+05 2.00000000e+05 
