2.96353657e+07 4.21315456e+08 8.88064442e+07 3.74758286e+08 1.16678617e+08 5.55729112e+08 1.14006430e+08 2.27333157e+08 1.54124376e+08 4.22005573e+08 1.76708919e+08 2.22247352e+08 2.59631481e+08 2.21975698e+08 2.73964253e+08 2.04214454e+08 1.02176191e+08 1.61392169e+08 4.52758009e+08 4.65618965e+08 1.62225473e+08 3.47773792e+08 6.99378309e+08 1.95297165e+08 2.91865931e+08 1.18709661e+08 6.62837879e+07 1.30562530e+08 1.02431767e+08 4.73897112e+08 
2.33289317e+07 1.28230327e+08 2.72337051e+07 4.52448361e+07 1.16678617e+08 2.03426972e+08 1.14006430e+08 7.92997036e+07 1.54124376e+08 1.34951353e+08 1.76708919e+08 2.22247352e+08 1.30737953e+08 2.18195012e+08 1.20923616e+08 4.45657033e+07 6.95738471e+07 1.61392169e+08 3.18939071e+08 4.21507771e+08 1.57432600e+08 3.27707555e+08 8.28048473e+07 1.95297165e+08 1.18953403e+08 1.18709661e+08 6.62837879e+07 1.30562530e+08 6.68547115e+07 4.73897112e+08 
2.33289317e+07 1.28230327e+08 1.13181720e+07 4.52448361e+07 7.43182658e+07 4.38302958e+07 6.32658115e+07 6.80227863e+07 4.51867322e+06 2.53172099e+07 1.76708919e+08 2.22247352e+08 4.84998488e+07 7.18356408e+07 6.94887918e+07 4.45657033e+07 6.95738471e+07 1.61392169e+08 1.07456144e+08 9.21116484e+07 1.57432600e+08 3.47792319e+07 5.84244206e+07 1.95297165e+08 1.18953403e+08 5.22384350e+07 6.62837879e+07 8.05556880e+07 6.68547115e+07 5.93840136e+07 
2.33289317e+07 1.28230327e+08 1.13181720e+07 1.71807679e+07 7.43182658e+07 4.38302958e+07 4.46791122e+07 6.80227863e+07 4.51867322e+06 2.53172099e+07 6.47203742e+07 1.01514400e+08 4.84998488e+07 7.18356408e+07 6.94887918e+07 2.87481523e+07 2.90746571e+07 1.61392169e+08 1.07456144e+08 9.21116484e+07 9.88367061e+07 9.34013570e+06 5.84244206e+07 2.97993743e+07 3.12681707e+07 1.12938998e+07 6.62837879e+07 8.05556880e+07 6.68547115e+07 5.93840136e+07 
2.33289317e+07 3.70234611e+06 1.13181720e+07 1.71807679e+07 5.89980267e+07 2.85941069e+07 1.55551264e+07 1.03759248e+07 4.51867322e+06 3.55724049e+05 9.75000245e+06 3.18337096e+07 1.83674447e+07 3.16358144e+07 2.19835141e+07 2.00300220e+07 2.90746571e+07 5.51674773e+07 3.48090426e+07 1.80041867e+07 1.70871679e+07 9.94192495e+05 1.49147328e+07 2.97993743e+07 2.69204870e+07 1.12938998e+07 2.46080731e+07 1.13165327e+07 4.95764906e+07 2.56921278e+07 
1.26123903e+07 3.70234611e+06 5.59856894e+06 1.11187952e+07 2.04397196e+06 1.32969914e+07 1.37484060e+07 1.03759248e+07 4.51867322e+06 3.55724049e+05 9.75000245e+06 1.34021796e+07 9.85059301e+06 1.33993194e+07 2.19835141e+07 1.08792982e+07 1.25001485e+07 4.19913023e+06 1.60530399e+07 1.97592760e+06 3.28224269e+06 9.94192495e+05 9.72360976e+05 2.14743117e+07 2.83482371e+06 1.12938998e+07 1.77988775e+07 8.66249957e+06 7.24977019e+06 7.90655278e+06 
8.13227805e+06 3.70234611e+06 5.59856894e+06 8.20209122e+06 2.04397196e+06 3.17472514e+06 3.97558987e+06 8.05442934e+06 2.79144704e+06 3.55724049e+05 5.64482209e+06 9.00601876e+06 5.85601698e+06 3.61294422e+06 2.85040693e+06 2.58688459e+06 4.16248803e+06 3.73066699e+06 4.65459993e+06 1.38674246e+06 3.28224269e+06 9.94192495e+05 9.72360976e+05 6.15073566e+06 2.83482371e+06 1.12938998e+07 1.36807171e+06 9.53196174e+05 5.22262710e+06 1.94039415e+06 
1.87039499e+06 6.13857612e+05 1.06504103e+06 4.73451321e+05 7.58259123e+05 1.03578928e+06 6.67993520e+05 6.27057202e+05 1.14085517e+06 3.55724049e+05 3.90306266e+05 1.46327384e+06 2.53682688e+06 1.87086552e+06 2.38439378e+06 1.04117535e+06 2.45421870e+06 1.33090010e+06 2.01466527e+06 1.04405573e+06 2.22911759e+06 9.94192495e+05 4.55296621e+05 5.30993080e+05 1.06554280e+06 5.41751251e+05 1.36807171e+06 7.95344191e+05 1.92962449e+05 2.64630355e+05 
2.38485146e+05 1.70928152e+05 7.63236675e+04 1.76320161e+05 6.44666463e+04 7.53762897e+04 4.64321970e+04 9.80533741e+04 6.14856300e+05 2.60700828e+04 1.77636906e+05 1.02454628e+05 1.32473998e+05 5.30598897e+05 7.67184091e+04 6.11931569e+04 2.95483921e+05 2.16132198e+04 8.38663145e+04 1.50013338e+05 4.33304644e+04 2.00738440e+05 2.33844198e+05 2.21111793e+04 3.88671529e+04 4.13794957e+04 3.86856139e+04 5.42267646e+04 5.73511251e+04 9.40474429e+04 
1.98625471e+03 3.78692737e+03 1.82884081e+03 2.42360999e+02 1.04726159e+03 8.22840480e+02 2.84834773e+03 1.13486014e+03 6.16831605e+03 1.08626129e+03 2.35414016e+03 1.35590180e+03 1.23792785e+03 1.31284686e+03 1.16166466e+03 1.55273383e+03 9.19545825e+02 9.68929499e+02 2.44457248e+03 9.06089493e+02 1.79720832e+03 5.34849162e+03 2.11230658e+03 1.76407260e+02 9.11778747e+02 8.61696130e+02 9.17532700e+02 1.05614577e+03 1.26876632e+03 2.48420684e+03 
4.79157419e+01 6.34170941e+01 3.94082568e+01 2.28732488e+01 2.01993974e+01 3.04453865e+01 2.76329164e+01 3.64984248e+01 5.38332872e+01 2.08578698e+01 2.94771355e+01 2.34492044e+01 4.47351425e+01 3.52875495e+01 5.31410648e+01 2.64635876e+01 3.80053505e+01 1.03107130e+01 4.36479513e+01 3.62738674e+01 2.77046547e+01 4.35507519e+01 5.33600117e+01 2.41224814e+01 6.06325973e+01 2.55245337e+01 3.08721174e+01 1.56424133e+01 1.23573777e+01 4.60979956e+01 
1.95879682e+00 2.82577835e+00 1.79192412e+00 1.27215069e+00 1.08488791e+00 1.00650943e+00 2.28117087e+00 2.07227510e+00 2.46875765e+00 1.30683079e+00 1.84300324e+00 1.45397024e+00 1.63184353e+00 1.74388508e+00 1.34983579e+00 1.46958451e+00 1.73324413e+00 1.85710733e+00 2.52385467e+00 1.86274440e+00 1.53241332e+00 2.23651039e+00 2.26601193e+00 1.82130468e+00 2.47713406e+00 2.13206946e+00 1.28127068e+00 1.68134663e+00 1.09376122e+00 2.27284055e+00 
5.94553122e-01 5.28780866e-01 4.60596657e-01 4.81334969e-01 5.06159897e-01 5.19343765e-01 5.56192375e-01 4.15735384e-01 5.92032029e-01 3.16630016e-01 5.03616012e-01 3.47761305e-01 4.52089256e-01 4.83533930e-01 4.02697559e-01 4.75285627e-01 4.86964942e-01 5.19250691e-01 5.48201832e-01 6.59502263e-01 4.96249999e-01 5.13973491e-01 5.05402637e-01 5.07326996e-01 4.56143743e-01 3.01374576e-01 5.05505905e-01 4.09712935e-01 5.01965600e-01 4.35767242e-01 
4.81707335e-01 4.25049909e-01 4.25148159e-01 4.66803289e-01 4.78313397e-01 4.12428276e-01 4.80949451e-01 1.99598718e-01 3.57699778e-01 1.28942412e-01 4.49919054e-01 7.67306310e-02 1.98722434e-01 3.82989932e-01 1.28677142e-01 3.36973900e-01 4.41026951e-01 4.62603937e-01 4.76502680e-01 4.99912869e-01 4.81496349e-01 4.95530572e-01 4.99956390e-01 4.93383331e-01 2.48075592e-01 1.02255957e-01 4.07981323e-01 2.41428143e-01 4.92969951e-01 2.51822077e-01 
4.53739154e-01 3.70391004e-01 3.50462945e-01 4.49243157e-01 4.57611735e-01 3.31410363e-01 4.59267227e-01 5.75283344e-02 1.92191823e-01 6.29025677e-02 4.16232781e-01 2.53400295e-02 1.05290838e-01 3.18488160e-01 5.96066231e-02 2.26665482e-01 3.70714310e-01 4.27965713e-01 4.42830355e-01 4.99713873e-01 4.51677889e-01 4.91349870e-01 4.99877941e-01 4.89791224e-01 1.32249217e-01 4.52390479e-02 3.13032664e-01 1.94441335e-01 4.87989238e-01 1.79981083e-01 
4.40532677e-01 3.69995248e-01 3.48557147e-01 4.49169536e-01 4.55352347e-01 3.22393150e-01 4.53684122e-01 5.18736832e-02 1.92047211e-01 4.31773375e-02 4.01494810e-01 8.20936907e-03 7.05631412e-02 3.08159235e-01 5.67406638e-02 1.98654745e-01 3.70615765e-01 4.20152297e-01 4.41501624e-01 4.99676039e-01 4.49703917e-01 4.89613951e-01 4.99869272e-01 4.86208523e-01 1.30033454e-01 4.28453524e-02 3.01345205e-01 1.72351488e-01 4.85373505e-01 1.77420708e-01 
2.00000000e+05 2.00000000e+05 2.00000000e+05 2.00000000e+05 2.00000000e+05 2.00000000e+05 2.00000000e+05 2.00000000e+05 2.00000000e+05 2.00000000e+05 2.00000000e+05 2.00000000e+05 2.00000000e+05 2.00000000e+05 2.00000000e+05 2.00000000e+05 2.00000000e+05 2.00000000e+05 2.00000000e+05 2.00000000e+05 2.00000000e+05 2.00000000e+05 2.00000000e+05 2.00000000e+05 2.00000000e+05 2.00000000e+05 2.00000000e+05 2.00000000e+05 2.00000000e+05 2.00000000e+05 
