1.10972475e+03 1.15851344e+03 1.59197514e+03 6.37577321e+02 1.07132889e+03 1.04702307e+03 1.45082475e+03 1.68797639e+03 1.44091919e+03 2.01902348e+03 1.82734877e+03 1.42211879e+03 1.11191270e+03 1.47280223e+03 4.23277219e+02 1.61639854e+03 1.13902172e+03 6.89717449e+02 1.59098209e+03 4.68969566e+02 1.60669395e+03 1.41417416e+03 1.08283134e+03 5.19437397e+02 5.89611559e+02 1.42336568e+03 1.47113557e+03 9.25628672e+02 1.50589470e+03 1.32137882e+03 
1.10972475e+03 1.15851344e+03 1.51965369e+03 6.05543872e+02 8.12010259e+02 1.04702307e+03 1.07865636e+03 1.51496908e+03 9.55866658e+02 1.23535807e+03 1.62298821e+03 1.28083129e+03 1.11191270e+03 6.93559165e+02 4.23277219e+02 9.88592126e+02 7.89175223e+02 6.89717449e+02 1.52951252e+03 4.68969566e+02 1.05175457e+03 9.04375208e+02 8.96467250e+02 5.19437397e+02 4.73175085e+02 5.85925071e+02 1.03031257e+03 9.25628672e+02 9.47868189e+02 7.50642273e+02 
1.10972475e+03 8.82389407e+02 9.14059651e+02 6.05543872e+02 5.73145693e+02 6.67920803e+02 1.07865636e+03 9.66478425e+02 6.02477657e+02 8.44396664e+02 1.62298821e+03 1.02536337e+03 6.19574753e+02 5.42123101e+02 4.23277219e+02 7.17682868e+02 7.79814034e+02 5.99261540e+02 1.37524677e+03 4.68969566e+02 1.05175457e+03 3.18951299e+02 4.01648069e+02 5.19437397e+02 4.73175085e+02 5.85925071e+02 8.58979799e+02 7.82020881e+02 9.47868189e+02 5.41497972e+02 
1.03046346e+03 6.53318908e+02 7.18491392e+02 3.23423806e+02 5.73145693e+02 3.17418407e+02 1.04489087e+03 9.66478425e+02 5.61181309e+02 6.12124652e+02 1.10896224e+03 9.93812526e+02 6.19574753e+02 5.42123101e+02 4.23277219e+02 7.17682868e+02 6.61725848e+02 3.64876334e+02 7.44586872e+02 4.68969566e+02 4.87130975e+02 3.18951299e+02 4.01648069e+02 5.19437397e+02 3.30825169e+02 4.02618241e+02 6.67583307e+02 3.30563670e+02 5.88437652e+02 4.59539281e+02 
3.46022922e+02 3.05952468e+02 4.19193669e+02 2.16124458e+02 2.45376784e+02 3.17418407e+02 3.46810092e+02 4.87081710e+02 3.09325560e+02 3.29317421e+02 4.72336533e+02 3.32387167e+02 2.72138010e+02 4.00289078e+02 2.23458939e+02 4.35475012e+02 3.97695453e+02 3.64876334e+02 5.85652845e+02 2.94775498e+02 2.87818796e+02 3.18951299e+02 2.75531195e+02 2.59930352e+02 3.30825169e+02 2.96030069e+02 3.12977069e+02 3.30563670e+02 3.99922203e+02 3.80254460e+02 
2.81185505e+02 2.14453172e+02 3.00988731e+02 2.02336050e+02 1.91894690e+02 2.04443851e+02 2.48697102e+02 2.72769782e+02 2.14208770e+02 2.15613217e+02 3.09299641e+02 2.39761497e+02 2.63064561e+02 2.21740056e+02 1.98391217e+02 2.43676081e+02 2.43227654e+02 1.89007791e+02 2.68775674e+02 2.27876186e+02 2.37844453e+02 2.82466441e+02 2.57832470e+02 2.20900812e+02 2.71376257e+02 2.51191252e+02 2.47456427e+02 2.43375375e+02 2.20522172e+02 2.71245076e+02 
2.00751048e+02 1.97529336e+02 1.91844128e+02 1.99632895e+02 1.91236149e+02 1.98195161e+02 1.96847568e+02 1.90935602e+02 1.79076285e+02 1.77911225e+02 2.17652322e+02 2.12659679e+02 2.16404865e+02 1.94419934e+02 1.84825007e+02 1.85516024e+02 2.02492221e+02 1.88715507e+02 2.47958280e+02 1.90841622e+02 1.83292950e+02 1.99125732e+02 1.78147196e+02 2.02125333e+02 2.04210193e+02 1.83537068e+02 1.82371297e+02 1.96585935e+02 1.87094798e+02 1.89214227e+02 
1.78759521e+02 1.63761115e+02 1.69313664e+02 1.61887848e+02 1.64696544e+02 1.66311772e+02 1.61508823e+02 1.69314923e+02 1.65704332e+02 1.63048060e+02 1.89437658e+02 1.65859154e+02 1.73733018e+02 1.73197461e+02 1.65586409e+02 1.75363791e+02 1.64635001e+02 1.58477327e+02 1.83429406e+02 1.71842425e+02 1.71246504e+02 1.78373224e+02 1.63357339e+02 1.62838108e+02 1.69109694e+02 1.61479707e+02 1.68315537e+02 1.67982088e+02 1.63450027e+02 1.67027667e+02 
1.53663627e+02 1.32334178e+02 1.45559511e+02 1.15005846e+02 1.32570728e+02 1.52342485e+02 1.54000541e+02 1.52331080e+02 1.13899728e+02 1.25536590e+02 1.57923689e+02 1.41950820e+02 1.48215602e+02 1.43778135e+02 1.47050922e+02 1.38776476e+02 1.45972544e+02 1.46749890e+02 1.58413833e+02 1.52857992e+02 1.48551003e+02 1.54916736e+02 1.14089430e+02 1.46109463e+02 9.59399442e+01 1.41557883e+02 1.18114310e+02 1.48016370e+02 1.52833564e+02 1.48961768e+02 
2.15800480e+01 1.42934185e+01 2.35461240e+01 1.03850088e+01 1.31506625e+01 1.99180239e+01 2.46281081e+01 1.94895025e+01 1.32261093e+01 2.03008820e+01 5.77018236e+01 1.49555706e+01 2.10043456e+01 1.80478824e+01 1.70112708e+01 2.19836299e+01 1.91829961e+01 1.89356286e+01 3.27219834e+01 1.72843577e+01 2.34879200e+01 2.40675594e+01 1.60045116e+01 1.99063813e+01 7.46069057e+00 1.47928392e+01 1.31843544e+01 1.75963598e+01 2.68899719e+01 2.01592170e+01 
4.41150324e-01 3.18957819e-01 4.92715590e-01 5.41766938e-01 4.59155183e-01 5.70645978e-01 7.96222306e-01 4.15883610e-01 1.78025032e-01 6.65816472e-01 1.28385162e+00 3.98077669e-01 5.01599889e-01 6.08865216e-01 5.52535027e-01 5.77259739e-01 5.30106439e-01 6.71808677e-01 1.03872840e+00 4.87355411e-01 3.72733799e-01 6.11137257e-01 3.22223187e-01 5.01198996e-01 3.11813228e-01 3.20073049e-01 4.55537342e-01 3.98385814e-01 6.70228766e-01 6.29601662e-01 
6.27941688e-04 5.61134111e-04 1.25782624e-03 9.92974704e-04 6.94661774e-04 1.07213533e-03 1.48555239e-03 8.58570650e-04 8.27855701e-04 1.24429770e-03 1.82095490e-03 5.85948731e-04 9.65463962e-04 1.47963332e-03 1.09383997e-03 5.87652141e-04 7.21504605e-04 3.60780380e-04 1.60231347e-03 6.21402005e-04 1.00988770e-03 1.34469851e-03 9.83174614e-04 6.45167635e-04 7.92724917e-04 8.94354529e-04 6.70825698e-04 9.89393499e-04 1.46131129e-03 1.13719134e-03 
1.34177753e-08 1.94463610e-08 2.10475264e-08 1.27338353e-08 1.17788659e-08 2.69178599e-08 3.30278453e-08 1.36651579e-08 1.23627615e-08 3.97071744e-08 5.80266715e-08 1.00000000e-08 2.03572199e-08 2.80024324e-08 2.39906512e-08 2.04099706e-08 2.03112904e-08 1.29339242e-08 3.59750629e-08 2.68682925e-08 1.35123628e-08 4.17048795e-08 1.22113306e-08 1.53204383e-08 1.19343895e-08 2.10357030e-08 9.99989425e-09 1.03332241e-08 3.30210241e-08 1.70907697e-08 
1.00000000e-08 1.00000000e-08 1.00000000e-08 1.00000000e-08 1.00000000e-08 1.00000000e-08 1.00000000e-08 1.00000000e-08 1.00000000e-08 1.00000000e-08 1.00000000e-08 1.00000000e-08 1.00000000e-08 1.00000000e-08 1.00000000e-08 1.00000000e-08 1.00000000e-08 1.00000000e-08 1.00000000e-08 1.00000000e-08 1.00000000e-08 1.00000000e-08 1.00000000e-08 1.00000000e-08 1.00000000e-08 1.00000000e-08 1.00000000e-08 1.00000000e-08 1.00000000e-08 1.00000000e-08 
1.00000000e-08 1.00000000e-08 1.00000000e-08 1.00000000e-08 1.00000000e-08 1.00000000e-08 1.00000000e-08 1.00000000e-08 1.00000000e-08 1.00000000e-08 1.00000000e-08 1.00000000e-08 1.00000000e-08 1.00000000e-08 1.00000000e-08 1.00000000e-08 1.00000000e-08 1.00000000e-08 1.00000000e-08 1.00000000e-08 1.00000000e-08 1.00000000e-08 1.00000000e-08 1.00000000e-08 1.00000000e-08 1.00000000e-08 1.00000000e-08 1.00000000e-08 1.00000000e-08 1.00000000e-08 
1.00000000e-08 1.00000000e-08 1.00000000e-08 1.00000000e-08 1.00000000e-08 1.00000000e-08 1.00000000e-08 1.00000000e-08 1.00000000e-08 1.00000000e-08 1.00000000e-08 1.00000000e-08 1.00000000e-08 1.00000000e-08 1.00000000e-08 1.00000000e-08 1.00000000e-08 1.00000000e-08 1.00000000e-08 1.00000000e-08 1.00000000e-08 1.00000000e-08 1.00000000e-08 1.00000000e-08 1.00000000e-08 1.00000000e-08 1.00000000e-08 1.00000000e-08 1.00000000e-08 1.00000000e-08 
5.09070000e+04 5.11750000e+04 5.17910000e+04 5.09730000e+04 5.08820000e+04 5.09030000e+04 5.26470000e+04 5.11440000e+04 5.11460000e+04 5.21610000e+04 5.25650000e+04 5.01540000e+04 5.14460000e+04 5.20310000e+04 5.20510000e+04 5.14550000e+04 5.17630000e+04 5.07940000e+04 5.23340000e+04 5.14130000e+04 5.12720000e+04 5.30200000e+04 5.08480000e+04 5.08570000e+04 5.06990000e+04 5.14610000e+04 5.02370000e+04 5.08820000e+04 5.17130000e+04 5.20820000e+04 
