8.34457190e+02 9.67969505e+02 8.96012060e+02 9.89899830e+02 1.09391224e+03 1.12817001e+03 1.17354779e+03 1.02646434e+03 1.17565942e+03 9.47233079e+02 1.08279707e+03 8.68157663e+02 1.00028122e+03 9.86803966e+02 1.07172164e+03 1.04881100e+03 1.00256655e+03 8.77459913e+02 1.04733915e+03 1.04747453e+03 1.04868801e+03 1.06587162e+03 1.31810478e+03 9.84299439e+02 8.63897114e+02 1.05158720e+03 1.10178311e+03 1.04654769e+03 1.22731596e+03 9.34529954e+02 
8.34457190e+02 9.21966296e+02 8.96012060e+02 9.89899830e+02 1.05988228e+03 1.12817001e+03 1.11256362e+03 1.02646434e+03 1.08191517e+03 9.47233079e+02 9.79275973e+02 6.05118046e+02 9.89790534e+02 9.86803966e+02 8.02669463e+02 1.04881100e+03 9.76481112e+02 8.77459913e+02 1.01825435e+03 1.04747453e+03 9.87999544e+02 1.05279976e+03 1.15807852e+03 9.84299439e+02 8.63897114e+02 9.11561462e+02 1.06843081e+03 1.04654769e+03 7.57357003e+02 9.34529954e+02 
8.34457190e+02 9.21966296e+02 7.84260754e+02 7.11592634e+02 1.05988228e+03 1.10019374e+03 9.80155156e+02 1.02450013e+03 9.41980741e+02 9.47233079e+02 9.11589493e+02 6.05118046e+02 8.11537024e+02 9.86803966e+02 8.02669463e+02 8.84191668e+02 9.76481112e+02 7.11334242e+02 9.09934160e+02 9.72345497e+02 9.16566705e+02 7.29943694e+02 1.04280876e+03 8.72175552e+02 8.63897114e+02 9.11561462e+02 9.87023972e+02 8.24018839e+02 7.09630160e+02 9.34529954e+02 
5.86879637e+02 8.40303150e+02 7.84260754e+02 6.99911151e+02 9.67723126e+02 1.03686534e+03 8.84796177e+02 8.25158313e+02 8.65808467e+02 9.07233016e+02 8.17082338e+02 6.05118046e+02 8.11537024e+02 9.86803966e+02 8.02669463e+02 8.10860129e+02 7.55328740e+02 6.19532080e+02 8.33416375e+02 6.53447666e+02 9.16566705e+02 7.29943694e+02 8.20575439e+02 8.72175552e+02 8.63897114e+02 6.54378124e+02 7.64414719e+02 8.17924095e+02 7.09630160e+02 9.34529954e+02 
5.86879637e+02 6.26878537e+02 7.84260754e+02 6.99911151e+02 7.84334096e+02 9.56422461e+02 8.84796177e+02 6.62092041e+02 7.22898923e+02 6.61251584e+02 7.30942825e+02 6.05118046e+02 8.11537024e+02 9.01983278e+02 7.30488390e+02 6.78831759e+02 6.50647997e+02 6.19532080e+02 7.88172528e+02 6.53447666e+02 8.44674283e+02 7.29943694e+02 6.98476952e+02 8.72175552e+02 8.63897114e+02 6.54378124e+02 7.64414719e+02 7.00625423e+02 7.06392741e+02 9.32533327e+02 
5.86879637e+02 5.73275910e+02 6.86542245e+02 6.50307714e+02 6.64596892e+02 7.08389180e+02 7.58584137e+02 6.62092041e+02 6.91301243e+02 6.61251584e+02 7.30942825e+02 6.05118046e+02 7.31814998e+02 7.21212072e+02 7.30488390e+02 6.34699248e+02 6.26699788e+02 6.19532080e+02 6.92756331e+02 6.53447666e+02 8.44674283e+02 6.59675664e+02 6.98476952e+02 6.25828169e+02 7.46033078e+02 6.35837795e+02 5.94509773e+02 7.00296806e+02 6.14206273e+02 7.14723910e+02 
4.94915235e+02 4.37274135e+02 4.18748266e+02 4.67622060e+02 4.76626915e+02 3.61102820e+02 4.95932457e+02 4.30795341e+02 4.10375746e+02 4.58189804e+02 4.72144336e+02 4.49621973e+02 4.87428133e+02 4.49937564e+02 4.28842570e+02 3.93590421e+02 4.64423388e+02 4.50715970e+02 4.68562192e+02 4.31406611e+02 4.50015075e+02 4.47358416e+02 4.33251014e+02 4.20339583e+02 4.76001757e+02 3.81906956e+02 4.31730196e+02 4.50142838e+02 4.21302600e+02 3.68148582e+02 
3.29957606e+02 3.34732499e+02 3.43284074e+02 3.51745483e+02 3.38620085e+02 3.22813835e+02 3.53860214e+02 3.21565720e+02 3.39923334e+02 3.60870849e+02 3.38195772e+02 3.24019195e+02 3.16629534e+02 3.35674293e+02 3.29869185e+02 3.30669562e+02 3.39518162e+02 3.21533084e+02 3.44610590e+02 3.13903612e+02 3.47189068e+02 3.31270880e+02 3.37565369e+02 3.50406565e+02 3.56331390e+02 3.22803262e+02 3.30213970e+02 3.34434106e+02 3.52648709e+02 3.27950819e+02 
2.78770664e+02 2.74337903e+02 2.71857054e+02 2.76139256e+02 2.78704065e+02 2.75692291e+02 2.87603092e+02 2.70325863e+02 2.60043230e+02 2.86914063e+02 2.74531537e+02 2.72633276e+02 2.73638063e+02 2.75952709e+02 2.77633655e+02 2.75543883e+02 2.76508939e+02 2.80038299e+02 2.71906181e+02 2.65612874e+02 2.84920590e+02 2.82832673e+02 2.84439834e+02 2.65824586e+02 2.78910762e+02 2.71991233e+02 2.66456577e+02 2.66996135e+02 2.82637085e+02 2.71121011e+02 
2.56109537e+02 2.47161511e+02 2.49705249e+02 2.46043027e+02 2.59243755e+02 2.50624419e+02 2.53263255e+02 2.49633155e+02 2.51955613e+02 2.53831329e+02 2.54367434e+02 2.48735462e+02 2.48505783e+02 2.47325284e+02 2.50815979e+02 2.46278708e+02 2.52305676e+02 2.51816723e+02 2.49894213e+02 2.44561459e+02 2.47813936e+02 2.48065864e+02 2.48777109e+02 2.54231257e+02 2.49350209e+02 2.52309338e+02 2.48483080e+02 2.51293714e+02 2.48533094e+02 2.45419089e+02 
2.40025813e+02 2.32522753e+02 2.32668244e+02 2.34369563e+02 2.45944865e+02 2.32499181e+02 2.35119824e+02 2.32703813e+02 2.32981772e+02 2.39220111e+02 2.38838533e+02 2.34527790e+02 2.34399885e+02 2.34559187e+02 2.35209100e+02 2.35294388e+02 2.36537378e+02 2.33031856e+02 2.34262173e+02 2.34995916e+02 2.35566065e+02 2.32446972e+02 2.32647969e+02 2.35614631e+02 2.34241166e+02 2.34351372e+02 2.32589213e+02 2.34536227e+02 2.34141857e+02 2.33055668e+02 
2.33974454e+02 2.32260315e+02 2.32260315e+02 2.33974301e+02 2.34414612e+02 2.32260315e+02 2.33974302e+02 2.31950644e+02 2.32260315e+02 2.33976271e+02 2.38047031e+02 2.33983961e+02 2.33974301e+02 2.33974301e+02 2.33974301e+02 2.33974771e+02 2.33974643e+02 2.31950648e+02 2.33983961e+02 2.34735991e+02 2.31951812e+02 2.32260315e+02 2.32260315e+02 2.31951847e+02 2.33983961e+02 2.33974301e+02 2.32260315e+02 2.33975108e+02 2.33974301e+02 2.31950648e+02 
2.33974301e+02 2.32260315e+02 2.32260315e+02 2.33974301e+02 2.33983961e+02 2.32260315e+02 2.33974301e+02 2.31950638e+02 2.32260315e+02 2.33974301e+02 2.38047030e+02 2.33983961e+02 2.33974301e+02 2.33974301e+02 2.33974301e+02 2.33974301e+02 2.33974301e+02 2.31950638e+02 2.33983961e+02 2.34735991e+02 2.31950638e+02 2.32260315e+02 2.32260315e+02 2.31950638e+02 2.33983961e+02 2.33974301e+02 2.32260315e+02 2.33974301e+02 2.33974301e+02 2.31950638e+02 
2.33974301e+02 2.32260315e+02 2.32260315e+02 2.33974301e+02 2.33983961e+02 2.32260315e+02 2.33974301e+02 2.31950638e+02 2.32260315e+02 2.33974301e+02 2.38047030e+02 2.33983961e+02 2.33974301e+02 2.33974301e+02 2.33974301e+02 2.33974301e+02 2.33974301e+02 2.31950638e+02 2.33983961e+02 2.34735991e+02 2.31950638e+02 2.32260315e+02 2.32260315e+02 2.31950638e+02 2.33983961e+02 2.33974301e+02 2.32260315e+02 2.33974301e+02 2.33974301e+02 2.31950638e+02 
2.33974301e+02 2.32260315e+02 2.32260315e+02 2.33974301e+02 2.33983961e+02 2.32260315e+02 2.33974301e+02 2.31950638e+02 2.32260315e+02 2.33974301e+02 2.38047030e+02 2.33983961e+02 2.33974301e+02 2.33974301e+02 2.33974301e+02 2.33974301e+02 2.33974301e+02 2.31950638e+02 2.33983961e+02 2.34735991e+02 2.31950638e+02 2.32260315e+02 2.32260315e+02 2.31950638e+02 2.33983961e+02 2.33974301e+02 2.32260315e+02 2.33974301e+02 2.33974301e+02 2.31950638e+02 
2.33974301e+02 2.32260315e+02 2.32260315e+02 2.33974301e+02 2.33983961e+02 2.32260315e+02 2.33974301e+02 2.31950638e+02 2.32260315e+02 2.33974301e+02 2.38047030e+02 2.33983961e+02 2.33974301e+02 2.33974301e+02 2.33974301e+02 2.33974301e+02 2.33974301e+02 2.31950638e+02 2.33983961e+02 2.34735991e+02 2.31950638e+02 2.32260315e+02 2.32260315e+02 2.31950638e+02 2.33983961e+02 2.33974301e+02 2.32260315e+02 2.33974301e+02 2.33974301e+02 2.31950638e+02 
1.00000000e+06 1.00000000e+06 1.00000000e+06 1.00000000e+06 1.00000000e+06 1.00000000e+06 1.00000000e+06 1.00000000e+06 1.00000000e+06 1.00000000e+06 1.00000000e+06 1.00000000e+06 1.00000000e+06 1.00000000e+06 1.00000000e+06 1.00000000e+06 1.00000000e+06 1.00000000e+06 1.00000000e+06 1.00000000e+06 1.00000000e+06 1.00000000e+06 1.00000000e+06 1.00000000e+06 1.00000000e+06 1.00000000e+06 1.00000000e+06 1.00000000e+06 1.00000000e+06 1.00000000e+06 
