7.12503441e+03 8.73158747e+03 7.84486325e+03 6.32474394e+03 6.54652330e+03 7.07828048e+03 7.27133873e+03 6.52573491e+03 7.04202168e+03 7.69608628e+03 8.11931490e+03 8.76103089e+03 5.60710917e+03 7.90397912e+03 8.50743528e+03 6.87462684e+03 7.77992000e+03 8.71586314e+03 7.89414794e+03 8.65477027e+03 6.73763596e+03 7.63852293e+03 5.45933776e+03 7.98127169e+03 7.23909819e+03 4.70414270e+03 8.02925324e+03 8.92030977e+03 8.67429188e+03 6.40994569e+03 
7.12503441e+03 7.55102173e+03 6.73440359e+03 5.95681686e+03 6.54652330e+03 6.87657860e+03 5.30246836e+03 6.52573491e+03 6.22207497e+03 5.98526053e+03 8.11931490e+03 7.66452528e+03 4.56781847e+03 6.57667308e+03 7.43155130e+03 6.87462684e+03 7.00006437e+03 5.66373200e+03 6.10503549e+03 6.22435627e+03 5.40904326e+03 7.63852293e+03 5.45933776e+03 6.21978996e+03 6.08151229e+03 4.70414270e+03 7.70732498e+03 5.98972606e+03 6.46515208e+03 6.40994569e+03 
4.54592093e+03 5.70276795e+03 6.20056124e+03 5.02263312e+03 6.26774232e+03 6.35343194e+03 5.30246836e+03 5.41225523e+03 5.40066334e+03 5.65463663e+03 8.06001999e+03 5.79326654e+03 4.56781847e+03 6.37628346e+03 5.95153251e+03 6.86915271e+03 6.01492330e+03 5.66373200e+03 5.70472117e+03 6.22435627e+03 5.40904326e+03 5.88534809e+03 5.45933776e+03 5.67035681e+03 5.61622187e+03 4.70414270e+03 6.45337243e+03 5.24725941e+03 5.73159527e+03 6.40994569e+03 
4.54592093e+03 5.70276795e+03 6.08780339e+03 5.00477970e+03 5.18313330e+03 4.47802079e+03 5.30246836e+03 5.26961816e+03 5.40066334e+03 5.50760909e+03 5.34380539e+03 5.79326654e+03 4.56781847e+03 4.86578250e+03 5.24179550e+03 5.27146888e+03 6.01492330e+03 5.66373200e+03 5.70472117e+03 6.22435627e+03 5.40904326e+03 5.85974082e+03 4.38597393e+03 4.58335736e+03 5.61622187e+03 4.70414270e+03 4.85698585e+03 5.24725941e+03 5.34549980e+03 6.40994569e+03 
4.54592093e+03 5.21929035e+03 4.79386500e+03 4.88646890e+03 4.05454518e+03 4.47802079e+03 5.30246836e+03 4.81231670e+03 5.40066334e+03 5.50760909e+03 5.34380539e+03 3.90910481e+03 4.56781847e+03 4.56275933e+03 5.17073254e+03 5.24230524e+03 5.66212655e+03 5.22642734e+03 5.70472117e+03 5.15445934e+03 5.31537119e+03 4.54881892e+03 2.96945978e+03 4.37934317e+03 4.34917301e+03 4.70414270e+03 4.85698585e+03 5.05636199e+03 5.34549980e+03 4.33626916e+03 
3.74311671e+03 5.21929035e+03 4.15868208e+03 4.35178529e+03 4.03676672e+03 3.45027156e+03 4.59812903e+03 3.62197619e+03 3.71579885e+03 3.76209922e+03 4.18200288e+03 3.90910481e+03 4.24744758e+03 4.56275933e+03 3.28771511e+03 4.12021296e+03 5.04967561e+03 4.36646105e+03 3.88651890e+03 3.71771234e+03 4.43531764e+03 4.54881892e+03 2.96945978e+03 4.21568740e+03 3.83946800e+03 4.70414270e+03 4.72275509e+03 5.05636199e+03 4.60077559e+03 3.45226042e+03 
2.74148051e+03 3.13867727e+03 2.96727570e+03 2.79539541e+03 2.57719085e+03 3.17806434e+03 3.14263760e+03 2.96494030e+03 3.03694089e+03 3.06243275e+03 2.50828378e+03 2.58307709e+03 2.78501373e+03 2.84689222e+03 2.84034140e+03 3.36433673e+03 2.48883194e+03 3.24234646e+03 3.18910281e+03 2.89229543e+03 3.05286626e+03 2.70888748e+03 2.61273721e+03 2.98441192e+03 2.74295275e+03 2.84196204e+03 2.59214463e+03 2.71347245e+03 2.91793531e+03 3.10911325e+03 
1.92526912e+03 2.18187292e+03 1.75425561e+03 2.00541996e+03 2.16667887e+03 1.91631117e+03 2.15124379e+03 1.68842708e+03 1.53741469e+03 1.87026475e+03 1.76476876e+03 1.71707099e+03 2.11331055e+03 1.93335168e+03 1.71400340e+03 2.27221461e+03 2.02327240e+03 2.18170515e+03 2.01333059e+03 1.76646080e+03 2.03344407e+03 1.88162034e+03 2.00244014e+03 2.06116521e+03 1.79294725e+03 1.85423613e+03 1.72667847e+03 2.10845912e+03 1.92614452e+03 2.06382900e+03 
9.54467771e+02 9.98368091e+02 8.90549875e+02 1.04005420e+03 9.78520054e+02 9.70941820e+02 9.85089240e+02 9.44546685e+02 1.10327710e+03 9.18899604e+02 9.95645636e+02 9.61757753e+02 9.93278672e+02 9.00295617e+02 9.18981158e+02 9.80413134e+02 9.19866549e+02 1.04609265e+03 1.01926243e+03 8.39668407e+02 8.69573429e+02 8.82783497e+02 1.03716597e+03 9.51384611e+02 9.35761875e+02 9.61068426e+02 9.22723980e+02 1.04253919e+03 9.91986719e+02 9.23822254e+02 
3.47466813e+02 3.67653843e+02 3.52458748e+02 3.58004450e+02 3.51833193e+02 3.49849395e+02 3.53842408e+02 3.54803202e+02 7.02310219e+02 3.64535416e+02 3.57069731e+02 3.58163101e+02 3.80501710e+02 3.50199308e+02 3.57848334e+02 3.57687810e+02 3.61077468e+02 3.68178419e+02 3.72521464e+02 3.50233685e+02 3.57925872e+02 3.50700012e+02 3.70083933e+02 3.54824528e+02 3.49334870e+02 3.52790342e+02 3.49099548e+02 3.61903244e+02 3.61276729e+02 3.57963327e+02 
3.00329146e+02 3.00345104e+02 3.00243684e+02 3.00307436e+02 3.00273573e+02 3.00276562e+02 3.00310478e+02 3.00261018e+02 4.01787508e+02 3.00335387e+02 3.00299911e+02 3.00290080e+02 3.00333050e+02 3.00268756e+02 3.00192804e+02 3.00268671e+02 3.00290630e+02 3.00353591e+02 3.00372774e+02 3.00268740e+02 3.00281052e+02 3.00243488e+02 3.00346832e+02 3.00318905e+02 3.00208512e+02 3.00260775e+02 3.00244613e+02 3.00267600e+02 3.00253626e+02 3.00232254e+02 
3.00000017e+02 3.00000016e+02 3.00000015e+02 3.00000021e+02 3.00000016e+02 3.00000014e+02 3.00000015e+02 3.00000014e+02 4.00000102e+02 3.00000015e+02 3.00000017e+02 3.00000019e+02 3.00000018e+02 3.00000014e+02 3.00000012e+02 3.00000018e+02 3.00000020e+02 3.00000016e+02 3.00000014e+02 3.00000016e+02 3.00000019e+02 3.00000014e+02 3.00000017e+02 3.00000013e+02 3.00000010e+02 3.00000015e+02 3.00000015e+02 3.00000014e+02 3.00000016e+02 3.00000014e+02 
3.00000000e+02 3.00000000e+02 3.00000000e+02 3.00000000e+02 3.00000000e+02 3.00000000e+02 3.00000000e+02 3.00000000e+02 4.00000000e+02 3.00000000e+02 3.00000000e+02 3.00000000e+02 3.00000000e+02 3.00000000e+02 3.00000000e+02 3.00000000e+02 3.00000000e+02 3.00000000e+02 3.00000000e+02 3.00000000e+02 3.00000000e+02 3.00000000e+02 3.00000000e+02 3.00000000e+02 3.00000000e+02 3.00000000e+02 3.00000000e+02 3.00000000e+02 3.00000000e+02 3.00000000e+02 
3.00000000e+02 3.00000000e+02 3.00000000e+02 3.00000000e+02 3.00000000e+02 3.00000000e+02 3.00000000e+02 3.00000000e+02 4.00000000e+02 3.00000000e+02 3.00000000e+02 3.00000000e+02 3.00000000e+02 3.00000000e+02 3.00000000e+02 3.00000000e+02 3.00000000e+02 3.00000000e+02 3.00000000e+02 3.00000000e+02 3.00000000e+02 3.00000000e+02 3.00000000e+02 3.00000000e+02 3.00000000e+02 3.00000000e+02 3.00000000e+02 3.00000000e+02 3.00000000e+02 3.00000000e+02 
3.00000000e+02 3.00000000e+02 3.00000000e+02 3.00000000e+02 3.00000000e+02 3.00000000e+02 3.00000000e+02 3.00000000e+02 4.00000000e+02 3.00000000e+02 3.00000000e+02 3.00000000e+02 3.00000000e+02 3.00000000e+02 3.00000000e+02 3.00000000e+02 3.00000000e+02 3.00000000e+02 3.00000000e+02 3.00000000e+02 3.00000000e+02 3.00000000e+02 3.00000000e+02 3.00000000e+02 3.00000000e+02 3.00000000e+02 3.00000000e+02 3.00000000e+02 3.00000000e+02 3.00000000e+02 
3.00000000e+02 3.00000000e+02 3.00000000e+02 3.00000000e+02 3.00000000e+02 3.00000000e+02 3.00000000e+02 3.00000000e+02 4.00000000e+02 3.00000000e+02 3.00000000e+02 3.00000000e+02 3.00000000e+02 3.00000000e+02 3.00000000e+02 3.00000000e+02 3.00000000e+02 3.00000000e+02 3.00000000e+02 3.00000000e+02 3.00000000e+02 3.00000000e+02 3.00000000e+02 3.00000000e+02 3.00000000e+02 3.00000000e+02 3.00000000e+02 3.00000000e+02 3.00000000e+02 3.00000000e+02 
1.00000000e+06 1.00000000e+06 1.00000000e+06 1.00000000e+06 1.00000000e+06 1.00000000e+06 1.00000000e+06 1.00000000e+06 1.00000000e+06 1.00000000e+06 1.00000000e+06 1.00000000e+06 1.00000000e+06 1.00000000e+06 1.00000000e+06 1.00000000e+06 1.00000000e+06 1.00000000e+06 1.00000000e+06 1.00000000e+06 1.00000000e+06 1.00000000e+06 1.00000000e+06 1.00000000e+06 1.00000000e+06 1.00000000e+06 1.00000000e+06 1.00000000e+06 1.00000000e+06 1.00000000e+06 
