3.06353724e+04 1.63483297e+04 3.06683877e+04 3.41092214e+04 1.82168071e+04 2.39687569e+04 3.14096132e+04 3.01342142e+04 1.43432588e+04 3.49109866e+04 1.36455104e+04 2.89939750e+04 2.24793813e+04 2.14523890e+04 3.26068267e+04 2.25346916e+04 1.60061695e+04 4.24967890e+04 2.60601922e+04 1.25357889e+04 2.04664422e+04 2.23545458e+04 4.14733309e+04 2.53846736e+04 2.46809222e+04 2.67875041e+04 4.53568143e+04 2.11094791e+04 3.29586154e+04 4.42545513e+04 
2.80310344e+04 1.20348546e+04 2.86503115e+04 2.79124957e+04 1.82168071e+04 2.39687569e+04 2.78471018e+04 1.67057197e+04 1.43432588e+04 2.79175927e+04 1.36455104e+04 2.89939750e+04 2.24793813e+04 2.01800777e+04 3.26068267e+04 2.02215444e+04 1.60061695e+04 2.58478470e+04 1.83170136e+04 1.25357889e+04 2.04664422e+04 2.23545458e+04 2.12832354e+04 2.14369229e+04 2.46809222e+04 1.97935474e+04 3.08568399e+04 2.11094791e+04 2.33407298e+04 2.36038480e+04 
2.04049316e+04 8.07064825e+03 2.86503115e+04 2.79124957e+04 1.13584875e+04 2.39687569e+04 2.78471018e+04 1.30795897e+04 1.43432588e+04 2.79175927e+04 1.36455104e+04 1.25325703e+04 2.24793813e+04 2.01800777e+04 3.07676879e+04 2.02215444e+04 1.60061695e+04 1.86474509e+04 1.83170136e+04 1.25357889e+04 1.67594182e+04 2.23545458e+04 2.12832354e+04 2.14369229e+04 1.62657986e+04 1.97935474e+04 3.08568399e+04 2.11094791e+04 2.33407298e+04 2.36038480e+04 
2.04049316e+04 8.07064825e+03 1.42873339e+04 2.79124957e+04 1.13584875e+04 2.06147410e+04 1.97955617e+04 1.30795897e+04 1.43432588e+04 2.09449298e+04 1.36455104e+04 1.25325703e+04 2.24793813e+04 1.73798944e+04 2.71145678e+04 1.36027801e+04 1.60061695e+04 1.78655803e+04 1.79947176e+04 1.25357889e+04 1.67594182e+04 2.23545458e+04 1.86271958e+04 2.14369229e+04 1.62657986e+04 1.74274367e+04 2.29337987e+04 2.11094791e+04 2.33407298e+04 1.36666511e+04 
9.94990027e+03 8.07064825e+03 1.42873339e+04 1.25922617e+04 1.00104713e+04 2.06147410e+04 1.20959008e+04 1.30795897e+04 1.43432588e+04 2.06317055e+04 1.36455104e+04 1.25325703e+04 1.16260490e+04 1.73798944e+04 1.31696950e+04 1.36027801e+04 1.39434166e+04 1.78655803e+04 7.94587384e+03 1.25357889e+04 1.44369910e+04 1.33716492e+04 1.31848905e+04 2.14369229e+04 1.10463488e+04 8.11056981e+03 6.03261509e+03 1.04051527e+04 2.24134145e+04 1.17324523e+04 
9.67082734e+03 8.07064825e+03 9.76010379e+03 1.25922617e+04 1.00104713e+04 1.17048878e+04 1.20959008e+04 1.25742196e+04 1.17040913e+04 1.43004367e+04 1.30479124e+04 9.97213421e+03 9.05699059e+03 1.04958638e+04 1.31696950e+04 1.36027801e+04 1.28472921e+04 1.78655803e+04 7.94587384e+03 1.25357889e+04 1.44369910e+04 1.33716492e+04 1.18351991e+04 1.78026205e+04 1.10463488e+04 8.11056981e+03 6.03261509e+03 1.04051527e+04 1.26480708e+04 4.90199998e+03 
9.67082734e+03 8.07064825e+03 9.76010379e+03 1.25922617e+04 6.39756702e+03 9.85240042e+03 1.20959008e+04 7.78206625e+03 1.10733913e+04 1.43004367e+04 1.22520210e+04 9.97213421e+03 9.05699059e+03 6.47344052e+03 9.77123990e+03 8.19404817e+03 1.01269847e+04 1.15576933e+04 7.94587384e+03 1.25357889e+04 3.28903369e+03 1.33716492e+04 1.18351991e+04 1.01312461e+04 9.73605433e+03 8.11056981e+03 6.03261509e+03 1.04051527e+04 8.55330260e+03 4.90199998e+03 
9.67082734e+03 6.37572915e+03 6.36975813e+03 1.09825996e+04 6.31095747e+03 6.57364577e+03 1.20220104e+04 6.94839729e+03 9.07814551e+03 1.17634549e+04 9.80652775e+03 7.29185470e+03 9.05699059e+03 6.47344052e+03 7.40052266e+03 2.67682930e+03 1.01269847e+04 1.07564575e+04 7.94587384e+03 5.53118093e+03 3.28903369e+03 6.30925255e+03 7.49912537e+03 6.07880176e+03 5.64968454e+03 3.10494923e+03 1.54277636e+03 8.40197860e+03 7.78349546e+03 4.90199998e+03 
1.53973475e+03 5.08284153e+03 5.44673411e+03 1.95110455e+03 7.25896757e+02 5.25557850e+03 4.49221073e+03 6.55368144e+02 4.76331678e+03 3.71037523e+03 1.84355107e+03 3.68547071e+03 4.13416648e+03 6.06847329e+03 3.14980760e+03 2.78971993e+02 3.25365409e+03 1.22975911e+03 2.02037786e+03 2.39642578e+03 8.55699299e+02 7.95725623e+02 1.46448400e+03 1.58974432e+03 2.55062257e+03 1.30600153e+03 4.61742361e+02 3.91811398e+03 3.64146962e+03 1.13410529e+03 
7.90260313e+01 3.49353448e+02 1.14860662e+03 1.03990175e+02 2.57130854e+01 3.65770783e+02 1.23398484e+02 2.66855319e+01 2.92390757e+02 1.15368996e+02 7.32005064e+01 3.69273973e+02 1.83894099e+02 3.18619474e+03 6.59910532e+01 1.19060116e+01 3.83566965e+02 6.77826313e+01 7.57791600e+01 9.75247550e+01 1.67297966e+01 1.36026450e+01 6.94756411e+01 5.50767886e+01 9.31275486e+01 4.74243109e+01 1.51706442e+01 3.61642437e+02 1.58496778e+02 4.57923828e+01 
2.05391189e-01 1.23601628e+00 2.93050693e+00 2.80204194e-01 6.60205048e-02 4.94429917e-01 4.47884554e-01 3.80462837e-02 1.37287444e+00 1.56504273e-01 8.74663204e-02 5.33940270e-01 2.74274473e-01 1.47662613e+01 1.05893728e-01 2.09911950e-02 1.48990646e+00 1.94892616e-01 1.38291849e-01 1.82843304e-01 3.54495664e-02 1.44722893e-01 2.31580622e-01 1.68530982e-01 1.56677776e-01 1.72422258e-01 1.52271781e-02 3.73913176e-01 1.13177424e+00 1.05381307e-01 
3.69574042e-06 2.29251069e-05 1.31676373e-05 1.05239574e-05 1.24728859e-06 1.21771147e-05 6.04214779e-06 1.92203561e-06 1.85394052e-05 5.19086916e-06 2.97677661e-06 2.10791057e-05 3.13850700e-06 5.33139668e-04 1.93976507e-06 2.88810668e-07 3.89233139e-05 2.83480034e-06 1.92969435e-06 1.39682606e-06 6.92897800e-07 3.81265551e-06 6.16113596e-06 6.45876753e-06 2.31483307e-06 1.08351287e-06 6.34681840e-07 9.76943022e-06 1.59151932e-05 2.16922768e-06 
1.00000000e-08 1.00000000e-08 1.00000000e-08 1.00000000e-08 1.00000000e-08 1.00000000e-08 1.00000000e-08 1.00000000e-08 1.00000000e-08 1.00000000e-08 1.00000000e-08 1.00000000e-08 1.00000000e-08 1.00000000e-08 1.00000000e-08 1.00000000e-08 1.00000000e-08 1.00000000e-08 1.00000000e-08 1.00000000e-08 1.00000000e-08 1.00000000e-08 1.00000000e-08 1.00000000e-08 1.00000000e-08 1.00000000e-08 1.00000000e-08 1.00000000e-08 1.00000000e-08 1.00000000e-08 
1.00000000e-08 1.00000000e-08 1.00000000e-08 1.00000000e-08 1.00000000e-08 1.00000000e-08 1.00000000e-08 1.00000000e-08 1.00000000e-08 1.00000000e-08 1.00000000e-08 1.00000000e-08 1.00000000e-08 1.00000000e-08 1.00000000e-08 1.00000000e-08 1.00000000e-08 1.00000000e-08 1.00000000e-08 1.00000000e-08 1.00000000e-08 1.00000000e-08 1.00000000e-08 1.00000000e-08 1.00000000e-08 1.00000000e-08 1.00000000e-08 1.00000000e-08 1.00000000e-08 1.00000000e-08 
1.00000000e-08 1.00000000e-08 1.00000000e-08 1.00000000e-08 1.00000000e-08 1.00000000e-08 1.00000000e-08 1.00000000e-08 1.00000000e-08 1.00000000e-08 1.00000000e-08 1.00000000e-08 1.00000000e-08 1.00000000e-08 1.00000000e-08 1.00000000e-08 1.00000000e-08 1.00000000e-08 1.00000000e-08 1.00000000e-08 1.00000000e-08 1.00000000e-08 1.00000000e-08 1.00000000e-08 1.00000000e-08 1.00000000e-08 1.00000000e-08 1.00000000e-08 1.00000000e-08 1.00000000e-08 
1.00000000e-08 1.00000000e-08 1.00000000e-08 1.00000000e-08 1.00000000e-08 1.00000000e-08 1.00000000e-08 1.00000000e-08 1.00000000e-08 1.00000000e-08 1.00000000e-08 1.00000000e-08 1.00000000e-08 1.00000000e-08 1.00000000e-08 1.00000000e-08 1.00000000e-08 1.00000000e-08 1.00000000e-08 1.00000000e-08 1.00000000e-08 1.00000000e-08 1.00000000e-08 1.00000000e-08 1.00000000e-08 1.00000000e-08 1.00000000e-08 1.00000000e-08 1.00000000e-08 1.00000000e-08 
3.82190000e+04 3.98170000e+04 4.05810000e+04 3.95450000e+04 3.67160000e+04 3.87610000e+04 3.88420000e+04 3.65960000e+04 3.99720000e+04 3.85740000e+04 3.72970000e+04 3.99630000e+04 3.83200000e+04 4.32020000e+04 3.63630000e+04 3.49380000e+04 4.09200000e+04 3.83520000e+04 3.75130000e+04 3.66880000e+04 3.59920000e+04 3.80390000e+04 3.83000000e+04 3.81020000e+04 3.75990000e+04 3.73220000e+04 3.54900000e+04 3.97230000e+04 4.00730000e+04 3.71690000e+04 
