6.61475614e+01 5.02520941e+01 4.56306643e+01 6.08790148e+01 7.29531565e+01 6.12901630e+01 7.47171550e+01 8.53804320e+01 7.18327462e+01 7.33418048e+01 5.04583221e+01 8.07004943e+01 7.10860279e+01 7.99150547e+01 7.79349931e+01 5.33381566e+01 6.89044582e+01 8.19689444e+01 7.42842769e+01 7.58430354e+01 6.80742950e+01 7.11955784e+01 5.31285249e+01 6.82460645e+01 7.69519736e+01 5.69993219e+01 6.22395639e+01 6.75478898e+01 7.94397846e+01 6.49406951e+01 
6.61475614e+01 5.02520941e+01 4.56306643e+01 6.08790148e+01 5.07352687e+01 5.72728117e+01 6.50543475e+01 5.52953114e+01 4.81646763e+01 4.87838563e+01 5.04388632e+01 6.06417323e+01 7.00523405e+01 7.76353338e+01 6.01067152e+01 5.33381566e+01 5.16005537e+01 7.24227769e+01 6.03292894e+01 6.87109679e+01 5.29481316e+01 7.11955784e+01 5.31285249e+01 6.82460645e+01 5.10992075e+01 5.69993219e+01 5.64051425e+01 6.57092265e+01 7.94397846e+01 6.40354803e+01 
6.44151134e+01 4.09477409e+01 4.56306643e+01 6.08790148e+01 4.78395658e+01 4.85613631e+01 6.38697629e+01 5.52953114e+01 4.81646763e+01 4.87838563e+01 5.04388632e+01 4.37402240e+01 7.00523405e+01 6.45224719e+01 6.01067152e+01 4.45499194e+01 4.68222464e+01 4.55164034e+01 4.66544009e+01 6.12037173e+01 4.18592836e+01 6.51503103e+01 5.31285249e+01 6.77546364e+01 4.94367679e+01 5.69993219e+01 4.78717983e+01 6.33172568e+01 7.30945421e+01 6.40354803e+01 
4.81923667e+01 4.09477409e+01 4.56306643e+01 4.66353802e+01 4.37598088e+01 4.85613631e+01 5.18560691e+01 5.46883224e+01 3.77914934e+01 4.87838563e+01 3.79501548e+01 4.37402240e+01 4.88078652e+01 5.58091784e+01 4.97194826e+01 4.45499194e+01 4.68222464e+01 4.55164034e+01 4.66544009e+01 6.12037173e+01 4.18592836e+01 6.02576647e+01 3.31735692e+01 5.26184309e+01 4.11087453e+01 5.69993219e+01 4.78717983e+01 6.33172568e+01 6.85352435e+01 4.21077033e+01 
3.12594774e+01 4.09477409e+01 3.08461538e+01 3.61315170e+01 3.44666689e+01 3.68357752e+01 3.54527492e+01 3.98506919e+01 3.20457008e+01 3.54234049e+01 3.65388102e+01 3.55873039e+01 4.23034312e+01 4.67274708e+01 4.71314958e+01 3.70603537e+01 3.64485317e+01 3.87741965e+01 3.73706120e+01 3.94316749e+01 4.18592836e+01 3.97678097e+01 3.31735692e+01 3.36422815e+01 3.05256270e+01 3.68827697e+01 3.34712430e+01 3.60596682e+01 4.07267523e+01 3.63816626e+01 
3.12594774e+01 3.33634415e+01 3.08461538e+01 2.39680215e+01 2.53135721e+01 3.68357752e+01 2.96503898e+01 2.76887004e+01 3.20457008e+01 3.54234049e+01 3.11647918e+01 3.25698829e+01 2.47694682e+01 2.81541126e+01 3.84095639e+01 3.46187590e+01 3.64485317e+01 3.45878026e+01 3.26147059e+01 3.24828590e+01 3.28002154e+01 3.51341822e+01 3.18467341e+01 3.01192371e+01 2.34623004e+01 3.27077046e+01 3.21185034e+01 2.73237809e+01 3.29276638e+01 2.96151004e+01 
2.18686577e+01 2.25870088e+01 2.62788957e+01 2.39680215e+01 1.74038076e+01 2.24262629e+01 2.04933561e+01 1.74374548e+01 2.89150373e+01 2.55567985e+01 2.00179919e+01 2.26208210e+01 2.47694682e+01 2.40326980e+01 3.01933943e+01 1.72471171e+01 2.48625541e+01 2.27140327e+01 2.80136135e+01 2.36426234e+01 2.14172233e+01 2.87681513e+01 2.73795374e+01 1.90237954e+01 2.34623004e+01 2.53444123e+01 2.36051571e+01 2.32395956e+01 3.06586457e+01 1.32297444e+01 
1.30985056e+01 1.06402861e+01 1.19427806e+01 1.51459125e+01 1.71343301e+01 1.57470860e+01 1.62771966e+01 1.49606753e+01 1.83836769e+01 1.53345678e+01 1.62080575e+01 1.10351097e+01 1.85318919e+01 1.45511233e+01 1.72439983e+01 1.39391988e+01 1.68471304e+01 1.23641887e+01 1.45506118e+01 1.64079741e+01 1.33154616e+01 1.43494971e+01 1.48780635e+01 1.50067808e+01 1.52356614e+01 1.61591826e+01 1.83189832e+01 1.51744306e+01 1.25766324e+01 1.32297444e+01 
7.69053230e+00 7.15084230e+00 7.72673328e+00 8.46426229e+00 6.74257391e+00 8.36312949e+00 7.11840831e+00 1.10900242e+01 8.19311907e+00 8.70560772e+00 1.02348082e+01 8.38278009e+00 1.28567240e+01 8.96742207e+00 1.06206613e+01 5.78299344e+00 1.01393565e+01 8.85158019e+00 9.94206671e+00 8.35593557e+00 8.06365528e+00 9.92607622e+00 1.24384913e+01 7.56726225e+00 8.58629895e+00 9.01609872e+00 6.74429990e+00 6.93268178e+00 8.31000516e+00 1.01444458e+01 
2.88283527e+00 2.93156209e+00 1.51619709e+00 2.91839165e+00 2.03357175e+00 3.22439451e+00 2.44294180e+00 3.31643457e+00 3.65364716e+00 3.34293013e+00 3.26035094e+00 4.43201335e+00 3.80050187e+00 4.28879313e+00 4.12087698e+00 2.68534001e+00 2.86816894e+00 1.96363986e+00 4.14893596e+00 2.48484659e+00 1.60842834e+00 3.52331746e+00 4.37371851e+00 2.59978372e+00 2.98157257e+00 4.20982771e+00 3.98524341e+00 1.86527146e+00 4.27612657e+00 2.96582739e+00 
5.43624701e-01 4.55851907e-01 3.41606825e-01 6.78560797e-01 2.45160590e-01 1.66883993e-01 3.30770089e-01 6.23086546e-01 1.06256471e+00 7.63680912e-01 5.54220553e-01 7.71547609e-01 5.88979425e-01 5.72882185e-01 8.05185907e-01 4.34363832e-01 3.97030288e-01 4.02134827e-01 6.71878793e-01 2.90222128e-01 2.40637015e-01 5.02989398e-01 3.87349810e-01 3.00327045e-01 4.51260820e-01 6.29993039e-01 3.66588545e-01 4.59760097e-01 4.44153924e-01 6.25788427e-01 
1.69505197e-02 9.96160100e-03 1.49447325e-02 2.79475942e-02 8.47429082e-03 9.10923606e-03 1.36931952e-02 2.06222329e-02 2.24796301e-02 3.00854953e-02 1.97980094e-02 1.94537346e-02 2.13711027e-02 2.09273151e-02 1.92853738e-02 1.08745322e-02 1.42358886e-02 1.07804146e-02 1.04368675e-02 7.30252501e-03 1.08975383e-02 9.18133121e-03 1.63711091e-02 1.44543421e-02 1.45661673e-02 2.24999638e-02 1.44326391e-02 1.08195905e-02 1.53613230e-02 2.45513777e-02 
6.20195242e-05 2.82630797e-05 4.17737324e-05 1.01521024e-04 2.87767944e-05 4.03269657e-05 6.34870628e-05 6.19832367e-05 1.61612116e-04 7.42361532e-05 5.26429296e-05 8.70894132e-05 5.55358022e-05 1.26718745e-04 6.87925524e-05 8.21236709e-05 9.54987310e-05 8.38877007e-05 3.22340186e-05 2.91075338e-05 6.78442195e-05 7.68103442e-05 6.44196789e-05 7.61273550e-05 7.35931823e-05 1.18589175e-04 6.04474086e-05 3.98535043e-05 8.70160160e-05 1.33316322e-04 
1.00000000e-08 1.00000000e-08 1.00000000e-08 1.01664455e-08 1.00000000e-08 1.00000000e-08 1.00000000e-08 1.00000000e-08 1.00000000e-08 1.00000000e-08 1.00000000e-08 1.00000000e-08 1.00000000e-08 1.00000000e-08 1.00000000e-08 1.00000000e-08 1.00000000e-08 1.00000000e-08 1.00000000e-08 1.00000000e-08 1.00000000e-08 1.00000000e-08 1.00000000e-08 1.00000000e-08 1.00000000e-08 1.00000000e-08 1.00000000e-08 1.00000000e-08 1.00000000e-08 1.00000000e-08 
1.00000000e-08 1.00000000e-08 1.00000000e-08 1.00000000e-08 1.00000000e-08 1.00000000e-08 1.00000000e-08 1.00000000e-08 1.00000000e-08 1.00000000e-08 1.00000000e-08 1.00000000e-08 1.00000000e-08 1.00000000e-08 1.00000000e-08 1.00000000e-08 1.00000000e-08 1.00000000e-08 1.00000000e-08 1.00000000e-08 1.00000000e-08 1.00000000e-08 1.00000000e-08 1.00000000e-08 1.00000000e-08 1.00000000e-08 1.00000000e-08 1.00000000e-08 1.00000000e-08 1.00000000e-08 
1.00000000e-08 1.00000000e-08 1.00000000e-08 1.00000000e-08 1.00000000e-08 1.00000000e-08 1.00000000e-08 1.00000000e-08 1.00000000e-08 1.00000000e-08 1.00000000e-08 1.00000000e-08 1.00000000e-08 1.00000000e-08 1.00000000e-08 1.00000000e-08 1.00000000e-08 1.00000000e-08 1.00000000e-08 1.00000000e-08 1.00000000e-08 1.00000000e-08 1.00000000e-08 1.00000000e-08 1.00000000e-08 1.00000000e-08 1.00000000e-08 1.00000000e-08 1.00000000e-08 1.00000000e-08 
7.32650000e+04 7.22860000e+04 7.42730000e+04 7.98210000e+04 7.32900000e+04 7.63270000e+04 7.51400000e+04 7.49850000e+04 7.90550000e+04 7.81460000e+04 7.85410000e+04 7.47000000e+04 7.59710000e+04 7.67570000e+04 7.63330000e+04 7.33610000e+04 7.63980000e+04 7.80530000e+04 7.38430000e+04 7.37230000e+04 7.42170000e+04 7.68770000e+04 7.77080000e+04 7.70450000e+04 7.79440000e+04 7.69570000e+04 7.67610000e+04 7.62390000e+04 7.47140000e+04 7.75940000e+04 
