5.34739984e+02 3.80240398e+02 3.99950264e+02 1.27467377e+03 6.90776684e+02 4.31487468e+02 9.49379958e+02 4.84462881e+02 8.40516069e+02 4.09201270e+02 6.65265629e+02 5.63042545e+02 3.75693296e+02 7.66440350e+02 7.46150852e+02 5.79806663e+02 7.36405589e+02 6.60357983e+02 5.10593641e+02 4.67173452e+02 4.48574357e+02 7.31472834e+02 6.41503806e+02 5.76381744e+02 5.06668548e+02 5.67052210e+02 1.01376292e+03 8.57187697e+02 6.92774805e+02 7.87195717e+02 
2.88973667e+02 3.80240398e+02 3.99950264e+02 6.31349537e+02 5.13410593e+02 4.31487468e+02 7.41580942e+02 4.84462881e+02 1.67670063e+02 4.09201270e+02 6.65265629e+02 5.63042545e+02 3.75693296e+02 6.46967757e+02 7.46150852e+02 5.44725493e+02 5.70198632e+02 3.54835759e+02 5.10593641e+02 4.67173452e+02 4.48574357e+02 6.87207381e+02 4.01854931e+02 5.76381744e+02 5.06668548e+02 4.06591247e+02 5.59160512e+02 4.11633056e+02 5.68565002e+02 7.87195717e+02 
2.88973667e+02 1.43772084e+02 3.08057621e+02 4.28555648e+02 5.13410593e+02 4.31487468e+02 5.14994920e+02 4.84462881e+02 1.67670063e+02 1.23341562e+02 6.65265629e+02 5.63042545e+02 3.75693296e+02 4.64761597e+02 3.69493718e+02 4.23995434e+02 5.70198632e+02 3.54835759e+02 5.10593641e+02 2.99845734e+02 4.48574357e+02 6.56111439e+02 3.81962892e+02 5.76381744e+02 3.18218500e+02 4.06591247e+02 5.59160512e+02 5.59195433e+01 5.68565002e+02 3.43375183e+02 
2.60112372e+02 1.43772084e+02 3.08057621e+02 3.10946396e+02 3.88155618e+02 4.02906056e+02 5.14994920e+02 4.84462881e+02 1.67670063e+02 1.23341562e+02 2.58794141e+02 3.76231823e+02 3.20506091e+02 2.02854067e+02 3.69493718e+02 4.23995434e+02 4.33141304e+02 3.54835759e+02 5.10593641e+02 2.99845734e+02 1.72733984e+02 2.55769861e+02 9.25881092e+01 3.05850788e+02 3.18218500e+02 6.96700350e+01 5.59160512e+02 5.59195433e+01 5.11055538e+02 3.43375183e+02 
2.60112372e+02 1.43772084e+02 3.08057621e+02 3.10946396e+02 3.38961484e+02 4.02906056e+02 5.10183843e+02 2.59740667e+02 1.67670063e+02 1.23341562e+02 2.58794141e+02 3.76231823e+02 3.05808989e+02 2.02854067e+02 3.69493718e+02 2.02782690e+02 4.33141304e+02 3.54835759e+02 1.99403251e+02 2.99845734e+02 1.33982561e+02 2.55769861e+02 9.25881092e+01 3.05850788e+02 1.53606248e+02 6.96700350e+01 3.89651127e+02 5.59195433e+01 4.36246455e+02 2.44514581e+02 
2.60112372e+02 1.43772084e+02 3.08057621e+02 2.28480811e+02 3.38961484e+02 1.44274351e+02 2.05623768e+02 2.17103663e+02 1.67670063e+02 1.23341562e+02 2.58794141e+02 3.70008997e+02 3.05808989e+02 2.02854067e+02 2.51015352e+02 2.02782690e+02 4.33141304e+02 3.24656356e+02 1.99403251e+02 2.99845734e+02 1.33982561e+02 2.27460524e+02 9.25881092e+01 3.05850788e+02 1.53606248e+02 6.96700350e+01 3.89651127e+02 5.59195433e+01 1.16814328e+02 2.44514581e+02 
8.08750573e+01 1.43772084e+02 9.04705831e+01 1.43370039e+02 4.77804309e+01 5.33081081e+01 1.04431030e+02 5.90105207e+01 1.39962334e+02 1.23341562e+02 1.36419772e+02 1.31026787e+02 1.58979997e+02 1.37469160e+02 8.59433008e+01 1.23342372e+02 1.73590057e+02 9.28472018e+01 1.39700301e+02 1.27143095e+02 1.33982561e+02 1.50637837e+02 9.25881092e+01 1.82607621e+02 1.45504514e+02 6.96700350e+01 1.22686363e+02 5.59195433e+01 1.16814328e+02 8.88944156e+01 
6.97653007e+01 6.31723643e+01 5.30294745e+01 9.49655517e+01 4.77804309e+01 5.33081081e+01 8.73035173e+01 5.90105207e+01 8.84407035e+01 6.48075177e+01 7.05506153e+01 6.58718427e+01 6.40825960e+01 1.00635078e+02 8.59433008e+01 9.05473773e+01 5.44993724e+01 6.97123993e+01 5.44848621e+01 9.15572222e+01 1.13998620e+02 6.90464618e+01 7.73884844e+01 7.83045740e+01 7.81048694e+01 6.15340827e+01 7.01520185e+01 5.59195433e+01 6.84259230e+01 5.29552937e+01 
5.06483422e+01 5.20427752e+01 5.30294745e+01 5.21352567e+01 4.77804309e+01 5.33081081e+01 4.90787931e+01 5.28913448e+01 6.16153467e+01 6.48075177e+01 6.05535972e+01 5.96840740e+01 5.22788776e+01 4.64217872e+01 7.88296099e+01 5.21462012e+01 5.17991760e+01 5.13194440e+01 5.44848621e+01 4.19637813e+01 5.35015685e+01 4.93158816e+01 6.80435066e+01 4.93237898e+01 6.01733348e+01 5.60390296e+01 4.85405523e+01 5.59195433e+01 5.80296494e+01 4.11501918e+01 
4.89489186e+01 4.51542204e+01 5.21274933e+01 4.64971408e+01 4.64908948e+01 4.54680691e+01 4.27271067e+01 5.23008897e+01 4.20091490e+01 4.47679218e+01 5.42205329e+01 5.55430752e+01 4.75939607e+01 4.61546538e+01 5.01113079e+01 5.21462012e+01 5.17991760e+01 5.13194440e+01 5.16141940e+01 4.19637813e+01 5.23454613e+01 4.38866037e+01 4.59816137e+01 4.08166779e+01 4.49012220e+01 4.63502744e+01 4.48669943e+01 4.02182666e+01 5.06347089e+01 3.46232339e+01 
3.50111536e+01 3.73447854e+01 4.20458126e+01 4.03368057e+01 4.12938331e+01 3.69678201e+01 3.66645489e+01 3.65757876e+01 3.34106115e+01 4.43492576e+01 4.51113721e+01 3.80454826e+01 4.10230659e+01 3.87999379e+01 4.39246829e+01 3.35120133e+01 4.16036837e+01 3.88687444e+01 4.14656774e+01 3.23286716e+01 4.48925270e+01 3.75290774e+01 4.42250995e+01 3.75083610e+01 3.42833858e+01 4.39968910e+01 3.85044098e+01 4.02182666e+01 4.06461287e+01 3.46232339e+01 
3.28419883e+01 3.55447348e+01 3.08137371e+01 3.03256164e+01 2.97539594e+01 3.43778960e+01 3.17324202e+01 3.12787293e+01 3.34106115e+01 3.58599885e+01 3.18424375e+01 3.28369238e+01 3.40838556e+01 3.03481796e+01 3.45939097e+01 3.35120133e+01 3.41364266e+01 3.17206663e+01 3.02714957e+01 3.23286716e+01 3.11570649e+01 3.13450887e+01 3.26232704e+01 3.15917731e+01 3.07557822e+01 3.44721740e+01 3.23910653e+01 3.02498246e+01 3.39313156e+01 3.16295762e+01 
2.78786616e+01 3.03476886e+01 2.75301199e+01 2.83156694e+01 2.82476523e+01 2.84806996e+01 2.79658494e+01 2.83683438e+01 2.76646383e+01 3.02455035e+01 2.80231770e+01 2.83331761e+01 2.76291842e+01 2.88095682e+01 2.77406054e+01 2.82551693e+01 2.77749071e+01 2.79126145e+01 2.80595191e+01 2.81258269e+01 2.97208912e+01 2.79628220e+01 2.93526133e+01 2.56521018e+01 2.73992266e+01 2.98015886e+01 2.74269943e+01 2.84393217e+01 2.99091203e+01 2.87197242e+01 
2.13989241e+01 2.46441540e+01 2.39331059e+01 2.55492596e+01 2.22434230e+01 2.43480386e+01 2.60414085e+01 2.59560267e+01 2.46701253e+01 2.34719571e+01 2.39188303e+01 2.56349633e+01 2.39520280e+01 2.38743177e+01 2.16728072e+01 2.15085944e+01 2.44119144e+01 2.45782714e+01 2.42276030e+01 2.47171122e+01 2.36085633e+01 2.43404303e+01 2.42569247e+01 1.98748115e+01 2.68567431e+01 2.38708773e+01 2.57827262e+01 1.86739793e+01 2.38555938e+01 2.31184876e+01 
1.92925320e+01 2.17230363e+01 2.16938152e+01 2.15316138e+01 2.08389852e+01 1.95214435e+01 1.42995498e+01 2.15751129e+01 2.15723325e+01 1.61706561e+01 2.17640869e+01 2.12696488e+01 2.09142806e+01 2.11134890e+01 1.86899526e+01 1.93481712e+01 1.86384237e+01 2.17427717e+01 2.10450972e+01 2.13427232e+01 2.13670771e+01 2.15089183e+01 2.11641738e+01 1.66557388e+01 2.17210834e+01 1.90748403e+01 1.92046366e+01 1.41478512e+01 2.10358095e+01 2.09949678e+01 
1.73077258e+01 2.04268944e+01 2.03969712e+01 2.03418207e+01 1.97295273e+01 1.73035579e+01 1.20216315e+01 1.98662616e+01 2.05577511e+01 1.35068228e+01 2.04355182e+01 2.10256986e+01 2.04753483e+01 1.98310925e+01 1.77246831e+01 1.75623429e+01 1.68543696e+01 2.02234685e+01 1.88159976e+01 2.03950986e+01 2.04184611e+01 2.02643164e+01 2.03596562e+01 1.47490380e+01 2.16479767e+01 1.79016485e+01 1.77622111e+01 1.14612794e+01 2.01483763e+01 1.92730371e+01 
1.00000000e+06 1.00000000e+06 1.00000000e+06 1.00000000e+06 1.00000000e+06 1.00000000e+06 1.00000000e+06 1.00000000e+06 1.00000000e+06 1.00000000e+06 1.00000000e+06 1.00000000e+06 1.00000000e+06 1.00000000e+06 1.00000000e+06 1.00000000e+06 1.00000000e+06 1.00000000e+06 1.00000000e+06 1.00000000e+06 1.00000000e+06 1.00000000e+06 1.00000000e+06 1.00000000e+06 1.00000000e+06 1.00000000e+06 1.00000000e+06 1.00000000e+06 1.00000000e+06 1.00000000e+06 
