2.60526082e+09 3.07043430e+09 2.81846134e+09 2.14159722e+09 2.07740245e+09 2.53056738e+09 4.03699430e+09 2.35985506e+09 1.81721280e+09 2.21615809e+09 4.04232687e+09 4.18886223e+09 2.70510386e+09 3.06717515e+09 1.13699441e+09 2.76693487e+09 3.51289461e+09 3.17199900e+09 1.42295100e+09 3.10300204e+09 3.69531433e+09 2.62136653e+09 3.42706423e+09 1.16956358e+09 3.77307978e+09 3.15318980e+09 4.63810735e+09 5.00441228e+08 1.51496072e+09 2.92141478e+09 
2.60526082e+09 1.13701044e+09 1.98732677e+09 1.74840327e+09 2.07740245e+09 1.04157767e+09 3.61015435e+09 1.73315966e+09 1.28710648e+09 1.91272460e+09 2.56528401e+09 2.98063088e+09 2.11844810e+09 3.06717515e+09 1.13699441e+09 2.76693487e+09 1.54192888e+09 1.90262251e+09 1.42295100e+09 2.61732732e+09 1.71883922e+09 2.06696583e+09 2.32015125e+09 1.16956358e+09 2.85693123e+09 3.15318980e+09 3.89426884e+09 5.00441228e+08 1.51496072e+09 1.85394078e+09 
2.42773418e+09 1.13701044e+09 1.41846727e+09 1.74840327e+09 2.07740245e+09 1.04157767e+09 3.40400099e+09 1.18754316e+09 1.28710648e+09 1.91272460e+09 2.56528401e+09 1.76059078e+09 2.11844810e+09 1.15113555e+09 1.13699441e+09 6.14532507e+08 1.54192888e+09 1.90262251e+09 1.42295100e+09 1.96808077e+09 1.71883922e+09 2.06696583e+09 1.32099090e+09 1.16956358e+09 2.26560526e+09 2.30628925e+09 1.35566504e+09 5.00441228e+08 1.51496072e+09 1.56050025e+09 
2.42773418e+09 1.13701044e+09 1.41846727e+09 1.53230568e+09 1.12955746e+09 1.04157767e+09 1.78323238e+09 1.03515435e+09 1.28710648e+09 8.03814282e+08 1.94197747e+09 1.76059078e+09 1.42208486e+09 7.49582946e+08 2.11189865e+08 6.14532507e+08 1.54192888e+09 1.89056318e+09 7.00197490e+08 1.96808077e+09 7.95873926e+08 1.09881747e+09 1.32099090e+09 1.16956358e+09 1.21715204e+09 1.68293299e+09 1.35566504e+09 5.00441228e+08 1.51496072e+09 1.38467107e+09 
1.08283666e+09 9.39294198e+08 1.41846727e+09 9.52905560e+08 1.12955746e+09 1.04157767e+09 1.78323238e+09 7.86677020e+08 1.17698754e+09 8.03814282e+08 1.41200536e+09 5.12453876e+08 1.08249589e+09 7.49582946e+08 2.11189865e+08 6.14532507e+08 1.46973428e+09 1.02639279e+09 4.84013154e+08 1.24098688e+09 7.95873926e+08 9.68510920e+08 1.32099090e+09 7.02979046e+08 1.02915309e+09 4.96284919e+08 8.31930781e+08 5.00441228e+08 1.51496072e+09 6.35703816e+08 
9.64734779e+08 9.39294198e+08 1.41846727e+09 8.68196756e+08 9.50905866e+08 5.68273419e+08 1.29696010e+09 7.86677020e+08 7.66524152e+08 8.03814282e+08 1.41200536e+09 5.12453876e+08 1.08249589e+09 7.43087966e+08 2.11189865e+08 6.14532507e+08 7.31492015e+08 1.02639279e+09 4.49709343e+08 1.18190033e+09 7.95873926e+08 7.28667796e+08 1.00736739e+09 7.02979046e+08 1.02915309e+09 4.96284919e+08 8.31930781e+08 5.00441228e+08 1.05867377e+09 6.35703816e+08 
6.34600057e+08 2.97441050e+08 2.35634527e+08 4.47595196e+08 3.26654381e+08 5.68273419e+08 4.35645549e+08 4.67000934e+08 4.57360938e+08 3.43818740e+08 3.77370459e+08 3.45054203e+08 6.01946286e+08 6.15836200e+08 2.11189865e+08 6.14532507e+08 3.84761977e+08 4.03223473e+08 4.49709343e+08 2.87036029e+08 4.69546086e+08 3.53121426e+08 2.54682253e+08 3.14447515e+08 5.07616702e+08 4.96284919e+08 2.67040810e+08 4.62926677e+08 4.83914410e+08 5.57000740e+08 
1.35149681e+08 9.04402899e+07 9.73470493e+07 1.71959053e+08 1.85664877e+08 1.97786408e+08 4.82723621e+07 8.01012131e+07 1.28954768e+08 1.19942602e+08 1.62889761e+08 1.44236780e+08 8.02456401e+07 1.39740880e+08 4.77146125e+07 7.32418591e+07 1.43323580e+08 1.52151189e+08 1.17742292e+08 1.39839191e+08 1.43021865e+08 2.07818530e+08 5.05576034e+07 1.00651969e+08 1.55821681e+08 6.95623923e+07 1.85155418e+08 7.76232351e+07 1.69923396e+08 1.46473489e+08 
2.18881879e+07 1.83706809e+07 1.36579841e+07 9.79055933e+06 3.13345400e+07 2.77483474e+07 2.81759997e+07 3.53879818e+07 2.58852403e+07 2.94130137e+07 2.15930699e+07 2.03551139e+07 3.06049151e+07 2.92684440e+07 2.25000624e+07 1.67583790e+07 2.39302889e+07 3.06047901e+07 3.30456245e+07 2.72251685e+07 1.20516876e+07 2.78993019e+07 2.23712242e+07 1.83821896e+07 1.85011500e+07 1.73156608e+07 2.09999613e+07 1.81437948e+07 2.22201362e+07 1.55931279e+07 
2.13932485e+05 2.41308769e+05 2.77531122e+05 1.27306217e+05 2.88740333e+05 4.67614979e+05 2.69119803e+05 1.93125876e+05 1.69547419e+05 6.63705648e+05 1.02199691e+05 2.00298906e+05 1.85337690e+05 1.77520741e+05 2.54672411e+05 2.32186883e+05 1.35472470e+05 1.20199339e+05 2.71261043e+05 2.62842092e+05 1.86237415e+05 1.92809246e+05 1.35133562e+05 1.67276598e+05 1.89356516e+05 1.25775197e+05 3.39395766e+05 1.28644726e+05 4.24247493e+04 2.66080717e+05 
2.08110462e+02 2.31418199e+02 1.68931431e+02 1.71629620e+02 2.64805670e+02 3.13474348e+02 2.10010471e+02 2.28182379e+02 2.42095869e+02 3.75141269e+02 2.82527929e+02 1.61331035e+02 2.41450599e+02 3.04923093e+02 2.01755759e+02 2.87778569e+02 2.09420209e+02 2.04072690e+02 3.07506511e+02 1.93234963e+02 2.50625095e+02 2.65073354e+02 2.21646574e+02 3.01410796e+02 2.85874132e+02 1.93366012e+02 1.90965523e+02 2.05125301e+02 2.69580400e+02 1.97483645e+02 
1.04409400e+01 3.54554248e+00 1.01667350e+01 5.44050299e+00 8.86004306e+00 6.92114073e+00 6.94142247e+00 7.28846943e+00 5.76162847e+00 6.31767402e+00 4.88346723e+00 8.54558879e+00 5.81885808e+00 1.07526513e+01 3.88334511e+00 9.30266120e+00 8.01693054e+00 1.01073058e+01 6.10359095e+00 9.75406809e+00 5.69754497e+00 6.81828836e+00 9.92021624e+00 5.44554272e+00 8.89831355e+00 5.64723977e+00 5.13191046e+00 7.79194733e+00 9.60833135e+00 6.33389851e+00 
2.41630577e+00 1.95578540e+00 1.91245037e+00 2.20549914e+00 1.85900707e+00 1.85670587e+00 3.68789963e+00 2.47901632e+00 1.87354136e+00 2.47838861e+00 1.54190142e+00 1.38547285e+00 2.34601902e+00 3.25953292e+00 1.33827494e+00 3.01605049e+00 1.94646507e+00 2.64766612e+00 1.47502128e+00 1.52086574e+00 1.94087014e+00 3.96932638e+00 1.67838198e+00 2.76650706e+00 1.78905949e+00 3.16831489e+00 2.39883501e+00 1.82435849e+00 3.33550177e+00 2.26591407e+00 
3.33345767e-01 4.96198135e-01 4.99888310e-01 4.99933553e-01 5.00027427e-01 5.00000043e-01 4.87419167e-01 4.71467317e-01 4.84046922e-01 5.00001271e-01 4.99917093e-01 4.99923930e-01 4.90307313e-01 4.95619968e-01 4.01794448e-01 4.97865339e-01 4.98417511e-01 4.88516849e-01 5.00000321e-01 4.67110967e-01 4.96052199e-01 5.00111083e-01 4.96777863e-01 4.95517041e-01 4.83915584e-01 4.31420118e-01 5.00000365e-01 4.99873775e-01 4.99992772e-01 3.28702674e-01 
2.56728428e-01 4.92854507e-01 4.99759967e-01 4.99270903e-01 4.99989188e-01 4.99999997e-01 4.69475034e-01 4.44340816e-01 4.67930832e-01 4.99999945e-01 4.99666944e-01 4.99278789e-01 4.81847311e-01 4.83707258e-01 3.32716813e-01 4.95488886e-01 4.97598545e-01 4.76877403e-01 4.99995746e-01 4.55945253e-01 4.93044691e-01 4.99930039e-01 4.94427617e-01 4.87609127e-01 4.80967013e-01 3.98732577e-01 4.99999502e-01 4.99537556e-01 4.99800731e-01 2.26444012e-01 
2.46372597e-01 4.91832289e-01 4.99755848e-01 4.99261477e-01 4.99984679e-01 4.99999996e-01 4.66718211e-01 4.32309084e-01 4.66171503e-01 4.99999919e-01 4.99568639e-01 4.99261143e-01 4.81525836e-01 4.83415284e-01 2.67454911e-01 4.94870323e-01 4.96813234e-01 4.73758687e-01 4.99995704e-01 4.40269670e-01 4.92787896e-01 4.99921532e-01 4.92291033e-01 4.86948107e-01 4.78144688e-01 3.92883487e-01 4.99999403e-01 4.99505949e-01 4.99798156e-01 2.04205704e-01 
1.00000000e+06 1.00000000e+06 1.00000000e+06 1.00000000e+06 1.00000000e+06 1.00000000e+06 1.00000000e+06 1.00000000e+06 1.00000000e+06 1.00000000e+06 1.00000000e+06 1.00000000e+06 1.00000000e+06 1.00000000e+06 1.00000000e+06 1.00000000e+06 1.00000000e+06 1.00000000e+06 1.00000000e+06 1.00000000e+06 1.00000000e+06 1.00000000e+06 1.00000000e+06 1.00000000e+06 1.00000000e+06 1.00000000e+06 1.00000000e+06 1.00000000e+06 1.00000000e+06 1.00000000e+06 
