   1.0392042e+03   1.0464862e+03   1.0591375e+03   1.0375609e+03   1.0291997e+03   1.0351655e+03   1.0391212e+03   1.0433825e+03   1.0464960e+03   1.0179881e+03   1.0478449e+03   1.0340567e+03   1.0731118e+03   1.0315860e+03   1.0397037e+03   1.0402816e+03   1.0374945e+03   1.0527159e+03   1.0252892e+03   1.0495168e+03   1.0375258e+03   1.0063490e+03   1.0668322e+03   1.0670999e+03   1.0550107e+03   1.0342242e+03   1.0462324e+03   1.0352438e+03   1.0267444e+03   1.0296931e+03
   1.0392042e+03   1.0464862e+03   1.0591375e+03   1.0375609e+03   1.0291997e+03   1.0351655e+03   1.0391212e+03   1.0433825e+03   1.0464960e+03   1.0179881e+03   1.0478449e+03   1.0340567e+03   1.0731118e+03   1.0315860e+03   1.0397037e+03   1.0402816e+03   1.0374945e+03   1.0527159e+03   1.0252892e+03   1.0495168e+03   1.0375258e+03   1.0063490e+03   1.0668322e+03   1.0670999e+03   1.0550107e+03   1.0342242e+03   1.0462324e+03   1.0352438e+03   1.0267444e+03   1.0296931e+03
   1.0392042e+03   1.0464862e+03   1.0591375e+03   1.0375609e+03   1.0291997e+03   1.0351655e+03   1.0391212e+03   1.0433825e+03   1.0464960e+03   1.0179881e+03   1.0478449e+03   1.0340567e+03   1.0731118e+03   1.0315860e+03   1.0397037e+03   1.0402816e+03   1.0374945e+03   1.0527159e+03   1.0252892e+03   1.0495168e+03   1.0375258e+03   1.0063490e+03   1.0668322e+03   1.0670999e+03   1.0550107e+03   1.0342242e+03   1.0462324e+03   1.0352438e+03   1.0267444e+03   1.0296931e+03
   1.0392042e+03   1.0464862e+03   1.0591375e+03   1.0375609e+03   1.0291997e+03   1.0351655e+03   1.0391212e+03   1.0433825e+03   1.0464960e+03   1.0179881e+03   1.0478449e+03   1.0340567e+03   1.0731118e+03   1.0315860e+03   1.0397037e+03   1.0402816e+03   1.0374945e+03   1.0527159e+03   1.0252892e+03   1.0495168e+03   1.0375258e+03   1.0063490e+03   1.0668322e+03   1.0670999e+03   1.0550107e+03   1.0342242e+03   1.0462324e+03   1.0352438e+03   1.0267444e+03   1.0296931e+03
   1.0392042e+03   1.0464862e+03   1.0591375e+03   1.0375609e+03   1.0291997e+03   1.0351655e+03   1.0391212e+03   1.0433825e+03   1.0464960e+03   1.0179881e+03   1.0478449e+03   1.0340567e+03   1.0731118e+03   1.0315860e+03   1.0397037e+03   1.0402816e+03   1.0374945e+03   1.0527159e+03   1.0252892e+03   1.0495168e+03   1.0375258e+03   1.0063490e+03   1.0668322e+03   1.0670999e+03   1.0550107e+03   1.0342242e+03   1.0462324e+03   1.0352438e+03   1.0267444e+03   1.0296931e+03
   1.0392042e+03   1.0160984e+03   1.0225630e+03   1.0375609e+03   1.0221954e+03   1.0258992e+03   1.0391212e+03   1.0433825e+03   1.0431073e+03   1.0179881e+03   1.0478449e+03   1.0334547e+03   1.0686370e+03   1.0227600e+03   1.0386311e+03   1.0402816e+03   1.0374945e+03   1.0094100e+03   1.0252892e+03   1.0466126e+03   1.0375258e+03   1.0063490e+03   1.0668322e+03   1.0434099e+03   1.0137020e+03   1.0241091e+03   1.0462324e+03   1.0352438e+03   1.0267444e+03   1.0296931e+03
   1.0392042e+03   1.0160984e+03   1.0225630e+03   1.0375609e+03   1.0221954e+03   1.0258992e+03   1.0391212e+03   1.0433825e+03   1.0431073e+03   1.0179881e+03   1.0478449e+03   1.0334547e+03   1.0686370e+03   1.0227600e+03   1.0386311e+03   1.0402816e+03   1.0374945e+03   1.0094100e+03   1.0252892e+03   1.0466126e+03   1.0375258e+03   1.0063490e+03   1.0668322e+03   1.0434099e+03   1.0137020e+03   1.0241091e+03   1.0462324e+03   1.0352438e+03   1.0267444e+03   1.0296931e+03
   1.0340481e+03   1.0034439e+03   1.0225630e+03   1.0375609e+03   1.0221954e+03   9.9465958e+02   1.0361258e+03   1.0070037e+03   1.0120851e+03   1.0179881e+03   1.0478449e+03   1.0233637e+03   1.0450384e+03   1.0221971e+03   1.0386311e+03   1.0392231e+03   1.0225618e+03   1.0039736e+03   1.0130267e+03   1.0013136e+03   1.0028957e+03   1.0061155e+03   1.0441398e+03   1.0390030e+03   1.0116202e+03   1.0192035e+03   1.0188624e+03   1.0352438e+03   1.0088964e+03   1.0296931e+03
   1.0340481e+03   1.0034439e+03   9.8167036e+02   1.0256890e+03   9.9990502e+02   9.9465958e+02   9.8715643e+02   1.0058413e+03   9.9476328e+02   1.0179881e+03   1.0202401e+03   1.0213593e+03   1.0299863e+03   1.0011083e+03   1.0116096e+03   1.0141358e+03   1.0220976e+03   1.0039736e+03   1.0068695e+03   1.0013136e+03   1.0021034e+03   9.9229092e+02   1.0094187e+03   1.0231835e+03   1.0008080e+03   1.0063745e+03   1.0124729e+03   1.0259834e+03   9.8386283e+02   1.0228829e+03
   9.9827749e+02   1.0034439e+03   9.8167036e+02   1.0254986e+03   9.7828087e+02   9.8494482e+02   9.8529934e+02   9.7973974e+02   9.9476328e+02   9.5249268e+02   9.9184406e+02   1.0047296e+03   1.0221072e+03   1.0011083e+03   9.9950749e+02   1.0066945e+03   1.0205624e+03   9.9031770e+02   1.0068695e+03   9.9069093e+02   1.0021034e+03   9.7118574e+02   9.7545147e+02   1.0078612e+03   9.9660668e+02   9.9177726e+02   1.0124729e+03   1.0047744e+03   9.8354152e+02   1.0047819e+03
   9.5260026e+02   9.6589319e+02   9.7583110e+02   9.9209554e+02   9.7828087e+02   9.7911375e+02   9.6776116e+02   9.7973974e+02   9.9423972e+02   9.5249268e+02   9.6894703e+02   9.7962591e+02   9.7058704e+02   9.8667942e+02   9.7976980e+02   9.9501309e+02   9.8586077e+02   9.8016599e+02   9.8494302e+02   9.8811293e+02   9.9650892e+02   9.6892941e+02   9.6729252e+02   9.9398665e+02   9.7553089e+02   9.5897787e+02   9.8137066e+02   9.8185251e+02   9.4258781e+02   9.7911768e+02
   9.5192618e+02   9.5038053e+02   9.6644298e+02   9.7379458e+02   9.5776839e+02   9.4325204e+02   9.5761653e+02   9.6163825e+02   9.6593924e+02   9.4136870e+02   9.5121112e+02   9.6784008e+02   9.6067738e+02   9.4877313e+02   9.5028144e+02   9.7888137e+02   9.5432401e+02   9.7019709e+02   9.8494302e+02   9.7342831e+02   9.5619860e+02   9.6837878e+02   9.5882449e+02   9.6104964e+02   9.5204674e+02   9.5295514e+02   9.7391535e+02   9.6264949e+02   9.3987266e+02   9.6949230e+02
   9.3360688e+02   9.4537172e+02   9.4584683e+02   9.5217496e+02   9.2955361e+02   9.3028536e+02   9.2501057e+02   9.4744694e+02   9.4668354e+02   9.1714507e+02   9.3810835e+02   9.4629928e+02   9.4235741e+02   9.3712989e+02   9.4469085e+02   9.4432252e+02   9.4736340e+02   9.4866908e+02   9.3715852e+02   9.4379514e+02   9.4393255e+02   9.5088678e+02   9.2714193e+02   9.4583792e+02   9.2794694e+02   9.3836272e+02   9.3800348e+02   9.3894038e+02   9.2768163e+02   9.4800321e+02
   9.0689978e+02   9.2259945e+02   9.0585956e+02   8.9141502e+02   8.9274488e+02   9.1088342e+02   8.9512899e+02   9.1675741e+02   9.2804309e+02   8.9654391e+02   9.1905893e+02   9.1677114e+02   9.1122007e+02   9.1518427e+02   9.1057206e+02   9.1309391e+02   8.9483011e+02   9.3784656e+02   9.1182851e+02   9.1370651e+02   9.1188870e+02   9.2428408e+02   8.9668170e+02   9.2551491e+02   9.0565487e+02   9.1051567e+02   9.2001956e+02   9.1356859e+02   9.1789614e+02   9.2309709e+02
   8.7126832e+02   8.8905434e+02   8.7945919e+02   8.6853831e+02   8.6217629e+02   8.7125134e+02   8.7223811e+02   8.7644921e+02   8.8296585e+02   8.8368722e+02   8.8255931e+02   8.7741320e+02   8.7263920e+02   8.8255101e+02   8.8139263e+02   8.7657909e+02   8.8042295e+02   8.9745300e+02   8.9325190e+02   8.9591245e+02   8.7261475e+02   8.9080870e+02   8.8742832e+02   8.8964087e+02   8.7116759e+02   8.8787756e+02   8.8519213e+02   8.9427906e+02   8.8406931e+02   8.9292917e+02
   8.3758368e+02   8.4023970e+02   8.4038711e+02   8.4100959e+02   8.4141627e+02   8.4202102e+02   8.4246823e+02   8.4625976e+02   8.4738309e+02   8.4825325e+02   8.4847520e+02   8.4996443e+02   8.5102577e+02   8.5107406e+02   8.5194415e+02   8.5200528e+02   8.5214953e+02   8.5387077e+02   8.5469187e+02   8.5526062e+02   8.5565511e+02   8.5578431e+02   8.5612891e+02   8.5655698e+02   8.5699558e+02   8.6112469e+02   8.6198234e+02   8.6212351e+02   8.6244800e+02   8.6385545e+02
