   8.0187058e+02   7.9019379e+02   1.5520552e+03   9.7472608e+02   8.9694211e+02   1.3810950e+03   1.1586138e+03   9.1156782e+02   1.1537609e+03   1.7922909e+03   7.4322750e+02   1.7025936e+03   1.8320890e+03   1.4874968e+03   1.1096947e+03   1.1163278e+03   1.1067982e+03   1.0845913e+03   1.6303066e+03   1.4153434e+03   1.6196671e+03   1.2084760e+03   1.9903735e+03   1.4344541e+03   1.9007468e+03   1.3551701e+03   1.7466771e+03   1.1376225e+03   1.2557751e+03   1.3746710e+03
   8.0187058e+02   7.9019379e+02   1.5520552e+03   9.7472608e+02   8.9694211e+02   1.3810950e+03   1.1586138e+03   9.1156782e+02   1.1537609e+03   1.7922909e+03   7.4322750e+02   1.7025936e+03   1.8320890e+03   1.4874968e+03   1.1096947e+03   1.1163278e+03   1.1067982e+03   1.0845913e+03   1.6303066e+03   1.4153434e+03   1.6196671e+03   1.2084760e+03   1.9903735e+03   1.4344541e+03   1.9007468e+03   1.3551701e+03   1.7466771e+03   1.1376225e+03   1.2557751e+03   1.3746710e+03
   8.0187058e+02   7.9019379e+02   1.5520552e+03   9.7472608e+02   8.9694211e+02   1.3810950e+03   1.1586138e+03   9.1156782e+02   1.1537609e+03   1.7922909e+03   7.4322750e+02   1.7025936e+03   1.8320890e+03   1.4874968e+03   1.1096947e+03   1.1163278e+03   1.1067982e+03   1.0845913e+03   1.6303066e+03   1.4153434e+03   1.6196671e+03   1.2084760e+03   1.9903735e+03   1.4344541e+03   1.9007468e+03   1.3551701e+03   1.7466771e+03   1.1376225e+03   1.2557751e+03   1.3746710e+03
   7.6202824e+02   7.6637894e+02   1.0554410e+03   9.7472608e+02   8.9694211e+02   1.2384400e+03   1.0952998e+03   9.1156782e+02   1.1537609e+03   1.6852460e+03   7.4322750e+02   1.7025936e+03   1.8230783e+03   1.4874968e+03   1.0666950e+03   1.1163278e+03   1.1067982e+03   9.8770551e+02   1.4198225e+03   1.4153434e+03   1.5028464e+03   1.2084760e+03   1.9004314e+03   6.8072995e+02   1.4600710e+03   1.3532308e+03   1.6998365e+03   9.4619247e+02   1.2269673e+03   1.3746710e+03
   7.6202824e+02   7.6637894e+02   1.0554410e+03   9.5634486e+02   8.9694211e+02   1.2234931e+03   1.0952998e+03   9.1156782e+02   8.1456277e+02   1.6852460e+03   7.4322750e+02   1.7025936e+03   1.8230783e+03   1.4874968e+03   1.0666950e+03   1.1163278e+03   1.1067982e+03   9.8770551e+02   1.0849909e+03   1.4153434e+03   1.5028464e+03   1.1138810e+03   1.0626644e+03   6.8072995e+02   1.4600710e+03   1.2063765e+03   1.3701672e+03   9.4619247e+02   1.2269673e+03   1.3746710e+03
   7.6202824e+02   7.4397483e+02   1.0554410e+03   9.5634486e+02   8.9694211e+02   8.7262063e+02   9.7698586e+02   9.1156782e+02   8.1456277e+02   1.2725126e+03   7.4322750e+02   1.2332690e+03   1.3119168e+03   1.0590460e+03   1.0666950e+03   1.0962148e+03   9.8179700e+02   8.0568428e+02   1.0849909e+03   1.2292141e+03   1.3652319e+03   1.1138810e+03   8.1521093e+02   6.8072995e+02   1.4600710e+03   1.1406635e+03   1.1446940e+03   9.0352204e+02   1.2269673e+03   1.2977562e+03
   7.0222785e+02   6.7690564e+02   1.0554410e+03   6.0696451e+02   8.9694211e+02   8.5192974e+02   6.7815597e+02   9.1156782e+02   8.1456277e+02   7.7147646e+02   7.4322750e+02   1.2332690e+03   1.3119168e+03   1.0027327e+03   7.7261993e+02   1.0962148e+03   7.0046246e+02   8.0568428e+02   1.0849909e+03   1.2292141e+03   1.2377306e+03   8.5373213e+02   8.0304308e+02   6.8072995e+02   1.3528150e+03   1.1406635e+03   9.4724227e+02   9.0352204e+02   1.1693748e+03   1.0967840e+03
   7.0222785e+02   6.7562659e+02   9.3460945e+02   6.0696451e+02   7.1332833e+02   8.5192974e+02   6.7651435e+02   8.1222019e+02   7.9507896e+02   7.1059235e+02   7.2678095e+02   8.1265172e+02   1.0992332e+03   9.1059051e+02   7.5003545e+02   9.2919234e+02   7.0046246e+02   7.1765814e+02   7.6819865e+02   1.0114869e+03   6.1319090e+02   7.6020520e+02   6.8114658e+02   6.7647714e+02   9.7645018e+02   1.0175962e+03   8.7120999e+02   6.1013881e+02   8.0915233e+02   8.4477410e+02
   6.1346526e+02   6.3218367e+02   6.7852175e+02   5.3073555e+02   6.5709216e+02   8.2471886e+02   6.7651435e+02   7.5262497e+02   7.3974958e+02   7.0023478e+02   6.3307506e+02   7.8403779e+02   8.3212301e+02   5.7641687e+02   7.2313424e+02   7.8668078e+02   5.8661240e+02   5.9980699e+02   7.1984253e+02   8.4969616e+02   6.1319090e+02   7.4509421e+02   6.8114658e+02   6.7248238e+02   9.3262634e+02   6.0095931e+02   6.1900945e+02   6.1013881e+02   8.0915233e+02   6.8307592e+02
   5.1695860e+02   5.0551300e+02   6.2611425e+02   5.2925347e+02   5.3508333e+02   5.5928100e+02   6.3477642e+02   5.5519215e+02   5.7858231e+02   6.1724427e+02   6.0544114e+02   6.0410260e+02   6.3926790e+02   5.7461949e+02   5.7345960e+02   6.2830901e+02   5.3668122e+02   5.5562702e+02   5.4709116e+02   6.4781401e+02   5.3554935e+02   5.5294546e+02   6.3459576e+02   6.3736619e+02   7.2469778e+02   5.2860061e+02   6.0778172e+02   6.0904878e+02   6.3637465e+02   5.6982129e+02
   4.8761648e+02   5.0365364e+02   5.3059567e+02   4.4169351e+02   4.5580922e+02   4.9691534e+02   4.8494297e+02   5.2807452e+02   4.9980418e+02   4.8564758e+02   5.0997545e+02   4.8080931e+02   5.2788463e+02   4.8511247e+02   5.2527771e+02   4.7822794e+02   5.0111302e+02   4.7993131e+02   5.1743232e+02   5.4566312e+02   4.8147837e+02   4.7187219e+02   5.1426531e+02   5.3921601e+02   5.1979588e+02   4.8591159e+02   4.7157191e+02   4.9278535e+02   5.2407598e+02   4.9540044e+02
   4.4050950e+02   4.5592034e+02   4.7227905e+02   4.1424296e+02   4.3760581e+02   4.4224157e+02   4.5121855e+02   4.4420828e+02   4.4477776e+02   4.4291103e+02   4.6091675e+02   4.4381761e+02   4.6446098e+02   4.6746205e+02   4.3412843e+02   4.4839345e+02   4.4538583e+02   4.3633190e+02   4.5584189e+02   4.2784118e+02   4.7003819e+02   4.5916199e+02   4.3825522e+02   4.1369076e+02   4.5483413e+02   4.4708786e+02   4.3838544e+02   4.5395582e+02   4.5465161e+02   4.3963494e+02
   4.1642459e+02   4.1470891e+02   4.2096726e+02   4.1161700e+02   4.0988819e+02   4.1035722e+02   4.1197758e+02   4.1150043e+02   4.0848650e+02   4.0604291e+02   4.1296669e+02   4.1281074e+02   4.1734282e+02   4.1423261e+02   4.0908757e+02   4.1195273e+02   4.0928481e+02   4.1632512e+02   4.2328195e+02   4.1033376e+02   4.1345286e+02   4.1425405e+02   4.0523429e+02   4.0605626e+02   4.1539470e+02   4.0968196e+02   4.0950098e+02   4.1348755e+02   4.1708114e+02   4.1465172e+02
   4.0318336e+02   4.0189503e+02   4.0372524e+02   4.0435807e+02   4.0190059e+02   4.0475692e+02   4.0078796e+02   4.0495219e+02   4.0396534e+02   4.0318629e+02   4.0464076e+02   4.0291964e+02   4.0322402e+02   4.0153776e+02   4.0136176e+02   4.0119460e+02   4.0073746e+02   4.0415209e+02   4.0278311e+02   4.0376828e+02   4.0207806e+02   4.0247422e+02   4.0173611e+02   4.0239318e+02   4.0189399e+02   4.0242949e+02   4.0311026e+02   4.0272028e+02   4.0190474e+02   4.0254171e+02
   4.0031561e+02   4.0048431e+02   4.0049699e+02   4.0059370e+02   4.0031185e+02   4.0046790e+02   4.0052882e+02   4.0030458e+02   4.0044199e+02   4.0027002e+02   4.0055547e+02   4.0037622e+02   4.0042103e+02   4.0027338e+02   4.0091839e+02   4.0042604e+02   4.0020396e+02   4.0070193e+02   4.0056600e+02   4.0032453e+02   4.0015229e+02   4.0058375e+02   4.0035968e+02   4.0026343e+02   4.0058811e+02   4.0069635e+02   4.0050011e+02   4.0052219e+02   4.0029201e+02   4.0072322e+02
   4.0000000e+02   4.0000000e+02   4.0000000e+02   4.0000000e+02   4.0000000e+02   4.0000000e+02   4.0000000e+02   4.0000000e+02   4.0000000e+02   4.0000000e+02   4.0000000e+02   4.0000000e+02   4.0000000e+02   4.0000000e+02   4.0000000e+02   4.0000000e+02   4.0000000e+02   4.0000000e+02   4.0000000e+02   4.0000000e+02   4.0000000e+02   4.0000000e+02   4.0000000e+02   4.0000000e+02   4.0000000e+02   4.0000000e+02   4.0000000e+02   4.0000000e+02   4.0000000e+02   4.0000000e+02
