7.813245e+03 7.523083e+03 6.366339e+03 8.828901e+03 8.538553e+03 9.262531e+03 8.845448e+03 7.273157e+03 5.785470e+03 9.685641e+03 8.386859e+03 8.251694e+03 5.786665e+03 9.199101e+03 7.000389e+03 7.838993e+03 6.443874e+03 6.543093e+03 6.535904e+03 8.460285e+03 7.396534e+03 9.036849e+03 8.358988e+03 7.769551e+03 6.962539e+03 5.570767e+03 6.429186e+03 4.477762e+03 6.858320e+03 5.341260e+03 
7.813245e+03 7.523083e+03 6.366339e+03 8.828901e+03 8.538553e+03 9.262531e+03 8.845448e+03 7.273157e+03 5.785470e+03 9.685641e+03 8.386859e+03 8.251694e+03 5.786665e+03 9.199101e+03 7.000389e+03 7.838993e+03 6.443874e+03 6.543093e+03 6.535904e+03 8.460285e+03 7.396534e+03 9.036849e+03 8.358988e+03 7.769551e+03 6.962539e+03 5.570767e+03 6.429186e+03 4.477762e+03 6.858320e+03 5.341260e+03 
7.813245e+03 7.523083e+03 6.366339e+03 8.828901e+03 8.538553e+03 9.262531e+03 8.845448e+03 7.273157e+03 5.785470e+03 9.685641e+03 8.386859e+03 8.251694e+03 5.786665e+03 9.199101e+03 7.000389e+03 7.838993e+03 6.443874e+03 6.543093e+03 6.535904e+03 8.460285e+03 7.396534e+03 9.036849e+03 8.358988e+03 7.769551e+03 6.962539e+03 5.570767e+03 6.429186e+03 4.477762e+03 6.858320e+03 5.341260e+03 
7.813245e+03 7.523083e+03 6.366339e+03 8.828901e+03 8.538553e+03 9.262531e+03 8.845448e+03 7.273157e+03 5.785470e+03 9.685641e+03 8.386859e+03 8.251694e+03 5.786665e+03 9.199101e+03 7.000389e+03 7.838993e+03 6.443874e+03 6.543093e+03 6.535904e+03 8.460285e+03 7.396534e+03 9.036849e+03 8.358988e+03 7.769551e+03 6.962539e+03 5.570767e+03 6.429186e+03 4.477762e+03 6.858320e+03 5.341260e+03 
7.813245e+03 7.523083e+03 6.366339e+03 8.828901e+03 8.538553e+03 9.262531e+03 8.845448e+03 7.273157e+03 5.785470e+03 9.685641e+03 8.386859e+03 8.251694e+03 5.786665e+03 9.199101e+03 7.000389e+03 7.838993e+03 6.443874e+03 6.543093e+03 6.535904e+03 8.460285e+03 7.396534e+03 9.036849e+03 8.358988e+03 7.769551e+03 6.962539e+03 5.570767e+03 6.429186e+03 4.477762e+03 6.858320e+03 5.341260e+03 
7.813245e+03 7.213071e+03 6.366339e+03 7.010826e+03 7.868966e+03 9.137096e+03 7.958199e+03 6.658365e+03 5.785470e+03 7.945038e+03 7.583296e+03 5.443846e+03 5.786665e+03 7.553333e+03 7.000389e+03 6.849082e+03 6.443874e+03 6.543093e+03 6.535904e+03 7.573173e+03 7.396534e+03 8.472676e+03 8.358988e+03 6.058369e+03 6.962539e+03 5.570767e+03 6.429186e+03 4.477762e+03 6.215835e+03 5.341260e+03 
7.813245e+03 7.213071e+03 6.366339e+03 7.010826e+03 7.868966e+03 9.137096e+03 7.958199e+03 6.658365e+03 5.785470e+03 7.945038e+03 7.583296e+03 5.443846e+03 5.786665e+03 7.553333e+03 7.000389e+03 6.849082e+03 6.443874e+03 6.543093e+03 6.535904e+03 7.573173e+03 7.396534e+03 8.472676e+03 8.358988e+03 6.058369e+03 6.962539e+03 5.570767e+03 6.429186e+03 4.477762e+03 6.215835e+03 5.341260e+03 
7.208881e+03 7.213071e+03 6.366339e+03 5.725332e+03 7.778464e+03 6.280421e+03 6.903045e+03 6.512492e+03 5.785470e+03 5.889729e+03 7.229208e+03 5.443846e+03 4.478128e+03 6.528190e+03 6.683391e+03 5.515730e+03 4.544538e+03 5.754578e+03 6.535904e+03 5.943831e+03 6.953173e+03 7.493389e+03 4.818853e+03 6.058369e+03 6.020856e+03 5.446511e+03 5.210160e+03 4.477762e+03 4.103625e+03 5.341260e+03 
6.596836e+03 5.305876e+03 5.566060e+03 5.371642e+03 6.255162e+03 6.280421e+03 6.903045e+03 5.053537e+03 5.402760e+03 5.889729e+03 4.868716e+03 5.443846e+03 4.478128e+03 5.430725e+03 5.059836e+03 4.130211e+03 4.544538e+03 5.754578e+03 6.535904e+03 5.943831e+03 5.456119e+03 5.211957e+03 4.818853e+03 6.058369e+03 4.584588e+03 5.375171e+03 4.249106e+03 4.477762e+03 4.103625e+03 5.206300e+03 
6.289326e+03 5.209781e+03 5.566060e+03 5.371642e+03 6.011025e+03 5.508660e+03 4.323224e+03 4.592790e+03 5.402760e+03 5.889729e+03 4.868716e+03 4.304695e+03 4.478128e+03 4.488916e+03 4.547548e+03 4.130211e+03 4.544538e+03 5.754578e+03 4.325290e+03 4.205103e+03 5.456119e+03 4.983059e+03 4.818853e+03 6.058369e+03 4.584588e+03 5.375171e+03 4.246368e+03 4.169717e+03 4.103625e+03 5.206300e+03 
5.232149e+03 3.529279e+03 3.904310e+03 5.371642e+03 4.928787e+03 5.010588e+03 2.653375e+03 3.840290e+03 4.987482e+03 4.422462e+03 4.868716e+03 3.585086e+03 4.478128e+03 3.419176e+03 4.547548e+03 3.288542e+03 4.132632e+03 2.958971e+03 3.687681e+03 4.205103e+03 4.319132e+03 4.123792e+03 4.668135e+03 4.613358e+03 4.584588e+03 3.132614e+03 3.685374e+03 3.965910e+03 3.423889e+03 4.508663e+03 
3.429268e+03 3.529279e+03 3.705123e+03 3.910430e+03 2.577663e+03 3.768592e+03 2.536200e+03 3.723993e+03 4.138417e+03 3.539529e+03 3.264217e+03 3.585086e+03 3.334284e+03 3.363800e+03 2.554993e+03 3.288542e+03 4.050159e+03 2.839549e+03 3.290121e+03 2.368914e+03 3.721637e+03 3.878769e+03 3.495857e+03 4.613358e+03 4.198534e+03 2.919919e+03 3.492825e+03 3.965910e+03 3.379433e+03 4.113613e+03 
2.548475e+03 8.770980e+02 3.599284e+03 2.569912e+03 2.577663e+03 2.319220e+03 2.042603e+03 3.113858e+03 3.167268e+03 2.659662e+03 2.739044e+03 2.821867e+03 1.961928e+03 2.082369e+03 2.406092e+03 3.176104e+03 2.918242e+03 2.830978e+03 2.576746e+03 2.135396e+03 3.114094e+03 2.951187e+03 2.871761e+03 3.672131e+03 3.201653e+03 2.617914e+03 2.893759e+03 2.878233e+03 2.890160e+03 2.265339e+03 
2.179045e+03 5.065722e+02 1.833789e+03 1.446091e+03 2.080275e+03 2.026092e+03 1.315729e+03 2.620239e+03 2.345375e+03 2.231232e+03 2.099593e+03 2.277476e+03 9.467954e+02 1.985044e+03 2.163136e+03 1.890531e+03 2.275068e+03 2.442911e+03 2.187701e+03 1.978090e+03 2.419891e+03 2.137263e+03 1.750377e+03 2.167153e+03 1.985142e+03 2.099871e+03 2.608117e+03 1.920292e+03 2.404214e+03 2.211517e+03 
1.517781e+03 4.059202e+02 1.574834e+03 1.185952e+03 1.920985e+03 1.274390e+03 1.040870e+03 1.306960e+03 1.418627e+03 1.490975e+03 1.508738e+03 1.956051e+03 8.522479e+02 1.400783e+03 1.520874e+03 1.227006e+03 1.597750e+03 1.443630e+03 1.605324e+03 1.774464e+03 1.464047e+03 9.709973e+02 1.370692e+03 1.610703e+03 1.889715e+03 1.778793e+03 1.735329e+03 1.243305e+03 1.359338e+03 1.466740e+03 
1.654808e+02 1.823163e+02 2.182153e+02 2.788439e+02 2.815307e+02 2.924507e+02 2.944225e+02 2.975271e+02 3.419994e+02 3.682736e+02 3.698822e+02 3.701232e+02 3.998218e+02 4.084885e+02 4.235953e+02 4.262341e+02 4.487103e+02 4.557756e+02 4.573482e+02 4.909114e+02 5.112121e+02 5.143427e+02 5.201414e+02 5.829092e+02 6.001869e+02 6.128238e+02 6.153752e+02 6.266270e+02 6.448998e+02 7.212046e+02 
0.000000e+00 0.000000e+00 0.000000e+00 0.000000e+00 0.000000e+00 0.000000e+00 0.000000e+00 0.000000e+00 0.000000e+00 0.000000e+00 0.000000e+00 0.000000e+00 0.000000e+00 0.000000e+00 0.000000e+00 0.000000e+00 0.000000e+00 0.000000e+00 0.000000e+00 0.000000e+00 0.000000e+00 0.000000e+00 0.000000e+00 0.000000e+00 0.000000e+00 0.000000e+00 0.000000e+00 0.000000e+00 0.000000e+00 0.000000e+00 