5.767259e+02 3.445537e+02 2.006745e+02 4.929252e+02 3.045004e+02 6.225850e+02 3.413858e+02 3.178259e+02 5.192006e+02 5.145752e+02 4.352478e+02 3.679901e+02 6.603657e+02 6.393208e+02 4.477986e+02 2.858398e+02 6.920257e+02 4.425442e+02 5.851617e+02 7.022668e+02 3.553655e+02 4.703958e+02 1.456251e+02 6.630243e+02 3.376187e+02 2.912625e+02 1.432988e+02 5.160016e+02 5.362224e+02 3.071843e+02 
5.767259e+02 3.445537e+02 2.006745e+02 4.929252e+02 3.045004e+02 6.225850e+02 3.413858e+02 3.178259e+02 5.192006e+02 5.145752e+02 4.352478e+02 3.679901e+02 6.603657e+02 6.393208e+02 4.477986e+02 2.858398e+02 6.920257e+02 4.425442e+02 5.851617e+02 7.022668e+02 3.553655e+02 4.703958e+02 1.456251e+02 6.630243e+02 3.376187e+02 2.912625e+02 1.432988e+02 5.160016e+02 5.362224e+02 3.071843e+02 
5.767259e+02 3.445537e+02 2.006745e+02 4.929252e+02 3.045004e+02 6.225850e+02 3.413858e+02 3.178259e+02 5.192006e+02 5.145752e+02 4.352478e+02 3.679901e+02 6.603657e+02 6.393208e+02 4.477986e+02 2.858398e+02 6.920257e+02 4.425442e+02 5.851617e+02 7.022668e+02 3.553655e+02 4.703958e+02 1.456251e+02 6.630243e+02 3.376187e+02 2.912625e+02 1.432988e+02 5.160016e+02 5.362224e+02 3.071843e+02 
5.767259e+02 3.445537e+02 2.006745e+02 4.929252e+02 3.045004e+02 6.225850e+02 3.413858e+02 3.178259e+02 5.192006e+02 5.145752e+02 4.352478e+02 3.679901e+02 6.603657e+02 6.393208e+02 4.477986e+02 2.858398e+02 6.920257e+02 4.425442e+02 5.851617e+02 7.022668e+02 3.553655e+02 4.703958e+02 1.456251e+02 6.630243e+02 3.376187e+02 2.912625e+02 1.432988e+02 5.160016e+02 5.362224e+02 3.071843e+02 
5.767259e+02 3.445537e+02 2.006745e+02 4.929252e+02 3.045004e+02 6.225850e+02 3.413858e+02 3.178259e+02 5.192006e+02 5.145752e+02 4.352478e+02 3.679901e+02 6.603657e+02 6.393208e+02 4.477986e+02 2.858398e+02 6.920257e+02 4.425442e+02 5.851617e+02 7.022668e+02 3.553655e+02 4.703958e+02 1.456251e+02 6.630243e+02 3.376187e+02 2.912625e+02 1.432988e+02 5.160016e+02 5.362224e+02 3.071843e+02 
5.767259e+02 3.445537e+02 2.006745e+02 4.929252e+02 3.045004e+02 4.102229e+02 3.413858e+02 3.178259e+02 5.192006e+02 5.145752e+02 4.262234e+02 3.679901e+02 6.128675e+02 6.393208e+02 4.477986e+02 2.858398e+02 6.920257e+02 4.425442e+02 5.234997e+02 7.017384e+02 3.553655e+02 4.703958e+02 1.437988e+02 6.571801e+02 3.376187e+02 2.910845e+02 1.432988e+02 5.117064e+02 5.362224e+02 3.071843e+02 
5.767259e+02 3.445537e+02 2.006745e+02 4.929252e+02 3.045004e+02 4.102229e+02 3.413858e+02 3.178259e+02 5.192006e+02 5.145752e+02 4.262234e+02 3.679901e+02 6.128675e+02 6.393208e+02 4.477986e+02 2.858398e+02 6.920257e+02 4.425442e+02 5.234997e+02 7.017384e+02 3.553655e+02 4.703958e+02 1.437988e+02 6.571801e+02 3.376187e+02 2.910845e+02 1.432988e+02 5.117064e+02 5.362224e+02 3.071843e+02 
3.447169e+02 3.445537e+02 2.006745e+02 4.589023e+02 3.045004e+02 4.102229e+02 3.413858e+02 3.178259e+02 3.552484e+02 5.145752e+02 3.730084e+02 3.679429e+02 6.107608e+02 2.848828e+02 3.830641e+02 2.766016e+02 1.047248e+02 4.020137e+02 2.714611e+02 6.290918e+02 3.553655e+02 3.299399e+02 1.437988e+02 1.811008e+02 3.324597e+02 2.910845e+02 1.424234e+02 4.383715e+02 4.540956e+02 2.648917e+02 
3.275925e+02 1.459726e+02 1.796036e+02 3.706274e+02 2.534108e+02 4.102229e+02 3.125930e+02 3.178259e+02 3.552282e+02 1.367780e+02 3.687770e+02 1.521256e+02 1.655430e+02 2.772303e+02 1.898212e+02 2.756671e+02 1.021448e+02 3.256162e+02 2.573629e+02 4.214232e+02 3.553655e+02 3.288049e+02 1.394628e+02 1.799963e+02 3.234741e+02 4.822730e+01 1.424234e+02 4.383715e+02 4.196306e+02 1.603832e+02 
3.268326e+02 1.453890e+02 1.796036e+02 2.314950e+02 1.077722e+02 3.749802e+02 2.100341e+02 1.436608e+02 3.523162e+02 1.362537e+02 2.360751e+02 1.508643e+02 1.587732e+02 1.808341e+02 1.854732e+02 2.396150e+02 1.001793e+02 2.653044e+02 1.902180e+02 1.016682e+02 1.943110e+02 2.304114e+02 1.386815e+02 1.743579e+02 3.110894e+02 4.650410e+01 1.301043e+02 4.253012e+02 8.981310e+01 1.537408e+02 
1.450866e+02 1.234456e+02 1.774113e+02 7.977930e+01 7.097810e+01 1.254550e+02 8.729500e+01 1.377453e+02 8.194460e+01 1.239884e+02 6.689620e+01 1.506850e+02 6.164640e+01 8.348550e+01 1.797962e+02 1.076611e+02 8.046980e+01 9.984740e+01 1.243130e+02 7.159690e+01 1.420421e+02 1.728296e+02 1.205514e+02 1.643358e+02 5.989480e+01 4.158300e+01 4.628110e+01 8.902030e+01 6.605350e+01 1.511536e+02 
4.819770e+01 9.459920e+01 1.574511e+02 5.858860e+01 6.081300e+01 6.204380e+01 5.911720e+01 6.895440e+01 6.944940e+01 8.233390e+01 6.349000e+01 9.317570e+01 4.727680e+01 7.359210e+01 5.227620e+01 4.098250e+01 6.803820e+01 4.868540e+01 4.686910e+01 6.357110e+01 6.354500e+01 6.810960e+01 7.437160e+01 6.618720e+01 5.989480e+01 4.070730e+01 4.107160e+01 4.015520e+01 4.351330e+01 6.882920e+01 
4.617770e+01 3.458370e+01 4.924960e+01 3.880990e+01 3.326590e+01 3.739030e+01 3.362340e+01 3.594880e+01 4.332600e+01 3.143460e+01 4.531690e+01 3.473810e+01 3.725810e+01 4.524780e+01 3.868240e+01 3.869810e+01 5.146850e+01 3.656940e+01 3.752710e+01 4.223430e+01 4.223890e+01 3.489710e+01 4.681360e+01 3.454630e+01 3.497010e+01 3.496670e+01 3.336120e+01 3.064370e+01 3.183700e+01 4.118020e+01 
3.218710e+01 2.790030e+01 2.932980e+01 3.028750e+01 3.045390e+01 2.987060e+01 2.845100e+01 3.050870e+01 2.929120e+01 2.661840e+01 2.922010e+01 2.650080e+01 2.904640e+01 3.003560e+01 2.696730e+01 3.142430e+01 2.915700e+01 2.953120e+01 2.762510e+01 3.046080e+01 2.901510e+01 2.898910e+01 3.040660e+01 3.058080e+01 2.844610e+01 2.670520e+01 2.905490e+01 2.692600e+01 2.685880e+01 2.879610e+01 
2.434100e+01 2.584840e+01 2.501810e+01 2.641620e+01 2.568520e+01 2.581760e+01 2.461690e+01 2.379120e+01 2.506280e+01 2.523510e+01 2.331170e+01 2.353550e+01 2.432080e+01 2.476550e+01 2.545920e+01 2.477350e+01 2.528640e+01 2.494210e+01 2.536490e+01 2.587880e+01 2.515730e+01 2.511230e+01 2.535110e+01 2.524770e+01 2.533780e+01 2.501850e+01 2.584150e+01 2.473440e+01 2.491260e+01 2.467030e+01 
1.849090e+01 1.998800e+01 2.104860e+01 2.124610e+01 2.140100e+01 2.149680e+01 2.156270e+01 2.157860e+01 2.158590e+01 2.161090e+01 2.162370e+01 2.164040e+01 2.165200e+01 2.169390e+01 2.174090e+01 2.175400e+01 2.187630e+01 2.187980e+01 2.188290e+01 2.189970e+01 2.191980e+01 2.193740e+01 2.197380e+01 2.199070e+01 2.200880e+01 2.201370e+01 2.201920e+01 2.207910e+01 2.211400e+01 2.218120e+01 
0.000000e+00 0.000000e+00 0.000000e+00 0.000000e+00 0.000000e+00 0.000000e+00 0.000000e+00 0.000000e+00 0.000000e+00 0.000000e+00 0.000000e+00 0.000000e+00 0.000000e+00 0.000000e+00 0.000000e+00 0.000000e+00 0.000000e+00 0.000000e+00 0.000000e+00 0.000000e+00 0.000000e+00 0.000000e+00 0.000000e+00 0.000000e+00 0.000000e+00 0.000000e+00 0.000000e+00 0.000000e+00 0.000000e+00 0.000000e+00 