8.040840e+01 6.594760e+01 1.190225e+02 6.016200e+01 3.937980e+01 6.524070e+01 6.932330e+01 1.797973e+02 1.031929e+02 1.194188e+02 3.418830e+01 6.236500e+01 8.126710e+01 1.730298e+02 1.117624e+02 9.208940e+01 1.100284e+02 1.147403e+02 7.076190e+01 6.026380e+01 8.850610e+01 6.195960e+01 7.553680e+01 1.195876e+02 2.340219e+02 8.353710e+01 2.041519e+02 8.311010e+01 6.520010e+01 1.346748e+02 
8.040840e+01 6.594760e+01 1.190225e+02 6.016200e+01 3.937980e+01 6.524070e+01 6.932330e+01 1.797973e+02 1.031929e+02 1.194188e+02 3.418830e+01 6.236500e+01 8.126710e+01 1.730298e+02 1.117624e+02 9.208940e+01 1.100284e+02 1.147403e+02 7.076190e+01 6.026380e+01 8.850610e+01 6.195960e+01 7.553680e+01 1.195876e+02 2.340219e+02 8.353710e+01 2.041519e+02 8.311010e+01 6.520010e+01 1.346748e+02 
8.040840e+01 6.594760e+01 1.190225e+02 6.016200e+01 3.937980e+01 6.524070e+01 6.932330e+01 1.797973e+02 1.031929e+02 1.194188e+02 3.418830e+01 6.236500e+01 8.126710e+01 1.730298e+02 1.117624e+02 9.208940e+01 1.100284e+02 1.147403e+02 7.076190e+01 6.026380e+01 8.850610e+01 6.195960e+01 7.553680e+01 1.195876e+02 2.340219e+02 8.353710e+01 2.041519e+02 8.311010e+01 6.520010e+01 1.346748e+02 
8.040840e+01 6.594760e+01 1.190225e+02 6.013040e+01 3.683520e+01 5.818300e+01 6.354630e+01 1.797973e+02 1.031929e+02 1.014607e+02 3.418830e+01 5.957010e+01 7.833980e+01 9.449320e+01 9.219580e+01 9.208940e+01 7.140230e+01 1.147403e+02 7.076190e+01 6.026380e+01 8.850610e+01 5.455660e+01 7.553680e+01 7.894680e+01 9.321530e+01 8.353710e+01 2.041519e+02 8.311010e+01 6.520010e+01 1.346748e+02 
7.983600e+01 6.594760e+01 1.190225e+02 6.013040e+01 3.683520e+01 5.818300e+01 6.354630e+01 6.175910e+01 6.496170e+01 1.014607e+02 3.418830e+01 5.957010e+01 7.833980e+01 9.449320e+01 8.530080e+01 9.170710e+01 7.140230e+01 1.147403e+02 7.076190e+01 4.289870e+01 8.850610e+01 4.213560e+01 7.553680e+01 7.894680e+01 6.391710e+01 5.047160e+01 1.210945e+02 8.051540e+01 6.520010e+01 1.289974e+02 
7.983600e+01 6.099210e+01 1.124006e+02 6.013040e+01 3.683520e+01 5.613160e+01 5.640750e+01 5.038530e+01 6.496170e+01 1.014607e+02 3.418830e+01 5.957010e+01 7.833980e+01 8.919790e+01 8.495650e+01 6.543650e+01 7.140230e+01 8.173190e+01 7.076190e+01 4.289870e+01 8.850610e+01 4.213560e+01 7.553680e+01 7.264850e+01 6.391710e+01 5.047160e+01 1.210945e+02 8.051540e+01 6.372870e+01 1.115787e+02 
5.042420e+01 5.244510e+01 1.107533e+02 6.013040e+01 3.683520e+01 5.613160e+01 5.640750e+01 5.038530e+01 6.381310e+01 8.017130e+01 3.413200e+01 5.879140e+01 4.186920e+01 7.562240e+01 6.642690e+01 6.543650e+01 4.059350e+01 8.058310e+01 6.971330e+01 4.284870e+01 8.617710e+01 3.902730e+01 4.604600e+01 7.240880e+01 6.237850e+01 4.270850e+01 5.006790e+01 6.984090e+01 6.372870e+01 5.993210e+01 
5.042420e+01 5.244510e+01 5.895180e+01 5.712740e+01 3.683520e+01 4.190780e+01 4.052720e+01 3.717160e+01 6.381310e+01 8.017130e+01 3.413200e+01 5.248600e+01 3.682330e+01 5.547660e+01 6.642690e+01 5.941530e+01 4.059350e+01 6.048840e+01 5.328810e+01 4.049770e+01 5.057950e+01 3.780350e+01 4.604600e+01 6.896980e+01 5.637030e+01 4.270850e+01 5.006790e+01 6.332900e+01 5.465550e+01 5.265420e+01 
4.810920e+01 4.970250e+01 3.789500e+01 4.611460e+01 2.787000e+01 3.102260e+01 3.150200e+01 3.717160e+01 3.847990e+01 5.711510e+01 3.413200e+01 4.593460e+01 3.682330e+01 3.175550e+01 4.217140e+01 4.448480e+01 3.278820e+01 3.706440e+01 3.956210e+01 3.048870e+01 3.989810e+01 3.534890e+01 4.199760e+01 5.298920e+01 3.366390e+01 4.071130e+01 3.647310e+01 3.242490e+01 4.181380e+01 4.876160e+01 
3.269100e+01 3.171930e+01 3.464830e+01 4.140840e+01 2.787000e+01 3.098450e+01 2.760040e+01 3.335570e+01 3.123710e+01 3.633440e+01 3.142480e+01 3.565690e+01 3.241750e+01 3.175550e+01 3.261190e+01 3.092890e+01 2.816930e+01 3.524700e+01 3.055650e+01 2.865410e+01 3.976940e+01 3.319670e+01 4.048510e+01 4.082770e+01 2.817060e+01 3.778860e+01 3.135810e+01 3.082540e+01 3.043570e+01 4.589570e+01 
2.838980e+01 2.829960e+01 2.794200e+01 2.913860e+01 2.756380e+01 2.618940e+01 2.471420e+01 3.122620e+01 2.844100e+01 2.682370e+01 3.139420e+01 2.775110e+01 2.827040e+01 2.897290e+01 3.078090e+01 2.647450e+01 2.809510e+01 2.642660e+01 2.845650e+01 2.843570e+01 3.164050e+01 3.018320e+01 2.782630e+01 2.936880e+01 2.817060e+01 3.127810e+01 3.003170e+01 2.882600e+01 2.928280e+01 2.897620e+01 
2.542910e+01 2.521260e+01 2.488590e+01 2.681760e+01 2.486830e+01 2.564890e+01 2.423080e+01 2.620840e+01 2.536520e+01 2.523230e+01 2.484570e+01 2.538020e+01 1.804140e+01 2.748920e+01 2.626100e+01 2.568240e+01 2.808550e+01 2.493770e+01 2.300390e+01 2.602070e+01 2.790700e+01 2.601290e+01 2.584240e+01 2.648990e+01 2.491970e+01 2.358080e+01 2.549850e+01 2.099280e+01 2.785380e+01 2.574270e+01 
1.961130e+01 2.438220e+01 2.268050e+01 2.313290e+01 2.365940e+01 1.156830e+01 2.349420e+01 2.432970e+01 2.271050e+01 2.253750e+01 1.743800e+01 2.260530e+01 1.592670e+01 1.899780e+01 2.198720e+01 2.384480e+01 2.254290e+01 2.383770e+01 2.194580e+01 1.485090e+01 2.014760e+01 2.407830e+01 1.700050e+01 2.060700e+01 2.373670e+01 1.737050e+01 2.388490e+01 2.098230e+01 2.115470e+01 2.308120e+01 
1.679830e+01 1.548190e+01 1.450720e+01 2.014440e+01 2.144170e+01 7.953000e+00 1.477510e+01 2.052680e+01 2.028530e+01 1.402690e+01 1.333940e+01 1.516880e+01 1.592670e+01 1.004080e+01 1.444090e+01 2.106240e+01 1.645200e+01 9.273700e+00 1.666500e+01 1.481400e+01 1.386500e+01 1.673880e+01 1.434370e+01 1.531880e+01 1.802110e+01 1.571790e+01 1.904560e+01 1.273040e+01 1.582400e+01 2.299790e+01 
1.104270e+01 9.017400e+00 1.228100e+01 1.547220e+01 9.890000e+00 7.254700e+00 1.168060e+01 1.613830e+01 1.277960e+01 9.208400e+00 1.180590e+01 1.516880e+01 1.247290e+01 9.721400e+00 6.140100e+00 1.638250e+01 1.320570e+01 9.228700e+00 1.433750e+01 1.062090e+01 1.129870e+01 1.437720e+01 1.267360e+01 1.151990e+01 1.144100e+01 1.032930e+01 1.535870e+01 1.110660e+01 1.261120e+01 1.706410e+01 
2.985000e-01 3.156000e-01 3.920000e-01 4.104000e-01 4.168000e-01 4.583000e-01 4.594000e-01 5.679000e-01 5.695000e-01 5.841000e-01 6.369000e-01 6.469000e-01 6.769000e-01 6.945000e-01 7.416000e-01 7.644000e-01 7.749000e-01 7.921000e-01 7.983000e-01 8.089000e-01 8.141000e-01 8.158000e-01 8.614000e-01 8.706000e-01 8.830000e-01 9.082000e-01 1.023700e+00 1.061600e+00 1.129400e+00 1.728100e+00 
0.000000e+00 0.000000e+00 0.000000e+00 0.000000e+00 0.000000e+00 0.000000e+00 0.000000e+00 0.000000e+00 0.000000e+00 0.000000e+00 0.000000e+00 0.000000e+00 0.000000e+00 0.000000e+00 0.000000e+00 0.000000e+00 0.000000e+00 0.000000e+00 0.000000e+00 0.000000e+00 0.000000e+00 0.000000e+00 0.000000e+00 0.000000e+00 0.000000e+00 0.000000e+00 0.000000e+00 0.000000e+00 0.000000e+00 0.000000e+00 