3.330056e+02 2.757347e+02 3.205087e+02 2.850197e+02 2.253232e+02 2.721942e+02 3.726699e+02 2.863997e+02 3.066706e+02 2.706433e+02 3.264958e+02 3.102705e+02 2.648655e+02 3.178897e+02 2.732443e+02 2.488622e+02 3.660123e+02 2.662687e+02 1.965041e+02 2.929333e+02 3.083272e+02 2.779327e+02 2.829283e+02 3.460519e+02 2.906202e+02 2.953442e+02 2.021096e+02 3.221785e+02 3.044911e+02 2.692920e+02 
3.330056e+02 2.757347e+02 3.205087e+02 2.850197e+02 2.253232e+02 2.721942e+02 3.726699e+02 2.863997e+02 3.066706e+02 2.706433e+02 3.264958e+02 3.102705e+02 2.648655e+02 3.178897e+02 2.732443e+02 2.488622e+02 3.660123e+02 2.662687e+02 1.965041e+02 2.929333e+02 3.083272e+02 2.779327e+02 2.829283e+02 3.460519e+02 2.906202e+02 2.953442e+02 2.021096e+02 3.221785e+02 3.044911e+02 2.692920e+02 
3.330056e+02 2.757347e+02 3.205087e+02 2.850197e+02 2.253232e+02 2.721942e+02 3.726699e+02 2.863997e+02 3.066706e+02 2.706433e+02 3.264958e+02 3.102705e+02 2.648655e+02 3.178897e+02 2.732443e+02 2.488622e+02 3.660123e+02 2.662687e+02 1.965041e+02 2.929333e+02 3.083272e+02 2.779327e+02 2.829283e+02 3.460519e+02 2.906202e+02 2.953442e+02 2.021096e+02 3.221785e+02 3.044911e+02 2.692920e+02 
3.330056e+02 2.757347e+02 3.205087e+02 2.850197e+02 2.253232e+02 2.721942e+02 3.726699e+02 2.863997e+02 3.066706e+02 2.706433e+02 3.264958e+02 3.102705e+02 2.648655e+02 3.178897e+02 2.732443e+02 2.488622e+02 3.660123e+02 2.662687e+02 1.965041e+02 2.929333e+02 3.083272e+02 2.779327e+02 2.829283e+02 3.460519e+02 2.906202e+02 2.953442e+02 2.021096e+02 3.221785e+02 3.044911e+02 2.692920e+02 
3.330056e+02 2.757347e+02 3.205087e+02 2.850197e+02 2.253232e+02 2.721942e+02 3.726699e+02 2.863997e+02 3.066706e+02 2.706433e+02 3.264958e+02 3.102705e+02 2.648655e+02 3.178897e+02 2.732443e+02 2.488622e+02 3.660123e+02 2.662687e+02 1.965041e+02 2.929333e+02 3.083272e+02 2.779327e+02 2.829283e+02 3.460519e+02 2.906202e+02 2.953442e+02 2.021096e+02 3.221785e+02 3.044911e+02 2.692920e+02 
3.025944e+02 2.757347e+02 2.726290e+02 2.430700e+02 2.253232e+02 2.381912e+02 3.043208e+02 2.863997e+02 3.001096e+02 2.563339e+02 2.350549e+02 2.966434e+02 2.646853e+02 3.147570e+02 2.703993e+02 2.449961e+02 3.660123e+02 2.662687e+02 1.965041e+02 2.891414e+02 3.083272e+02 2.779327e+02 2.582194e+02 2.627513e+02 2.519101e+02 2.953442e+02 2.021096e+02 3.147928e+02 3.001305e+02 2.692920e+02 
3.025944e+02 2.757347e+02 2.726290e+02 2.430700e+02 2.253232e+02 2.381912e+02 3.043208e+02 2.863997e+02 3.001096e+02 2.563339e+02 2.350549e+02 2.966434e+02 2.646853e+02 3.147570e+02 2.703993e+02 2.449961e+02 3.660123e+02 2.662687e+02 1.965041e+02 2.891414e+02 3.083272e+02 2.779327e+02 2.582194e+02 2.627513e+02 2.519101e+02 2.953442e+02 2.021096e+02 3.147928e+02 3.001305e+02 2.692920e+02 
2.828348e+02 2.750597e+02 2.190785e+02 2.227440e+02 2.253232e+02 2.381912e+02 2.624836e+02 2.845079e+02 3.001096e+02 2.563339e+02 2.304483e+02 2.928346e+02 2.646853e+02 2.839758e+02 2.499306e+02 2.387950e+02 2.660765e+02 2.347742e+02 1.965041e+02 2.179706e+02 3.083272e+02 2.167572e+02 2.582194e+02 2.462668e+02 2.494105e+02 2.880082e+02 1.894330e+02 2.639680e+02 3.001305e+02 2.614639e+02 
2.409807e+02 2.481125e+02 2.159941e+02 1.903064e+02 2.117430e+02 1.824110e+02 2.568667e+02 2.318298e+02 3.001096e+02 2.450919e+02 2.304483e+02 2.237085e+02 2.646853e+02 2.513314e+02 2.338962e+02 2.236257e+02 2.591729e+02 2.245460e+02 1.540771e+02 2.179706e+02 2.200605e+02 1.917787e+02 2.361674e+02 2.462668e+02 1.504851e+02 2.428591e+02 1.894330e+02 2.408336e+02 2.600872e+02 2.388414e+02 
2.186840e+02 2.348973e+02 2.159941e+02 1.903064e+02 1.813738e+02 1.824110e+02 2.520912e+02 2.251884e+02 1.869629e+02 2.163149e+02 2.052021e+02 2.237085e+02 2.137448e+02 2.490477e+02 2.066295e+02 2.236257e+02 2.561228e+02 1.997219e+02 1.528972e+02 1.611939e+02 1.828653e+02 1.664300e+02 2.361674e+02 2.253152e+02 1.504851e+02 2.073098e+02 1.894330e+02 1.753577e+02 2.255757e+02 2.235609e+02 
1.835013e+02 1.824264e+02 1.788172e+02 1.740276e+02 1.498627e+02 1.592611e+02 2.053262e+02 1.819020e+02 1.792445e+02 1.586342e+02 1.872650e+02 1.850007e+02 1.693076e+02 1.594877e+02 1.630694e+02 1.896424e+02 1.613254e+02 1.619592e+02 1.504003e+02 1.452456e+02 1.248599e+02 1.468851e+02 1.583813e+02 1.742933e+02 1.300099e+02 2.062942e+02 1.754422e+02 1.458418e+02 1.371812e+02 1.420992e+02 
1.490980e+02 1.063171e+02 1.292933e+02 1.478800e+02 1.284674e+02 1.302083e+02 1.419903e+02 1.658566e+02 1.332975e+02 1.329525e+02 1.571598e+02 1.481956e+02 1.478855e+02 1.307110e+02 1.406781e+02 1.209084e+02 1.380247e+02 1.347740e+02 1.342870e+02 1.409202e+02 1.147307e+02 1.464397e+02 1.244562e+02 1.336684e+02 1.167633e+02 1.254785e+02 1.479731e+02 1.274964e+02 1.256694e+02 1.182140e+02 
1.296016e+02 9.956270e+01 9.713290e+01 9.308650e+01 1.013621e+02 9.276460e+01 9.164790e+01 1.138474e+02 1.248782e+02 1.165763e+02 9.827060e+01 1.162343e+02 1.112680e+02 8.421870e+01 1.021855e+02 8.822820e+01 9.286690e+01 1.016219e+02 9.484880e+01 9.680830e+01 1.042317e+02 1.203932e+02 9.988440e+01 1.065091e+02 8.311990e+01 9.213180e+01 9.319830e+01 8.058120e+01 8.760770e+01 9.709480e+01 
6.672300e+01 7.001320e+01 6.735830e+01 7.526900e+01 7.250750e+01 7.894970e+01 7.554730e+01 7.596530e+01 7.305720e+01 8.122150e+01 7.219400e+01 8.316410e+01 7.387970e+01 7.479520e+01 7.325750e+01 7.054170e+01 7.165870e+01 6.232090e+01 6.687520e+01 7.468960e+01 7.277030e+01 7.328910e+01 6.978200e+01 5.848820e+01 8.167500e+01 7.596410e+01 7.450360e+01 6.010030e+01 6.763500e+01 6.586150e+01 
4.952480e+01 4.560110e+01 5.132100e+01 4.883160e+01 4.454070e+01 4.414030e+01 5.608770e+01 3.908430e+01 5.524240e+01 4.894790e+01 5.453800e+01 5.011340e+01 4.969720e+01 5.296070e+01 4.702300e+01 5.358820e+01 5.363640e+01 5.122040e+01 5.348380e+01 4.643220e+01 4.829800e+01 5.045380e+01 5.132550e+01 4.725880e+01 4.794300e+01 4.545680e+01 4.109380e+01 4.521420e+01 4.698420e+01 4.991610e+01 
1.066140e+01 1.151670e+01 1.510340e+01 1.533190e+01 1.549010e+01 1.556050e+01 1.597970e+01 1.831180e+01 2.069430e+01 2.208650e+01 2.211180e+01 2.257810e+01 2.265420e+01 2.315670e+01 2.318920e+01 2.337930e+01 2.340580e+01 2.341140e+01 2.347960e+01 2.373080e+01 2.383620e+01 2.393860e+01 2.422600e+01 2.429270e+01 2.430800e+01 2.436920e+01 2.443330e+01 2.445450e+01 2.471190e+01 2.636700e+01 
0.000000e+00 0.000000e+00 0.000000e+00 0.000000e+00 0.000000e+00 0.000000e+00 0.000000e+00 0.000000e+00 0.000000e+00 0.000000e+00 0.000000e+00 0.000000e+00 0.000000e+00 0.000000e+00 0.000000e+00 0.000000e+00 0.000000e+00 0.000000e+00 0.000000e+00 0.000000e+00 0.000000e+00 0.000000e+00 0.000000e+00 0.000000e+00 0.000000e+00 0.000000e+00 0.000000e+00 0.000000e+00 0.000000e+00 0.000000e+00 