   6.2914920e+08   3.3085544e+08   2.4983097e+08   2.4411545e+08   1.8581494e+08   3.0701636e+08   3.3558076e+08   1.5680040e+08   3.8511333e+08   1.8013248e+08   1.1463007e+08   4.9286284e+08   8.9526154e+07   1.1195079e+08   1.6609936e+08   1.3043430e+08   1.6567138e+08   1.3248157e+08   3.6228598e+08   1.6711150e+08   6.7800481e+08   5.7332594e+07   3.6733177e+08   2.4433527e+08   9.6636856e+07   2.5247203e+08   7.2571851e+07   3.3720930e+08   1.5109321e+08   1.8528339e+08
   6.2914920e+08   3.3085544e+08   2.4983097e+08   2.4411545e+08   1.8581494e+08   3.0701636e+08   3.3558076e+08   1.5680040e+08   3.8511333e+08   1.8013248e+08   1.1463007e+08   4.9286284e+08   8.9526154e+07   1.1195079e+08   1.6609936e+08   1.3043430e+08   1.6567138e+08   1.3248157e+08   3.6228598e+08   1.6711150e+08   6.7800481e+08   5.7332594e+07   3.6733177e+08   2.4433527e+08   9.6636856e+07   2.5247203e+08   7.2571851e+07   3.3720930e+08   1.5109321e+08   1.8528339e+08
   6.2914920e+08   3.3085544e+08   2.4983097e+08   2.4411545e+08   1.8581494e+08   3.0701636e+08   3.3558076e+08   1.5680040e+08   3.8511333e+08   1.8013248e+08   1.1463007e+08   4.9286284e+08   8.9526154e+07   1.1195079e+08   1.6609936e+08   1.3043430e+08   1.6567138e+08   1.3248157e+08   3.6228598e+08   1.6711150e+08   6.7800481e+08   5.7332594e+07   3.6733177e+08   2.4433527e+08   9.6636856e+07   2.5247203e+08   7.2571851e+07   3.3720930e+08   1.5109321e+08   1.8528339e+08
   1.7780671e+08   3.3085544e+08   2.4983097e+08   2.4411545e+08   1.8581493e+08   3.0701636e+08   2.4189011e+08   1.5680037e+08   3.8511333e+08   1.2351138e+08   1.1463007e+08   2.6540121e+08   8.9526154e+07   1.1195079e+08   1.6609936e+08   1.3043429e+08   1.6567138e+08   1.3248157e+08   3.5772831e+08   1.6100780e+08   5.9679174e+08   5.7332594e+07   1.4173471e+08   2.4433527e+08   9.6636856e+07   1.4450658e+08   7.1617031e+07   3.3720930e+08   1.5109321e+08   1.8528337e+08
   1.5382517e+08   1.8579794e+08   2.4983093e+08   2.3193523e+08   1.0221662e+08   3.0701636e+08   2.4127548e+08   1.5680037e+08   3.6486824e+08   3.3937895e+07   1.1463007e+08   2.6540121e+08   8.9526154e+07   1.1195079e+08   1.6609936e+08   1.3043423e+08   1.5332728e+08   9.4391552e+07   3.5772831e+08   1.5097437e+08   5.9679174e+08   5.7332594e+07   1.1983010e+08   1.8118942e+08   9.6636856e+07   1.4450658e+08   7.1617031e+07   8.5983703e+07   1.5109320e+08   1.8528337e+08
   1.5382517e+08   1.4777988e+08   2.4983092e+08   2.3189109e+08   1.0221657e+08   2.4217552e+08   2.4127547e+08   9.9680764e+07   3.6486824e+08   3.3937848e+07   1.1463007e+08   9.8488776e+07   8.9526154e+07   2.2002953e+07   1.6609936e+08   1.3043423e+08   1.5332728e+08   9.4391552e+07   3.5772831e+08   1.5097434e+08   5.5117112e+08   5.7332594e+07   1.1983010e+08   1.8118942e+08   8.5846087e+07   1.4450658e+08   7.1617031e+07   8.5983703e+07   1.5109317e+08   5.5561578e+07
   1.4874437e+08   6.8237544e+07   2.4983088e+08   2.2300730e+08   3.1872868e+07   1.3000294e+08   2.3905462e+08   5.1329994e+07   1.3929174e+08   3.3066287e+07   1.1463002e+08   9.8488776e+07   5.9073793e+07   2.2002930e+07   1.6609936e+08   1.2542451e+08   1.5332728e+08   9.0349007e+07   2.0927128e+08   1.5097434e+08   5.1814608e+08   5.0036330e+07   1.1983009e+08   1.1841549e+08   8.5846087e+07   1.4450656e+08   7.1616994e+07   5.9208695e+07   1.0217940e+08   5.1140915e+07
   8.6932026e+07   1.6844751e+07   4.1759715e+07   1.2941832e+08   3.1872868e+07   9.8540115e+07   1.0114561e+08   5.1329985e+07   1.1104209e+08   3.3066287e+07   1.9386049e+06   6.9853241e+07   5.9073793e+07   2.2002913e+07   6.1445173e+07   7.7603079e+06   1.5166283e+08   9.0349007e+07   1.4211257e+08   4.1799458e+07   3.3776906e+07   3.7109059e+07   7.0395097e+07   5.3169715e+07   7.3584629e+07   6.8698267e+07   7.1616992e+07   1.3203170e+07   9.9748457e+07   5.1140860e+07
   8.3113047e+07   7.1266151e+06   3.0828225e+07   1.2439919e+07   3.1872868e+07   7.0345072e+07   1.4750129e+07   2.8740371e+07   4.5610882e+07   6.9396036e+06   6.1711162e+05   6.9853241e+07   3.8994483e+06   2.2002906e+07   4.4288229e+07   7.7602819e+06   5.6552792e+07   5.4777445e+06   2.9348572e+07   1.1874542e+07   3.3776906e+07   7.0104324e+06   1.8287771e+07   1.1222137e+07   6.6987586e+07   6.2125672e+06   2.7129886e+07   1.3203170e+07   3.3918516e+06   2.5269009e+07
   2.9234297e+06   5.8976605e+06   5.7455488e+06   1.2439889e+07   9.4496302e+06   1.3743857e+07   4.8108724e+06   5.4707715e+06   8.5280673e+06   6.9395821e+06   6.0555494e+05   5.1239859e+06   3.8994238e+06   1.2399491e+06   9.7365248e+06   6.2854281e+06   6.1763398e+06   4.6955708e+06   2.5907390e+06   2.6673754e+06   2.3095421e+07   3.2531783e+06   1.3648561e+07   1.0180753e+07   9.7159984e+06   5.8176449e+06   2.4055443e+06   2.3269342e+06   3.3918104e+06   1.8413009e+07
   6.8446494e+05   1.9471830e+06   1.2768474e+06   3.0746626e+06   7.5098578e+05   2.3570786e+06   2.2485146e+06   1.9208460e+06   2.9764131e+06   6.8979960e+05   1.7716494e+05   1.3707753e+06   1.7029317e+06   3.2486471e+05   1.6469242e+06   3.9505053e+05   8.2295983e+05   1.0876492e+06   9.3837101e+05   8.2920538e+05   7.1902179e+06   1.6687202e+06   1.4219172e+06   3.8654743e+06   1.3726648e+06   1.1893780e+06   2.2980500e+06   1.2675797e+06   4.5436177e+05   2.6594454e+06
   5.6029916e+04   2.0309965e+04   3.0524048e+05   3.6317454e+04   7.6948020e+04   4.0204661e+05   1.7633789e+05   6.4859167e+04   1.8600863e+04   2.0387043e+05   1.7716494e+05   1.2685135e+05   1.5804342e+05   3.2481406e+05   2.4943444e+05   2.1794791e+05   2.3327705e+04   3.7448845e+05   2.2720858e+05   1.5243335e+05   1.5953367e+05   1.8767279e+05   6.1426063e+03   3.3051696e+04   3.8226814e+05   3.2064125e+05   1.5935997e+05   1.9345040e+05   1.8721488e+05   3.7372929e+05
   3.8520792e+04   1.4039433e+04   3.0172613e+04   2.0417778e+04   1.5702908e+04   1.5719022e+04   1.5998888e+04   2.6754783e+04   9.8904774e+03   2.8082489e+04   2.6658037e+04   1.9018969e+04   1.8520932e+04   1.5079882e+04   2.4566391e+04   1.9923499e+04   1.7263604e+04   5.4874608e+04   4.0328927e+04   2.6085974e+04   3.5035229e+04   1.5686975e+04   6.1229270e+03   2.8884097e+04   1.4742269e+04   1.5731869e+04   4.9880560e+03   3.2840085e+04   2.1967672e+04   9.2157354e+03
   9.5249305e+03   4.3390235e+03   8.4436537e+03   3.2420973e+03   3.4619686e+03   3.3549409e+03   5.0549771e+03   5.3397759e+03   7.6833290e+03   2.2571396e+03   4.4432728e+03   3.9462550e+03   5.1395114e+03   6.1539240e+03   4.7809716e+03   4.3550927e+03   3.6011556e+03   3.5846330e+03   5.5238858e+03   3.8392455e+03   4.0446321e+03   3.7013606e+03   4.9345840e+03   3.7320258e+03   4.0403602e+03   4.2425869e+03   3.0241467e+03   3.5999015e+03   2.8577056e+03   4.4055415e+03
   2.0129125e+03   2.1197341e+03   2.2255289e+03   2.3710262e+03   2.0107361e+03   1.9094094e+03   2.2664012e+03   2.1414571e+03   2.1717411e+03   2.1411512e+03   2.0029473e+03   2.0982645e+03   2.7702692e+03   2.0971608e+03   2.1492312e+03   1.8900754e+03   2.1245850e+03   1.9881493e+03   2.1530697e+03   1.9382949e+03   3.2599763e+03   2.6002681e+03   2.0332820e+03   2.0123924e+03   2.0843772e+03   2.2045843e+03   2.0516367e+03   2.0492316e+03   2.4268920e+03   2.0939135e+03
   1.8001324e+03   1.8001701e+03   1.8001802e+03   1.8001992e+03   1.8002091e+03   1.8002126e+03   1.8002388e+03   1.8002389e+03   1.8002432e+03   1.8002517e+03   1.8002572e+03   1.8002803e+03   1.8002841e+03   1.8002939e+03   1.8003189e+03   1.8003303e+03   1.8003482e+03   1.8003633e+03   1.8004046e+03   1.8004342e+03   1.8004473e+03   1.8004594e+03   1.8004631e+03   1.8004696e+03   1.8004707e+03   1.8004726e+03   1.8004850e+03   1.8004870e+03   1.8004972e+03   1.8005679e+03
