   1.7622187e+04   2.5157015e+04   2.3635777e+04   2.3514231e+04   1.4747163e+04   2.5429904e+04   2.8740950e+04   2.7968106e+04   2.0030289e+04   1.5068050e+04   2.7024543e+04   2.9009006e+04   3.4197870e+04   3.1907693e+04   2.0366085e+04   1.3036514e+04   2.0637615e+04   2.4824487e+04   1.9984494e+04   1.4754782e+04   2.2484741e+04   2.8295987e+04   1.7311438e+04   3.7188620e+04   2.9166697e+04   3.0578177e+04   1.5548126e+04   3.6097975e+04   3.8392765e+04   2.5467248e+04
   1.7622187e+04   2.5157015e+04   2.3635777e+04   2.3514231e+04   1.4747163e+04   2.5429904e+04   2.8740950e+04   2.7968106e+04   2.0030289e+04   1.5068050e+04   2.7024543e+04   2.9009006e+04   3.4197870e+04   3.1907693e+04   2.0366085e+04   1.3036514e+04   2.0637615e+04   2.4824487e+04   1.9984494e+04   1.4754782e+04   2.2484741e+04   2.8295987e+04   1.7311438e+04   3.7188620e+04   2.9166697e+04   3.0578177e+04   1.5548126e+04   3.6097975e+04   3.8392765e+04   2.5467248e+04
   1.7622187e+04   2.5157015e+04   2.3635777e+04   2.3514231e+04   1.4747163e+04   2.5429904e+04   2.8740950e+04   2.7968106e+04   2.0030289e+04   1.5068050e+04   2.7024543e+04   2.9009006e+04   3.4197870e+04   3.1907693e+04   2.0366085e+04   1.3036514e+04   2.0637615e+04   2.4824487e+04   1.9984494e+04   1.4754782e+04   2.2484741e+04   2.8295987e+04   1.7311438e+04   3.7188620e+04   2.9166697e+04   3.0578177e+04   1.5548126e+04   3.6097975e+04   3.8392765e+04   2.5467248e+04
   1.7622187e+04   2.5157015e+04   2.3635777e+04   2.3514231e+04   1.4747163e+04   2.1652219e+04   2.8740950e+04   2.4089679e+04   2.0030289e+04   1.5068050e+04   2.7024543e+04   2.9009006e+04   3.2130547e+04   2.4419073e+04   7.7197291e+03   5.9757953e+03   2.0637615e+04   2.4824487e+04   1.9984494e+04   1.4754782e+04   2.2484741e+04   2.8295987e+04   1.5149185e+04   2.7144151e+04   2.9166697e+04   3.0578177e+04   1.5548126e+04   1.8241360e+04   2.0311358e+04   2.5467248e+04
   1.7622187e+04   2.3478994e+04   1.5020521e+04   1.0265650e+04   1.4747163e+04   2.1652219e+04   2.1916795e+04   2.4089679e+04   2.0030289e+04   1.5068050e+04   1.6091820e+04   6.8901757e+03   1.4838796e+04   2.4419073e+04   7.7197291e+03   5.9757953e+03   2.0637615e+04   2.0625588e+04   1.9984494e+04   1.4156762e+04   1.8558591e+04   1.9543182e+04   1.5149185e+04   2.7144151e+04   1.6670755e+04   2.3416634e+04   1.5548126e+04   1.8241360e+04   2.0311358e+04   9.7755178e+03
   1.7622187e+04   2.2286022e+04   1.5020521e+04   1.0265650e+04   1.4747163e+04   1.9468597e+04   1.4747404e+04   1.4485171e+04   2.0030289e+04   1.5068050e+04   1.6091820e+04   6.8901757e+03   1.4838796e+04   2.4419073e+04   7.7197291e+03   5.7948531e+03   9.7237564e+03   2.0625588e+04   1.9984494e+04   1.4156762e+04   1.8558591e+04   1.9543182e+04   1.5149185e+04   2.1612105e+04   1.6670755e+04   2.3148953e+04   1.5548126e+04   1.7629977e+04   2.0311358e+04   9.7755178e+03
   1.7622187e+04   8.2054420e+03   1.2683846e+04   1.0265650e+04   1.1275206e+04   1.5631479e+04   1.4747404e+04   1.4485171e+04   1.2862632e+04   1.1324741e+04   1.3384972e+04   6.8901757e+03   1.1817033e+04   7.8642553e+03   7.7197291e+03   5.7948531e+03   9.7237564e+03   1.1659264e+04   1.5687290e+04   8.6972842e+03   1.8558591e+04   1.8909221e+04   9.4812581e+03   1.3582406e+04   1.2531074e+04   1.4652424e+04   1.5548126e+04   1.5649960e+04   1.6307744e+04   9.7755178e+03
   9.8755397e+03   8.2054420e+03   1.2519798e+04   1.0265650e+04   1.1275206e+04   1.2167542e+04   6.5584103e+03   1.3434720e+04   1.1224768e+04   1.0763734e+04   1.3384972e+04   6.8901757e+03   1.1317462e+04   7.8426247e+03   7.7197291e+03   5.7948531e+03   9.7237564e+03   1.1659264e+04   6.2691409e+03   6.9659666e+03   7.3399510e+03   1.3309964e+04   9.4812581e+03   1.3582406e+04   8.3525877e+03   1.3363882e+04   1.1773957e+04   1.0406997e+04   1.3141922e+04   8.5476893e+03
   9.8755397e+03   8.2054420e+03   9.2254579e+03   1.0265650e+04   6.9718210e+03   7.7253630e+03   6.5584103e+03   8.9539053e+03   7.3015146e+03   9.2967339e+03   1.1957900e+04   6.6892514e+03   8.4467873e+03   6.1084730e+03   6.3147321e+03   5.7948531e+03   8.9073382e+03   1.1659264e+04   6.2691409e+03   6.9659666e+03   7.3399510e+03   8.7330638e+03   9.3742575e+03   9.1126027e+03   8.3525877e+03   5.4566148e+03   7.3588688e+03   1.0206980e+04   9.4418856e+03   8.5476893e+03
   9.1654263e+03   6.8635500e+03   6.2954943e+03   7.0890529e+03   6.9502080e+03   6.5715509e+03   6.5584103e+03   8.5216487e+03   7.2460026e+03   8.2230811e+03   8.0476953e+03   6.6892514e+03   7.9754556e+03   6.1084730e+03   6.3147321e+03   5.7948531e+03   7.1261615e+03   6.2442875e+03   6.1458911e+03   5.5116257e+03   5.5589604e+03   2.6137826e+03   7.9338215e+03   8.8929510e+03   5.1351229e+03   4.6410266e+03   6.1827487e+03   7.3089304e+03   9.4418856e+03   6.0217660e+03
   5.4045716e+03   6.8635500e+03   6.2954943e+03   3.5943768e+03   6.9086913e+03   6.5715509e+03   6.4906121e+03   6.4683122e+03   7.1462038e+03   7.5022827e+03   5.2205265e+03   4.4610941e+03   6.4884205e+03   6.1084730e+03   6.0623192e+03   5.7948531e+03   6.0743640e+03   6.0083771e+03   6.1288473e+03   5.3787410e+03   4.7838334e+03   2.6137826e+03   6.7703759e+03   5.2888238e+03   5.0939197e+03   4.6410266e+03   5.7423237e+03   5.1130756e+03   9.3905884e+03   4.6827639e+03
   4.9962483e+03   6.3705221e+03   6.2747458e+03   3.2635570e+03   6.3510917e+03   5.0564585e+03   6.4049144e+03   6.4600692e+03   6.6927543e+03   7.3934179e+03   5.2205265e+03   3.9347019e+03   6.4067170e+03   6.0285867e+03   2.8479139e+03   5.7140090e+03   6.0348459e+03   5.9396896e+03   6.1288473e+03   4.8600930e+03   4.3750641e+03   2.6011605e+03   6.7421100e+03   4.6860631e+03   5.0939197e+03   4.5953192e+03   5.5620567e+03   4.5583661e+03   8.1188702e+03   4.5451008e+03
   4.9817452e+03   6.3705221e+03   6.2150549e+03   3.1947866e+03   6.3146517e+03   5.0287348e+03   6.2193596e+03   6.3494534e+03   6.6783231e+03   7.3468597e+03   5.1671398e+03   3.9135020e+03   6.4067170e+03   6.0186046e+03   2.8395445e+03   5.7140090e+03   5.8291671e+03   5.6071537e+03   6.1220450e+03   4.6949828e+03   4.3750641e+03   2.6011605e+03   6.6986308e+03   4.5205687e+03   5.0939197e+03   4.5657089e+03   5.5620567e+03   4.2645353e+03   7.7609386e+03   4.5451008e+03
   3.6494930e+03   5.0350922e+03   4.8531342e+03   3.1600854e+03   5.9548710e+03   4.9978181e+03   5.2781548e+03   3.4117291e+03   5.6837491e+03   6.0469975e+03   3.0931508e+03   3.5505486e+03   5.9961971e+03   5.9155470e+03   2.8110367e+03   5.6249250e+03   5.7834067e+03   4.9471163e+03   3.8536204e+03   4.2155572e+03   4.3220308e+03   2.5921472e+03   6.6842756e+03   4.3280843e+03   4.1484742e+03   4.5395293e+03   4.5315147e+03   4.2321401e+03   6.5444049e+03   4.0480612e+03
   5.8678312e+02   9.4115535e+02   1.4381978e+03   5.2928043e+02   7.9932032e+02   8.0603548e+02   1.3006708e+03   1.4143819e+03   8.0657652e+02   9.7061138e+02   9.4358713e+02   4.9597471e+02   9.7693134e+02   1.5320463e+03   8.2270539e+02   7.5071554e+02   6.9737250e+02   1.1828378e+03   5.7872487e+02   1.4871542e+03   1.5565602e+03   8.0713964e+02   7.1705092e+02   9.6613765e+02   5.0553806e+02   8.8017559e+02   8.5069086e+02   1.3368004e+03   1.0941739e+03   8.7961565e+02
   3.0000000e+02   3.0000000e+02   3.0000000e+02   3.0000000e+02   3.0000000e+02   3.0000000e+02   3.0000000e+02   3.0000000e+02   3.0000000e+02   3.0000000e+02   3.0000000e+02   3.0000000e+02   3.0000000e+02   3.0000000e+02   3.0000000e+02   3.0000000e+02   3.0000000e+02   3.0000000e+02   3.0000000e+02   3.0000000e+02   3.0000000e+02   3.0000000e+02   3.0000000e+02   3.0000000e+02   3.0000000e+02   3.0000000e+02   3.0000000e+02   3.0000000e+02   3.0000000e+02   3.0000000e+02
