1.732219e+04 2.485701e+04 2.333578e+04 2.321423e+04 1.444716e+04 2.512990e+04 2.844095e+04 2.766811e+04 1.973029e+04 1.476805e+04 2.672454e+04 2.870901e+04 3.389787e+04 3.160769e+04 2.006608e+04 1.273651e+04 2.033762e+04 2.452449e+04 1.968449e+04 1.445478e+04 2.218474e+04 2.799599e+04 1.701144e+04 3.688862e+04 2.886670e+04 3.027818e+04 1.524813e+04 3.579797e+04 3.809276e+04 2.516725e+04 
1.732219e+04 2.485701e+04 2.333578e+04 2.321423e+04 1.444716e+04 2.512990e+04 2.844095e+04 2.766811e+04 1.973029e+04 1.476805e+04 2.672454e+04 2.870901e+04 3.389787e+04 3.160769e+04 2.006608e+04 1.273651e+04 2.033762e+04 2.452449e+04 1.968449e+04 1.445478e+04 2.218474e+04 2.799599e+04 1.701144e+04 3.688862e+04 2.886670e+04 3.027818e+04 1.524813e+04 3.579797e+04 3.809276e+04 2.516725e+04 
1.732219e+04 2.485701e+04 2.333578e+04 2.321423e+04 1.444716e+04 2.512990e+04 2.844095e+04 2.766811e+04 1.973029e+04 1.476805e+04 2.672454e+04 2.870901e+04 3.389787e+04 3.160769e+04 2.006608e+04 1.273651e+04 2.033762e+04 2.452449e+04 1.968449e+04 1.445478e+04 2.218474e+04 2.799599e+04 1.701144e+04 3.688862e+04 2.886670e+04 3.027818e+04 1.524813e+04 3.579797e+04 3.809276e+04 2.516725e+04 
1.732219e+04 2.485701e+04 2.333578e+04 2.321423e+04 1.444716e+04 2.135222e+04 2.844095e+04 2.378968e+04 1.973029e+04 1.476805e+04 2.672454e+04 2.870901e+04 3.183055e+04 2.411907e+04 7.419729e+03 5.675795e+03 2.033762e+04 2.452449e+04 1.968449e+04 1.445478e+04 2.218474e+04 2.799599e+04 1.484918e+04 2.684415e+04 2.886670e+04 3.027818e+04 1.524813e+04 1.794136e+04 2.001136e+04 2.516725e+04 
1.732219e+04 2.317899e+04 1.472052e+04 9.965650e+03 1.444716e+04 2.135222e+04 2.161679e+04 2.378968e+04 1.973029e+04 1.476805e+04 1.579182e+04 6.590176e+03 1.453880e+04 2.411907e+04 7.419729e+03 5.675795e+03 2.033762e+04 2.032559e+04 1.968449e+04 1.385676e+04 1.825859e+04 1.924318e+04 1.484918e+04 2.684415e+04 1.637076e+04 2.311663e+04 1.524813e+04 1.794136e+04 2.001136e+04 9.475518e+03 
1.732219e+04 2.198602e+04 1.472052e+04 9.965650e+03 1.444716e+04 1.916860e+04 1.444740e+04 1.418517e+04 1.973029e+04 1.476805e+04 1.579182e+04 6.590176e+03 1.453880e+04 2.411907e+04 7.419729e+03 5.494853e+03 9.423756e+03 2.032559e+04 1.968449e+04 1.385676e+04 1.825859e+04 1.924318e+04 1.484918e+04 2.131210e+04 1.637076e+04 2.284895e+04 1.524813e+04 1.732998e+04 2.001136e+04 9.475518e+03 
1.732219e+04 7.905442e+03 1.238385e+04 9.965650e+03 1.097521e+04 1.533148e+04 1.444740e+04 1.418517e+04 1.256263e+04 1.102474e+04 1.308497e+04 6.590176e+03 1.151703e+04 7.564255e+03 7.419729e+03 5.494853e+03 9.423756e+03 1.135926e+04 1.538729e+04 8.397284e+03 1.825859e+04 1.860922e+04 9.181258e+03 1.328241e+04 1.223107e+04 1.435242e+04 1.524813e+04 1.534996e+04 1.600774e+04 9.475518e+03 
9.575540e+03 7.905442e+03 1.221980e+04 9.965650e+03 1.097521e+04 1.186754e+04 6.258410e+03 1.313472e+04 1.092477e+04 1.046373e+04 1.308497e+04 6.590176e+03 1.101746e+04 7.542625e+03 7.419729e+03 5.494853e+03 9.423756e+03 1.135926e+04 5.969141e+03 6.665967e+03 7.039951e+03 1.300996e+04 9.181258e+03 1.328241e+04 8.052588e+03 1.306388e+04 1.147396e+04 1.010700e+04 1.284192e+04 8.247689e+03 
9.575540e+03 7.905442e+03 8.925458e+03 9.965650e+03 6.671821e+03 7.425363e+03 6.258410e+03 8.653905e+03 7.001515e+03 8.996734e+03 1.165790e+04 6.389251e+03 8.146787e+03 5.808473e+03 6.014732e+03 5.494853e+03 8.607338e+03 1.135926e+04 5.969141e+03 6.665967e+03 7.039951e+03 8.433064e+03 9.074257e+03 8.812603e+03 8.052588e+03 5.156615e+03 7.058869e+03 9.906980e+03 9.141886e+03 8.247689e+03 
8.865426e+03 6.563550e+03 5.995494e+03 6.789053e+03 6.650208e+03 6.271551e+03 6.258410e+03 8.221649e+03 6.946003e+03 7.923081e+03 7.747695e+03 6.389251e+03 7.675456e+03 5.808473e+03 6.014732e+03 5.494853e+03 6.826162e+03 5.944288e+03 5.845891e+03 5.211626e+03 5.258960e+03 2.313783e+03 7.633822e+03 8.592951e+03 4.835123e+03 4.341027e+03 5.882749e+03 7.008930e+03 9.141886e+03 5.721766e+03 
5.104572e+03 6.563550e+03 5.995494e+03 3.294377e+03 6.608691e+03 6.271551e+03 6.190612e+03 6.168312e+03 6.846204e+03 7.202283e+03 4.920526e+03 4.161094e+03 6.188421e+03 5.808473e+03 5.762319e+03 5.494853e+03 5.774364e+03 5.708377e+03 5.828847e+03 5.078741e+03 4.483833e+03 2.313783e+03 6.470376e+03 4.988824e+03 4.793920e+03 4.341027e+03 5.442324e+03 4.813076e+03 9.090588e+03 4.382764e+03 
4.696248e+03 6.070522e+03 5.974746e+03 2.963557e+03 6.051092e+03 4.756458e+03 6.104914e+03 6.160069e+03 6.392754e+03 7.093418e+03 4.920526e+03 3.634702e+03 6.106717e+03 5.728587e+03 2.547914e+03 5.414009e+03 5.734846e+03 5.639690e+03 5.828847e+03 4.560093e+03 4.075064e+03 2.301160e+03 6.442110e+03 4.386063e+03 4.793920e+03 4.295319e+03 5.262057e+03 4.258366e+03 7.818870e+03 4.245101e+03 
4.681745e+03 6.070522e+03 5.915055e+03 2.894787e+03 6.014652e+03 4.728735e+03 5.919360e+03 6.049453e+03 6.378323e+03 7.046860e+03 4.867140e+03 3.613502e+03 6.106717e+03 5.718605e+03 2.539544e+03 5.414009e+03 5.529167e+03 5.307154e+03 5.822045e+03 4.394983e+03 4.075064e+03 2.301160e+03 6.398631e+03 4.220569e+03 4.793920e+03 4.265709e+03 5.262057e+03 3.964535e+03 7.460939e+03 4.245101e+03 
3.349493e+03 4.735092e+03 4.553134e+03 2.860085e+03 5.654871e+03 4.697818e+03 4.978155e+03 3.111729e+03 5.383749e+03 5.746998e+03 2.793151e+03 3.250549e+03 5.696197e+03 5.615547e+03 2.511037e+03 5.324925e+03 5.483407e+03 4.647116e+03 3.553620e+03 3.915557e+03 4.022031e+03 2.292147e+03 6.384276e+03 4.028084e+03 3.848474e+03 4.239529e+03 4.231515e+03 3.932140e+03 6.244405e+03 3.748061e+03 
2.867831e+02 6.411553e+02 1.138198e+03 2.292804e+02 4.993203e+02 5.060355e+02 1.000671e+03 1.114382e+03 5.065765e+02 6.706114e+02 6.435871e+02 1.959747e+02 6.769313e+02 1.232046e+03 5.227054e+02 4.507155e+02 3.973725e+02 8.828378e+02 2.787249e+02 1.187154e+03 1.256560e+03 5.071396e+02 4.170509e+02 6.661377e+02 2.055381e+02 5.801756e+02 5.506909e+02 1.036800e+03 7.941739e+02 5.796156e+02 
0.000000e+00 0.000000e+00 0.000000e+00 0.000000e+00 0.000000e+00 0.000000e+00 0.000000e+00 0.000000e+00 0.000000e+00 0.000000e+00 0.000000e+00 0.000000e+00 0.000000e+00 0.000000e+00 0.000000e+00 0.000000e+00 0.000000e+00 0.000000e+00 0.000000e+00 0.000000e+00 0.000000e+00 0.000000e+00 0.000000e+00 0.000000e+00 0.000000e+00 0.000000e+00 0.000000e+00 0.000000e+00 0.000000e+00 0.000000e+00 
0.000000e+00 0.000000e+00 0.000000e+00 0.000000e+00 0.000000e+00 0.000000e+00 0.000000e+00 0.000000e+00 0.000000e+00 0.000000e+00 0.000000e+00 0.000000e+00 0.000000e+00 0.000000e+00 0.000000e+00 0.000000e+00 0.000000e+00 0.000000e+00 0.000000e+00 0.000000e+00 0.000000e+00 0.000000e+00 0.000000e+00 0.000000e+00 0.000000e+00 0.000000e+00 0.000000e+00 0.000000e+00 0.000000e+00 0.000000e+00 