5.363295e+02 6.298251e+02 4.876442e+02 5.016284e+02 5.266877e+02 3.399824e+02 4.962272e+02 5.118137e+02 5.255696e+02 4.279191e+02 4.350853e+02 4.892213e+02 6.118303e+02 3.299214e+02 5.665320e+02 5.233090e+02 5.770553e+02 4.261944e+02 4.389185e+02 4.624496e+02 5.946722e+02 5.535112e+02 4.250193e+02 4.422205e+02 4.494271e+02 5.837832e+02 5.595317e+02 4.400538e+02 5.446002e+02 4.554325e+02 
5.363295e+02 6.298251e+02 4.876442e+02 5.016284e+02 5.266877e+02 3.399824e+02 4.962272e+02 5.118137e+02 5.255696e+02 4.279191e+02 4.350853e+02 4.892213e+02 6.118303e+02 3.299214e+02 5.665320e+02 5.233090e+02 5.770553e+02 4.261944e+02 4.389185e+02 4.624496e+02 5.946722e+02 5.535112e+02 4.250193e+02 4.422205e+02 4.494271e+02 5.837832e+02 5.595317e+02 4.400538e+02 5.446002e+02 4.554325e+02 
5.363295e+02 6.298251e+02 4.876442e+02 5.016284e+02 5.266877e+02 3.399824e+02 4.962272e+02 5.118137e+02 5.255696e+02 4.279191e+02 4.350853e+02 4.892213e+02 6.118303e+02 3.299214e+02 5.665320e+02 5.233090e+02 5.770553e+02 4.261944e+02 4.389185e+02 4.624496e+02 5.946722e+02 5.535112e+02 4.250193e+02 4.422205e+02 4.494271e+02 5.837832e+02 5.595317e+02 4.400538e+02 5.446002e+02 4.554325e+02 
5.199316e+02 5.658570e+02 4.876442e+02 5.016284e+02 5.266877e+02 3.399824e+02 4.962272e+02 5.113539e+02 5.255696e+02 4.275518e+02 4.350853e+02 4.892213e+02 4.726124e+02 3.175483e+02 5.097105e+02 4.291126e+02 5.770553e+02 4.232139e+02 4.082634e+02 4.624496e+02 4.820680e+02 5.535112e+02 4.178214e+02 4.422205e+02 4.247102e+02 5.011248e+02 4.698052e+02 4.250239e+02 5.440702e+02 4.502700e+02 
4.706648e+02 4.035768e+02 4.859316e+02 4.606076e+02 5.246503e+02 3.399824e+02 4.674026e+02 4.478842e+02 4.664624e+02 4.275518e+02 4.350853e+02 4.804163e+02 4.607871e+02 3.175483e+02 4.615094e+02 4.291126e+02 4.709658e+02 4.027616e+02 3.878689e+02 4.624496e+02 4.655095e+02 5.060559e+02 4.129317e+02 4.422205e+02 4.042582e+02 4.718525e+02 4.666061e+02 4.250239e+02 5.407706e+02 4.399718e+02 
4.551924e+02 4.035768e+02 4.858167e+02 4.606076e+02 4.455146e+02 3.399824e+02 4.153304e+02 4.478842e+02 4.578429e+02 4.275518e+02 4.256461e+02 4.804163e+02 4.607871e+02 3.105153e+02 4.600715e+02 4.291126e+02 4.568372e+02 3.845007e+02 3.878689e+02 4.468121e+02 4.580672e+02 4.094282e+02 4.129317e+02 4.422205e+02 4.042582e+02 4.712318e+02 4.639794e+02 4.250239e+02 4.737925e+02 4.399718e+02 
4.495803e+02 3.873874e+02 4.858167e+02 4.003149e+02 4.418278e+02 3.399824e+02 3.949138e+02 4.478842e+02 4.369362e+02 4.145969e+02 3.818995e+02 4.590988e+02 4.508616e+02 3.105153e+02 4.468896e+02 4.291126e+02 4.568372e+02 3.845007e+02 3.869998e+02 4.226325e+02 3.965353e+02 4.005709e+02 3.700747e+02 4.332150e+02 4.042582e+02 3.369783e+02 4.639794e+02 3.958946e+02 3.996331e+02 4.266378e+02 
3.953201e+02 3.679513e+02 4.040182e+02 4.003149e+02 4.418278e+02 3.338997e+02 3.566069e+02 4.392141e+02 4.007181e+02 3.927929e+02 3.815478e+02 4.127709e+02 4.456731e+02 3.090039e+02 4.282443e+02 3.819751e+02 3.442573e+02 3.842042e+02 3.844595e+02 4.037038e+02 3.928792e+02 3.723835e+02 3.700747e+02 3.561251e+02 3.983102e+02 3.172915e+02 4.573591e+02 3.915985e+02 3.996331e+02 4.266378e+02 
3.868245e+02 3.419404e+02 3.848380e+02 3.406157e+02 3.665789e+02 3.293539e+02 3.499328e+02 3.753354e+02 3.604055e+02 3.914721e+02 3.804541e+02 3.704104e+02 4.195840e+02 2.899947e+02 3.081261e+02 3.819461e+02 3.341898e+02 3.818348e+02 3.844595e+02 3.482858e+02 3.875195e+02 3.723835e+02 3.262724e+02 3.249899e+02 3.664099e+02 3.160539e+02 3.821525e+02 3.797006e+02 3.770929e+02 4.051842e+02 
3.246377e+02 3.296064e+02 3.562299e+02 3.327088e+02 2.977417e+02 3.201374e+02 3.479859e+02 3.531277e+02 3.220423e+02 3.513273e+02 3.469195e+02 3.601316e+02 3.639320e+02 2.882967e+02 3.072195e+02 3.661060e+02 3.307634e+02 3.466997e+02 3.582732e+02 3.389024e+02 3.718467e+02 3.306275e+02 2.796707e+02 3.249899e+02 3.308228e+02 3.111616e+02 3.707540e+02 3.631922e+02 3.319802e+02 3.280934e+02 
3.210705e+02 3.127591e+02 3.279439e+02 3.219072e+02 2.838869e+02 2.967441e+02 3.304530e+02 3.038814e+02 3.014998e+02 2.706689e+02 2.947938e+02 2.969018e+02 3.200064e+02 2.634586e+02 3.039221e+02 3.289123e+02 3.011968e+02 2.896713e+02 2.919450e+02 3.299166e+02 3.015035e+02 2.942747e+02 2.582541e+02 2.812303e+02 3.195564e+02 3.001236e+02 2.906248e+02 2.951675e+02 3.068062e+02 2.779506e+02 
2.662548e+02 2.453126e+02 2.837114e+02 2.813277e+02 2.650942e+02 2.743274e+02 2.733518e+02 2.641346e+02 2.609456e+02 2.555419e+02 2.772904e+02 2.687129e+02 2.680892e+02 2.492960e+02 2.653130e+02 2.636321e+02 2.795404e+02 2.594179e+02 2.705588e+02 2.728649e+02 2.861891e+02 2.764546e+02 2.539119e+02 2.592331e+02 2.640256e+02 2.695703e+02 2.539127e+02 2.654702e+02 2.597249e+02 2.456325e+02 
2.461343e+02 2.396775e+02 2.480680e+02 2.433607e+02 2.509190e+02 2.394930e+02 2.416671e+02 2.466016e+02 2.384148e+02 2.464397e+02 2.497569e+02 2.427244e+02 2.442121e+02 2.448779e+02 2.451985e+02 2.392649e+02 2.521604e+02 2.435294e+02 2.455964e+02 2.451701e+02 2.544283e+02 2.489708e+02 2.455465e+02 2.401158e+02 2.481618e+02 2.471106e+02 2.400767e+02 2.435518e+02 2.451868e+02 2.341850e+02 
2.350859e+02 2.350593e+02 2.341519e+02 2.342588e+02 2.351318e+02 2.348673e+02 2.364018e+02 2.358508e+02 2.350181e+02 2.376990e+02 2.340069e+02 2.321720e+02 2.344674e+02 2.370041e+02 2.321677e+02 2.327777e+02 2.425022e+02 2.383928e+02 2.318983e+02 2.351546e+02 2.348706e+02 2.348102e+02 2.333193e+02 2.306774e+02 2.413873e+02 2.411470e+02 2.352156e+02 2.336839e+02 2.381141e+02 2.334741e+02 
2.309293e+02 2.298256e+02 2.300997e+02 2.297554e+02 2.306934e+02 2.311263e+02 2.308722e+02 2.312645e+02 2.310639e+02 2.306121e+02 2.298760e+02 2.299536e+02 2.297883e+02 2.298566e+02 2.296844e+02 2.304321e+02 2.314384e+02 2.317973e+02 2.302736e+02 2.300577e+02 2.300247e+02 2.299527e+02 2.305417e+02 2.293844e+02 2.305412e+02 2.310204e+02 2.300594e+02 2.296095e+02 2.296368e+02 2.301105e+02 
2.292844e+02 2.292844e+02 2.292844e+02 2.292844e+02 2.292844e+02 2.292844e+02 2.292844e+02 2.292844e+02 2.292844e+02 2.292844e+02 2.292844e+02 2.292844e+02 2.292844e+02 2.292844e+02 2.292844e+02 2.292844e+02 2.292844e+02 2.292844e+02 2.292844e+02 2.292844e+02 2.292844e+02 2.292844e+02 2.292844e+02 2.292844e+02 2.292844e+02 2.292844e+02 2.292844e+02 2.292844e+02 2.292844e+02 2.292844e+02 
0.000000e+00 0.000000e+00 0.000000e+00 0.000000e+00 0.000000e+00 0.000000e+00 0.000000e+00 0.000000e+00 0.000000e+00 0.000000e+00 0.000000e+00 0.000000e+00 0.000000e+00 0.000000e+00 0.000000e+00 0.000000e+00 0.000000e+00 0.000000e+00 0.000000e+00 0.000000e+00 0.000000e+00 0.000000e+00 0.000000e+00 0.000000e+00 0.000000e+00 0.000000e+00 0.000000e+00 0.000000e+00 0.000000e+00 0.000000e+00 