2.392042e+02 2.464862e+02 2.591375e+02 2.375609e+02 2.291997e+02 2.351655e+02 2.391212e+02 2.433825e+02 2.464960e+02 2.179881e+02 2.478449e+02 2.340567e+02 2.731118e+02 2.315860e+02 2.397037e+02 2.402816e+02 2.374945e+02 2.527159e+02 2.252892e+02 2.495168e+02 2.375258e+02 2.063490e+02 2.668322e+02 2.670999e+02 2.550107e+02 2.342242e+02 2.462324e+02 2.352438e+02 2.267444e+02 2.296931e+02 
2.392042e+02 2.464862e+02 2.591375e+02 2.375609e+02 2.291997e+02 2.351655e+02 2.391212e+02 2.433825e+02 2.464960e+02 2.179881e+02 2.478449e+02 2.340567e+02 2.731118e+02 2.315860e+02 2.397037e+02 2.402816e+02 2.374945e+02 2.527159e+02 2.252892e+02 2.495168e+02 2.375258e+02 2.063490e+02 2.668322e+02 2.670999e+02 2.550107e+02 2.342242e+02 2.462324e+02 2.352438e+02 2.267444e+02 2.296931e+02 
2.392042e+02 2.464862e+02 2.591375e+02 2.375609e+02 2.291997e+02 2.351655e+02 2.391212e+02 2.433825e+02 2.464960e+02 2.179881e+02 2.478449e+02 2.340567e+02 2.731118e+02 2.315860e+02 2.397037e+02 2.402816e+02 2.374945e+02 2.527159e+02 2.252892e+02 2.495168e+02 2.375258e+02 2.063490e+02 2.668322e+02 2.670999e+02 2.550107e+02 2.342242e+02 2.462324e+02 2.352438e+02 2.267444e+02 2.296931e+02 
2.392042e+02 2.464862e+02 2.591375e+02 2.375609e+02 2.291997e+02 2.351655e+02 2.391212e+02 2.433825e+02 2.464960e+02 2.179881e+02 2.478449e+02 2.340567e+02 2.731118e+02 2.315860e+02 2.397037e+02 2.402816e+02 2.374945e+02 2.527159e+02 2.252892e+02 2.495168e+02 2.375258e+02 2.063490e+02 2.668322e+02 2.670999e+02 2.550107e+02 2.342242e+02 2.462324e+02 2.352438e+02 2.267444e+02 2.296931e+02 
2.392042e+02 2.464862e+02 2.591375e+02 2.375609e+02 2.291997e+02 2.351655e+02 2.391212e+02 2.433825e+02 2.464960e+02 2.179881e+02 2.478449e+02 2.340567e+02 2.731118e+02 2.315860e+02 2.397037e+02 2.402816e+02 2.374945e+02 2.527159e+02 2.252892e+02 2.495168e+02 2.375258e+02 2.063490e+02 2.668322e+02 2.670999e+02 2.550107e+02 2.342242e+02 2.462324e+02 2.352438e+02 2.267444e+02 2.296931e+02 
2.392042e+02 2.160984e+02 2.225630e+02 2.375609e+02 2.221954e+02 2.258992e+02 2.391212e+02 2.433825e+02 2.431073e+02 2.179881e+02 2.478449e+02 2.334547e+02 2.686370e+02 2.227600e+02 2.386311e+02 2.402816e+02 2.374945e+02 2.094100e+02 2.252892e+02 2.466126e+02 2.375258e+02 2.063490e+02 2.668322e+02 2.434099e+02 2.137020e+02 2.241091e+02 2.462324e+02 2.352438e+02 2.267444e+02 2.296931e+02 
2.392042e+02 2.160984e+02 2.225630e+02 2.375609e+02 2.221954e+02 2.258992e+02 2.391212e+02 2.433825e+02 2.431073e+02 2.179881e+02 2.478449e+02 2.334547e+02 2.686370e+02 2.227600e+02 2.386311e+02 2.402816e+02 2.374945e+02 2.094100e+02 2.252892e+02 2.466126e+02 2.375258e+02 2.063490e+02 2.668322e+02 2.434099e+02 2.137020e+02 2.241091e+02 2.462324e+02 2.352438e+02 2.267444e+02 2.296931e+02 
2.340481e+02 2.034439e+02 2.225630e+02 2.375609e+02 2.221954e+02 1.946596e+02 2.361258e+02 2.070037e+02 2.120851e+02 2.179881e+02 2.478449e+02 2.233637e+02 2.450384e+02 2.221971e+02 2.386311e+02 2.392231e+02 2.225618e+02 2.039736e+02 2.130267e+02 2.013136e+02 2.028957e+02 2.061155e+02 2.441398e+02 2.390030e+02 2.116202e+02 2.192035e+02 2.188624e+02 2.352438e+02 2.088964e+02 2.296931e+02 
2.340481e+02 2.034439e+02 1.816704e+02 2.256890e+02 1.999050e+02 1.946596e+02 1.871564e+02 2.058413e+02 1.947633e+02 2.179881e+02 2.202401e+02 2.213593e+02 2.299863e+02 2.011083e+02 2.116096e+02 2.141358e+02 2.220976e+02 2.039736e+02 2.068695e+02 2.013136e+02 2.021034e+02 1.922909e+02 2.094187e+02 2.231835e+02 2.008080e+02 2.063745e+02 2.124729e+02 2.259834e+02 1.838628e+02 2.228829e+02 
1.982775e+02 2.034439e+02 1.816704e+02 2.254986e+02 1.782809e+02 1.849448e+02 1.852993e+02 1.797397e+02 1.947633e+02 1.524927e+02 1.918441e+02 2.047296e+02 2.221072e+02 2.011083e+02 1.995075e+02 2.066945e+02 2.205624e+02 1.903177e+02 2.068695e+02 1.906909e+02 2.021034e+02 1.711857e+02 1.754515e+02 2.078612e+02 1.966067e+02 1.917773e+02 2.124729e+02 2.047744e+02 1.835415e+02 2.047819e+02 
1.526003e+02 1.658932e+02 1.758311e+02 1.920955e+02 1.782809e+02 1.791137e+02 1.677612e+02 1.797397e+02 1.942397e+02 1.524927e+02 1.689470e+02 1.796259e+02 1.705870e+02 1.866794e+02 1.797698e+02 1.950131e+02 1.858608e+02 1.801660e+02 1.849430e+02 1.881129e+02 1.965089e+02 1.689294e+02 1.672925e+02 1.939867e+02 1.755309e+02 1.589779e+02 1.813707e+02 1.818525e+02 1.425878e+02 1.791177e+02 
1.519262e+02 1.503805e+02 1.664430e+02 1.737946e+02 1.577684e+02 1.432520e+02 1.576165e+02 1.616382e+02 1.659392e+02 1.413687e+02 1.512111e+02 1.678401e+02 1.606774e+02 1.487731e+02 1.502814e+02 1.788814e+02 1.543240e+02 1.701971e+02 1.849430e+02 1.734283e+02 1.561986e+02 1.683788e+02 1.588245e+02 1.610496e+02 1.520467e+02 1.529551e+02 1.739153e+02 1.626495e+02 1.398727e+02 1.694923e+02 
1.336069e+02 1.453717e+02 1.458468e+02 1.521750e+02 1.295536e+02 1.302854e+02 1.250106e+02 1.474469e+02 1.466835e+02 1.171451e+02 1.381083e+02 1.462993e+02 1.423574e+02 1.371299e+02 1.446908e+02 1.443225e+02 1.473634e+02 1.486691e+02 1.371585e+02 1.437951e+02 1.439325e+02 1.508868e+02 1.271419e+02 1.458379e+02 1.279469e+02 1.383627e+02 1.380035e+02 1.389404e+02 1.276816e+02 1.480032e+02 
1.068998e+02 1.225995e+02 1.058596e+02 9.141502e+01 9.274488e+01 1.108834e+02 9.512899e+01 1.167574e+02 1.280431e+02 9.654391e+01 1.190589e+02 1.167711e+02 1.112201e+02 1.151843e+02 1.105721e+02 1.130939e+02 9.483011e+01 1.378466e+02 1.118285e+02 1.137065e+02 1.118887e+02 1.242841e+02 9.668170e+01 1.255149e+02 1.056549e+02 1.105157e+02 1.200196e+02 1.135686e+02 1.178961e+02 1.230971e+02 
7.126832e+01 8.905434e+01 7.945919e+01 6.853831e+01 6.217629e+01 7.125134e+01 7.223811e+01 7.644921e+01 8.296585e+01 8.368722e+01 8.255931e+01 7.741320e+01 7.263920e+01 8.255101e+01 8.139263e+01 7.657909e+01 8.042295e+01 9.745300e+01 9.325190e+01 9.591245e+01 7.261475e+01 9.080870e+01 8.742832e+01 8.964087e+01 7.116759e+01 8.787756e+01 8.519213e+01 9.427906e+01 8.406931e+01 9.292917e+01 
3.758368e+01 4.023970e+01 4.038711e+01 4.100959e+01 4.141627e+01 4.202102e+01 4.246823e+01 4.625976e+01 4.738309e+01 4.825325e+01 4.847520e+01 4.996443e+01 5.102577e+01 5.107406e+01 5.194415e+01 5.200528e+01 5.214953e+01 5.387077e+01 5.469187e+01 5.526062e+01 5.565511e+01 5.578431e+01 5.612891e+01 5.655698e+01 5.699558e+01 6.112469e+01 6.198234e+01 6.212351e+01 6.244800e+01 6.385545e+01 
0.000000e+00 0.000000e+00 0.000000e+00 0.000000e+00 0.000000e+00 0.000000e+00 0.000000e+00 0.000000e+00 0.000000e+00 0.000000e+00 0.000000e+00 0.000000e+00 0.000000e+00 0.000000e+00 0.000000e+00 0.000000e+00 0.000000e+00 0.000000e+00 0.000000e+00 0.000000e+00 0.000000e+00 0.000000e+00 0.000000e+00 0.000000e+00 0.000000e+00 0.000000e+00 0.000000e+00 0.000000e+00 0.000000e+00 0.000000e+00 