   3.2151460e+03   2.6349599e+03   3.1296153e+03   2.7413083e+03   1.7740971e+03   2.9529725e+03   3.7260960e+03   2.4238865e+03   2.3355929e+03   2.7746008e+03   2.4471112e+03   2.6775638e+03   3.0502075e+03   2.8347857e+03   2.7291803e+03   2.3031055e+03   2.4732551e+03   1.8048378e+03   3.4663202e+03   3.0692151e+03   2.8301094e+03   2.5464094e+03   2.4788946e+03   2.6176741e+03   3.1731140e+03   3.5752864e+03   3.3601378e+03   3.4699922e+03   3.3609930e+03   3.4109833e+03
   3.2151460e+03   2.6349599e+03   3.1296153e+03   2.7413083e+03   1.7740971e+03   2.9529725e+03   3.7260960e+03   2.4238865e+03   2.3355929e+03   2.7746008e+03   2.4471112e+03   2.6775638e+03   3.0502075e+03   2.8347857e+03   2.7291803e+03   2.3031055e+03   2.4732551e+03   1.8048378e+03   3.4663202e+03   3.0692151e+03   2.8301094e+03   2.5464094e+03   2.4788946e+03   2.6176741e+03   3.1731140e+03   3.5752864e+03   3.3601378e+03   3.4699922e+03   3.3609930e+03   3.4109833e+03
   3.2151460e+03   2.6349599e+03   3.1296153e+03   2.7413083e+03   1.7740971e+03   2.9529725e+03   3.7260960e+03   2.4238865e+03   2.3355929e+03   2.7746008e+03   2.4471112e+03   2.6775638e+03   3.0502075e+03   2.8347857e+03   2.7291803e+03   2.3031055e+03   2.4732551e+03   1.8048378e+03   3.4663202e+03   3.0692151e+03   2.8301094e+03   2.5464094e+03   2.4788946e+03   2.6176741e+03   3.1731140e+03   3.5752864e+03   3.3601378e+03   3.4699922e+03   3.3609930e+03   3.4109833e+03
   2.8854566e+03   2.6349599e+03   3.1296153e+03   2.0551286e+03   1.7740971e+03   2.9529725e+03   2.6143743e+03   2.2307205e+03   2.3355929e+03   2.5997847e+03   2.0828959e+03   2.6775638e+03   2.8429994e+03   2.8347857e+03   2.3832851e+03   2.3031055e+03   2.4093469e+03   1.8048378e+03   3.2132987e+03   2.4602474e+03   2.8301094e+03   2.5464094e+03   2.0304217e+03   2.6176741e+03   3.1731140e+03   2.8986864e+03   2.6222997e+03   2.2819904e+03   2.7885325e+03   2.5890113e+03
   2.2545471e+03   2.6349599e+03   2.5341507e+03   2.0551286e+03   1.7740971e+03   2.9529725e+03   2.4300286e+03   2.2307205e+03   2.1685239e+03   2.1580674e+03   1.9585692e+03   2.3085444e+03   2.8429994e+03   2.5182401e+03   2.3832851e+03   2.3031055e+03   1.7925289e+03   1.8048378e+03   3.0114249e+03   2.0857286e+03   2.8301094e+03   2.5464094e+03   1.8868003e+03   2.6176741e+03   2.6509338e+03   2.8845650e+03   2.6222997e+03   2.2819904e+03   2.7885325e+03   2.5890113e+03
   2.2545471e+03   2.6349599e+03   2.5341507e+03   2.0551286e+03   1.7740971e+03   2.6531624e+03   2.4300286e+03   2.2307205e+03   2.1685239e+03   2.1580674e+03   1.8967615e+03   2.2288599e+03   2.3738553e+03   2.5182401e+03   2.3832851e+03   2.3031055e+03   1.7925289e+03   1.8048378e+03   2.9268366e+03   2.0857286e+03   2.3004439e+03   2.5464094e+03   1.8868003e+03   2.6176741e+03   2.3888161e+03   2.8845650e+03   2.6222997e+03   1.8154810e+03   1.8824244e+03   2.5890113e+03
   2.2545471e+03   2.3950270e+03   2.1990610e+03   2.0551286e+03   1.7740971e+03   1.7756529e+03   2.4300286e+03   2.1707019e+03   2.1685239e+03   2.0834329e+03   1.8967615e+03   2.2288599e+03   1.7306403e+03   2.2730523e+03   2.3832851e+03   1.9551361e+03   1.7925289e+03   1.8048378e+03   2.4740426e+03   1.3982978e+03   2.2004730e+03   1.8327777e+03   1.5195860e+03   2.6176741e+03   2.3461865e+03   2.6370743e+03   2.1164192e+03   1.8154810e+03   1.8824244e+03   2.2685140e+03
   2.2545471e+03   2.0576013e+03   1.9903954e+03   1.8720507e+03   1.7740971e+03   1.7756529e+03   1.5927753e+03   2.0607724e+03   2.1685239e+03   1.4338501e+03   1.8967615e+03   2.0341393e+03   1.7306403e+03   2.1319648e+03   1.4869746e+03   1.7272399e+03   1.7925289e+03   1.8048378e+03   1.8137474e+03   1.3982978e+03   2.2004730e+03   1.8327777e+03   1.5195860e+03   2.4641224e+03   2.1266723e+03   1.9176289e+03   2.1164192e+03   1.8154810e+03   1.8170510e+03   2.2685140e+03
   1.7323495e+03   1.2152228e+03   1.4034217e+03   1.8720507e+03   1.5465444e+03   1.6771608e+03   1.5927753e+03   2.0607724e+03   1.7249928e+03   1.4338501e+03   1.8352238e+03   2.0341393e+03   1.4736874e+03   1.7974825e+03   1.4869746e+03   1.6197005e+03   1.6682334e+03   1.8048378e+03   1.8137474e+03   1.3982978e+03   1.9844601e+03   1.7433240e+03   1.5195860e+03   1.6726834e+03   1.7979863e+03   1.7556154e+03   2.1164192e+03   1.6616690e+03   1.7732383e+03   1.7914729e+03
   1.5837270e+03   1.0199359e+03   1.4034217e+03   1.5998626e+03   1.3536055e+03   1.5865953e+03   1.5584964e+03   1.5895206e+03   1.5245123e+03   1.3774426e+03   1.6324773e+03   1.4668932e+03   1.3414950e+03   1.5800870e+03   1.2156144e+03   1.4190169e+03   1.4902786e+03   1.8048378e+03   1.6049156e+03   1.3982978e+03   1.5790757e+03   1.7433240e+03   1.5047778e+03   1.4337370e+03   1.2336795e+03   1.1135695e+03   1.7276236e+03   1.4618103e+03   1.3705131e+03   1.6775465e+03
   1.2061153e+03   9.9147318e+02   1.3542917e+03   1.1553517e+03   1.2104560e+03   1.2689124e+03   1.4160974e+03   1.5255447e+03   1.4422950e+03   1.2334862e+03   1.3669877e+03   1.2316660e+03   1.2404907e+03   1.3007939e+03   1.2156144e+03   1.0591296e+03   1.1380759e+03   1.4060989e+03   1.4675261e+03   1.2553563e+03   1.3480743e+03   1.4839452e+03   1.4075047e+03   1.1606076e+03   1.2336795e+03   1.0959741e+03   1.2671800e+03   1.4604257e+03   1.3705131e+03   1.4739740e+03
   1.0455624e+03   9.8914005e+02   1.1934856e+03   1.1553517e+03   1.2104560e+03   1.1549931e+03   1.1870259e+03   1.2081946e+03   1.1579466e+03   1.0932692e+03   1.0550370e+03   1.2316660e+03   1.1094490e+03   1.2060458e+03   1.1587554e+03   1.0036793e+03   1.0923195e+03   1.1745517e+03   1.1960995e+03   1.1264777e+03   1.1194070e+03   1.2610382e+03   1.0756750e+03   1.0313099e+03   1.2028333e+03   1.0539670e+03   1.1454002e+03   1.2529612e+03   1.2793729e+03   1.0136167e+03
   9.6488380e+02   9.8914005e+02   1.0652525e+03   1.0782720e+03   1.0604748e+03   1.0264481e+03   1.1033460e+03   1.0924569e+03   1.0629515e+03   9.8349358e+02   1.0380115e+03   1.0250721e+03   9.8549012e+02   1.0615300e+03   1.0347223e+03   9.8995807e+02   9.8538825e+02   1.0377747e+03   1.0239953e+03   9.7679734e+02   1.0456393e+03   1.0405965e+03   9.8968480e+02   9.8260829e+02   9.8746346e+02   9.8540926e+02   1.0370506e+03   9.9326025e+02   1.1046983e+03   9.2536284e+02
   9.6222717e+02   9.3294713e+02   1.0293617e+03   9.5224523e+02   1.0157187e+03   9.3103202e+02   9.2257917e+02   9.5233321e+02   9.4230914e+02   9.4617442e+02   1.0277701e+03   1.0051247e+03   9.5521920e+02   9.7577787e+02   9.6798592e+02   9.6312436e+02   9.5140106e+02   9.4321603e+02   9.6813929e+02   9.6721599e+02   9.3853220e+02   1.0136448e+03   9.7670058e+02   9.5142912e+02   9.4465039e+02   9.6302830e+02   9.5714776e+02   9.7650704e+02   9.2838399e+02   9.2035554e+02
   9.2878685e+02   9.2982880e+02   9.0699735e+02   9.2003679e+02   9.4243155e+02   9.2524193e+02   9.1247507e+02   9.2043606e+02   9.2303516e+02   9.1814961e+02   9.1936162e+02   9.1701142e+02   9.2979732e+02   9.3040269e+02   9.2613872e+02   9.0623435e+02   9.1984561e+02   9.0854992e+02   9.2481058e+02   9.2146408e+02   9.1265799e+02   9.1203834e+02   9.2489410e+02   9.2905254e+02   9.1493228e+02   9.3193113e+02   9.1253157e+02   9.0900318e+02   9.1182256e+02   9.1336337e+02
   9.0000000e+02   9.0000000e+02   9.0000000e+02   9.0000000e+02   9.0000000e+02   9.0000000e+02   9.0000000e+02   9.0000000e+02   9.0000000e+02   9.0000000e+02   9.0000000e+02   9.0000000e+02   9.0000000e+02   9.0000000e+02   9.0000000e+02   9.0000000e+02   9.0000000e+02   9.0000000e+02   9.0000000e+02   9.0000000e+02   9.0000000e+02   9.0000000e+02   9.0000000e+02   9.0000000e+02   9.0000000e+02   9.0000000e+02   9.0000000e+02   9.0000000e+02   9.0000000e+02   9.0000561e+02
