   2.7767259e+03   2.5445537e+03   2.4006745e+03   2.6929252e+03   2.5045004e+03   2.8225850e+03   2.5413858e+03   2.5178259e+03   2.7192006e+03   2.7145752e+03   2.6352478e+03   2.5679901e+03   2.8603657e+03   2.8393208e+03   2.6477986e+03   2.4858398e+03   2.8920257e+03   2.6425442e+03   2.7851617e+03   2.9022668e+03   2.5553655e+03   2.6703958e+03   2.3456251e+03   2.8630243e+03   2.5376187e+03   2.4912625e+03   2.3432988e+03   2.7160016e+03   2.7362224e+03   2.5071843e+03
   2.7767259e+03   2.5445537e+03   2.4006745e+03   2.6929252e+03   2.5045004e+03   2.8225850e+03   2.5413858e+03   2.5178259e+03   2.7192006e+03   2.7145752e+03   2.6352478e+03   2.5679901e+03   2.8603657e+03   2.8393208e+03   2.6477986e+03   2.4858398e+03   2.8920257e+03   2.6425442e+03   2.7851617e+03   2.9022668e+03   2.5553655e+03   2.6703958e+03   2.3456251e+03   2.8630243e+03   2.5376187e+03   2.4912625e+03   2.3432988e+03   2.7160016e+03   2.7362224e+03   2.5071843e+03
   2.7767259e+03   2.5445537e+03   2.4006745e+03   2.6929252e+03   2.5045004e+03   2.8225850e+03   2.5413858e+03   2.5178259e+03   2.7192006e+03   2.7145752e+03   2.6352478e+03   2.5679901e+03   2.8603657e+03   2.8393208e+03   2.6477986e+03   2.4858398e+03   2.8920257e+03   2.6425442e+03   2.7851617e+03   2.9022668e+03   2.5553655e+03   2.6703958e+03   2.3456251e+03   2.8630243e+03   2.5376187e+03   2.4912625e+03   2.3432988e+03   2.7160016e+03   2.7362224e+03   2.5071843e+03
   2.7767259e+03   2.5445537e+03   2.4006745e+03   2.6929252e+03   2.5045004e+03   2.8225850e+03   2.5413858e+03   2.5178259e+03   2.7192006e+03   2.7145752e+03   2.6352478e+03   2.5679901e+03   2.8603657e+03   2.8393208e+03   2.6477986e+03   2.4858398e+03   2.8920257e+03   2.6425442e+03   2.7851617e+03   2.9022668e+03   2.5553655e+03   2.6703958e+03   2.3456251e+03   2.8630243e+03   2.5376187e+03   2.4912625e+03   2.3432988e+03   2.7160016e+03   2.7362224e+03   2.5071843e+03
   2.7767259e+03   2.5445537e+03   2.4006745e+03   2.6929252e+03   2.5045004e+03   2.8225850e+03   2.5413858e+03   2.5178259e+03   2.7192006e+03   2.7145752e+03   2.6352478e+03   2.5679901e+03   2.8603657e+03   2.8393208e+03   2.6477986e+03   2.4858398e+03   2.8920257e+03   2.6425442e+03   2.7851617e+03   2.9022668e+03   2.5553655e+03   2.6703958e+03   2.3456251e+03   2.8630243e+03   2.5376187e+03   2.4912625e+03   2.3432988e+03   2.7160016e+03   2.7362224e+03   2.5071843e+03
   2.7767259e+03   2.5445537e+03   2.4006745e+03   2.6929252e+03   2.5045004e+03   2.6102229e+03   2.5413858e+03   2.5178259e+03   2.7192006e+03   2.7145752e+03   2.6262234e+03   2.5679901e+03   2.8128675e+03   2.8393208e+03   2.6477986e+03   2.4858398e+03   2.8920257e+03   2.6425442e+03   2.7234997e+03   2.9017384e+03   2.5553655e+03   2.6703958e+03   2.3437988e+03   2.8571801e+03   2.5376187e+03   2.4910845e+03   2.3432988e+03   2.7117064e+03   2.7362224e+03   2.5071843e+03
   2.7767259e+03   2.5445537e+03   2.4006745e+03   2.6929252e+03   2.5045004e+03   2.6102229e+03   2.5413858e+03   2.5178259e+03   2.7192006e+03   2.7145752e+03   2.6262234e+03   2.5679901e+03   2.8128675e+03   2.8393208e+03   2.6477986e+03   2.4858398e+03   2.8920257e+03   2.6425442e+03   2.7234997e+03   2.9017384e+03   2.5553655e+03   2.6703958e+03   2.3437988e+03   2.8571801e+03   2.5376187e+03   2.4910845e+03   2.3432988e+03   2.7117064e+03   2.7362224e+03   2.5071843e+03
   2.5447169e+03   2.5445537e+03   2.4006745e+03   2.6589023e+03   2.5045004e+03   2.6102229e+03   2.5413858e+03   2.5178259e+03   2.5552484e+03   2.7145752e+03   2.5730084e+03   2.5679429e+03   2.8107608e+03   2.4848828e+03   2.5830641e+03   2.4766016e+03   2.3047248e+03   2.6020137e+03   2.4714611e+03   2.8290918e+03   2.5553655e+03   2.5299399e+03   2.3437988e+03   2.3811008e+03   2.5324597e+03   2.4910845e+03   2.3424234e+03   2.6383715e+03   2.6540956e+03   2.4648917e+03
   2.5275925e+03   2.3459726e+03   2.3796036e+03   2.5706274e+03   2.4534108e+03   2.6102229e+03   2.5125930e+03   2.5178259e+03   2.5552282e+03   2.3367780e+03   2.5687770e+03   2.3521256e+03   2.3655430e+03   2.4772303e+03   2.3898212e+03   2.4756671e+03   2.3021448e+03   2.5256162e+03   2.4573629e+03   2.6214232e+03   2.5553655e+03   2.5288049e+03   2.3394628e+03   2.3799963e+03   2.5234741e+03   2.2482273e+03   2.3424234e+03   2.6383715e+03   2.6196306e+03   2.3603832e+03
   2.5268326e+03   2.3453890e+03   2.3796036e+03   2.4314950e+03   2.3077722e+03   2.5749802e+03   2.4100341e+03   2.3436608e+03   2.5523162e+03   2.3362537e+03   2.4360751e+03   2.3508643e+03   2.3587732e+03   2.3808341e+03   2.3854732e+03   2.4396150e+03   2.3001793e+03   2.4653044e+03   2.3902180e+03   2.3016682e+03   2.3943110e+03   2.4304114e+03   2.3386815e+03   2.3743579e+03   2.5110894e+03   2.2465041e+03   2.3301043e+03   2.6253012e+03   2.2898131e+03   2.3537408e+03
   2.3450866e+03   2.3234456e+03   2.3774113e+03   2.2797793e+03   2.2709781e+03   2.3254550e+03   2.2872950e+03   2.3377453e+03   2.2819446e+03   2.3239884e+03   2.2668962e+03   2.3506850e+03   2.2616464e+03   2.2834855e+03   2.3797962e+03   2.3076611e+03   2.2804698e+03   2.2998474e+03   2.3243130e+03   2.2715969e+03   2.3420421e+03   2.3728296e+03   2.3205514e+03   2.3643358e+03   2.2598948e+03   2.2415830e+03   2.2462811e+03   2.2890203e+03   2.2660535e+03   2.3511536e+03
   2.2481977e+03   2.2945992e+03   2.3574511e+03   2.2585886e+03   2.2608130e+03   2.2620438e+03   2.2591172e+03   2.2689544e+03   2.2694494e+03   2.2823339e+03   2.2634900e+03   2.2931757e+03   2.2472768e+03   2.2735921e+03   2.2522762e+03   2.2409825e+03   2.2680382e+03   2.2486854e+03   2.2468691e+03   2.2635711e+03   2.2635450e+03   2.2681096e+03   2.2743716e+03   2.2661872e+03   2.2598948e+03   2.2407073e+03   2.2410716e+03   2.2401552e+03   2.2435133e+03   2.2688292e+03
   2.2461777e+03   2.2345837e+03   2.2492496e+03   2.2388099e+03   2.2332659e+03   2.2373903e+03   2.2336234e+03   2.2359488e+03   2.2433260e+03   2.2314346e+03   2.2453169e+03   2.2347381e+03   2.2372581e+03   2.2452478e+03   2.2386824e+03   2.2386981e+03   2.2514685e+03   2.2365694e+03   2.2375271e+03   2.2422343e+03   2.2422389e+03   2.2348971e+03   2.2468136e+03   2.2345463e+03   2.2349701e+03   2.2349667e+03   2.2333612e+03   2.2306437e+03   2.2318370e+03   2.2411802e+03
   2.2321871e+03   2.2279003e+03   2.2293298e+03   2.2302875e+03   2.2304539e+03   2.2298706e+03   2.2284510e+03   2.2305087e+03   2.2292912e+03   2.2266184e+03   2.2292201e+03   2.2265008e+03   2.2290464e+03   2.2300356e+03   2.2269673e+03   2.2314243e+03   2.2291570e+03   2.2295312e+03   2.2276251e+03   2.2304608e+03   2.2290151e+03   2.2289891e+03   2.2304066e+03   2.2305808e+03   2.2284461e+03   2.2267052e+03   2.2290549e+03   2.2269260e+03   2.2268588e+03   2.2287961e+03
   2.2243410e+03   2.2258484e+03   2.2250181e+03   2.2264162e+03   2.2256852e+03   2.2258176e+03   2.2246169e+03   2.2237912e+03   2.2250628e+03   2.2252351e+03   2.2233117e+03   2.2235355e+03   2.2243208e+03   2.2247655e+03   2.2254592e+03   2.2247735e+03   2.2252864e+03   2.2249421e+03   2.2253649e+03   2.2258788e+03   2.2251573e+03   2.2251123e+03   2.2253511e+03   2.2252477e+03   2.2253378e+03   2.2250185e+03   2.2258415e+03   2.2247344e+03   2.2249126e+03   2.2246703e+03
   2.2184909e+03   2.2199880e+03   2.2210486e+03   2.2212461e+03   2.2214010e+03   2.2214968e+03   2.2215627e+03   2.2215786e+03   2.2215859e+03   2.2216109e+03   2.2216237e+03   2.2216404e+03   2.2216520e+03   2.2216939e+03   2.2217409e+03   2.2217540e+03   2.2218763e+03   2.2218798e+03   2.2218829e+03   2.2218997e+03   2.2219198e+03   2.2219374e+03   2.2219738e+03   2.2219907e+03   2.2220088e+03   2.2220137e+03   2.2220192e+03   2.2220791e+03   2.2221140e+03   2.2221812e+03
