   2.6699597e+03   2.7917882e+03   2.5742037e+03   2.6534380e+03   2.6667316e+03   2.5624676e+03   2.5357958e+03   2.8731183e+03   2.6908722e+03   2.7083233e+03   2.6104684e+03   2.7924901e+03   2.5977410e+03   2.7365111e+03   2.5374197e+03   2.6530404e+03   2.8378642e+03   2.6361990e+03   2.7541735e+03   2.5567910e+03   2.6197063e+03   2.5668635e+03   2.5687799e+03   2.6828495e+03   2.5716995e+03   2.6485381e+03   2.5552513e+03   2.6250999e+03   2.5553821e+03   2.7266112e+03
   2.6699597e+03   2.7917882e+03   2.5742037e+03   2.6534380e+03   2.6667316e+03   2.5624676e+03   2.5357958e+03   2.8731183e+03   2.6908722e+03   2.7083233e+03   2.6104684e+03   2.7924901e+03   2.5977410e+03   2.7365111e+03   2.5374197e+03   2.6530404e+03   2.8378642e+03   2.6361990e+03   2.7541735e+03   2.5567910e+03   2.6197063e+03   2.5668635e+03   2.5687799e+03   2.6828495e+03   2.5716995e+03   2.6485381e+03   2.5552513e+03   2.6250999e+03   2.5553821e+03   2.7266112e+03
   2.6699597e+03   2.7917882e+03   2.5742037e+03   2.6534380e+03   2.6667316e+03   2.5624676e+03   2.5357958e+03   2.8731183e+03   2.6908722e+03   2.7083233e+03   2.6104684e+03   2.7924901e+03   2.5977410e+03   2.7365111e+03   2.5374197e+03   2.6530404e+03   2.8378642e+03   2.6361990e+03   2.7541735e+03   2.5567910e+03   2.6197063e+03   2.5668635e+03   2.5687799e+03   2.6828495e+03   2.5716995e+03   2.6485381e+03   2.5552513e+03   2.6250999e+03   2.5553821e+03   2.7266112e+03
   2.6699597e+03   2.7917882e+03   2.5742037e+03   2.6534380e+03   2.6667316e+03   2.5381750e+03   2.5357958e+03   2.7393732e+03   2.6894269e+03   2.6028412e+03   2.5984132e+03   2.6574501e+03   2.5974646e+03   2.5986179e+03   2.5196780e+03   2.6530404e+03   2.7644124e+03   2.6323849e+03   2.7541735e+03   2.5531645e+03   2.6197063e+03   2.5548544e+03   2.5621001e+03   2.5948983e+03   2.5696829e+03   2.6003234e+03   2.5552513e+03   2.6091708e+03   2.5553821e+03   2.6641608e+03
   2.6468601e+03   2.7495393e+03   2.5734218e+03   2.5433317e+03   2.6246202e+03   2.5355506e+03   2.5357958e+03   2.7273354e+03   2.5248739e+03   2.6028412e+03   2.5867300e+03   2.5744528e+03   2.5974646e+03   2.5986179e+03   2.5196780e+03   2.5916158e+03   2.7460161e+03   2.6323849e+03   2.7058508e+03   2.5531645e+03   2.5664233e+03   2.5466732e+03   2.5586854e+03   2.5948983e+03   2.5217124e+03   2.6003234e+03   2.5552513e+03   2.5431974e+03   2.5553821e+03   2.6641608e+03
   2.5895844e+03   2.6739822e+03   2.5734218e+03   2.5411286e+03   2.5838973e+03   2.5295777e+03   2.5357958e+03   2.7273354e+03   2.5235957e+03   2.5664964e+03   2.5636579e+03   2.5528069e+03   2.5841687e+03   2.5765537e+03   2.5196780e+03   2.5916158e+03   2.5458311e+03   2.6172814e+03   2.5451233e+03   2.5517936e+03   2.5664233e+03   2.5466732e+03   2.5586854e+03   2.5934111e+03   2.5212710e+03   2.6003234e+03   2.5552513e+03   2.5344250e+03   2.5553821e+03   2.6641608e+03
   2.5895844e+03   2.6047737e+03   2.5714192e+03   2.5341158e+03   2.5838973e+03   2.5295777e+03   2.5357958e+03   2.6683128e+03   2.5235957e+03   2.5664964e+03   2.5544073e+03   2.5493774e+03   2.5463763e+03   2.5149187e+03   2.5158571e+03   2.5891852e+03   2.5458311e+03   2.5867331e+03   2.5241355e+03   2.5457625e+03   2.5664233e+03   2.5290461e+03   2.5586854e+03   2.5527166e+03   2.5130087e+03   2.5371750e+03   2.5407430e+03   2.5336343e+03   2.5553821e+03   2.5744741e+03
   2.5738213e+03   2.5767865e+03   2.5196927e+03   2.5167591e+03   2.5202710e+03   2.5295231e+03   2.5357958e+03   2.5551065e+03   2.5235957e+03   2.5279294e+03   2.5319268e+03   2.5448794e+03   2.5250096e+03   2.5122103e+03   2.5152137e+03   2.5451814e+03   2.5422997e+03   2.5253099e+03   2.5241355e+03   2.5177449e+03   2.5655587e+03   2.5204044e+03   2.5552695e+03   2.5474821e+03   2.5130087e+03   2.5309274e+03   2.5340562e+03   2.5332340e+03   2.5382882e+03   2.5350217e+03
   2.5380745e+03   2.5261319e+03   2.5183088e+03   2.5165922e+03   2.5061609e+03   2.5293442e+03   2.5323823e+03   2.5532924e+03   2.5193530e+03   2.5240888e+03   2.5216609e+03   2.5273296e+03   2.5094900e+03   2.5102861e+03   2.5152137e+03   2.5077627e+03   2.5211117e+03   2.5253099e+03   2.5241355e+03   2.5157258e+03   2.5336492e+03   2.5188094e+03   2.5095061e+03   2.5432812e+03   2.5129444e+03   2.5226313e+03   2.5218898e+03   2.5297756e+03   2.5374585e+03   2.5243017e+03
   2.5261606e+03   2.5121570e+03   2.5151782e+03   2.5165922e+03   2.5042254e+03   2.5135157e+03   2.5168731e+03   2.5142880e+03   2.5138013e+03   2.5156123e+03   2.5213134e+03   2.5127219e+03   2.5079830e+03   2.5081685e+03   2.5114331e+03   2.5057500e+03   2.5151234e+03   2.5250733e+03   2.5035697e+03   2.5101490e+03   2.5198182e+03   2.5160353e+03   2.5093420e+03   2.5193467e+03   2.5099597e+03   2.5169135e+03   2.5179553e+03   2.5114859e+03   2.5176928e+03   2.5117809e+03
   2.5116585e+03   2.5070609e+03   2.5061579e+03   2.5101224e+03   2.5011184e+03   2.5045710e+03   2.5068721e+03   2.5080625e+03   2.5063391e+03   2.5097693e+03   2.5102994e+03   2.5073239e+03   2.5047582e+03   2.5044359e+03   2.5067672e+03   2.5037909e+03   2.5071585e+03   2.5099668e+03   2.5013786e+03   2.5054232e+03   2.5021376e+03   2.5037332e+03   2.5017909e+03   2.5071789e+03   2.5066776e+03   2.5150369e+03   2.5092569e+03   2.5060441e+03   2.5096660e+03   2.5068404e+03
   2.5034101e+03   2.5018829e+03   2.5036346e+03   2.5047885e+03   2.5011184e+03   2.5020075e+03   2.5018714e+03   2.5065858e+03   2.5017181e+03   2.5030076e+03   2.5014712e+03   2.5062154e+03   2.5022605e+03   2.5022718e+03   2.5027790e+03   2.5016557e+03   2.5038109e+03   2.5016136e+03   2.5013786e+03   2.5020400e+03   2.5016904e+03   2.5015811e+03   2.5013886e+03   2.5045534e+03   2.5018242e+03   2.5036861e+03   2.5043596e+03   2.5012934e+03   2.5027329e+03   2.5016177e+03
   2.5013133e+03   2.5011806e+03   2.5009362e+03   2.5009727e+03   2.5006465e+03   2.5010966e+03   2.5012609e+03   2.5014312e+03   2.5012286e+03   2.5011064e+03   2.5010862e+03   2.5007734e+03   2.5009384e+03   2.5014099e+03   2.5011169e+03   2.5008093e+03   2.5015529e+03   2.5010210e+03   2.5009292e+03   2.5011074e+03   2.5008273e+03   2.5010789e+03   2.5010681e+03   2.5015728e+03   2.5010215e+03   2.5010701e+03   2.5015603e+03   2.5008432e+03   2.5013491e+03   2.5006690e+03
   2.4852631e+03   2.5006267e+03   2.4889951e+03   2.4859520e+03   2.5006465e+03   2.4677722e+03   2.5006042e+03   2.5005896e+03   2.5006647e+03   2.4957388e+03   2.5006804e+03   2.5006447e+03   2.5006089e+03   2.4799021e+03   2.5006763e+03   2.5004774e+03   2.5007475e+03   2.5005794e+03   2.5004295e+03   2.5006890e+03   2.5006288e+03   2.5006595e+03   2.5007376e+03   2.5008515e+03   2.5005893e+03   2.5006235e+03   2.5005497e+03   2.5006938e+03   2.5008412e+03   2.5006257e+03
   2.4710495e+03   2.4790592e+03   2.4610469e+03   2.4602346e+03   2.4993737e+03   2.4430004e+03   2.5005823e+03   2.4623532e+03   2.4567817e+03   2.4918883e+03   2.4670795e+03   2.4905615e+03   2.4990840e+03   2.4765631e+03   2.4703467e+03   2.5004703e+03   2.5005061e+03   2.5004669e+03   2.5004295e+03   2.5004797e+03   2.5004482e+03   2.5002803e+03   2.5005200e+03   2.5005790e+03   2.5004918e+03   2.5004181e+03   2.5003797e+03   2.5004514e+03   2.5003677e+03   2.5005409e+03
   2.4036029e+03   2.4038201e+03   2.4038313e+03   2.4054712e+03   2.4072270e+03   2.4078416e+03   2.4084246e+03   2.4117545e+03   2.4122782e+03   2.4132224e+03   2.4151664e+03   2.4161776e+03   2.4166606e+03   2.4204909e+03   2.4208925e+03   2.5002118e+03   2.5002199e+03   2.5002267e+03   2.5002605e+03   2.5002618e+03   2.5002704e+03   2.5002803e+03   2.5002856e+03   2.5003053e+03   2.5003067e+03   2.5003086e+03   2.5003127e+03   2.5003139e+03   2.5003184e+03   2.5003755e+03
