2.699597e+02 3.917882e+02 1.742037e+02 2.534380e+02 2.667316e+02 1.624676e+02 1.357958e+02 4.731183e+02 2.908722e+02 3.083233e+02 2.104684e+02 3.924901e+02 1.977410e+02 3.365111e+02 1.374197e+02 2.530404e+02 4.378642e+02 2.361990e+02 3.541735e+02 1.567910e+02 2.197063e+02 1.668635e+02 1.687799e+02 2.828495e+02 1.716995e+02 2.485381e+02 1.552513e+02 2.250999e+02 1.553821e+02 3.266112e+02 
2.699597e+02 3.917882e+02 1.742037e+02 2.534380e+02 2.667316e+02 1.624676e+02 1.357958e+02 4.731183e+02 2.908722e+02 3.083233e+02 2.104684e+02 3.924901e+02 1.977410e+02 3.365111e+02 1.374197e+02 2.530404e+02 4.378642e+02 2.361990e+02 3.541735e+02 1.567910e+02 2.197063e+02 1.668635e+02 1.687799e+02 2.828495e+02 1.716995e+02 2.485381e+02 1.552513e+02 2.250999e+02 1.553821e+02 3.266112e+02 
2.699597e+02 3.917882e+02 1.742037e+02 2.534380e+02 2.667316e+02 1.624676e+02 1.357958e+02 4.731183e+02 2.908722e+02 3.083233e+02 2.104684e+02 3.924901e+02 1.977410e+02 3.365111e+02 1.374197e+02 2.530404e+02 4.378642e+02 2.361990e+02 3.541735e+02 1.567910e+02 2.197063e+02 1.668635e+02 1.687799e+02 2.828495e+02 1.716995e+02 2.485381e+02 1.552513e+02 2.250999e+02 1.553821e+02 3.266112e+02 
2.699597e+02 3.917882e+02 1.742037e+02 2.534380e+02 2.667316e+02 1.381750e+02 1.357958e+02 3.393732e+02 2.894269e+02 2.028412e+02 1.984132e+02 2.574501e+02 1.974646e+02 1.986179e+02 1.196780e+02 2.530404e+02 3.644124e+02 2.323849e+02 3.541735e+02 1.531645e+02 2.197063e+02 1.548544e+02 1.621001e+02 1.948983e+02 1.696829e+02 2.003234e+02 1.552513e+02 2.091708e+02 1.553821e+02 2.641608e+02 
2.468601e+02 3.495393e+02 1.734218e+02 1.433317e+02 2.246202e+02 1.355506e+02 1.357958e+02 3.273354e+02 1.248739e+02 2.028412e+02 1.867300e+02 1.744528e+02 1.974646e+02 1.986179e+02 1.196780e+02 1.916158e+02 3.460161e+02 2.323849e+02 3.058508e+02 1.531645e+02 1.664233e+02 1.466732e+02 1.586854e+02 1.948983e+02 1.217124e+02 2.003234e+02 1.552513e+02 1.431974e+02 1.553821e+02 2.641608e+02 
1.895844e+02 2.739822e+02 1.734218e+02 1.411286e+02 1.838973e+02 1.295777e+02 1.357958e+02 3.273354e+02 1.235957e+02 1.664964e+02 1.636579e+02 1.528069e+02 1.841687e+02 1.765537e+02 1.196780e+02 1.916158e+02 1.458311e+02 2.172814e+02 1.451233e+02 1.517936e+02 1.664233e+02 1.466732e+02 1.586854e+02 1.934111e+02 1.212710e+02 2.003234e+02 1.552513e+02 1.344250e+02 1.553821e+02 2.641608e+02 
1.895844e+02 2.047737e+02 1.714192e+02 1.341158e+02 1.838973e+02 1.295777e+02 1.357958e+02 2.683128e+02 1.235957e+02 1.664964e+02 1.544073e+02 1.493774e+02 1.463763e+02 1.149187e+02 1.158571e+02 1.891852e+02 1.458311e+02 1.867331e+02 1.241355e+02 1.457625e+02 1.664233e+02 1.290461e+02 1.586854e+02 1.527166e+02 1.130087e+02 1.371750e+02 1.407430e+02 1.336343e+02 1.553821e+02 1.744741e+02 
1.738213e+02 1.767865e+02 1.196927e+02 1.167591e+02 1.202710e+02 1.295231e+02 1.357958e+02 1.551065e+02 1.235957e+02 1.279294e+02 1.319268e+02 1.448794e+02 1.250096e+02 1.122103e+02 1.152137e+02 1.451814e+02 1.422997e+02 1.253099e+02 1.241355e+02 1.177449e+02 1.655587e+02 1.204044e+02 1.552695e+02 1.474821e+02 1.130087e+02 1.309274e+02 1.340562e+02 1.332340e+02 1.382882e+02 1.350217e+02 
1.380745e+02 1.261319e+02 1.183088e+02 1.165922e+02 1.061609e+02 1.293442e+02 1.323823e+02 1.532924e+02 1.193530e+02 1.240888e+02 1.216609e+02 1.273296e+02 1.094900e+02 1.102861e+02 1.152137e+02 1.077627e+02 1.211117e+02 1.253099e+02 1.241355e+02 1.157258e+02 1.336492e+02 1.188094e+02 1.095061e+02 1.432812e+02 1.129444e+02 1.226313e+02 1.218898e+02 1.297756e+02 1.374585e+02 1.243017e+02 
1.261606e+02 1.121570e+02 1.151782e+02 1.165922e+02 1.042254e+02 1.135157e+02 1.168731e+02 1.142880e+02 1.138013e+02 1.156123e+02 1.213134e+02 1.127219e+02 1.079830e+02 1.081685e+02 1.114331e+02 1.057500e+02 1.151234e+02 1.250733e+02 1.035697e+02 1.101490e+02 1.198182e+02 1.160353e+02 1.093420e+02 1.193467e+02 1.099597e+02 1.169135e+02 1.179553e+02 1.114859e+02 1.176928e+02 1.117809e+02 
1.116585e+02 1.070609e+02 1.061579e+02 1.101224e+02 1.011184e+02 1.045710e+02 1.068721e+02 1.080625e+02 1.063391e+02 1.097693e+02 1.102994e+02 1.073239e+02 1.047582e+02 1.044359e+02 1.067672e+02 1.037909e+02 1.071585e+02 1.099668e+02 1.013786e+02 1.054232e+02 1.021376e+02 1.037332e+02 1.017909e+02 1.071789e+02 1.066776e+02 1.150369e+02 1.092569e+02 1.060441e+02 1.096660e+02 1.068404e+02 
1.034101e+02 1.018829e+02 1.036346e+02 1.047885e+02 1.011184e+02 1.020075e+02 1.018714e+02 1.065858e+02 1.017181e+02 1.030076e+02 1.014712e+02 1.062154e+02 1.022605e+02 1.022718e+02 1.027790e+02 1.016557e+02 1.038109e+02 1.016136e+02 1.013786e+02 1.020400e+02 1.016904e+02 1.015811e+02 1.013886e+02 1.045534e+02 1.018242e+02 1.036861e+02 1.043596e+02 1.012934e+02 1.027329e+02 1.016177e+02 
1.013133e+02 1.011806e+02 1.009362e+02 1.009727e+02 1.006465e+02 1.010966e+02 1.012609e+02 1.014312e+02 1.012286e+02 1.011064e+02 1.010862e+02 1.007734e+02 1.009384e+02 1.014099e+02 1.011169e+02 1.008093e+02 1.015529e+02 1.010210e+02 1.009292e+02 1.011074e+02 1.008273e+02 1.010789e+02 1.010681e+02 1.015728e+02 1.010215e+02 1.010701e+02 1.015603e+02 1.008432e+02 1.013491e+02 1.006690e+02 
8.526310e+01 1.006267e+02 8.899510e+01 8.595200e+01 1.006465e+02 6.777220e+01 1.006042e+02 1.005896e+02 1.006647e+02 9.573880e+01 1.006804e+02 1.006447e+02 1.006089e+02 7.990210e+01 1.006763e+02 1.004774e+02 1.007475e+02 1.005794e+02 1.004295e+02 1.006890e+02 1.006288e+02 1.006595e+02 1.007376e+02 1.008515e+02 1.005893e+02 1.006235e+02 1.005497e+02 1.006938e+02 1.008412e+02 1.006257e+02 
7.104950e+01 7.905920e+01 6.104690e+01 6.023460e+01 9.937370e+01 4.300040e+01 1.005823e+02 6.235320e+01 5.678170e+01 9.188830e+01 6.707950e+01 9.056150e+01 9.908400e+01 7.656310e+01 7.034670e+01 1.004703e+02 1.005061e+02 1.004669e+02 1.004295e+02 1.004797e+02 1.004482e+02 1.002803e+02 1.005200e+02 1.005790e+02 1.004918e+02 1.004181e+02 1.003797e+02 1.004514e+02 1.003677e+02 1.005409e+02 
3.602900e+00 3.820100e+00 3.831300e+00 5.471200e+00 7.227000e+00 7.841600e+00 8.424600e+00 1.175450e+01 1.227820e+01 1.322240e+01 1.516640e+01 1.617760e+01 1.666060e+01 2.049090e+01 2.089250e+01 1.002118e+02 1.002199e+02 1.002267e+02 1.002605e+02 1.002618e+02 1.002704e+02 1.002803e+02 1.002856e+02 1.003053e+02 1.003067e+02 1.003086e+02 1.003127e+02 1.003139e+02 1.003184e+02 1.003755e+02 
0.000000e+00 0.000000e+00 0.000000e+00 0.000000e+00 0.000000e+00 0.000000e+00 0.000000e+00 0.000000e+00 0.000000e+00 0.000000e+00 0.000000e+00 0.000000e+00 0.000000e+00 0.000000e+00 0.000000e+00 0.000000e+00 0.000000e+00 0.000000e+00 0.000000e+00 0.000000e+00 0.000000e+00 0.000000e+00 0.000000e+00 0.000000e+00 0.000000e+00 0.000000e+00 0.000000e+00 0.000000e+00 0.000000e+00 0.000000e+00 