6.291474e+08 3.308536e+08 2.498292e+08 2.441136e+08 1.858131e+08 3.070146e+08 3.355790e+08 1.567986e+08 3.851115e+08 1.801307e+08 1.146283e+08 4.928610e+08 8.952435e+07 1.119490e+08 1.660976e+08 1.304325e+08 1.656696e+08 1.324798e+08 3.622842e+08 1.671097e+08 6.780030e+08 5.733079e+07 3.673300e+08 2.443335e+08 9.663506e+07 2.524702e+08 7.257005e+07 3.372075e+08 1.510914e+08 1.852816e+08 
6.291474e+08 3.308536e+08 2.498292e+08 2.441136e+08 1.858131e+08 3.070146e+08 3.355790e+08 1.567986e+08 3.851115e+08 1.801307e+08 1.146283e+08 4.928610e+08 8.952435e+07 1.119490e+08 1.660976e+08 1.304325e+08 1.656696e+08 1.324798e+08 3.622842e+08 1.671097e+08 6.780030e+08 5.733079e+07 3.673300e+08 2.443335e+08 9.663506e+07 2.524702e+08 7.257005e+07 3.372075e+08 1.510914e+08 1.852816e+08 
6.291474e+08 3.308536e+08 2.498292e+08 2.441136e+08 1.858131e+08 3.070146e+08 3.355790e+08 1.567986e+08 3.851115e+08 1.801307e+08 1.146283e+08 4.928610e+08 8.952435e+07 1.119490e+08 1.660976e+08 1.304325e+08 1.656696e+08 1.324798e+08 3.622842e+08 1.671097e+08 6.780030e+08 5.733079e+07 3.673300e+08 2.443335e+08 9.663506e+07 2.524702e+08 7.257005e+07 3.372075e+08 1.510914e+08 1.852816e+08 
1.778049e+08 3.308536e+08 2.498292e+08 2.441136e+08 1.858131e+08 3.070146e+08 2.418883e+08 1.567986e+08 3.851115e+08 1.235096e+08 1.146283e+08 2.653994e+08 8.952435e+07 1.119490e+08 1.660976e+08 1.304325e+08 1.656696e+08 1.324798e+08 3.577265e+08 1.610060e+08 5.967899e+08 5.733079e+07 1.417329e+08 2.443335e+08 9.663506e+07 1.445048e+08 7.161523e+07 3.372075e+08 1.510914e+08 1.852816e+08 
1.538234e+08 1.857961e+08 2.498291e+08 2.319334e+08 1.022148e+08 3.070146e+08 2.412737e+08 1.567986e+08 3.648664e+08 3.393610e+07 1.146283e+08 2.653994e+08 8.952435e+07 1.119490e+08 1.660976e+08 1.304324e+08 1.533255e+08 9.438975e+07 3.577265e+08 1.509726e+08 5.967899e+08 5.733079e+07 1.198283e+08 1.811876e+08 9.663506e+07 1.445048e+08 7.161523e+07 8.598190e+07 1.510914e+08 1.852816e+08 
1.538234e+08 1.477781e+08 2.498291e+08 2.318893e+08 1.022148e+08 2.421737e+08 2.412737e+08 9.967896e+07 3.648664e+08 3.393605e+07 1.146283e+08 9.848698e+07 8.952435e+07 2.200115e+07 1.660976e+08 1.304324e+08 1.533255e+08 9.438975e+07 3.577265e+08 1.509725e+08 5.511693e+08 5.733079e+07 1.198283e+08 1.811876e+08 8.584429e+07 1.445048e+08 7.161523e+07 8.598190e+07 1.510914e+08 5.555978e+07 
1.487426e+08 6.823574e+07 2.498291e+08 2.230055e+08 3.187107e+07 1.300011e+08 2.390528e+08 5.132819e+07 1.392899e+08 3.306449e+07 1.146282e+08 9.848698e+07 5.907199e+07 2.200113e+07 1.660976e+08 1.254227e+08 1.533255e+08 9.034721e+07 2.092695e+08 1.509725e+08 5.181443e+08 5.003453e+07 1.198283e+08 1.184137e+08 8.584429e+07 1.445048e+08 7.161519e+07 5.920690e+07 1.021776e+08 5.113912e+07 
8.693023e+07 1.684295e+07 4.175792e+07 1.294165e+08 3.187107e+07 9.853832e+07 1.011438e+08 5.132818e+07 1.110403e+08 3.306449e+07 1.936805e+06 6.985144e+07 5.907199e+07 2.200111e+07 6.144337e+07 7.758508e+06 1.516610e+08 9.034721e+07 1.421108e+08 4.179766e+07 3.377511e+07 3.710726e+07 7.039330e+07 5.316792e+07 7.358283e+07 6.869647e+07 7.161519e+07 1.320137e+07 9.974666e+07 5.113906e+07 
8.311125e+07 7.124815e+06 3.082642e+07 1.243812e+07 3.187107e+07 7.034327e+07 1.474833e+07 2.873857e+07 4.560908e+07 6.937804e+06 6.153116e+05 6.985144e+07 3.897648e+06 2.200111e+07 4.428643e+07 7.758482e+06 5.655099e+07 5.475944e+06 2.934677e+07 1.187274e+07 3.377511e+07 7.008632e+06 1.828597e+07 1.122034e+07 6.698579e+07 6.210767e+06 2.712809e+07 1.320137e+07 3.390052e+06 2.526721e+07 
2.921630e+06 5.895860e+06 5.743749e+06 1.243809e+07 9.447830e+06 1.374206e+07 4.809072e+06 5.468972e+06 8.526267e+06 6.937782e+06 6.037549e+05 5.122186e+06 3.897624e+06 1.238149e+06 9.734725e+06 6.283628e+06 6.174540e+06 4.693771e+06 2.588939e+06 2.665575e+06 2.309362e+07 3.251378e+06 1.364676e+07 1.017895e+07 9.714198e+06 5.815845e+06 2.403744e+06 2.325134e+06 3.390010e+06 1.841121e+07 
6.826649e+05 1.945383e+06 1.275047e+06 3.072863e+06 7.491858e+05 2.355279e+06 2.246715e+06 1.919046e+06 2.974613e+06 6.879996e+05 1.753649e+05 1.368975e+06 1.701132e+06 3.230647e+05 1.645124e+06 3.932505e+05 8.211598e+05 1.085849e+06 9.365710e+05 8.274054e+05 7.188418e+06 1.666920e+06 1.420117e+06 3.863674e+06 1.370865e+06 1.187578e+06 2.296250e+06 1.265780e+06 4.525618e+05 2.657645e+06 
5.422992e+04 1.850997e+04 3.034405e+05 3.451745e+04 7.514802e+04 4.002466e+05 1.745379e+05 6.305917e+04 1.680086e+04 2.020704e+05 1.753649e+05 1.250514e+05 1.562434e+05 3.230141e+05 2.476344e+05 2.161479e+05 2.152771e+04 3.726885e+05 2.254086e+05 1.506334e+05 1.577337e+05 1.858728e+05 4.342606e+03 3.125170e+04 3.804681e+05 3.188412e+05 1.575600e+05 1.916504e+05 1.854149e+05 3.719293e+05 
3.672079e+04 1.223943e+04 2.837261e+04 1.861778e+04 1.390291e+04 1.391902e+04 1.419889e+04 2.495478e+04 8.090477e+03 2.628249e+04 2.485804e+04 1.721897e+04 1.672093e+04 1.327988e+04 2.276639e+04 1.812350e+04 1.546360e+04 5.307461e+04 3.852893e+04 2.428597e+04 3.323523e+04 1.388698e+04 4.322927e+03 2.708410e+04 1.294227e+04 1.393187e+04 3.188056e+03 3.104008e+04 2.016767e+04 7.415735e+03 
7.724931e+03 2.539024e+03 6.643654e+03 1.442097e+03 1.661969e+03 1.554941e+03 3.254977e+03 3.539776e+03 5.883329e+03 4.571396e+02 2.643273e+03 2.146255e+03 3.339511e+03 4.353924e+03 2.980972e+03 2.555093e+03 1.801156e+03 1.784633e+03 3.723886e+03 2.039245e+03 2.244632e+03 1.901361e+03 3.134584e+03 1.932026e+03 2.240360e+03 2.442587e+03 1.224147e+03 1.799901e+03 1.057706e+03 2.605542e+03 
2.129125e+02 3.197341e+02 4.255289e+02 5.710262e+02 2.107361e+02 1.094094e+02 4.664012e+02 3.414571e+02 3.717411e+02 3.411512e+02 2.029473e+02 2.982645e+02 9.702692e+02 2.971608e+02 3.492312e+02 9.007540e+01 3.245850e+02 1.881493e+02 3.530697e+02 1.382949e+02 1.459976e+03 8.002681e+02 2.332820e+02 2.123924e+02 2.843772e+02 4.045843e+02 2.516367e+02 2.492316e+02 6.268920e+02 2.939135e+02 
1.324000e-01 1.701000e-01 1.802000e-01 1.992000e-01 2.091000e-01 2.126000e-01 2.388000e-01 2.389000e-01 2.432000e-01 2.517000e-01 2.572000e-01 2.803000e-01 2.841000e-01 2.939000e-01 3.189000e-01 3.303000e-01 3.482000e-01 3.633000e-01 4.046000e-01 4.342000e-01 4.473000e-01 4.594000e-01 4.631000e-01 4.696000e-01 4.707000e-01 4.726000e-01 4.850000e-01 4.870000e-01 4.972000e-01 5.679000e-01 
0.000000e+00 0.000000e+00 0.000000e+00 0.000000e+00 0.000000e+00 0.000000e+00 0.000000e+00 0.000000e+00 0.000000e+00 0.000000e+00 0.000000e+00 0.000000e+00 0.000000e+00 0.000000e+00 0.000000e+00 0.000000e+00 0.000000e+00 0.000000e+00 0.000000e+00 0.000000e+00 0.000000e+00 0.000000e+00 0.000000e+00 0.000000e+00 0.000000e+00 0.000000e+00 0.000000e+00 0.000000e+00 0.000000e+00 0.000000e+00 