3.405240e+02 2.876115e+02 2.182256e+02 3.298069e+02 2.881523e+02 2.891461e+02 2.791681e+02 3.382264e+02 2.737364e+02 3.449382e+02 2.904012e+02 2.770786e+02 4.057080e+02 3.126443e+02 3.194718e+02 3.535546e+02 2.621041e+02 3.622066e+02 2.436340e+02 2.554133e+02 3.192284e+02 3.256726e+02 3.019127e+02 3.474647e+02 3.704411e+02 3.411646e+02 2.747511e+02 3.374449e+02 2.919172e+02 2.346999e+02 
3.405240e+02 2.876115e+02 2.182256e+02 3.298069e+02 2.881523e+02 2.891461e+02 2.791681e+02 3.382264e+02 2.737364e+02 3.449382e+02 2.904012e+02 2.770786e+02 4.057080e+02 3.126443e+02 3.194718e+02 3.535546e+02 2.621041e+02 3.622066e+02 2.436340e+02 2.554133e+02 3.192284e+02 3.256726e+02 3.019127e+02 3.474647e+02 3.704411e+02 3.411646e+02 2.747511e+02 3.374449e+02 2.919172e+02 2.346999e+02 
3.405240e+02 2.876115e+02 2.182256e+02 3.298069e+02 2.881523e+02 2.891461e+02 2.791681e+02 3.382264e+02 2.737364e+02 3.449382e+02 2.904012e+02 2.770786e+02 4.057080e+02 3.126443e+02 3.194718e+02 3.535546e+02 2.621041e+02 3.622066e+02 2.436340e+02 2.554133e+02 3.192284e+02 3.256726e+02 3.019127e+02 3.474647e+02 3.704411e+02 3.411646e+02 2.747511e+02 3.374449e+02 2.919172e+02 2.346999e+02 
3.404825e+02 2.876115e+02 2.182256e+02 2.933154e+02 2.669829e+02 2.760153e+02 2.791681e+02 2.894768e+02 2.737364e+02 3.152418e+02 2.840081e+02 2.770786e+02 3.194165e+02 3.126443e+02 3.194718e+02 3.535546e+02 2.621041e+02 3.297448e+02 2.234784e+02 2.497450e+02 3.074502e+02 3.256726e+02 3.019127e+02 3.474647e+02 3.704411e+02 3.411646e+02 2.747511e+02 2.959821e+02 2.919172e+02 2.346999e+02 
3.399982e+02 2.876115e+02 2.182256e+02 2.933154e+02 2.669829e+02 2.679872e+02 2.791681e+02 2.894768e+02 2.508773e+02 2.981867e+02 2.770158e+02 2.443770e+02 2.463495e+02 2.807291e+02 3.142820e+02 3.274018e+02 2.613976e+02 3.003297e+02 2.234784e+02 2.497450e+02 3.074502e+02 3.256726e+02 3.019127e+02 3.474647e+02 3.704411e+02 2.748444e+02 2.747511e+02 2.959821e+02 2.919172e+02 2.346999e+02 
3.262766e+02 2.876115e+02 2.182256e+02 2.933154e+02 2.669829e+02 2.679872e+02 2.791681e+02 2.803273e+02 2.508773e+02 2.981867e+02 2.770158e+02 2.443770e+02 2.463495e+02 2.807291e+02 3.142820e+02 3.274018e+02 2.613976e+02 3.003297e+02 2.234784e+02 2.497450e+02 3.074502e+02 3.107507e+02 3.019127e+02 3.451634e+02 2.896008e+02 2.748444e+02 2.747511e+02 2.879887e+02 2.919172e+02 2.294597e+02 
3.147858e+02 2.825140e+02 2.182256e+02 2.919636e+02 2.669829e+02 2.679872e+02 2.769363e+02 2.311648e+02 2.383215e+02 2.897625e+02 2.093599e+02 2.332929e+02 2.463495e+02 2.460038e+02 2.762815e+02 3.015755e+02 2.613976e+02 2.766632e+02 2.234784e+02 2.450962e+02 2.975542e+02 2.923487e+02 3.019127e+02 3.245963e+02 2.896008e+02 2.418455e+02 2.566068e+02 2.879887e+02 2.836782e+02 2.294597e+02 
2.502027e+02 2.825140e+02 2.182256e+02 2.772585e+02 2.598698e+02 2.679872e+02 2.742554e+02 2.132337e+02 2.303462e+02 2.651034e+02 2.093599e+02 2.332929e+02 2.463495e+02 2.460038e+02 2.745711e+02 2.670333e+02 2.525730e+02 2.704179e+02 2.212079e+02 2.374320e+02 2.586688e+02 2.403265e+02 2.382055e+02 2.994648e+02 2.896008e+02 2.288587e+02 2.566068e+02 2.875743e+02 2.789902e+02 2.294597e+02 
2.334287e+02 2.710138e+02 1.994084e+02 2.697238e+02 2.215858e+02 2.554147e+02 2.243868e+02 2.101710e+02 2.250976e+02 2.523616e+02 2.068790e+02 2.252044e+02 2.348643e+02 2.103985e+02 2.431215e+02 2.164715e+02 2.507319e+02 2.452544e+02 2.202266e+02 2.129852e+02 2.497672e+02 2.201345e+02 2.382055e+02 2.419224e+02 2.633419e+02 2.266235e+02 2.566068e+02 2.326500e+02 2.657969e+02 2.294597e+02 
2.261787e+02 2.236653e+02 1.867052e+02 2.598126e+02 2.142270e+02 2.270313e+02 2.180493e+02 2.043442e+02 2.177791e+02 2.260651e+02 1.999123e+02 2.097297e+02 2.348643e+02 2.031212e+02 2.394622e+02 1.959906e+02 2.377847e+02 2.350116e+02 2.065851e+02 2.096798e+02 2.115961e+02 2.031860e+02 2.272404e+02 2.251041e+02 2.463974e+02 2.057015e+02 2.307814e+02 2.317392e+02 2.352732e+02 2.274263e+02 
1.992518e+02 1.875895e+02 1.833575e+02 2.106066e+02 2.017339e+02 1.999009e+02 2.040531e+02 1.979509e+02 1.985773e+02 1.956923e+02 1.961151e+02 1.989840e+02 2.129446e+02 1.964040e+02 1.952733e+02 1.948817e+02 2.148938e+02 2.041200e+02 1.986630e+02 1.897231e+02 2.026572e+02 1.977415e+02 2.022681e+02 1.911180e+02 2.214071e+02 1.917902e+02 2.018086e+02 2.141428e+02 2.048364e+02 2.009431e+02 
1.858865e+02 1.804208e+02 1.797579e+02 1.956105e+02 1.874029e+02 1.792819e+02 1.866252e+02 1.877160e+02 1.765845e+02 1.785769e+02 1.799473e+02 1.917162e+02 1.946391e+02 1.872418e+02 1.834739e+02 1.849920e+02 1.806968e+02 1.966516e+02 1.854967e+02 1.800497e+02 1.832380e+02 1.821059e+02 1.817400e+02 1.857555e+02 1.964841e+02 1.877569e+02 1.896619e+02 1.861474e+02 1.797510e+02 1.866931e+02 
1.746689e+02 1.765746e+02 1.712623e+02 1.772091e+02 1.754870e+02 1.719715e+02 1.736142e+02 1.751743e+02 1.763077e+02 1.683380e+02 1.738488e+02 1.749970e+02 1.768814e+02 1.731759e+02 1.726467e+02 1.759842e+02 1.711389e+02 1.782207e+02 1.745703e+02 1.746481e+02 1.737524e+02 1.723809e+02 1.757738e+02 1.730549e+02 1.748303e+02 1.787430e+02 1.724586e+02 1.757369e+02 1.750122e+02 1.726012e+02 
1.672803e+02 1.705833e+02 1.676512e+02 1.677034e+02 1.701271e+02 1.691381e+02 1.691302e+02 1.689692e+02 1.695724e+02 1.673025e+02 1.684962e+02 1.693538e+02 1.697567e+02 1.686515e+02 1.677586e+02 1.681337e+02 1.689398e+02 1.687245e+02 1.686357e+02 1.674686e+02 1.682205e+02 1.673738e+02 1.688080e+02 1.684383e+02 1.684442e+02 1.706452e+02 1.702498e+02 1.704085e+02 1.659010e+02 1.701331e+02 
1.651800e+02 1.666062e+02 1.658157e+02 1.657527e+02 1.666395e+02 1.660176e+02 1.654307e+02 1.655246e+02 1.659195e+02 1.654197e+02 1.664757e+02 1.664912e+02 1.665629e+02 1.662178e+02 1.654107e+02 1.662581e+02 1.661490e+02 1.658992e+02 1.647710e+02 1.654283e+02 1.669767e+02 1.665033e+02 1.662379e+02 1.661469e+02 1.635028e+02 1.666056e+02 1.674165e+02 1.660956e+02 1.652172e+02 1.659832e+02 
1.586913e+02 1.593995e+02 1.594241e+02 1.594665e+02 1.614066e+02 1.614111e+02 1.614414e+02 1.615878e+02 1.621572e+02 1.625720e+02 1.626282e+02 1.626289e+02 1.626295e+02 1.626307e+02 1.626388e+02 1.626510e+02 1.627004e+02 1.627005e+02 1.627014e+02 1.627037e+02 1.627368e+02 1.627959e+02 1.628402e+02 1.628470e+02 1.629112e+02 1.630616e+02 1.632067e+02 1.632401e+02 1.634800e+02 1.635376e+02 
0.000000e+00 0.000000e+00 0.000000e+00 0.000000e+00 0.000000e+00 0.000000e+00 0.000000e+00 0.000000e+00 0.000000e+00 0.000000e+00 0.000000e+00 0.000000e+00 0.000000e+00 0.000000e+00 0.000000e+00 0.000000e+00 0.000000e+00 0.000000e+00 0.000000e+00 0.000000e+00 0.000000e+00 0.000000e+00 0.000000e+00 0.000000e+00 0.000000e+00 0.000000e+00 0.000000e+00 0.000000e+00 0.000000e+00 0.000000e+00 