   3.4908208e+03   3.6452357e+03   3.6768227e+03   3.3579550e+03   3.5584495e+03   3.7935850e+03   3.6781433e+03   3.5956802e+03   3.8005607e+03   3.6415471e+03   3.7472235e+03   3.7439806e+03   3.6995977e+03   3.8385788e+03   3.7605133e+03   3.4681441e+03   3.7561455e+03   3.6971974e+03   3.7754040e+03   3.5713154e+03   3.5548870e+03   3.7267915e+03   3.3951580e+03   3.7031097e+03   3.6072885e+03   3.6146639e+03   3.8087192e+03   3.6858433e+03   3.4778383e+03   3.5434655e+03
   3.4908208e+03   3.6452357e+03   3.6768227e+03   3.3579550e+03   3.5584495e+03   3.7935850e+03   3.6781433e+03   3.5956802e+03   3.8005607e+03   3.6415471e+03   3.7472235e+03   3.7439806e+03   3.6995977e+03   3.8385788e+03   3.7605133e+03   3.4681441e+03   3.7561455e+03   3.6971974e+03   3.7754040e+03   3.5713154e+03   3.5548870e+03   3.7267915e+03   3.3951580e+03   3.7031097e+03   3.6072885e+03   3.6146639e+03   3.8087192e+03   3.6858433e+03   3.4778383e+03   3.5434655e+03
   3.4908208e+03   3.6452357e+03   3.6768227e+03   3.3579550e+03   3.5584495e+03   3.7935850e+03   3.6781433e+03   3.5956802e+03   3.8005607e+03   3.6415471e+03   3.7472235e+03   3.7439806e+03   3.6995977e+03   3.8385788e+03   3.7605133e+03   3.4681441e+03   3.7561455e+03   3.6971974e+03   3.7754040e+03   3.5713154e+03   3.5548870e+03   3.7267915e+03   3.3951580e+03   3.7031097e+03   3.6072885e+03   3.6146639e+03   3.8087192e+03   3.6858433e+03   3.4778383e+03   3.5434655e+03
   3.4908208e+03   3.6452357e+03   3.6768227e+03   3.3579550e+03   3.5584495e+03   3.7935850e+03   3.6781433e+03   3.5956802e+03   3.8005607e+03   3.6415471e+03   3.7472235e+03   3.7439806e+03   3.6995977e+03   3.8385788e+03   3.7605133e+03   3.4681441e+03   3.7561455e+03   3.6971974e+03   3.7754040e+03   3.5713154e+03   3.5548870e+03   3.7267915e+03   3.3951580e+03   3.7031097e+03   3.6072885e+03   3.6146639e+03   3.8087192e+03   3.6858433e+03   3.4778383e+03   3.5434655e+03
   3.4908208e+03   3.6452357e+03   3.6768227e+03   3.3579550e+03   3.5584495e+03   3.7935850e+03   3.6781433e+03   3.5956802e+03   3.8005607e+03   3.6415471e+03   3.7472235e+03   3.7439806e+03   3.6995977e+03   3.8385788e+03   3.7605133e+03   3.4681441e+03   3.7561455e+03   3.6971974e+03   3.7754040e+03   3.5713154e+03   3.5548870e+03   3.7267915e+03   3.3951580e+03   3.7031097e+03   3.6072885e+03   3.6146639e+03   3.8087192e+03   3.6858433e+03   3.4778383e+03   3.5434655e+03
   3.4860561e+03   3.6267267e+03   3.6768227e+03   3.3579550e+03   3.4522581e+03   3.7745960e+03   3.6633917e+03   3.5956802e+03   3.7426824e+03   3.5891589e+03   3.7314741e+03   3.7439806e+03   3.6995977e+03   3.6928520e+03   3.6586949e+03   3.4681441e+03   3.7037487e+03   3.6971974e+03   3.7311232e+03   3.5713154e+03   3.5548870e+03   3.7225429e+03   3.3950867e+03   3.7031097e+03   3.5341678e+03   3.6025705e+03   3.8087192e+03   3.6858433e+03   3.4778383e+03   3.5326143e+03
   3.4860561e+03   3.6267267e+03   3.6768227e+03   3.3579550e+03   3.4522581e+03   3.7745960e+03   3.6633917e+03   3.5956802e+03   3.7426824e+03   3.5891589e+03   3.7314741e+03   3.7439806e+03   3.6995977e+03   3.6928520e+03   3.6586949e+03   3.4681441e+03   3.7037487e+03   3.6971974e+03   3.7311232e+03   3.5713154e+03   3.5548870e+03   3.7225429e+03   3.3950867e+03   3.7031097e+03   3.5341678e+03   3.6025705e+03   3.8087192e+03   3.6858433e+03   3.4778383e+03   3.5326143e+03
   3.4547707e+03   3.4904104e+03   3.6465968e+03   3.3579550e+03   3.4522581e+03   3.6701750e+03   3.6633917e+03   3.5934422e+03   3.6930147e+03   3.5623090e+03   3.5219299e+03   3.6898735e+03   3.6374851e+03   3.6814712e+03   3.6586949e+03   3.4655799e+03   3.6172285e+03   3.6380569e+03   3.7028991e+03   3.5713154e+03   3.5548870e+03   3.7225429e+03   3.3950867e+03   3.7031097e+03   3.4837667e+03   3.5518265e+03   3.6046341e+03   3.6534581e+03   3.4778383e+03   3.5298147e+03
   3.4547707e+03   3.4120313e+03   3.6409408e+03   3.3579550e+03   3.4265136e+03   3.6276677e+03   3.5660222e+03   3.5491516e+03   3.6061664e+03   3.5085442e+03   3.5195826e+03   3.6092344e+03   3.6227329e+03   3.6704413e+03   3.3965813e+03   3.4655799e+03   3.6067546e+03   3.4819054e+03   3.4977243e+03   3.5564125e+03   3.4945461e+03   3.6270229e+03   3.3390341e+03   3.5214389e+03   3.4763691e+03   3.5518265e+03   3.5996868e+03   3.5988851e+03   3.4364108e+03   3.4493396e+03
   3.4375597e+03   3.3691221e+03   3.4111737e+03   3.3579550e+03   3.3583525e+03   3.4841220e+03   3.4582585e+03   3.4644816e+03   3.5101029e+03   3.3984231e+03   3.5195826e+03   3.5262762e+03   3.3844852e+03   3.4672658e+03   3.2894422e+03   3.3870007e+03   3.5650398e+03   3.4582369e+03   3.4977243e+03   3.5564125e+03   3.3550577e+03   3.4879933e+03   3.3199869e+03   3.4224720e+03   3.4462713e+03   3.5158083e+03   3.5177184e+03   3.5242809e+03   3.3787104e+03   3.3818758e+03
   3.3816069e+03   3.3492131e+03   3.2664363e+03   3.3110953e+03   3.2526916e+03   3.3524840e+03   3.3874910e+03   3.3865957e+03   3.3301205e+03   3.3345969e+03   3.3748200e+03   3.4767876e+03   3.1859998e+03   3.4015102e+03   3.2127508e+03   3.2966896e+03   3.3493696e+03   3.4090184e+03   3.3671218e+03   3.3894031e+03   3.2975961e+03   3.4012636e+03   3.3029034e+03   3.2909314e+03   3.2602296e+03   3.3042551e+03   3.4423447e+03   3.3906360e+03   3.3006566e+03   3.3424297e+03
   3.2494281e+03   3.3022532e+03   3.1890157e+03   3.2887572e+03   3.2246798e+03   3.2804182e+03   3.2220181e+03   3.3113448e+03   3.2731944e+03   3.1674505e+03   3.3254253e+03   3.2850655e+03   3.1710975e+03   3.2666034e+03   3.1895295e+03   3.2239035e+03   3.3132868e+03   3.3120291e+03   3.2631570e+03   3.3028515e+03   3.2138269e+03   3.2405805e+03   3.2985959e+03   3.1670626e+03   3.1938596e+03   3.2544209e+03   3.2579686e+03   3.1856745e+03   3.2109602e+03   3.2128515e+03
   3.1689674e+03   3.1136304e+03   3.1337228e+03   3.1681596e+03   3.0756268e+03   3.1470984e+03   3.1552245e+03   3.1492575e+03   3.1032394e+03   3.0918312e+03   3.1716715e+03   3.1189213e+03   3.1337491e+03   3.1781977e+03   3.0989428e+03   3.1324323e+03   3.1420652e+03   3.1650814e+03   3.1252635e+03   3.1422598e+03   3.1408017e+03   3.1283851e+03   3.1416411e+03   3.1111608e+03   3.1309983e+03   3.1389900e+03   3.1306042e+03   3.1292414e+03   3.1275088e+03   3.1573140e+03
   3.0198359e+03   3.0355470e+03   3.0421386e+03   3.0117156e+03   3.0307808e+03   3.0212985e+03   3.0145688e+03   3.0161550e+03   3.0447320e+03   3.0446826e+03   3.0261698e+03   3.0410439e+03   3.0197922e+03   3.0474684e+03   3.0308473e+03   3.0200895e+03   3.0445437e+03   3.0357058e+03   3.0355884e+03   3.0368068e+03   3.0472450e+03   3.0389712e+03   3.0449765e+03   3.0322967e+03   3.0175142e+03   3.0331660e+03   3.0303800e+03   3.0403637e+03   3.0426182e+03   3.0358743e+03
   2.9627165e+03   2.9726640e+03   2.9670009e+03   2.9752275e+03   2.9667127e+03   2.9674525e+03   2.9724596e+03   2.9719671e+03   2.9711087e+03   2.9710689e+03   2.9662844e+03   2.9699749e+03   2.9734263e+03   2.9778443e+03   2.9721600e+03   2.9631602e+03   2.9678572e+03   2.9719079e+03   2.9713205e+03   2.9536775e+03   2.9644523e+03   2.9665454e+03   2.9711774e+03   2.9722763e+03   2.9783490e+03   2.9777113e+03   2.9680936e+03   2.9747723e+03   2.9721176e+03   2.9806862e+03
   2.9292483e+03   2.9325731e+03   2.9335748e+03   2.9351958e+03   2.9352314e+03   2.9355113e+03   2.9357084e+03   2.9358085e+03   2.9359985e+03   2.9363474e+03   2.9366455e+03   2.9368915e+03   2.9371954e+03   2.9373739e+03   2.9380049e+03   2.9383660e+03   2.9384044e+03   2.9386532e+03   2.9387949e+03   2.9397052e+03   2.9399156e+03   2.9401584e+03   2.9402063e+03   2.9402441e+03   2.9404224e+03   2.9404270e+03   2.9407155e+03   2.9408470e+03   2.9408719e+03   2.9418827e+03
