   6.7734337e+02   6.7426258e+02   6.7025364e+02   6.7412206e+02   6.5794940e+02   6.4821840e+02   6.7578429e+02   6.5119721e+02   6.7187654e+02   6.7681229e+02   6.6649715e+02   6.6603571e+02   6.6158114e+02   6.5829340e+02   6.5612764e+02   6.8483702e+02   6.6288315e+02   6.6354686e+02   6.5352906e+02   6.6686881e+02   6.6167730e+02   6.4286868e+02   6.8256101e+02   6.5805458e+02   6.7600838e+02   6.6391163e+02   6.3729016e+02   6.6640688e+02   6.8167478e+02   6.7312891e+02
   6.7734337e+02   6.7426258e+02   6.7025364e+02   6.7412206e+02   6.5794940e+02   6.4821840e+02   6.7578429e+02   6.5119721e+02   6.7187654e+02   6.7681229e+02   6.6649715e+02   6.6603571e+02   6.6158114e+02   6.5829340e+02   6.5612764e+02   6.8483702e+02   6.6288315e+02   6.6354686e+02   6.5352906e+02   6.6686881e+02   6.6167730e+02   6.4286868e+02   6.8256101e+02   6.5805458e+02   6.7600838e+02   6.6391163e+02   6.3729016e+02   6.6640688e+02   6.8167478e+02   6.7312891e+02
   6.7734337e+02   6.7426258e+02   6.7025364e+02   6.7412206e+02   6.5794940e+02   6.4821840e+02   6.7578429e+02   6.5119721e+02   6.7187654e+02   6.7681229e+02   6.6649715e+02   6.6603571e+02   6.6158114e+02   6.5829340e+02   6.5612764e+02   6.8483702e+02   6.6288315e+02   6.6354686e+02   6.5352906e+02   6.6686881e+02   6.6167730e+02   6.4286868e+02   6.8256101e+02   6.5805458e+02   6.7600838e+02   6.6391163e+02   6.3729016e+02   6.6640688e+02   6.8167478e+02   6.7312891e+02
   6.6076983e+02   6.6827932e+02   6.7025364e+02   6.7412206e+02   6.5794940e+02   6.4821840e+02   6.7578429e+02   6.5119721e+02   6.7187654e+02   6.7303243e+02   6.6013150e+02   6.6170214e+02   6.6158114e+02   6.4958918e+02   6.5098154e+02   6.8477631e+02   6.6288315e+02   6.5126847e+02   6.5352906e+02   6.6686881e+02   6.6167730e+02   6.4286868e+02   6.7391160e+02   6.5730660e+02   6.7600838e+02   6.5439516e+02   6.3581365e+02   6.6640688e+02   6.7100672e+02   6.6156342e+02
   6.6076983e+02   6.6540224e+02   6.6683680e+02   6.6705293e+02   6.5794940e+02   6.4821840e+02   6.6579907e+02   6.5119721e+02   6.7187654e+02   6.7303243e+02   6.6013150e+02   6.6170214e+02   6.6158114e+02   6.4958918e+02   6.5098154e+02   6.8145894e+02   6.5454702e+02   6.4976850e+02   6.5071457e+02   6.6686881e+02   6.6167730e+02   6.4286868e+02   6.6788905e+02   6.5676677e+02   6.6852701e+02   6.5439516e+02   6.3581365e+02   6.6640688e+02   6.6169825e+02   6.5511134e+02
   6.6076983e+02   6.6540224e+02   6.6043468e+02   6.4715227e+02   6.5770550e+02   6.4821840e+02   6.6579907e+02   6.5119721e+02   6.7187654e+02   6.6865838e+02   6.6013150e+02   6.6170214e+02   6.4418130e+02   6.4610190e+02   6.4988098e+02   6.7248466e+02   6.5454702e+02   6.4976850e+02   6.5071457e+02   6.6686881e+02   6.6167730e+02   6.3915467e+02   6.6700420e+02   6.5556572e+02   6.6852701e+02   6.5439516e+02   6.3498660e+02   6.6617178e+02   6.6169825e+02   6.5511134e+02
   6.6076983e+02   6.4985178e+02   6.4894189e+02   6.4490936e+02   6.5770550e+02   6.3971727e+02   6.4944203e+02   6.5006586e+02   6.5413613e+02   6.5594658e+02   6.4257925e+02   6.5328600e+02   6.4418130e+02   6.4610190e+02   6.3788083e+02   6.6841879e+02   6.5267562e+02   6.4976850e+02   6.5071457e+02   6.6129058e+02   6.3904402e+02   6.3772196e+02   6.4970476e+02   6.5148005e+02   6.6386641e+02   6.5246604e+02   6.3498660e+02   6.6617178e+02   6.5513978e+02   6.3216928e+02
   6.5177899e+02   6.4496275e+02   6.4590025e+02   6.4209152e+02   6.4508731e+02   6.3766932e+02   6.4636071e+02   6.4633067e+02   6.4546746e+02   6.3790407e+02   6.4070982e+02   6.3176358e+02   6.4082997e+02   6.4474542e+02   6.3788083e+02   6.4672001e+02   6.4981209e+02   6.3918551e+02   6.3979685e+02   6.4728581e+02   6.3718561e+02   6.3772196e+02   6.4852458e+02   6.4811878e+02   6.3997749e+02   6.3993788e+02   6.3245152e+02   6.5211405e+02   6.4551902e+02   6.3115442e+02
   6.4168184e+02   6.3759410e+02   6.4323738e+02   6.2771686e+02   6.4030185e+02   6.2784858e+02   6.3195960e+02   6.4157701e+02   6.4270998e+02   6.3790407e+02   6.4034060e+02   6.2782427e+02   6.3619479e+02   6.3480057e+02   6.3788083e+02   6.3544777e+02   6.4181944e+02   6.3596659e+02   6.3536585e+02   6.4572241e+02   6.3429368e+02   6.3261514e+02   6.3910116e+02   6.3409513e+02   6.3769660e+02   6.2915534e+02   6.3245152e+02   6.4768596e+02   6.4105289e+02   6.3115442e+02
   6.3174927e+02   6.2322633e+02   6.2723027e+02   6.2096561e+02   6.3132240e+02   6.2302882e+02   6.3102470e+02   6.3087289e+02   6.3535355e+02   6.3283764e+02   6.3040806e+02   6.2596305e+02   6.2542312e+02   6.2379902e+02   6.2336951e+02   6.3290561e+02   6.3173678e+02   6.3047413e+02   6.3044966e+02   6.2637550e+02   6.2862700e+02   6.2563327e+02   6.2757199e+02   6.3188487e+02   6.3242265e+02   6.2739343e+02   6.2361271e+02   6.3820492e+02   6.2990104e+02   6.1998442e+02
   6.1914754e+02   6.1833415e+02   6.1847475e+02   6.1824299e+02   6.1852200e+02   6.1872161e+02   6.2441655e+02   6.1795491e+02   6.1962777e+02   6.1777832e+02   6.2237889e+02   6.1568763e+02   6.1944564e+02   6.2269191e+02   6.1916212e+02   6.1635865e+02   6.1962322e+02   6.1770700e+02   6.2386811e+02   6.1832060e+02   6.2475008e+02   6.2048626e+02   6.2022204e+02   6.2473024e+02   6.1951749e+02   6.2021644e+02   6.1299404e+02   6.1978919e+02   6.2429199e+02   6.1400113e+02
   6.1154020e+02   6.1066645e+02   6.1234762e+02   6.1057533e+02   6.0937355e+02   6.0842875e+02   6.1195132e+02   6.1125888e+02   6.1300300e+02   6.1352110e+02   6.1479877e+02   6.1109502e+02   6.1144839e+02   6.1263108e+02   6.0901989e+02   6.1335390e+02   6.1332791e+02   6.1135278e+02   6.0956589e+02   6.1029231e+02   6.1005475e+02   6.0588012e+02   6.1360004e+02   6.0922970e+02   6.1475430e+02   6.1118833e+02   6.1007257e+02   6.1386658e+02   6.1032228e+02   6.1012886e+02
   6.0505987e+02   6.0565234e+02   6.0556712e+02   6.0406206e+02   6.0525248e+02   6.0458885e+02   6.0392838e+02   6.0588800e+02   6.0529835e+02   6.0585287e+02   6.0472351e+02   6.0486094e+02   6.0421500e+02   6.0499674e+02   6.0479433e+02   6.0816656e+02   6.0715902e+02   6.0523335e+02   6.0375417e+02   6.0424700e+02   6.0437914e+02   6.0447849e+02   6.0576510e+02   6.0545687e+02   6.0589450e+02   6.0545384e+02   6.0640113e+02   6.0473640e+02   6.0488125e+02   6.0446798e+02
   6.0154540e+02   6.0127894e+02   6.0148605e+02   6.0077747e+02   6.0139099e+02   6.0160645e+02   6.0156602e+02   6.0135181e+02   6.0136583e+02   6.0144236e+02   6.0118630e+02   6.0137466e+02   6.0109949e+02   6.0105112e+02   6.0088814e+02   6.0139883e+02   6.0116427e+02   6.0153127e+02   6.0121596e+02   6.0122235e+02   6.0102926e+02   6.0138647e+02   6.0157825e+02   6.0124182e+02   6.0132179e+02   6.0139222e+02   6.0145624e+02   6.0167315e+02   6.0128051e+02   6.0099625e+02
   6.0004821e+02   6.0004583e+02   6.0003028e+02   6.0003938e+02   6.0003222e+02   6.0004508e+02   6.0004931e+02   6.0003361e+02   6.0003778e+02   6.0004162e+02   6.0004098e+02   6.0003361e+02   6.0003222e+02   6.0002843e+02   6.0004736e+02   6.0004117e+02   6.0003472e+02   6.0003161e+02   6.0003089e+02   6.0004614e+02   6.0003811e+02   6.0003920e+02   6.0003878e+02   6.0004177e+02   6.0003665e+02   6.0002912e+02   6.0003443e+02   6.0005345e+02   6.0004632e+02   6.0005017e+02
   6.0000000e+02   6.0000000e+02   6.0000000e+02   6.0000000e+02   6.0000000e+02   6.0000000e+02   6.0000000e+02   6.0000000e+02   6.0000000e+02   6.0000000e+02   6.0000000e+02   6.0000000e+02   6.0000000e+02   6.0000000e+02   6.0000000e+02   6.0000000e+02   6.0000000e+02   6.0000000e+02   6.0000000e+02   6.0000000e+02   6.0000000e+02   6.0000000e+02   6.0000000e+02   6.0000000e+02   6.0000000e+02   6.0000000e+02   6.0000000e+02   6.0000000e+02   6.0000000e+02   6.0000000e+02
