9.275230e+01 9.497408e+01 8.896633e+01 1.020991e+02 1.006224e+02 9.018172e+01 8.180789e+01 9.284490e+01 8.724462e+01 1.024500e+02 9.432920e+01 9.774719e+01 9.720368e+01 9.435710e+01 9.427553e+01 8.387231e+01 1.055179e+02 1.002616e+02 9.472116e+01 9.069907e+01 9.970034e+01 9.949908e+01 7.870665e+01 1.027124e+02 9.027510e+01 9.162125e+01 9.647976e+01 9.195786e+01 9.567485e+01 9.829223e+01 
9.275230e+01 9.497408e+01 8.896633e+01 1.020991e+02 1.006224e+02 9.018172e+01 8.180789e+01 9.284490e+01 8.724462e+01 1.024500e+02 9.432920e+01 9.774719e+01 9.720368e+01 9.435710e+01 9.427553e+01 8.387231e+01 1.055179e+02 1.002616e+02 9.472116e+01 9.069907e+01 9.970034e+01 9.949908e+01 7.870665e+01 1.027124e+02 9.027510e+01 9.162125e+01 9.647976e+01 9.195786e+01 9.567485e+01 9.829223e+01 
9.275230e+01 9.497408e+01 8.896633e+01 1.020991e+02 1.006224e+02 9.018172e+01 8.180789e+01 9.284490e+01 8.724462e+01 1.024500e+02 9.432920e+01 9.774719e+01 9.720368e+01 9.435710e+01 9.427553e+01 8.387231e+01 1.055179e+02 1.002616e+02 9.472116e+01 9.069907e+01 9.970034e+01 9.949908e+01 7.870665e+01 1.027124e+02 9.027510e+01 9.162125e+01 9.647976e+01 9.195786e+01 9.567485e+01 9.829223e+01 
9.275230e+01 9.497408e+01 8.896633e+01 1.020991e+02 1.006224e+02 9.018172e+01 8.180789e+01 9.284490e+01 8.724462e+01 1.024500e+02 9.432920e+01 9.774719e+01 9.720368e+01 9.435710e+01 9.427553e+01 8.387231e+01 1.055179e+02 1.002616e+02 9.472116e+01 9.069907e+01 9.970034e+01 9.949908e+01 7.870665e+01 1.027124e+02 9.027510e+01 9.162125e+01 9.647976e+01 9.195786e+01 9.567485e+01 9.829223e+01 
9.275230e+01 9.497408e+01 8.896633e+01 1.020991e+02 1.006224e+02 9.018172e+01 8.180789e+01 9.284490e+01 8.724462e+01 1.024500e+02 9.432920e+01 9.774719e+01 9.720368e+01 9.435710e+01 9.427553e+01 8.387231e+01 1.055179e+02 1.002616e+02 9.472116e+01 9.069907e+01 9.970034e+01 9.949908e+01 7.870665e+01 1.027124e+02 9.027510e+01 9.162125e+01 9.647976e+01 9.195786e+01 9.567485e+01 9.829223e+01 
9.275230e+01 9.076483e+01 8.894000e+01 1.011394e+02 9.848723e+01 9.018172e+01 8.180789e+01 9.284490e+01 8.724462e+01 9.378734e+01 9.158295e+01 9.774719e+01 8.644391e+01 9.435710e+01 9.427553e+01 8.387231e+01 1.055179e+02 9.858271e+01 9.166787e+01 9.069907e+01 9.970034e+01 8.493388e+01 7.077074e+01 1.027124e+02 9.027510e+01 9.162125e+01 9.313243e+01 9.195786e+01 9.567485e+01 9.606261e+01 
9.275230e+01 9.076483e+01 8.894000e+01 1.011394e+02 9.848723e+01 9.018172e+01 8.180789e+01 9.284490e+01 8.724462e+01 9.378734e+01 9.158295e+01 9.774719e+01 8.644391e+01 9.435710e+01 9.427553e+01 8.387231e+01 1.055179e+02 9.858271e+01 9.166787e+01 9.069907e+01 9.970034e+01 8.493388e+01 7.077074e+01 1.027124e+02 9.027510e+01 9.162125e+01 9.313243e+01 9.195786e+01 9.567485e+01 9.606261e+01 
8.505660e+01 8.478493e+01 8.894000e+01 9.467454e+01 8.815004e+01 9.018172e+01 8.180789e+01 8.656562e+01 8.490208e+01 9.133351e+01 8.777980e+01 9.633506e+01 8.644391e+01 7.898988e+01 8.976407e+01 7.568705e+01 9.119162e+01 8.996815e+01 9.166787e+01 8.867283e+01 9.525682e+01 8.386359e+01 6.404224e+01 1.008468e+02 9.027510e+01 8.535619e+01 9.313243e+01 8.208103e+01 9.567485e+01 9.130608e+01 
7.656161e+01 7.940529e+01 8.440040e+01 8.994730e+01 8.470508e+01 8.414066e+01 8.180789e+01 8.049520e+01 8.490208e+01 8.198751e+01 8.279078e+01 9.230895e+01 7.860522e+01 7.668017e+01 7.596165e+01 7.568705e+01 8.033947e+01 7.712258e+01 8.199202e+01 5.994042e+01 8.738394e+01 7.432909e+01 5.678816e+01 9.146433e+01 8.442400e+01 6.675763e+01 9.313243e+01 7.417771e+01 9.107315e+01 8.608553e+01 
7.650070e+01 6.933201e+01 7.527774e+01 7.846242e+01 8.348061e+01 7.813554e+01 7.892775e+01 7.890584e+01 8.292024e+01 7.165601e+01 7.819794e+01 7.569381e+01 6.816558e+01 7.257373e+01 7.313822e+01 7.220199e+01 7.857127e+01 7.488911e+01 7.100086e+01 5.913499e+01 7.621954e+01 7.321439e+01 5.678816e+01 7.486217e+01 7.605776e+01 6.476146e+01 8.375167e+01 6.807888e+01 7.729269e+01 7.831930e+01 
5.483697e+01 4.541282e+01 5.782136e+01 5.595795e+01 6.216706e+01 6.633440e+01 4.847402e+01 6.403524e+01 6.859374e+01 5.671288e+01 5.474526e+01 6.605628e+01 6.414562e+01 6.013136e+01 6.267070e+01 5.629796e+01 5.817463e+01 5.969183e+01 6.035787e+01 5.913499e+01 6.634278e+01 5.677606e+01 5.255429e+01 5.538167e+01 6.297177e+01 5.945767e+01 6.760815e+01 5.880517e+01 6.489413e+01 6.313737e+01 
4.759730e+01 4.353509e+01 4.601242e+01 4.471692e+01 4.344036e+01 4.440042e+01 4.363011e+01 4.145719e+01 5.286849e+01 4.482481e+01 4.177581e+01 4.742589e+01 4.489424e+01 4.564579e+01 3.754154e+01 3.867600e+01 4.663494e+01 4.243841e+01 5.043815e+01 4.525821e+01 4.377340e+01 4.251276e+01 4.272647e+01 3.768150e+01 4.036740e+01 5.012627e+01 4.829591e+01 4.450820e+01 4.696163e+01 4.417224e+01 
3.090902e+01 2.559654e+01 2.988081e+01 2.901980e+01 2.937232e+01 2.784610e+01 2.540066e+01 3.209655e+01 2.717617e+01 2.868342e+01 3.203930e+01 2.985971e+01 2.785816e+01 2.769017e+01 2.478552e+01 2.976483e+01 2.708629e+01 3.246321e+01 2.783033e+01 3.036098e+01 2.389809e+01 2.814370e+01 3.075991e+01 2.891020e+01 2.373360e+01 3.268212e+01 2.618151e+01 2.940361e+01 3.261569e+01 2.991469e+01 
1.423994e+01 1.321307e+01 1.440273e+01 1.279012e+01 1.315664e+01 9.107450e+00 1.310998e+01 1.503323e+01 1.098410e+01 1.381267e+01 1.643757e+01 1.267069e+01 1.615333e+01 1.598096e+01 1.062983e+01 1.357220e+01 1.580429e+01 1.531529e+01 1.202655e+01 1.324896e+01 1.584772e+01 1.385478e+01 1.504979e+01 1.491778e+01 1.211739e+01 1.480765e+01 1.521084e+01 1.577592e+01 1.563275e+01 1.628973e+01 
2.484840e+00 2.253740e+00 2.786740e+00 2.186450e+00 2.060870e+00 2.316970e+00 2.023110e+00 2.080950e+00 2.353340e+00 2.063420e+00 3.120630e+00 2.382860e+00 2.349180e+00 2.539390e+00 2.227740e+00 1.979810e+00 1.905760e+00 2.601640e+00 2.160840e+00 3.115830e+00 3.038080e+00 2.610390e+00 2.444150e+00 2.329580e+00 2.826350e+00 1.909560e+00 2.474240e+00 2.465860e+00 2.871590e+00 2.505300e+00 
0.000000e+00 0.000000e+00 0.000000e+00 0.000000e+00 0.000000e+00 0.000000e+00 0.000000e+00 0.000000e+00 0.000000e+00 0.000000e+00 0.000000e+00 0.000000e+00 0.000000e+00 0.000000e+00 0.000000e+00 0.000000e+00 0.000000e+00 0.000000e+00 0.000000e+00 0.000000e+00 0.000000e+00 0.000000e+00 0.000000e+00 0.000000e+00 0.000000e+00 0.000000e+00 0.000000e+00 0.000000e+00 0.000000e+00 0.000000e+00 
0.000000e+00 0.000000e+00 0.000000e+00 0.000000e+00 0.000000e+00 0.000000e+00 0.000000e+00 0.000000e+00 0.000000e+00 0.000000e+00 0.000000e+00 0.000000e+00 0.000000e+00 0.000000e+00 0.000000e+00 0.000000e+00 0.000000e+00 0.000000e+00 0.000000e+00 0.000000e+00 0.000000e+00 0.000000e+00 0.000000e+00 0.000000e+00 0.000000e+00 0.000000e+00 0.000000e+00 0.000000e+00 0.000000e+00 0.000000e+00 