1.059667e+03 5.378311e+02 1.161483e+03 7.551965e+02 9.508662e+02 1.564387e+03 9.712393e+02 1.045704e+03 7.668043e+02 1.140058e+03 8.840122e+02 1.103513e+03 5.579072e+02 7.910984e+02 9.020915e+02 1.012790e+03 1.309050e+03 1.221770e+03 1.127771e+03 6.614602e+02 9.236002e+02 8.231858e+02 5.117218e+02 7.451828e+02 1.694858e+03 3.686604e+02 9.882543e+02 7.387578e+02 7.673081e+02 1.022980e+03 
1.059667e+03 5.378311e+02 1.161483e+03 7.551965e+02 9.508662e+02 1.564387e+03 9.712393e+02 1.045704e+03 7.668043e+02 1.140058e+03 8.840122e+02 1.103513e+03 5.579072e+02 7.910984e+02 9.020915e+02 1.012790e+03 1.309050e+03 1.221770e+03 1.127771e+03 6.614602e+02 9.236002e+02 8.231858e+02 5.117218e+02 7.451828e+02 1.694858e+03 3.686604e+02 9.882543e+02 7.387578e+02 7.673081e+02 1.022980e+03 
1.059667e+03 5.378311e+02 1.161483e+03 7.551965e+02 9.508662e+02 1.564387e+03 9.712393e+02 1.045704e+03 7.668043e+02 1.140058e+03 8.840122e+02 1.103513e+03 5.579072e+02 7.910984e+02 9.020915e+02 1.012790e+03 1.309050e+03 1.221770e+03 1.127771e+03 6.614602e+02 9.236002e+02 8.231858e+02 5.117218e+02 7.451828e+02 1.694858e+03 3.686604e+02 9.882543e+02 7.387578e+02 7.673081e+02 1.022980e+03 
9.259830e+02 5.336287e+02 9.180179e+02 7.551965e+02 8.399380e+02 1.005132e+03 9.629582e+02 1.045704e+03 7.445778e+02 1.088394e+03 8.588877e+02 9.558050e+02 5.579072e+02 7.856441e+02 9.020915e+02 1.012790e+03 1.015537e+03 4.203721e+02 1.074825e+03 6.614602e+02 8.212909e+02 6.209108e+02 4.960695e+02 7.451828e+02 1.262135e+03 3.686604e+02 9.882543e+02 7.387578e+02 7.673081e+02 6.860586e+02 
9.259830e+02 4.632892e+02 9.180179e+02 7.476618e+02 6.870782e+02 1.005132e+03 9.629582e+02 8.849248e+02 7.445778e+02 1.088394e+03 8.588877e+02 6.584633e+02 5.471205e+02 7.856441e+02 9.020915e+02 1.012790e+03 1.015537e+03 3.973774e+02 6.499244e+02 4.189501e+02 7.627070e+02 6.209108e+02 4.960695e+02 7.291426e+02 9.636319e+02 3.686604e+02 8.681790e+02 6.926724e+02 7.603148e+02 6.860586e+02 
9.259830e+02 4.632892e+02 9.092536e+02 7.476618e+02 6.870782e+02 9.596606e+02 9.629582e+02 7.167082e+02 7.422774e+02 1.088394e+03 8.588877e+02 6.571064e+02 5.471205e+02 7.802732e+02 2.974793e+02 1.012790e+03 1.015537e+03 3.973774e+02 6.178074e+02 4.189501e+02 7.465844e+02 6.209108e+02 4.960695e+02 6.344485e+02 9.636319e+02 3.612971e+02 8.681790e+02 5.377649e+02 7.603148e+02 6.860586e+02 
9.259830e+02 3.932525e+02 7.038132e+02 4.242190e+02 6.870782e+02 9.596606e+02 5.000848e+02 7.167082e+02 6.655689e+02 8.243014e+02 7.701796e+02 6.255405e+02 5.471205e+02 7.456958e+02 2.974793e+02 8.310092e+02 8.083110e+02 3.588068e+02 6.178074e+02 3.337979e+02 7.465844e+02 4.330901e+02 4.960695e+02 6.344485e+02 4.283133e+02 3.612971e+02 7.640889e+02 5.193237e+02 7.495331e+02 4.549185e+02 
4.825439e+02 2.989180e+02 5.176350e+02 4.242190e+02 6.870782e+02 7.699271e+02 4.755276e+02 3.152955e+02 5.872551e+02 4.472623e+02 3.693120e+02 4.765383e+02 5.471205e+02 6.270880e+02 2.974793e+02 4.816364e+02 5.986666e+02 3.079697e+02 3.698644e+02 3.006872e+02 3.120504e+02 4.330901e+02 4.960695e+02 4.329884e+02 3.952843e+02 3.612233e+02 5.684571e+02 4.829224e+02 4.077938e+02 3.910314e+02 
4.737494e+02 2.989180e+02 3.881116e+02 2.699457e+02 5.759550e+02 3.563153e+02 4.731130e+02 2.979948e+02 3.292380e+02 3.705701e+02 3.691396e+02 4.756994e+02 3.070335e+02 4.056538e+02 2.766473e+02 3.448981e+02 3.780216e+02 2.956804e+02 3.429104e+02 2.502737e+02 2.692209e+02 4.303109e+02 2.895409e+02 3.316774e+02 3.486386e+02 2.684424e+02 3.087817e+02 4.346616e+02 3.434012e+02 2.483355e+02 
3.065059e+02 2.726432e+02 2.173764e+02 2.699457e+02 3.431906e+02 3.092086e+02 2.893481e+02 2.278232e+02 2.314210e+02 3.205095e+02 1.973860e+02 3.614145e+02 2.693571e+02 3.470719e+02 2.766473e+02 2.823273e+02 3.462595e+02 2.633819e+02 3.283320e+02 2.320330e+02 2.378387e+02 3.511000e+02 2.766968e+02 2.947268e+02 2.508034e+02 2.573864e+02 2.635168e+02 3.005529e+02 2.908688e+02 2.483355e+02 
1.586274e+02 1.965406e+02 1.870263e+02 2.363896e+02 2.500432e+02 2.356913e+02 1.729214e+02 1.987594e+02 1.969558e+02 2.225426e+02 1.693496e+02 2.406325e+02 1.966710e+02 1.827973e+02 1.987794e+02 1.956629e+02 2.073420e+02 2.183338e+02 1.897663e+02 1.911142e+02 1.548340e+02 2.032456e+02 2.247499e+02 1.985855e+02 1.690575e+02 1.764992e+02 2.005799e+02 2.134787e+02 2.000792e+02 2.059006e+02 
1.331832e+02 1.760357e+02 1.707676e+02 1.704105e+02 1.854379e+02 1.506065e+02 1.707365e+02 1.656697e+02 1.641381e+02 1.758395e+02 1.507694e+02 1.701606e+02 1.893309e+02 1.684025e+02 1.737954e+02 1.584303e+02 1.822440e+02 1.583987e+02 1.488913e+02 1.494158e+02 1.511438e+02 1.602607e+02 1.631491e+02 1.827042e+02 1.578600e+02 1.647050e+02 1.594835e+02 1.659684e+02 1.600694e+02 1.572277e+02 
8.387210e+01 1.464170e+02 1.258476e+02 1.270517e+02 1.316768e+02 1.329165e+02 9.522600e+01 1.449663e+02 1.351636e+02 1.459795e+02 1.312148e+02 1.411537e+02 1.350722e+02 1.390444e+02 1.071065e+02 1.128628e+02 1.390715e+02 1.357384e+02 1.196363e+02 1.322623e+02 1.281549e+02 1.418545e+02 1.127049e+02 1.090227e+02 1.347341e+02 1.160970e+02 1.164620e+02 1.259346e+02 1.306359e+02 1.302958e+02 
4.995490e+01 1.113430e+02 8.692060e+01 6.520400e+01 6.445580e+01 8.688710e+01 6.689640e+01 1.032258e+02 7.696890e+01 8.566280e+01 9.388710e+01 6.388550e+01 9.189280e+01 7.561410e+01 9.400290e+01 8.498370e+01 1.112305e+02 9.103460e+01 7.649070e+01 1.005218e+02 9.016880e+01 8.926560e+01 7.086770e+01 5.471510e+01 5.954530e+01 7.343300e+01 8.475420e+01 8.153610e+01 7.808450e+01 8.930770e+01 
1.886000e+00 4.888700e+00 2.495800e+00 6.937400e+00 5.901600e+00 5.863500e+00 6.200800e+00 7.737600e+00 6.657100e+00 4.465700e+00 4.731600e+00 6.934400e+00 1.326450e+01 6.869600e+00 8.961100e+00 3.201300e+00 4.481300e+00 3.441300e+00 2.021600e+00 3.379900e+00 6.316600e+00 5.089700e+00 1.004760e+01 1.268280e+01 6.752700e+00 6.000700e+00 6.408000e+00 9.150400e+00 4.738700e+00 3.561400e+00 
0.000000e+00 0.000000e+00 0.000000e+00 0.000000e+00 0.000000e+00 0.000000e+00 0.000000e+00 0.000000e+00 0.000000e+00 0.000000e+00 0.000000e+00 0.000000e+00 0.000000e+00 0.000000e+00 0.000000e+00 0.000000e+00 0.000000e+00 0.000000e+00 0.000000e+00 0.000000e+00 0.000000e+00 0.000000e+00 0.000000e+00 0.000000e+00 0.000000e+00 0.000000e+00 0.000000e+00 0.000000e+00 0.000000e+00 0.000000e+00 
0.000000e+00 0.000000e+00 0.000000e+00 0.000000e+00 0.000000e+00 0.000000e+00 0.000000e+00 0.000000e+00 0.000000e+00 0.000000e+00 0.000000e+00 0.000000e+00 0.000000e+00 0.000000e+00 0.000000e+00 0.000000e+00 0.000000e+00 0.000000e+00 0.000000e+00 0.000000e+00 0.000000e+00 0.000000e+00 0.000000e+00 0.000000e+00 0.000000e+00 0.000000e+00 0.000000e+00 0.000000e+00 0.000000e+00 0.000000e+00 