2.769049e+03 4.463983e+03 3.151866e+03 3.189588e+03 2.705501e+03 3.122502e+03 3.845020e+03 3.446309e+03 3.443788e+03 2.483417e+03 4.307198e+03 4.306351e+03 3.695520e+03 3.621078e+03 1.638286e+03 2.491592e+03 2.429165e+03 1.736886e+03 2.910762e+03 3.616417e+03 4.357045e+03 3.500260e+03 3.262504e+03 4.070850e+03 2.764817e+03 1.869305e+03 2.948795e+03 2.704811e+03 3.602254e+03 3.644421e+03 
2.769049e+03 4.463983e+03 3.151866e+03 3.189588e+03 2.705501e+03 3.122502e+03 3.845020e+03 3.446309e+03 3.443788e+03 2.483417e+03 4.307198e+03 4.306351e+03 3.695520e+03 3.621078e+03 1.638286e+03 2.491592e+03 2.429165e+03 1.736886e+03 2.910762e+03 3.616417e+03 4.357045e+03 3.500260e+03 3.262504e+03 4.070850e+03 2.764817e+03 1.869305e+03 2.948795e+03 2.704811e+03 3.602254e+03 3.644421e+03 
2.769049e+03 4.463983e+03 3.151866e+03 3.189588e+03 2.705501e+03 3.122502e+03 3.845020e+03 3.446309e+03 3.443788e+03 2.483417e+03 4.307198e+03 4.306351e+03 3.695520e+03 3.621078e+03 1.638286e+03 2.491592e+03 2.429165e+03 1.736886e+03 2.910762e+03 3.616417e+03 4.357045e+03 3.500260e+03 3.262504e+03 4.070850e+03 2.764817e+03 1.869305e+03 2.948795e+03 2.704811e+03 3.602254e+03 3.644421e+03 
2.769049e+03 4.463983e+03 3.151866e+03 3.189588e+03 2.705501e+03 3.122502e+03 3.845020e+03 3.446309e+03 3.443788e+03 2.483417e+03 4.307198e+03 4.306351e+03 3.695520e+03 3.621078e+03 1.638286e+03 2.491592e+03 2.429165e+03 1.736886e+03 2.910762e+03 3.616417e+03 4.357045e+03 3.500260e+03 3.262504e+03 4.070850e+03 2.764817e+03 1.869305e+03 2.948795e+03 2.704811e+03 3.602254e+03 3.644421e+03 
2.769049e+03 4.463983e+03 3.151866e+03 3.189588e+03 2.705501e+03 3.122502e+03 3.845020e+03 3.446309e+03 3.443788e+03 2.483417e+03 4.307198e+03 4.306351e+03 3.695520e+03 3.621078e+03 1.638286e+03 2.491592e+03 2.429165e+03 1.736886e+03 2.910762e+03 3.616417e+03 4.357045e+03 3.500260e+03 3.262504e+03 4.070850e+03 2.764817e+03 1.869305e+03 2.948795e+03 2.704811e+03 3.602254e+03 3.644421e+03 
2.768039e+03 4.463983e+03 2.792165e+03 3.174688e+03 2.629246e+03 2.505349e+03 3.267733e+03 3.146801e+03 3.443788e+03 2.483417e+03 3.925383e+03 3.430798e+03 3.265731e+03 3.616602e+03 1.638286e+03 2.402735e+03 2.197978e+03 1.736886e+03 2.910762e+03 3.463136e+03 4.357045e+03 3.490353e+03 3.262504e+03 3.402013e+03 2.764817e+03 1.869305e+03 2.948795e+03 2.704811e+03 3.602254e+03 2.553923e+03 
2.768039e+03 4.463983e+03 2.792165e+03 3.174688e+03 2.629246e+03 2.505349e+03 3.267733e+03 3.146801e+03 3.443788e+03 2.483417e+03 3.925383e+03 3.430798e+03 3.265731e+03 3.616602e+03 1.638286e+03 2.402735e+03 2.197978e+03 1.736886e+03 2.910762e+03 3.463136e+03 4.357045e+03 3.490353e+03 3.262504e+03 3.402013e+03 2.764817e+03 1.869305e+03 2.948795e+03 2.704811e+03 3.602254e+03 2.553923e+03 
1.802413e+03 4.049513e+03 2.334473e+03 3.174688e+03 2.606702e+03 2.095366e+03 3.143441e+03 2.380818e+03 3.443788e+03 2.483417e+03 2.196412e+03 3.220788e+03 3.252265e+03 3.105991e+03 1.409666e+03 2.000593e+03 2.197978e+03 1.736886e+03 2.388720e+03 3.437394e+03 3.833842e+03 3.319770e+03 3.262504e+03 2.544255e+03 2.423298e+03 1.814727e+03 2.948795e+03 2.415015e+03 3.024890e+03 2.188936e+03 
1.802413e+03 3.506504e+03 1.985064e+03 2.513315e+03 2.579782e+03 1.473124e+03 2.210104e+03 1.830740e+03 2.874048e+03 2.404168e+03 2.036289e+03 2.643651e+03 2.736473e+03 2.782854e+03 1.409666e+03 1.916492e+03 1.985501e+03 1.646156e+03 1.468273e+03 2.636622e+03 2.201538e+03 3.319770e+03 1.819814e+03 2.195922e+03 1.320900e+03 1.567794e+03 2.948795e+03 2.415015e+03 2.169709e+03 2.169099e+03 
1.576340e+03 2.254681e+03 1.746399e+03 1.782594e+03 1.806107e+03 1.463775e+03 1.946805e+03 1.196964e+03 2.564176e+03 1.494528e+03 1.750395e+03 1.859545e+03 1.878141e+03 1.361083e+03 9.822463e+02 1.789485e+03 1.521579e+03 1.338450e+03 1.352732e+03 1.573352e+03 1.767816e+03 1.514450e+03 1.531790e+03 9.584875e+02 1.015478e+03 1.003804e+03 2.035851e+03 1.976463e+03 1.753577e+03 1.294213e+03 
5.612540e+02 8.720519e+02 7.412128e+02 1.064975e+03 1.503416e+03 1.074035e+03 1.020922e+03 9.732073e+02 1.039029e+03 1.157376e+03 1.128806e+03 1.238825e+03 1.014339e+03 8.804174e+02 5.707600e+02 8.755198e+02 6.892390e+02 8.474311e+02 1.077912e+03 9.215994e+02 1.317993e+03 1.103320e+03 9.296268e+02 6.793179e+02 5.970269e+02 7.788176e+02 1.042290e+03 1.238978e+03 9.884853e+02 7.228137e+02 
3.952447e+02 4.094071e+02 5.444353e+02 4.331047e+02 5.204896e+02 5.235292e+02 4.827652e+02 5.997687e+02 6.505851e+02 5.634208e+02 4.470244e+02 4.583861e+02 6.022144e+02 3.835022e+02 4.428964e+02 4.804892e+02 4.230166e+02 4.393969e+02 5.746999e+02 5.188914e+02 7.405804e+02 6.760584e+02 4.307066e+02 6.478128e+02 3.850237e+02 3.663090e+02 4.977071e+02 4.625869e+02 6.429704e+02 5.094918e+02 
2.233218e+02 2.116686e+02 2.437871e+02 2.292667e+02 2.685453e+02 2.704964e+02 1.277721e+02 2.353605e+02 2.420231e+02 3.042798e+02 2.673518e+02 2.321409e+02 2.676427e+02 2.580848e+02 2.031413e+02 2.396761e+02 2.578193e+02 2.012499e+02 2.335880e+02 2.520919e+02 2.051448e+02 2.818266e+02 3.222580e+02 2.607105e+02 2.009713e+02 2.674037e+02 2.106864e+02 2.926510e+02 2.260391e+02 2.538110e+02 
1.284658e+02 1.081105e+02 1.209278e+02 1.075826e+02 1.250164e+02 1.278738e+02 9.903690e+01 1.083678e+02 9.827992e+01 1.200214e+02 1.078182e+02 1.104057e+02 1.251308e+02 1.073239e+02 1.178338e+02 1.159965e+02 1.171156e+02 1.379237e+02 1.258260e+02 1.182050e+02 1.013995e+02 1.069636e+02 1.257315e+02 1.248981e+02 1.045313e+02 1.366943e+02 1.106994e+02 1.149794e+02 1.234340e+02 1.122656e+02 
3.951171e+01 7.104463e+01 5.744241e+01 5.455154e+01 7.172230e+01 6.598185e+01 6.935277e+01 6.612422e+01 6.782835e+01 6.860262e+01 6.739588e+01 6.875756e+01 7.126890e+01 6.624621e+01 7.341086e+01 5.879767e+01 7.421891e+01 6.691791e+01 5.678988e+01 7.394424e+01 6.852289e+01 6.308090e+01 6.853698e+01 6.352317e+01 6.515700e+01 6.509034e+01 5.930081e+01 6.120575e+01 6.762462e+01 6.643354e+01 
1.321879e+01 2.080091e+01 2.499130e+01 3.317649e+01 4.612402e+01 4.908448e+01 4.908448e+01 4.908448e+01 4.908448e+01 4.908448e+01 4.908448e+01 4.908448e+01 4.908448e+01 4.908448e+01 4.908448e+01 4.908448e+01 4.908448e+01 4.908448e+01 4.908448e+01 4.908448e+01 4.908448e+01 4.908448e+01 4.908448e+01 4.908448e+01 4.908448e+01 4.908448e+01 4.908448e+01 4.908448e+01 4.908448e+01 4.908448e+01 
0.000000e+00 0.000000e+00 0.000000e+00 0.000000e+00 0.000000e+00 0.000000e+00 0.000000e+00 0.000000e+00 0.000000e+00 0.000000e+00 0.000000e+00 0.000000e+00 0.000000e+00 0.000000e+00 0.000000e+00 0.000000e+00 0.000000e+00 0.000000e+00 0.000000e+00 0.000000e+00 0.000000e+00 0.000000e+00 0.000000e+00 0.000000e+00 0.000000e+00 0.000000e+00 0.000000e+00 0.000000e+00 0.000000e+00 0.000000e+00 