7.908208e+02 9.452357e+02 9.768227e+02 6.579550e+02 8.584495e+02 1.093585e+03 9.781433e+02 8.956802e+02 1.100561e+03 9.415471e+02 1.047224e+03 1.043981e+03 9.995977e+02 1.138579e+03 1.060513e+03 7.681441e+02 1.056146e+03 9.971974e+02 1.075404e+03 8.713154e+02 8.548870e+02 1.026791e+03 6.951580e+02 1.003110e+03 9.072885e+02 9.146639e+02 1.108719e+03 9.858433e+02 7.778383e+02 8.434655e+02 
7.908208e+02 9.452357e+02 9.768227e+02 6.579550e+02 8.584495e+02 1.093585e+03 9.781433e+02 8.956802e+02 1.100561e+03 9.415471e+02 1.047224e+03 1.043981e+03 9.995977e+02 1.138579e+03 1.060513e+03 7.681441e+02 1.056146e+03 9.971974e+02 1.075404e+03 8.713154e+02 8.548870e+02 1.026791e+03 6.951580e+02 1.003110e+03 9.072885e+02 9.146639e+02 1.108719e+03 9.858433e+02 7.778383e+02 8.434655e+02 
7.908208e+02 9.452357e+02 9.768227e+02 6.579550e+02 8.584495e+02 1.093585e+03 9.781433e+02 8.956802e+02 1.100561e+03 9.415471e+02 1.047224e+03 1.043981e+03 9.995977e+02 1.138579e+03 1.060513e+03 7.681441e+02 1.056146e+03 9.971974e+02 1.075404e+03 8.713154e+02 8.548870e+02 1.026791e+03 6.951580e+02 1.003110e+03 9.072885e+02 9.146639e+02 1.108719e+03 9.858433e+02 7.778383e+02 8.434655e+02 
7.908208e+02 9.452357e+02 9.768227e+02 6.579550e+02 8.584495e+02 1.093585e+03 9.781433e+02 8.956802e+02 1.100561e+03 9.415471e+02 1.047224e+03 1.043981e+03 9.995977e+02 1.138579e+03 1.060513e+03 7.681441e+02 1.056146e+03 9.971974e+02 1.075404e+03 8.713154e+02 8.548870e+02 1.026791e+03 6.951580e+02 1.003110e+03 9.072885e+02 9.146639e+02 1.108719e+03 9.858433e+02 7.778383e+02 8.434655e+02 
7.908208e+02 9.452357e+02 9.768227e+02 6.579550e+02 8.584495e+02 1.093585e+03 9.781433e+02 8.956802e+02 1.100561e+03 9.415471e+02 1.047224e+03 1.043981e+03 9.995977e+02 1.138579e+03 1.060513e+03 7.681441e+02 1.056146e+03 9.971974e+02 1.075404e+03 8.713154e+02 8.548870e+02 1.026791e+03 6.951580e+02 1.003110e+03 9.072885e+02 9.146639e+02 1.108719e+03 9.858433e+02 7.778383e+02 8.434655e+02 
7.860561e+02 9.267267e+02 9.768227e+02 6.579550e+02 7.522581e+02 1.074596e+03 9.633917e+02 8.956802e+02 1.042682e+03 8.891589e+02 1.031474e+03 1.043981e+03 9.995977e+02 9.928520e+02 9.586949e+02 7.681441e+02 1.003749e+03 9.971974e+02 1.031123e+03 8.713154e+02 8.548870e+02 1.022543e+03 6.950867e+02 1.003110e+03 8.341678e+02 9.025705e+02 1.108719e+03 9.858433e+02 7.778383e+02 8.326143e+02 
7.860561e+02 9.267267e+02 9.768227e+02 6.579550e+02 7.522581e+02 1.074596e+03 9.633917e+02 8.956802e+02 1.042682e+03 8.891589e+02 1.031474e+03 1.043981e+03 9.995977e+02 9.928520e+02 9.586949e+02 7.681441e+02 1.003749e+03 9.971974e+02 1.031123e+03 8.713154e+02 8.548870e+02 1.022543e+03 6.950867e+02 1.003110e+03 8.341678e+02 9.025705e+02 1.108719e+03 9.858433e+02 7.778383e+02 8.326143e+02 
7.547707e+02 7.904104e+02 9.465968e+02 6.579550e+02 7.522581e+02 9.701750e+02 9.633917e+02 8.934422e+02 9.930147e+02 8.623090e+02 8.219299e+02 9.898735e+02 9.374851e+02 9.814712e+02 9.586949e+02 7.655799e+02 9.172285e+02 9.380569e+02 1.002899e+03 8.713154e+02 8.548870e+02 1.022543e+03 6.950867e+02 1.003110e+03 7.837667e+02 8.518265e+02 9.046341e+02 9.534581e+02 7.778383e+02 8.298147e+02 
7.547707e+02 7.120313e+02 9.409408e+02 6.579550e+02 7.265136e+02 9.276677e+02 8.660222e+02 8.491516e+02 9.061664e+02 8.085442e+02 8.195826e+02 9.092344e+02 9.227329e+02 9.704413e+02 6.965813e+02 7.655799e+02 9.067546e+02 7.819054e+02 7.977243e+02 8.564125e+02 7.945461e+02 9.270229e+02 6.390341e+02 8.214389e+02 7.763691e+02 8.518265e+02 8.996868e+02 8.988851e+02 7.364108e+02 7.493396e+02 
7.375597e+02 6.691221e+02 7.111737e+02 6.579550e+02 6.583525e+02 7.841220e+02 7.582585e+02 7.644816e+02 8.101029e+02 6.984231e+02 8.195826e+02 8.262762e+02 6.844852e+02 7.672658e+02 5.894422e+02 6.870007e+02 8.650398e+02 7.582369e+02 7.977243e+02 8.564125e+02 6.550577e+02 7.879933e+02 6.199869e+02 7.224720e+02 7.462713e+02 8.158083e+02 8.177184e+02 8.242809e+02 6.787104e+02 6.818758e+02 
6.816069e+02 6.492131e+02 5.664363e+02 6.110953e+02 5.526916e+02 6.524840e+02 6.874910e+02 6.865957e+02 6.301205e+02 6.345969e+02 6.748200e+02 7.767876e+02 4.859998e+02 7.015102e+02 5.127508e+02 5.966896e+02 6.493696e+02 7.090184e+02 6.671218e+02 6.894031e+02 5.975961e+02 7.012636e+02 6.029034e+02 5.909314e+02 5.602296e+02 6.042551e+02 7.423447e+02 6.906360e+02 6.006566e+02 6.424297e+02 
5.494281e+02 6.022532e+02 4.890157e+02 5.887572e+02 5.246798e+02 5.804182e+02 5.220181e+02 6.113448e+02 5.731944e+02 4.674505e+02 6.254253e+02 5.850655e+02 4.710975e+02 5.666034e+02 4.895295e+02 5.239035e+02 6.132868e+02 6.120291e+02 5.631570e+02 6.028515e+02 5.138269e+02 5.405805e+02 5.985959e+02 4.670626e+02 4.938596e+02 5.544209e+02 5.579686e+02 4.856745e+02 5.109602e+02 5.128515e+02 
4.689674e+02 4.136304e+02 4.337228e+02 4.681596e+02 3.756268e+02 4.470984e+02 4.552245e+02 4.492575e+02 4.032394e+02 3.918312e+02 4.716715e+02 4.189213e+02 4.337491e+02 4.781977e+02 3.989428e+02 4.324323e+02 4.420652e+02 4.650814e+02 4.252635e+02 4.422598e+02 4.408017e+02 4.283851e+02 4.416411e+02 4.111608e+02 4.309983e+02 4.389900e+02 4.306042e+02 4.292414e+02 4.275088e+02 4.573140e+02 
3.198359e+02 3.355470e+02 3.421386e+02 3.117156e+02 3.307808e+02 3.212985e+02 3.145688e+02 3.161550e+02 3.447320e+02 3.446826e+02 3.261698e+02 3.410439e+02 3.197922e+02 3.474684e+02 3.308473e+02 3.200895e+02 3.445437e+02 3.357058e+02 3.355884e+02 3.368068e+02 3.472450e+02 3.389712e+02 3.449765e+02 3.322967e+02 3.175142e+02 3.331660e+02 3.303800e+02 3.403637e+02 3.426182e+02 3.358743e+02 
2.627165e+02 2.726640e+02 2.670009e+02 2.752275e+02 2.667127e+02 2.674525e+02 2.724596e+02 2.719671e+02 2.711087e+02 2.710689e+02 2.662844e+02 2.699749e+02 2.734263e+02 2.778443e+02 2.721600e+02 2.631602e+02 2.678572e+02 2.719079e+02 2.713205e+02 2.536775e+02 2.644523e+02 2.665454e+02 2.711774e+02 2.722763e+02 2.783490e+02 2.777113e+02 2.680936e+02 2.747723e+02 2.721176e+02 2.806862e+02 
2.292483e+02 2.325731e+02 2.335748e+02 2.351958e+02 2.352314e+02 2.355113e+02 2.357084e+02 2.358085e+02 2.359985e+02 2.363474e+02 2.366455e+02 2.368915e+02 2.371954e+02 2.373739e+02 2.380049e+02 2.383660e+02 2.384044e+02 2.386532e+02 2.387949e+02 2.397052e+02 2.399156e+02 2.401584e+02 2.402063e+02 2.402441e+02 2.404224e+02 2.404270e+02 2.407155e+02 2.408470e+02 2.408719e+02 2.418827e+02 
0.000000e+00 0.000000e+00 0.000000e+00 0.000000e+00 0.000000e+00 0.000000e+00 0.000000e+00 0.000000e+00 0.000000e+00 0.000000e+00 0.000000e+00 0.000000e+00 0.000000e+00 0.000000e+00 0.000000e+00 0.000000e+00 0.000000e+00 0.000000e+00 0.000000e+00 0.000000e+00 0.000000e+00 0.000000e+00 0.000000e+00 0.000000e+00 0.000000e+00 0.000000e+00 0.000000e+00 0.000000e+00 0.000000e+00 0.000000e+00 