8.610485e+01 8.115330e+01 8.220873e+01 8.095102e+01 1.110630e+02 8.328916e+01 9.631389e+01 8.659038e+01 1.072335e+02 9.502476e+01 1.049016e+02 1.006137e+02 9.948819e+01 8.254715e+01 9.052267e+01 8.736606e+01 7.597660e+01 9.352928e+01 1.059283e+02 9.381226e+01 9.862954e+01 1.057022e+02 1.119170e+02 9.235614e+01 9.321276e+01 9.272044e+01 8.472580e+01 9.011912e+01 1.000857e+02 8.048054e+01 
8.610485e+01 8.115330e+01 8.220873e+01 8.095102e+01 1.110630e+02 8.328916e+01 9.631389e+01 8.659038e+01 1.072335e+02 9.502476e+01 1.049016e+02 1.006137e+02 9.948819e+01 8.254715e+01 9.052267e+01 8.736606e+01 7.597660e+01 9.352928e+01 1.059283e+02 9.381226e+01 9.862954e+01 1.057022e+02 1.119170e+02 9.235614e+01 9.321276e+01 9.272044e+01 8.472580e+01 9.011912e+01 1.000857e+02 8.048054e+01 
8.610485e+01 8.115330e+01 8.220873e+01 8.095102e+01 1.110630e+02 8.328916e+01 9.631389e+01 8.659038e+01 1.072335e+02 9.502476e+01 1.049016e+02 1.006137e+02 9.948819e+01 8.254715e+01 9.052267e+01 8.736606e+01 7.597660e+01 9.352928e+01 1.059283e+02 9.381226e+01 9.862954e+01 1.057022e+02 1.119170e+02 9.235614e+01 9.321276e+01 9.272044e+01 8.472580e+01 9.011912e+01 1.000857e+02 8.048054e+01 
8.583804e+01 8.115330e+01 8.220873e+01 8.095102e+01 6.220391e+01 8.328916e+01 9.631389e+01 8.659038e+01 8.535277e+01 9.502476e+01 7.087256e+01 9.860235e+01 8.019483e+01 8.254715e+01 9.052267e+01 8.154128e+01 7.597660e+01 9.352928e+01 9.494372e+01 8.572523e+01 9.250512e+01 1.057022e+02 9.553524e+01 9.235614e+01 9.289626e+01 8.898728e+01 8.472580e+01 6.510223e+01 9.751442e+01 8.048054e+01 
8.583804e+01 8.115330e+01 8.220873e+01 8.095102e+01 6.220391e+01 7.397621e+01 8.116869e+01 8.330967e+01 8.535277e+01 9.502476e+01 7.087256e+01 7.457916e+01 8.019483e+01 8.254715e+01 9.052267e+01 8.154128e+01 6.787538e+01 9.352928e+01 8.426060e+01 8.572523e+01 9.250512e+01 1.057022e+02 9.119325e+01 9.235614e+01 9.289626e+01 8.898728e+01 8.472580e+01 6.510223e+01 9.509924e+01 8.048054e+01 
8.583804e+01 8.115330e+01 8.220873e+01 6.175137e+01 6.220391e+01 7.397621e+01 8.116869e+01 8.330967e+01 7.843538e+01 9.502476e+01 7.087256e+01 7.457916e+01 8.019483e+01 7.967848e+01 8.198672e+01 8.154128e+01 6.787538e+01 9.352928e+01 8.125218e+01 7.768673e+01 8.309123e+01 1.021965e+02 7.093439e+01 7.650204e+01 9.208996e+01 8.898728e+01 8.472580e+01 5.431682e+01 9.328087e+01 8.048054e+01 
5.088506e+01 7.900153e+01 8.220873e+01 6.175137e+01 6.056796e+01 7.142664e+01 8.116869e+01 8.330967e+01 7.843538e+01 7.261353e+01 7.087256e+01 7.457916e+01 7.681890e+01 7.120546e+01 8.198672e+01 8.154128e+01 6.421540e+01 8.647535e+01 6.741252e+01 7.768673e+01 7.329938e+01 8.241966e+01 7.093439e+01 6.735098e+01 7.757133e+01 8.057062e+01 8.413916e+01 5.431682e+01 9.081798e+01 8.048054e+01 
3.653748e+01 6.735459e+01 8.191047e+01 6.175137e+01 5.378802e+01 7.142664e+01 6.426392e+01 6.996204e+01 6.610554e+01 7.046571e+01 6.581563e+01 7.457916e+01 7.681890e+01 7.120546e+01 6.908526e+01 7.949140e+01 6.343060e+01 6.277536e+01 6.452402e+01 5.752025e+01 5.498442e+01 7.609455e+01 4.896221e+01 6.735098e+01 7.757133e+01 6.180626e+01 7.695212e+01 5.431682e+01 5.586120e+01 6.681647e+01 
3.653748e+01 6.735459e+01 6.957789e+01 6.002050e+01 5.378802e+01 5.347174e+01 6.426392e+01 6.996204e+01 6.294787e+01 6.597962e+01 6.581563e+01 5.569802e+01 7.072918e+01 6.062054e+01 6.577787e+01 6.428134e+01 6.343060e+01 6.277536e+01 6.452402e+01 5.752025e+01 4.290591e+01 6.195182e+01 4.896221e+01 6.735098e+01 6.366148e+01 5.823997e+01 7.647669e+01 5.431682e+01 5.586120e+01 4.932967e+01 
3.653748e+01 5.531713e+01 5.684763e+01 4.815756e+01 4.917108e+01 5.163727e+01 6.151985e+01 6.491151e+01 5.887758e+01 5.610565e+01 6.093421e+01 5.182161e+01 5.775896e+01 5.335963e+01 5.399530e+01 6.428134e+01 6.122229e+01 6.277536e+01 5.997365e+01 4.756354e+01 4.290591e+01 5.571509e+01 4.800733e+01 4.830346e+01 4.879239e+01 5.823997e+01 4.437564e+01 5.431682e+01 5.586120e+01 4.932967e+01 
3.256148e+01 4.084612e+01 4.395148e+01 3.493059e+01 4.658159e+01 3.489253e+01 5.523739e+01 4.899325e+01 4.344690e+01 4.372601e+01 5.692597e+01 4.972737e+01 4.709748e+01 4.740024e+01 4.651255e+01 5.368932e+01 5.196854e+01 5.194123e+01 4.780791e+01 3.447339e+01 4.290591e+01 5.068608e+01 4.800733e+01 4.315426e+01 3.704520e+01 3.576632e+01 4.093566e+01 4.321333e+01 4.225087e+01 4.514045e+01 
3.253327e+01 2.713197e+01 4.320829e+01 3.434306e+01 3.834670e+01 3.460241e+01 2.748640e+01 3.647703e+01 4.116872e+01 3.021439e+01 3.772091e+01 3.501662e+01 3.779907e+01 3.143739e+01 3.423450e+01 3.697598e+01 4.185069e+01 3.744796e+01 3.685481e+01 2.721249e+01 3.920841e+01 4.268595e+01 3.841825e+01 4.154452e+01 3.696826e+01 3.576632e+01 3.923373e+01 4.074301e+01 3.760880e+01 4.254443e+01 
1.591680e+01 1.172430e+01 2.487312e+01 2.666960e+01 2.823752e+01 2.815934e+01 2.125306e+01 2.702490e+01 2.927378e+01 3.003991e+01 2.104672e+01 2.179067e+01 2.737389e+01 2.511767e+01 2.391538e+01 2.573918e+01 3.195548e+01 3.241270e+01 1.549247e+01 2.721249e+01 2.649289e+01 2.935260e+01 2.384691e+01 3.573767e+01 2.332491e+01 2.407612e+01 2.687649e+01 2.443894e+01 2.118968e+01 3.101762e+01 
1.384704e+01 1.063459e+01 1.823293e+01 2.158084e+01 2.003711e+01 1.746604e+01 1.512822e+01 2.274242e+01 1.679613e+01 2.187147e+01 1.756207e+01 1.906170e+01 2.170402e+01 1.995011e+01 2.106075e+01 1.727613e+01 1.843083e+01 1.960047e+01 1.401916e+01 1.851067e+01 2.052515e+01 2.140816e+01 2.014687e+01 2.570381e+01 1.721343e+01 2.160344e+01 2.220227e+01 1.798667e+01 2.065240e+01 1.721973e+01 
1.294172e+01 6.953460e+00 1.241773e+01 9.575880e+00 1.509024e+01 8.398330e+00 1.480494e+01 1.488231e+01 1.436764e+01 1.287918e+01 1.281598e+01 1.106380e+01 1.268699e+01 1.245909e+01 1.166619e+01 1.249768e+01 1.512136e+01 1.379184e+01 1.204131e+01 1.528574e+01 1.808465e+01 1.648831e+01 1.537958e+01 1.573847e+01 1.393840e+01 1.573554e+01 1.517123e+01 1.393926e+01 1.448292e+01 1.549581e+01 
4.019730e+00 5.004230e+00 5.972070e+00 5.984280e+00 6.021840e+00 6.033370e+00 6.985070e+00 6.988210e+00 6.988320e+00 6.993950e+00 7.005010e+00 7.007130e+00 7.009280e+00 7.018460e+00 7.076900e+00 7.963210e+00 7.967490e+00 7.970300e+00 7.995410e+00 8.014340e+00 9.005390e+00 9.021570e+00 9.959660e+00 9.974620e+00 9.974700e+00 9.977750e+00 9.978600e+00 1.002437e+01 1.096858e+01 1.097638e+01 
0.000000e+00 0.000000e+00 0.000000e+00 0.000000e+00 0.000000e+00 0.000000e+00 0.000000e+00 0.000000e+00 0.000000e+00 0.000000e+00 0.000000e+00 0.000000e+00 0.000000e+00 0.000000e+00 0.000000e+00 0.000000e+00 0.000000e+00 0.000000e+00 0.000000e+00 0.000000e+00 0.000000e+00 0.000000e+00 0.000000e+00 0.000000e+00 0.000000e+00 0.000000e+00 0.000000e+00 0.000000e+00 0.000000e+00 0.000000e+00 