3.553547e+03 4.550363e+03 1.955919e+03 2.671739e+03 1.266720e+03 8.952573e+02 2.586361e+03 2.726301e+02 3.754377e+03 1.459791e+03 4.154837e+03 3.305361e+03 4.756490e+03 4.659596e+03 2.859757e+02 9.887845e+02 6.648839e+02 2.837359e+03 1.913464e+02 1.154601e+03 2.152080e+03 2.009941e+03 3.413813e+02 1.638066e+03 2.307884e+03 4.530745e+03 1.545882e+03 1.993339e+03 1.286559e+03 4.799942e+03 
3.553547e+03 4.550363e+03 1.955919e+03 2.671739e+03 1.266720e+03 8.952573e+02 2.586361e+03 2.726301e+02 3.754377e+03 1.459791e+03 4.154837e+03 3.305361e+03 4.756490e+03 4.659596e+03 2.859757e+02 9.887845e+02 6.648839e+02 2.837359e+03 1.913464e+02 1.154601e+03 2.152080e+03 2.009941e+03 3.413813e+02 1.638066e+03 2.307884e+03 4.530745e+03 1.545882e+03 1.993339e+03 1.286559e+03 4.799942e+03 
3.553547e+03 4.550363e+03 1.955919e+03 2.671739e+03 1.266720e+03 8.952573e+02 2.586361e+03 2.726301e+02 3.754377e+03 1.459791e+03 4.154837e+03 3.305361e+03 4.756490e+03 4.659596e+03 2.859757e+02 9.887845e+02 6.648839e+02 2.837359e+03 1.913464e+02 1.154601e+03 2.152080e+03 2.009941e+03 3.413813e+02 1.638066e+03 2.307884e+03 4.530745e+03 1.545882e+03 1.993339e+03 1.286559e+03 4.799942e+03 
3.553547e+03 4.550363e+03 1.955919e+03 2.671739e+03 1.266720e+03 8.952573e+02 2.586361e+03 2.726301e+02 3.754377e+03 1.459791e+03 4.154837e+03 3.305361e+03 4.756490e+03 4.659596e+03 2.859757e+02 9.887845e+02 6.648839e+02 2.837359e+03 1.913464e+02 1.154601e+03 2.152080e+03 2.009941e+03 3.413813e+02 1.638066e+03 2.307884e+03 4.530745e+03 1.545882e+03 1.993339e+03 1.286559e+03 4.799942e+03 
3.553547e+03 4.550363e+03 1.955919e+03 2.671739e+03 1.266720e+03 8.952573e+02 2.586361e+03 2.726301e+02 3.754377e+03 1.459791e+03 4.154837e+03 3.305361e+03 4.756490e+03 4.659596e+03 2.859757e+02 9.887845e+02 6.648839e+02 2.837359e+03 1.913464e+02 1.154601e+03 2.152080e+03 2.009941e+03 3.413813e+02 1.638066e+03 2.307884e+03 4.530745e+03 1.545882e+03 1.993339e+03 1.286559e+03 4.799942e+03 
3.553547e+03 4.550363e+03 1.955919e+03 2.671739e+03 1.266720e+03 8.952573e+02 2.129477e+03 2.723348e+02 1.500061e+03 1.459791e+03 3.868075e+03 3.305361e+03 4.756490e+03 4.659596e+03 2.809439e+02 9.887845e+02 6.648839e+02 2.837359e+03 1.896379e+02 1.154601e+03 2.152080e+03 1.977012e+03 3.413813e+02 1.638066e+03 2.307884e+03 5.289580e+02 1.284055e+03 1.797273e+03 1.012408e+03 3.312816e+03 
3.553547e+03 4.550363e+03 1.955919e+03 2.671739e+03 1.266720e+03 8.952573e+02 2.129477e+03 2.723348e+02 1.500061e+03 1.459791e+03 3.868075e+03 3.305361e+03 4.756490e+03 4.659596e+03 2.809439e+02 9.887845e+02 6.648839e+02 2.837359e+03 1.896379e+02 1.154601e+03 2.152080e+03 1.977012e+03 3.413813e+02 1.638066e+03 2.307884e+03 5.289580e+02 1.284055e+03 1.797273e+03 1.012408e+03 3.312816e+03 
3.545194e+03 3.376411e+03 8.095573e+02 1.048452e+03 9.722242e+02 8.952573e+02 2.129477e+03 2.723348e+02 8.771727e+02 1.443471e+03 1.298933e+03 8.992570e+02 1.512361e+03 4.460799e+03 2.685230e+02 9.887845e+02 6.139439e+02 2.371931e+03 1.895701e+02 8.491380e+02 1.757345e+03 1.718040e+03 3.413813e+02 1.163042e+03 8.336803e+02 5.289580e+02 5.486099e+02 7.491111e+02 1.012408e+03 3.312816e+03 
8.533078e+02 1.047744e+03 8.095573e+02 7.305391e+02 5.731443e+02 7.059172e+02 1.776496e+03 2.723348e+02 8.275597e+02 9.754390e+02 1.252554e+03 8.992570e+02 1.429656e+03 2.026997e+03 2.670117e+02 6.217659e+02 3.016983e+02 2.371931e+03 1.854706e+02 2.941445e+02 1.287439e+03 1.441713e+03 2.790993e+02 1.163042e+03 7.576835e+02 5.174060e+02 2.107168e+02 4.223947e+02 4.824848e+02 3.233413e+03 
6.108535e+02 1.047744e+03 5.766537e+02 7.305391e+02 5.312387e+02 4.653599e+02 5.801425e+02 2.681658e+02 4.173547e+02 2.815022e+02 4.832005e+02 4.857127e+02 3.113911e+02 1.383707e+03 2.654543e+02 4.984630e+02 2.185812e+02 4.001598e+02 1.776062e+02 2.319871e+02 1.019031e+03 1.198118e+03 2.558817e+02 3.460484e+02 2.353153e+02 4.828076e+02 2.107168e+02 2.329205e+02 2.950905e+02 7.266930e+02 
2.815095e+02 6.149147e+02 1.905394e+02 2.764196e+02 3.852672e+02 3.027433e+02 3.172641e+02 2.241935e+02 2.116982e+02 2.019963e+02 2.216422e+02 2.215380e+02 2.197207e+02 3.974629e+02 2.212523e+02 2.606226e+02 1.966884e+02 2.077398e+02 1.725965e+02 1.689501e+02 2.499728e+02 2.467465e+02 1.745683e+02 2.645646e+02 2.244563e+02 2.596058e+02 1.577902e+02 2.010462e+02 2.360449e+02 3.516074e+02 
1.686510e+02 1.851099e+02 1.376492e+02 1.507752e+02 1.763051e+02 1.751775e+02 1.841962e+02 1.687324e+02 1.384589e+02 1.519947e+02 1.504918e+02 1.656017e+02 1.831579e+02 1.830223e+02 1.373722e+02 1.510352e+02 1.430102e+02 1.618218e+02 1.551494e+02 1.462730e+02 1.538117e+02 1.676930e+02 1.480193e+02 1.765253e+02 1.672637e+02 1.717096e+02 1.400621e+02 1.579510e+02 1.666274e+02 1.354378e+02 
1.342668e+02 1.219078e+02 1.197485e+02 1.252200e+02 1.179713e+02 1.382360e+02 1.376517e+02 1.294407e+02 1.178333e+02 1.267087e+02 1.204714e+02 1.349705e+02 1.403405e+02 1.197973e+02 1.230601e+02 1.354841e+02 1.247431e+02 1.297466e+02 1.294557e+02 1.135342e+02 1.232307e+02 1.256548e+02 1.259469e+02 1.326600e+02 1.215652e+02 1.321090e+02 1.187380e+02 1.370414e+02 1.315210e+02 1.170269e+02 
1.062649e+02 1.083545e+02 1.024156e+02 1.039512e+02 1.020077e+02 1.019152e+02 1.034390e+02 1.047974e+02 1.013812e+02 1.099758e+02 1.029245e+02 1.022747e+02 1.115985e+02 1.024036e+02 1.026559e+02 1.033599e+02 1.035754e+02 1.030241e+02 1.035359e+02 1.022142e+02 1.022558e+02 1.088093e+02 1.031002e+02 1.018035e+02 1.046241e+02 1.042952e+02 1.022755e+02 1.078928e+02 1.076357e+02 1.054391e+02 
1.007975e+02 1.009864e+02 1.009355e+02 1.008592e+02 1.010358e+02 1.012657e+02 1.009419e+02 1.007582e+02 1.007926e+02 1.005442e+02 1.009125e+02 1.010972e+02 1.009588e+02 1.007215e+02 1.009634e+02 1.010281e+02 1.008165e+02 1.011028e+02 1.010759e+02 1.008848e+02 1.006871e+02 1.009037e+02 1.006637e+02 1.007883e+02 1.010402e+02 1.010787e+02 1.008870e+02 1.009706e+02 1.008266e+02 1.008139e+02 
0.000000e+00 0.000000e+00 0.000000e+00 0.000000e+00 3.120000e-02 3.120000e-02 4.600000e-02 6.250000e-02 6.250000e-02 6.250000e-02 6.250000e-02 6.350000e-02 9.370000e-02 9.370000e-02 9.370000e-02 9.380000e-02 9.410000e-02 1.252000e-01 1.252000e-01 2.336000e-01 2.921000e-01 3.250000e-01 4.428000e-01 5.758000e-01 6.482000e-01 2.110700e+00 2.136100e+00 2.877100e+00 3.599600e+00 4.322800e+00 
0.000000e+00 0.000000e+00 0.000000e+00 0.000000e+00 0.000000e+00 0.000000e+00 0.000000e+00 0.000000e+00 0.000000e+00 0.000000e+00 0.000000e+00 0.000000e+00 0.000000e+00 0.000000e+00 0.000000e+00 0.000000e+00 0.000000e+00 0.000000e+00 0.000000e+00 0.000000e+00 0.000000e+00 0.000000e+00 0.000000e+00 0.000000e+00 0.000000e+00 0.000000e+00 0.000000e+00 0.000000e+00 0.000000e+00 0.000000e+00 