   3.0405240e+03   2.9876115e+03   2.9182256e+03   3.0298069e+03   2.9881523e+03   2.9891461e+03   2.9791681e+03   3.0382264e+03   2.9737364e+03   3.0449382e+03   2.9904012e+03   2.9770786e+03   3.1057080e+03   3.0126443e+03   3.0194718e+03   3.0535546e+03   2.9621041e+03   3.0622066e+03   2.9436340e+03   2.9554133e+03   3.0192284e+03   3.0256726e+03   3.0019127e+03   3.0474647e+03   3.0704411e+03   3.0411646e+03   2.9747511e+03   3.0374449e+03   2.9919172e+03   2.9346999e+03
   3.0405240e+03   2.9876115e+03   2.9182256e+03   3.0298069e+03   2.9881523e+03   2.9891461e+03   2.9791681e+03   3.0382264e+03   2.9737364e+03   3.0449382e+03   2.9904012e+03   2.9770786e+03   3.1057080e+03   3.0126443e+03   3.0194718e+03   3.0535546e+03   2.9621041e+03   3.0622066e+03   2.9436340e+03   2.9554133e+03   3.0192284e+03   3.0256726e+03   3.0019127e+03   3.0474647e+03   3.0704411e+03   3.0411646e+03   2.9747511e+03   3.0374449e+03   2.9919172e+03   2.9346999e+03
   3.0405240e+03   2.9876115e+03   2.9182256e+03   3.0298069e+03   2.9881523e+03   2.9891461e+03   2.9791681e+03   3.0382264e+03   2.9737364e+03   3.0449382e+03   2.9904012e+03   2.9770786e+03   3.1057080e+03   3.0126443e+03   3.0194718e+03   3.0535546e+03   2.9621041e+03   3.0622066e+03   2.9436340e+03   2.9554133e+03   3.0192284e+03   3.0256726e+03   3.0019127e+03   3.0474647e+03   3.0704411e+03   3.0411646e+03   2.9747511e+03   3.0374449e+03   2.9919172e+03   2.9346999e+03
   3.0404825e+03   2.9876115e+03   2.9182256e+03   2.9933154e+03   2.9669829e+03   2.9760153e+03   2.9791681e+03   2.9894768e+03   2.9737364e+03   3.0152418e+03   2.9840081e+03   2.9770786e+03   3.0194165e+03   3.0126443e+03   3.0194718e+03   3.0535546e+03   2.9621041e+03   3.0297448e+03   2.9234784e+03   2.9497450e+03   3.0074502e+03   3.0256726e+03   3.0019127e+03   3.0474647e+03   3.0704411e+03   3.0411646e+03   2.9747511e+03   2.9959821e+03   2.9919172e+03   2.9346999e+03
   3.0399982e+03   2.9876115e+03   2.9182256e+03   2.9933154e+03   2.9669829e+03   2.9679872e+03   2.9791681e+03   2.9894768e+03   2.9508773e+03   2.9981867e+03   2.9770158e+03   2.9443770e+03   2.9463495e+03   2.9807291e+03   3.0142820e+03   3.0274018e+03   2.9613976e+03   3.0003297e+03   2.9234784e+03   2.9497450e+03   3.0074502e+03   3.0256726e+03   3.0019127e+03   3.0474647e+03   3.0704411e+03   2.9748444e+03   2.9747511e+03   2.9959821e+03   2.9919172e+03   2.9346999e+03
   3.0262766e+03   2.9876115e+03   2.9182256e+03   2.9933154e+03   2.9669829e+03   2.9679872e+03   2.9791681e+03   2.9803273e+03   2.9508773e+03   2.9981867e+03   2.9770158e+03   2.9443770e+03   2.9463495e+03   2.9807291e+03   3.0142820e+03   3.0274018e+03   2.9613976e+03   3.0003297e+03   2.9234784e+03   2.9497450e+03   3.0074502e+03   3.0107507e+03   3.0019127e+03   3.0451634e+03   2.9896008e+03   2.9748444e+03   2.9747511e+03   2.9879887e+03   2.9919172e+03   2.9294597e+03
   3.0147858e+03   2.9825140e+03   2.9182256e+03   2.9919636e+03   2.9669829e+03   2.9679872e+03   2.9769363e+03   2.9311648e+03   2.9383215e+03   2.9897625e+03   2.9093599e+03   2.9332929e+03   2.9463495e+03   2.9460038e+03   2.9762815e+03   3.0015755e+03   2.9613976e+03   2.9766632e+03   2.9234784e+03   2.9450962e+03   2.9975542e+03   2.9923487e+03   3.0019127e+03   3.0245963e+03   2.9896008e+03   2.9418455e+03   2.9566068e+03   2.9879887e+03   2.9836782e+03   2.9294597e+03
   2.9502027e+03   2.9825140e+03   2.9182256e+03   2.9772585e+03   2.9598698e+03   2.9679872e+03   2.9742554e+03   2.9132337e+03   2.9303462e+03   2.9651034e+03   2.9093599e+03   2.9332929e+03   2.9463495e+03   2.9460038e+03   2.9745711e+03   2.9670333e+03   2.9525730e+03   2.9704179e+03   2.9212079e+03   2.9374320e+03   2.9586688e+03   2.9403265e+03   2.9382055e+03   2.9994648e+03   2.9896008e+03   2.9288587e+03   2.9566068e+03   2.9875743e+03   2.9789902e+03   2.9294597e+03
   2.9334287e+03   2.9710138e+03   2.8994084e+03   2.9697238e+03   2.9215858e+03   2.9554147e+03   2.9243868e+03   2.9101710e+03   2.9250976e+03   2.9523616e+03   2.9068790e+03   2.9252044e+03   2.9348643e+03   2.9103985e+03   2.9431215e+03   2.9164715e+03   2.9507319e+03   2.9452544e+03   2.9202266e+03   2.9129852e+03   2.9497672e+03   2.9201345e+03   2.9382055e+03   2.9419224e+03   2.9633419e+03   2.9266235e+03   2.9566068e+03   2.9326500e+03   2.9657969e+03   2.9294597e+03
   2.9261787e+03   2.9236653e+03   2.8867052e+03   2.9598126e+03   2.9142270e+03   2.9270313e+03   2.9180493e+03   2.9043442e+03   2.9177791e+03   2.9260651e+03   2.8999123e+03   2.9097297e+03   2.9348643e+03   2.9031212e+03   2.9394622e+03   2.8959906e+03   2.9377847e+03   2.9350116e+03   2.9065851e+03   2.9096798e+03   2.9115961e+03   2.9031860e+03   2.9272404e+03   2.9251041e+03   2.9463974e+03   2.9057015e+03   2.9307814e+03   2.9317392e+03   2.9352732e+03   2.9274263e+03
   2.8992518e+03   2.8875895e+03   2.8833575e+03   2.9106066e+03   2.9017339e+03   2.8999009e+03   2.9040531e+03   2.8979509e+03   2.8985773e+03   2.8956923e+03   2.8961151e+03   2.8989840e+03   2.9129446e+03   2.8964040e+03   2.8952733e+03   2.8948817e+03   2.9148938e+03   2.9041200e+03   2.8986630e+03   2.8897231e+03   2.9026572e+03   2.8977415e+03   2.9022681e+03   2.8911180e+03   2.9214071e+03   2.8917902e+03   2.9018086e+03   2.9141428e+03   2.9048364e+03   2.9009431e+03
   2.8858865e+03   2.8804208e+03   2.8797579e+03   2.8956105e+03   2.8874029e+03   2.8792819e+03   2.8866252e+03   2.8877160e+03   2.8765845e+03   2.8785769e+03   2.8799473e+03   2.8917162e+03   2.8946391e+03   2.8872418e+03   2.8834739e+03   2.8849920e+03   2.8806968e+03   2.8966516e+03   2.8854967e+03   2.8800497e+03   2.8832380e+03   2.8821059e+03   2.8817400e+03   2.8857555e+03   2.8964841e+03   2.8877569e+03   2.8896619e+03   2.8861474e+03   2.8797510e+03   2.8866931e+03
   2.8746689e+03   2.8765746e+03   2.8712623e+03   2.8772091e+03   2.8754870e+03   2.8719715e+03   2.8736142e+03   2.8751743e+03   2.8763077e+03   2.8683380e+03   2.8738488e+03   2.8749970e+03   2.8768814e+03   2.8731759e+03   2.8726467e+03   2.8759842e+03   2.8711389e+03   2.8782207e+03   2.8745703e+03   2.8746481e+03   2.8737524e+03   2.8723809e+03   2.8757738e+03   2.8730549e+03   2.8748303e+03   2.8787430e+03   2.8724586e+03   2.8757369e+03   2.8750122e+03   2.8726012e+03
   2.8672803e+03   2.8705833e+03   2.8676512e+03   2.8677034e+03   2.8701271e+03   2.8691381e+03   2.8691302e+03   2.8689692e+03   2.8695724e+03   2.8673025e+03   2.8684962e+03   2.8693538e+03   2.8697567e+03   2.8686515e+03   2.8677586e+03   2.8681337e+03   2.8689398e+03   2.8687245e+03   2.8686357e+03   2.8674686e+03   2.8682205e+03   2.8673738e+03   2.8688080e+03   2.8684383e+03   2.8684442e+03   2.8706452e+03   2.8702498e+03   2.8704085e+03   2.8659010e+03   2.8701331e+03
   2.8651800e+03   2.8666062e+03   2.8658157e+03   2.8657527e+03   2.8666395e+03   2.8660176e+03   2.8654307e+03   2.8655246e+03   2.8659195e+03   2.8654197e+03   2.8664757e+03   2.8664912e+03   2.8665629e+03   2.8662178e+03   2.8654107e+03   2.8662581e+03   2.8661490e+03   2.8658992e+03   2.8647710e+03   2.8654283e+03   2.8669767e+03   2.8665033e+03   2.8662379e+03   2.8661469e+03   2.8635028e+03   2.8666056e+03   2.8674165e+03   2.8660956e+03   2.8652172e+03   2.8659832e+03
   2.8586913e+03   2.8593995e+03   2.8594241e+03   2.8594665e+03   2.8614066e+03   2.8614111e+03   2.8614414e+03   2.8615878e+03   2.8621572e+03   2.8625720e+03   2.8626282e+03   2.8626289e+03   2.8626295e+03   2.8626307e+03   2.8626388e+03   2.8626510e+03   2.8627004e+03   2.8627005e+03   2.8627014e+03   2.8627037e+03   2.8627368e+03   2.8627959e+03   2.8628402e+03   2.8628470e+03   2.8629112e+03   2.8630616e+03   2.8632067e+03   2.8632401e+03   2.8634800e+03   2.8635376e+03
