   9.3832946e+03   9.7462886e+03   1.0231021e+04   9.6839704e+03   1.0610222e+04   1.1278318e+04   9.5782371e+03   8.7078045e+03   9.6760373e+03   8.4004968e+03   1.0807633e+04   7.9933951e+03   1.0499304e+04   8.6381335e+03   8.3400830e+03   8.9659642e+03   1.0706709e+04   1.0972052e+04   8.6939810e+03   8.2511470e+03   1.1025605e+04   1.0616412e+04   8.6931662e+03   9.5041352e+03   1.0165054e+04   9.1328308e+03   9.4304525e+03   1.1590985e+04   1.0357786e+04   9.8736778e+03
   9.3832946e+03   9.7462886e+03   1.0231021e+04   9.6839704e+03   1.0610222e+04   1.1278318e+04   9.5782371e+03   8.7078045e+03   9.6760373e+03   8.4004968e+03   1.0807633e+04   7.9933951e+03   1.0499304e+04   8.6381335e+03   8.3400830e+03   8.9659642e+03   1.0706709e+04   1.0972052e+04   8.6939810e+03   8.2511470e+03   1.1025605e+04   1.0616412e+04   8.6931662e+03   9.5041352e+03   1.0165054e+04   9.1328308e+03   9.4304525e+03   1.1590985e+04   1.0357786e+04   9.8736778e+03
   9.3832946e+03   9.7462886e+03   1.0231021e+04   9.6839704e+03   1.0610222e+04   1.1278318e+04   9.5782371e+03   8.7078045e+03   9.6760373e+03   8.4004968e+03   1.0807633e+04   7.9933951e+03   1.0499304e+04   8.6381335e+03   8.3400830e+03   8.9659642e+03   1.0706709e+04   1.0972052e+04   8.6939810e+03   8.2511470e+03   1.1025605e+04   1.0616412e+04   8.6931662e+03   9.5041352e+03   1.0165054e+04   9.1328308e+03   9.4304525e+03   1.1590985e+04   1.0357786e+04   9.8736778e+03
   9.3832946e+03   9.7462886e+03   1.0231021e+04   9.6839704e+03   1.0610222e+04   1.1278318e+04   9.5782371e+03   8.7078045e+03   9.6760373e+03   8.4004968e+03   1.0807633e+04   7.9933951e+03   1.0499304e+04   8.6381335e+03   8.3400830e+03   8.9659642e+03   1.0706709e+04   1.0972052e+04   8.6939810e+03   8.2511470e+03   1.1025605e+04   1.0616412e+04   8.6931662e+03   9.5041352e+03   1.0165054e+04   9.1328308e+03   9.4304525e+03   1.1590985e+04   1.0357786e+04   9.8736778e+03
   9.3832946e+03   9.7462886e+03   1.0231021e+04   9.6839704e+03   1.0610222e+04   1.1278318e+04   9.5782371e+03   8.7078045e+03   9.6760373e+03   8.4004968e+03   1.0807633e+04   7.9933951e+03   1.0499304e+04   8.6381335e+03   8.3400830e+03   8.9659642e+03   1.0706709e+04   1.0972052e+04   8.6939810e+03   8.2511470e+03   1.1025605e+04   1.0616412e+04   8.6931662e+03   9.5041352e+03   1.0165054e+04   9.1328308e+03   9.4304525e+03   1.1590985e+04   1.0357786e+04   9.8736778e+03
   9.3832946e+03   9.7462886e+03   1.0231021e+04   9.6839704e+03   1.0610222e+04   1.1278318e+04   9.5782371e+03   8.7078045e+03   9.4916463e+03   8.4004968e+03   1.0059625e+04   7.9435785e+03   1.0499304e+04   8.2584669e+03   8.3400830e+03   8.9305206e+03   1.0517316e+04   9.3589778e+03   8.5346400e+03   8.1300905e+03   1.1025583e+04   1.0616412e+04   8.6931662e+03   8.9821892e+03   1.0039378e+04   9.1328308e+03   8.8491435e+03   1.1590985e+04   9.7926712e+03   9.8736778e+03
   9.3832946e+03   9.7462886e+03   1.0231021e+04   9.6839704e+03   1.0610222e+04   1.1278318e+04   9.5782371e+03   8.7078045e+03   9.4916463e+03   8.4004968e+03   1.0059625e+04   7.9435785e+03   1.0499304e+04   8.2584669e+03   8.3400830e+03   8.9305206e+03   1.0517316e+04   9.3589778e+03   8.5346400e+03   8.1300905e+03   1.1025583e+04   1.0616412e+04   8.6931662e+03   8.9821892e+03   1.0039378e+04   9.1328308e+03   8.8491435e+03   1.1590985e+04   9.7926712e+03   9.8736778e+03
   8.2234147e+03   9.5119617e+03   9.5721081e+03   9.5105828e+03   1.0255300e+04   1.0561439e+04   8.5888873e+03   8.3842039e+03   9.4916463e+03   6.5546060e+03   9.5471880e+03   7.5074347e+03   1.0129623e+04   7.6847689e+03   8.3400830e+03   8.9305206e+03   9.8199679e+03   9.3589778e+03   8.5346400e+03   7.8949879e+03   1.0553160e+04   9.6460047e+03   8.1007801e+03   8.8973973e+03   1.0037337e+04   8.0830646e+03   8.8491435e+03   1.1490076e+04   8.6693803e+03   9.6688651e+03
   8.1081931e+03   8.9974036e+03   8.7260303e+03   8.6153985e+03   8.7519225e+03   6.7496812e+03   7.9617855e+03   8.3309925e+03   7.6977000e+03   6.5546060e+03   8.1455319e+03   7.4114054e+03   9.1035434e+03   7.6176082e+03   8.3259904e+03   8.4076215e+03   9.5885498e+03   9.2324587e+03   8.5332249e+03   7.6677818e+03   9.1169083e+03   7.2513377e+03   7.9850345e+03   6.4668003e+03   6.7161022e+03   7.0151146e+03   8.6088814e+03   1.0613480e+04   8.6137268e+03   9.5484415e+03
   7.4749534e+03   7.0452147e+03   7.6776442e+03   8.0670313e+03   7.9992314e+03   5.8075426e+03   6.4874262e+03   7.7024080e+03   7.5166667e+03   6.5546060e+03   7.8146368e+03   7.2404498e+03   7.9214401e+03   7.4431181e+03   7.8884423e+03   8.1385692e+03   8.3444089e+03   7.8320086e+03   8.0060887e+03   5.9109718e+03   8.3460584e+03   6.1404277e+03   6.7186546e+03   5.8378774e+03   6.6809978e+03   7.0151146e+03   7.5592508e+03   8.2669720e+03   7.3763926e+03   8.1013402e+03
   6.3201476e+03   5.3342564e+03   6.8217151e+03   6.4842255e+03   6.7915816e+03   5.7281858e+03   6.3375586e+03   6.3830532e+03   6.6439152e+03   5.2914833e+03   5.8182758e+03   6.1351081e+03   6.8767597e+03   6.7264824e+03   6.6091800e+03   6.7334990e+03   6.7923686e+03   6.1765295e+03   6.8781349e+03   5.3762264e+03   6.4678172e+03   5.7618217e+03   5.8108427e+03   5.2678508e+03   6.2126318e+03   5.7990475e+03   6.2564860e+03   6.9945180e+03   5.5886354e+03   5.9789891e+03
   5.4198551e+03   4.7424295e+03   5.6067461e+03   4.9807399e+03   5.2778745e+03   4.6793382e+03   5.0668584e+03   5.4874042e+03   5.8370827e+03   4.7189835e+03   5.3337543e+03   5.0438098e+03   5.4332501e+03   4.6610094e+03   5.2466415e+03   5.5470288e+03   4.6717478e+03   5.2002313e+03   5.0509962e+03   4.6642848e+03   5.3338886e+03   4.6099272e+03   5.5296814e+03   4.9715865e+03   5.1669572e+03   4.5613488e+03   5.3698939e+03   5.1664852e+03   4.1240254e+03   5.0492725e+03
   4.4134091e+03   4.0061500e+03   4.0663328e+03   4.5902508e+03   4.3313986e+03   4.0699229e+03   4.3908142e+03   4.5727016e+03   4.3563570e+03   4.1361699e+03   4.0510881e+03   4.2270735e+03   4.4811321e+03   4.1126295e+03   4.0718918e+03   4.4598895e+03   4.2229992e+03   4.0118351e+03   4.2809845e+03   4.2303968e+03   4.3968814e+03   4.0058562e+03   4.3630084e+03   4.2551130e+03   4.3294931e+03   4.3269965e+03   4.3914534e+03   4.4259213e+03   3.8898786e+03   3.7267244e+03
   3.6206196e+03   3.5399841e+03   3.7687048e+03   3.5448298e+03   3.7143005e+03   3.5583776e+03   3.6455446e+03   3.6434643e+03   3.7570451e+03   3.5475426e+03   3.6050719e+03   3.6087714e+03   3.7425377e+03   3.7269009e+03   3.7478626e+03   3.4963678e+03   3.5563917e+03   3.5612220e+03   3.5048328e+03   3.5038533e+03   3.6067851e+03   3.6050104e+03   3.5355189e+03   3.5241032e+03   3.7132801e+03   3.5587335e+03   3.6205997e+03   3.6397081e+03   3.5318445e+03   3.5977310e+03
   3.0107723e+03   3.0069617e+03   2.9936642e+03   2.9808786e+03   2.9977934e+03   2.9980823e+03   2.9820089e+03   2.9988035e+03   3.0044766e+03   2.9928432e+03   2.9891436e+03   2.9947560e+03   2.9993030e+03   3.0110172e+03   3.0048727e+03   2.9694088e+03   2.9935721e+03   2.9835664e+03   3.0073840e+03   2.9901215e+03   2.9952167e+03   3.0050496e+03   2.9984448e+03   2.9980166e+03   2.9988215e+03   2.9762140e+03   2.9950932e+03   2.9985968e+03   2.9863703e+03   3.0122584e+03
   2.9000000e+03   2.9000000e+03   2.9000000e+03   2.9000000e+03   2.9000000e+03   2.9000000e+03   2.9000000e+03   2.9000000e+03   2.9000000e+03   2.9000000e+03   2.9000000e+03   2.9000000e+03   2.9000000e+03   2.9000000e+03   2.9000000e+03   2.9000000e+03   2.9000000e+03   2.9000000e+03   2.9000000e+03   2.9000000e+03   2.9000000e+03   2.9000000e+03   2.9000000e+03   2.9000000e+03   2.9000000e+03   2.9000000e+03   2.9000000e+03   2.9000000e+03   2.9000000e+03   2.9000000e+03
