   2.8363295e+03   2.9298251e+03   2.7876442e+03   2.8016284e+03   2.8266877e+03   2.6399824e+03   2.7962272e+03   2.8118137e+03   2.8255696e+03   2.7279191e+03   2.7350853e+03   2.7892213e+03   2.9118303e+03   2.6299214e+03   2.8665320e+03   2.8233090e+03   2.8770553e+03   2.7261944e+03   2.7389185e+03   2.7624496e+03   2.8946722e+03   2.8535112e+03   2.7250193e+03   2.7422205e+03   2.7494271e+03   2.8837832e+03   2.8595317e+03   2.7400538e+03   2.8446002e+03   2.7554325e+03
   2.8363295e+03   2.9298251e+03   2.7876442e+03   2.8016284e+03   2.8266877e+03   2.6399824e+03   2.7962272e+03   2.8118137e+03   2.8255696e+03   2.7279191e+03   2.7350853e+03   2.7892213e+03   2.9118303e+03   2.6299214e+03   2.8665320e+03   2.8233090e+03   2.8770553e+03   2.7261944e+03   2.7389185e+03   2.7624496e+03   2.8946722e+03   2.8535112e+03   2.7250193e+03   2.7422205e+03   2.7494271e+03   2.8837832e+03   2.8595317e+03   2.7400538e+03   2.8446002e+03   2.7554325e+03
   2.8363295e+03   2.9298251e+03   2.7876442e+03   2.8016284e+03   2.8266877e+03   2.6399824e+03   2.7962272e+03   2.8118137e+03   2.8255696e+03   2.7279191e+03   2.7350853e+03   2.7892213e+03   2.9118303e+03   2.6299214e+03   2.8665320e+03   2.8233090e+03   2.8770553e+03   2.7261944e+03   2.7389185e+03   2.7624496e+03   2.8946722e+03   2.8535112e+03   2.7250193e+03   2.7422205e+03   2.7494271e+03   2.8837832e+03   2.8595317e+03   2.7400538e+03   2.8446002e+03   2.7554325e+03
   2.8199316e+03   2.8658570e+03   2.7876442e+03   2.8016284e+03   2.8266877e+03   2.6399824e+03   2.7962272e+03   2.8113539e+03   2.8255696e+03   2.7275518e+03   2.7350853e+03   2.7892213e+03   2.7726124e+03   2.6175483e+03   2.8097105e+03   2.7291126e+03   2.8770553e+03   2.7232139e+03   2.7082634e+03   2.7624496e+03   2.7820680e+03   2.8535112e+03   2.7178214e+03   2.7422205e+03   2.7247102e+03   2.8011248e+03   2.7698052e+03   2.7250239e+03   2.8440702e+03   2.7502700e+03
   2.7706648e+03   2.7035768e+03   2.7859316e+03   2.7606076e+03   2.8246503e+03   2.6399824e+03   2.7674026e+03   2.7478842e+03   2.7664624e+03   2.7275518e+03   2.7350853e+03   2.7804163e+03   2.7607871e+03   2.6175483e+03   2.7615094e+03   2.7291126e+03   2.7709658e+03   2.7027616e+03   2.6878689e+03   2.7624496e+03   2.7655095e+03   2.8060559e+03   2.7129317e+03   2.7422205e+03   2.7042582e+03   2.7718525e+03   2.7666061e+03   2.7250239e+03   2.8407706e+03   2.7399718e+03
   2.7551924e+03   2.7035768e+03   2.7858167e+03   2.7606076e+03   2.7455146e+03   2.6399824e+03   2.7153304e+03   2.7478842e+03   2.7578429e+03   2.7275518e+03   2.7256461e+03   2.7804163e+03   2.7607871e+03   2.6105153e+03   2.7600715e+03   2.7291126e+03   2.7568372e+03   2.6845007e+03   2.6878689e+03   2.7468121e+03   2.7580672e+03   2.7094282e+03   2.7129317e+03   2.7422205e+03   2.7042582e+03   2.7712318e+03   2.7639794e+03   2.7250239e+03   2.7737925e+03   2.7399718e+03
   2.7495803e+03   2.6873874e+03   2.7858167e+03   2.7003149e+03   2.7418278e+03   2.6399824e+03   2.6949138e+03   2.7478842e+03   2.7369362e+03   2.7145969e+03   2.6818995e+03   2.7590988e+03   2.7508616e+03   2.6105153e+03   2.7468896e+03   2.7291126e+03   2.7568372e+03   2.6845007e+03   2.6869998e+03   2.7226325e+03   2.6965353e+03   2.7005709e+03   2.6700747e+03   2.7332150e+03   2.7042582e+03   2.6369783e+03   2.7639794e+03   2.6958946e+03   2.6996331e+03   2.7266378e+03
   2.6953201e+03   2.6679513e+03   2.7040182e+03   2.7003149e+03   2.7418278e+03   2.6338997e+03   2.6566069e+03   2.7392141e+03   2.7007181e+03   2.6927929e+03   2.6815478e+03   2.7127709e+03   2.7456731e+03   2.6090039e+03   2.7282443e+03   2.6819751e+03   2.6442573e+03   2.6842042e+03   2.6844595e+03   2.7037038e+03   2.6928792e+03   2.6723835e+03   2.6700747e+03   2.6561251e+03   2.6983102e+03   2.6172915e+03   2.7573591e+03   2.6915985e+03   2.6996331e+03   2.7266378e+03
   2.6868245e+03   2.6419404e+03   2.6848380e+03   2.6406157e+03   2.6665789e+03   2.6293539e+03   2.6499328e+03   2.6753354e+03   2.6604055e+03   2.6914721e+03   2.6804541e+03   2.6704104e+03   2.7195840e+03   2.5899947e+03   2.6081261e+03   2.6819461e+03   2.6341898e+03   2.6818348e+03   2.6844595e+03   2.6482858e+03   2.6875195e+03   2.6723835e+03   2.6262724e+03   2.6249899e+03   2.6664099e+03   2.6160539e+03   2.6821525e+03   2.6797006e+03   2.6770929e+03   2.7051842e+03
   2.6246377e+03   2.6296064e+03   2.6562299e+03   2.6327088e+03   2.5977417e+03   2.6201374e+03   2.6479859e+03   2.6531277e+03   2.6220423e+03   2.6513273e+03   2.6469195e+03   2.6601316e+03   2.6639320e+03   2.5882967e+03   2.6072195e+03   2.6661060e+03   2.6307634e+03   2.6466997e+03   2.6582732e+03   2.6389024e+03   2.6718467e+03   2.6306275e+03   2.5796707e+03   2.6249899e+03   2.6308228e+03   2.6111616e+03   2.6707540e+03   2.6631922e+03   2.6319802e+03   2.6280934e+03
   2.6210705e+03   2.6127591e+03   2.6279439e+03   2.6219072e+03   2.5838869e+03   2.5967441e+03   2.6304530e+03   2.6038814e+03   2.6014998e+03   2.5706689e+03   2.5947938e+03   2.5969018e+03   2.6200064e+03   2.5634586e+03   2.6039221e+03   2.6289123e+03   2.6011968e+03   2.5896713e+03   2.5919450e+03   2.6299166e+03   2.6015035e+03   2.5942747e+03   2.5582541e+03   2.5812303e+03   2.6195564e+03   2.6001236e+03   2.5906248e+03   2.5951675e+03   2.6068062e+03   2.5779506e+03
   2.5662548e+03   2.5453126e+03   2.5837114e+03   2.5813277e+03   2.5650942e+03   2.5743274e+03   2.5733518e+03   2.5641346e+03   2.5609456e+03   2.5555419e+03   2.5772904e+03   2.5687129e+03   2.5680892e+03   2.5492960e+03   2.5653130e+03   2.5636321e+03   2.5795404e+03   2.5594179e+03   2.5705588e+03   2.5728649e+03   2.5861891e+03   2.5764546e+03   2.5539119e+03   2.5592331e+03   2.5640256e+03   2.5695703e+03   2.5539127e+03   2.5654702e+03   2.5597249e+03   2.5456325e+03
   2.5461343e+03   2.5396775e+03   2.5480680e+03   2.5433607e+03   2.5509190e+03   2.5394930e+03   2.5416671e+03   2.5466016e+03   2.5384148e+03   2.5464397e+03   2.5497569e+03   2.5427244e+03   2.5442121e+03   2.5448779e+03   2.5451985e+03   2.5392649e+03   2.5521604e+03   2.5435294e+03   2.5455964e+03   2.5451701e+03   2.5544283e+03   2.5489708e+03   2.5455465e+03   2.5401158e+03   2.5481618e+03   2.5471106e+03   2.5400767e+03   2.5435518e+03   2.5451868e+03   2.5341850e+03
   2.5350859e+03   2.5350593e+03   2.5341519e+03   2.5342588e+03   2.5351318e+03   2.5348673e+03   2.5364018e+03   2.5358508e+03   2.5350181e+03   2.5376990e+03   2.5340069e+03   2.5321720e+03   2.5344674e+03   2.5370041e+03   2.5321677e+03   2.5327777e+03   2.5425022e+03   2.5383928e+03   2.5318983e+03   2.5351546e+03   2.5348706e+03   2.5348102e+03   2.5333193e+03   2.5306774e+03   2.5413873e+03   2.5411470e+03   2.5352156e+03   2.5336839e+03   2.5381141e+03   2.5334741e+03
   2.5309293e+03   2.5298256e+03   2.5300997e+03   2.5297554e+03   2.5306934e+03   2.5311263e+03   2.5308722e+03   2.5312645e+03   2.5310639e+03   2.5306121e+03   2.5298760e+03   2.5299536e+03   2.5297883e+03   2.5298566e+03   2.5296844e+03   2.5304321e+03   2.5314384e+03   2.5317973e+03   2.5302736e+03   2.5300577e+03   2.5300247e+03   2.5299527e+03   2.5305417e+03   2.5293844e+03   2.5305412e+03   2.5310204e+03   2.5300594e+03   2.5296095e+03   2.5296368e+03   2.5301105e+03
   2.5292844e+03   2.5292844e+03   2.5292844e+03   2.5292844e+03   2.5292844e+03   2.5292844e+03   2.5292844e+03   2.5292844e+03   2.5292844e+03   2.5292844e+03   2.5292844e+03   2.5292844e+03   2.5292844e+03   2.5292844e+03   2.5292844e+03   2.5292844e+03   2.5292844e+03   2.5292844e+03   2.5292844e+03   2.5292844e+03   2.5292844e+03   2.5292844e+03   2.5292844e+03   2.5292844e+03   2.5292844e+03   2.5292844e+03   2.5292844e+03   2.5292844e+03   2.5292844e+03   2.5292844e+03
