   2.2804084e+03   2.2659476e+03   2.3190225e+03   2.2601620e+03   2.2393798e+03   2.2652407e+03   2.2693233e+03   2.3797973e+03   2.3031929e+03   2.3194188e+03   2.2341883e+03   2.2623650e+03   2.2812671e+03   2.3730298e+03   2.3117624e+03   2.2920894e+03   2.3100284e+03   2.3147403e+03   2.2707619e+03   2.2602638e+03   2.2885061e+03   2.2619596e+03   2.2755368e+03   2.3195876e+03   2.4340219e+03   2.2835371e+03   2.4041519e+03   2.2831101e+03   2.2652001e+03   2.3346748e+03
   2.2804084e+03   2.2659476e+03   2.3190225e+03   2.2601620e+03   2.2393798e+03   2.2652407e+03   2.2693233e+03   2.3797973e+03   2.3031929e+03   2.3194188e+03   2.2341883e+03   2.2623650e+03   2.2812671e+03   2.3730298e+03   2.3117624e+03   2.2920894e+03   2.3100284e+03   2.3147403e+03   2.2707619e+03   2.2602638e+03   2.2885061e+03   2.2619596e+03   2.2755368e+03   2.3195876e+03   2.4340219e+03   2.2835371e+03   2.4041519e+03   2.2831101e+03   2.2652001e+03   2.3346748e+03
   2.2804084e+03   2.2659476e+03   2.3190225e+03   2.2601620e+03   2.2393798e+03   2.2652407e+03   2.2693233e+03   2.3797973e+03   2.3031929e+03   2.3194188e+03   2.2341883e+03   2.2623650e+03   2.2812671e+03   2.3730298e+03   2.3117624e+03   2.2920894e+03   2.3100284e+03   2.3147403e+03   2.2707619e+03   2.2602638e+03   2.2885061e+03   2.2619596e+03   2.2755368e+03   2.3195876e+03   2.4340219e+03   2.2835371e+03   2.4041519e+03   2.2831101e+03   2.2652001e+03   2.3346748e+03
   2.2804084e+03   2.2659476e+03   2.3190225e+03   2.2601304e+03   2.2368352e+03   2.2581830e+03   2.2635463e+03   2.3797973e+03   2.3031929e+03   2.3014607e+03   2.2341883e+03   2.2595701e+03   2.2783398e+03   2.2944932e+03   2.2921958e+03   2.2920894e+03   2.2714023e+03   2.3147403e+03   2.2707619e+03   2.2602638e+03   2.2885061e+03   2.2545566e+03   2.2755368e+03   2.2789468e+03   2.2932153e+03   2.2835371e+03   2.4041519e+03   2.2831101e+03   2.2652001e+03   2.3346748e+03
   2.2798360e+03   2.2659476e+03   2.3190225e+03   2.2601304e+03   2.2368352e+03   2.2581830e+03   2.2635463e+03   2.2617591e+03   2.2649617e+03   2.3014607e+03   2.2341883e+03   2.2595701e+03   2.2783398e+03   2.2944932e+03   2.2853008e+03   2.2917071e+03   2.2714023e+03   2.3147403e+03   2.2707619e+03   2.2428987e+03   2.2885061e+03   2.2421356e+03   2.2755368e+03   2.2789468e+03   2.2639171e+03   2.2504716e+03   2.3210945e+03   2.2805154e+03   2.2652001e+03   2.3289974e+03
   2.2798360e+03   2.2609921e+03   2.3124006e+03   2.2601304e+03   2.2368352e+03   2.2561316e+03   2.2564075e+03   2.2503853e+03   2.2649617e+03   2.3014607e+03   2.2341883e+03   2.2595701e+03   2.2783398e+03   2.2891979e+03   2.2849565e+03   2.2654365e+03   2.2714023e+03   2.2817319e+03   2.2707619e+03   2.2428987e+03   2.2885061e+03   2.2421356e+03   2.2755368e+03   2.2726485e+03   2.2639171e+03   2.2504716e+03   2.3210945e+03   2.2805154e+03   2.2637287e+03   2.3115787e+03
   2.2504242e+03   2.2524451e+03   2.3107533e+03   2.2601304e+03   2.2368352e+03   2.2561316e+03   2.2564075e+03   2.2503853e+03   2.2638131e+03   2.2801713e+03   2.2341320e+03   2.2587914e+03   2.2418692e+03   2.2756224e+03   2.2664269e+03   2.2654365e+03   2.2405935e+03   2.2805831e+03   2.2697133e+03   2.2428487e+03   2.2861771e+03   2.2390273e+03   2.2460460e+03   2.2724088e+03   2.2623785e+03   2.2427085e+03   2.2500679e+03   2.2698409e+03   2.2637287e+03   2.2599321e+03
   2.2504242e+03   2.2524451e+03   2.2589518e+03   2.2571274e+03   2.2368352e+03   2.2419078e+03   2.2405272e+03   2.2371716e+03   2.2638131e+03   2.2801713e+03   2.2341320e+03   2.2524860e+03   2.2368233e+03   2.2554766e+03   2.2664269e+03   2.2594153e+03   2.2405935e+03   2.2604884e+03   2.2532881e+03   2.2404977e+03   2.2505795e+03   2.2378035e+03   2.2460460e+03   2.2689698e+03   2.2563703e+03   2.2427085e+03   2.2500679e+03   2.2633290e+03   2.2546555e+03   2.2526542e+03
   2.2481092e+03   2.2497025e+03   2.2378950e+03   2.2461146e+03   2.2278700e+03   2.2310226e+03   2.2315020e+03   2.2371716e+03   2.2384799e+03   2.2571151e+03   2.2341320e+03   2.2459346e+03   2.2368233e+03   2.2317555e+03   2.2421714e+03   2.2444848e+03   2.2327882e+03   2.2370644e+03   2.2395621e+03   2.2304887e+03   2.2398981e+03   2.2353489e+03   2.2419976e+03   2.2529892e+03   2.2336639e+03   2.2407113e+03   2.2364731e+03   2.2324249e+03   2.2418138e+03   2.2487616e+03
   2.2326910e+03   2.2317193e+03   2.2346483e+03   2.2414084e+03   2.2278700e+03   2.2309845e+03   2.2276004e+03   2.2333557e+03   2.2312371e+03   2.2363344e+03   2.2314248e+03   2.2356569e+03   2.2324175e+03   2.2317555e+03   2.2326119e+03   2.2309289e+03   2.2281693e+03   2.2352470e+03   2.2305565e+03   2.2286541e+03   2.2397694e+03   2.2331967e+03   2.2404851e+03   2.2408277e+03   2.2281706e+03   2.2377886e+03   2.2313581e+03   2.2308254e+03   2.2304357e+03   2.2458957e+03
   2.2283898e+03   2.2282996e+03   2.2279420e+03   2.2291386e+03   2.2275638e+03   2.2261894e+03   2.2247142e+03   2.2312262e+03   2.2284410e+03   2.2268237e+03   2.2313942e+03   2.2277511e+03   2.2282704e+03   2.2289729e+03   2.2307809e+03   2.2264745e+03   2.2280951e+03   2.2264266e+03   2.2284565e+03   2.2284357e+03   2.2316405e+03   2.2301832e+03   2.2278263e+03   2.2293688e+03   2.2281706e+03   2.2312781e+03   2.2300317e+03   2.2288260e+03   2.2292828e+03   2.2289762e+03
   2.2254291e+03   2.2252126e+03   2.2248859e+03   2.2268176e+03   2.2248683e+03   2.2256489e+03   2.2242308e+03   2.2262084e+03   2.2253652e+03   2.2252323e+03   2.2248457e+03   2.2253802e+03   2.2180414e+03   2.2274892e+03   2.2262610e+03   2.2256824e+03   2.2280855e+03   2.2249377e+03   2.2230039e+03   2.2260207e+03   2.2279070e+03   2.2260129e+03   2.2258424e+03   2.2264899e+03   2.2249197e+03   2.2235808e+03   2.2254985e+03   2.2209928e+03   2.2278538e+03   2.2257427e+03
   2.2196113e+03   2.2243822e+03   2.2226805e+03   2.2231329e+03   2.2236594e+03   2.2115683e+03   2.2234942e+03   2.2243297e+03   2.2227105e+03   2.2225375e+03   2.2174380e+03   2.2226053e+03   2.2159267e+03   2.2189978e+03   2.2219872e+03   2.2238448e+03   2.2225429e+03   2.2238377e+03   2.2219458e+03   2.2148509e+03   2.2201476e+03   2.2240783e+03   2.2170005e+03   2.2206070e+03   2.2237367e+03   2.2173705e+03   2.2238849e+03   2.2209823e+03   2.2211547e+03   2.2230812e+03
   2.2167983e+03   2.2154819e+03   2.2145072e+03   2.2201444e+03   2.2214417e+03   2.2079530e+03   2.2147751e+03   2.2205268e+03   2.2202853e+03   2.2140269e+03   2.2133394e+03   2.2151688e+03   2.2159267e+03   2.2100408e+03   2.2144409e+03   2.2210624e+03   2.2164520e+03   2.2092737e+03   2.2166650e+03   2.2148140e+03   2.2138650e+03   2.2167388e+03   2.2143437e+03   2.2153188e+03   2.2180211e+03   2.2157179e+03   2.2190456e+03   2.2127304e+03   2.2158240e+03   2.2229979e+03
   2.2110427e+03   2.2090174e+03   2.2122810e+03   2.2154722e+03   2.2098900e+03   2.2072547e+03   2.2116806e+03   2.2161383e+03   2.2127796e+03   2.2092084e+03   2.2118059e+03   2.2151688e+03   2.2124729e+03   2.2097214e+03   2.2061401e+03   2.2163825e+03   2.2132057e+03   2.2092287e+03   2.2143375e+03   2.2106209e+03   2.2112987e+03   2.2143772e+03   2.2126736e+03   2.2115199e+03   2.2114410e+03   2.2103293e+03   2.2153587e+03   2.2111066e+03   2.2126112e+03   2.2170641e+03
   2.2002985e+03   2.2003156e+03   2.2003920e+03   2.2004104e+03   2.2004168e+03   2.2004583e+03   2.2004594e+03   2.2005679e+03   2.2005695e+03   2.2005841e+03   2.2006369e+03   2.2006469e+03   2.2006769e+03   2.2006945e+03   2.2007416e+03   2.2007644e+03   2.2007749e+03   2.2007921e+03   2.2007983e+03   2.2008089e+03   2.2008141e+03   2.2008158e+03   2.2008614e+03   2.2008706e+03   2.2008830e+03   2.2009082e+03   2.2010237e+03   2.2010616e+03   2.2011294e+03   2.2017281e+03
