   2.6149466e+09   3.2716335e+09   2.9015006e+09   1.6351983e+09   3.3357081e+09   3.5386249e+09   3.7776836e+09   2.8185427e+09   1.8977946e+09   2.1730114e+09   2.1942741e+09   2.0235058e+09   3.0182414e+09   3.5014948e+09   1.9999584e+09   1.6561742e+09   2.4846986e+09   3.3154109e+09   1.6613892e+09   2.0216022e+09   2.6527313e+09   2.4554472e+09   1.5060848e+09   2.7400669e+09   1.5321610e+09   3.6372127e+09   3.1074998e+09   2.3506864e+09   2.0812752e+09   2.7383732e+09
   2.6149466e+09   3.2716335e+09   2.9015006e+09   1.6351983e+09   3.3357081e+09   3.5386249e+09   3.7776836e+09   2.8185427e+09   1.8977946e+09   2.1730114e+09   2.1942741e+09   2.0235058e+09   3.0182414e+09   3.5014948e+09   1.9999584e+09   1.6561742e+09   2.4846986e+09   3.3154109e+09   1.6613892e+09   2.0216022e+09   2.6527313e+09   2.4554472e+09   1.5060848e+09   2.7400669e+09   1.5321610e+09   3.6372127e+09   3.1074998e+09   2.3506864e+09   2.0812752e+09   2.7383732e+09
   2.6149466e+09   3.2716335e+09   2.9015006e+09   1.6351983e+09   3.3357081e+09   3.5386249e+09   3.7776836e+09   2.8185427e+09   1.8977946e+09   2.1730114e+09   2.1942741e+09   2.0235058e+09   3.0182414e+09   3.5014948e+09   1.9999584e+09   1.6561742e+09   2.4846986e+09   3.3154109e+09   1.6613892e+09   2.0216022e+09   2.6527313e+09   2.4554472e+09   1.5060848e+09   2.7400669e+09   1.5321610e+09   3.6372127e+09   3.1074998e+09   2.3506864e+09   2.0812752e+09   2.7383732e+09
   2.6149466e+09   3.2716335e+09   2.9015006e+09   1.6351983e+09   3.3357081e+09   3.5386249e+09   3.7776836e+09   2.8185427e+09   1.8977946e+09   2.1730114e+09   2.1942741e+09   2.0235058e+09   3.0182414e+09   3.5014948e+09   1.9999584e+09   1.6561742e+09   2.4846986e+09   3.3154109e+09   1.6613892e+09   2.0216022e+09   2.6527313e+09   2.4554472e+09   1.5060848e+09   2.7400669e+09   1.5321610e+09   3.6372127e+09   3.1074998e+09   2.3506864e+09   2.0812752e+09   2.7383732e+09
   2.6149466e+09   3.2716335e+09   2.9015006e+09   1.6351983e+09   3.3357081e+09   3.5386249e+09   3.7776836e+09   2.8185427e+09   1.8977946e+09   2.1730114e+09   2.1942741e+09   2.0235058e+09   3.0182414e+09   3.5014948e+09   1.9999584e+09   1.6561742e+09   2.4846986e+09   3.3154109e+09   1.6613892e+09   2.0216022e+09   2.6527313e+09   2.4554472e+09   1.5060848e+09   2.7400669e+09   1.5321610e+09   3.6372127e+09   3.1074998e+09   2.3506864e+09   2.0812752e+09   2.7383732e+09
   2.6149466e+09   3.2716335e+09   2.9015006e+09   8.6688286e+08   3.3357081e+09   2.7782187e+09   2.7122938e+09   2.8185427e+09   1.8977946e+09   2.1730114e+09   2.1942741e+09   2.0235058e+09   2.3281879e+09   3.4945962e+09   1.9999584e+09   1.6561742e+09   2.4846986e+09   2.9933641e+09   1.1056923e+09   2.0216022e+09   2.6527313e+09   2.4554472e+09   1.5060848e+09   1.7137071e+09   1.5321610e+09   3.6372127e+09   3.1074998e+09   2.2028354e+09   2.0812751e+09   2.7383732e+09
   2.6149466e+09   3.2716335e+09   2.9015006e+09   8.6688286e+08   3.3357081e+09   2.7782187e+09   2.7122938e+09   2.8185427e+09   1.8977946e+09   2.1730114e+09   2.1942741e+09   2.0235058e+09   2.3281879e+09   3.4945962e+09   1.9999584e+09   1.6561742e+09   2.4846986e+09   2.9933641e+09   1.1056923e+09   2.0216022e+09   2.6527313e+09   2.4554472e+09   1.5060848e+09   1.7137071e+09   1.5321610e+09   3.6372127e+09   3.1074998e+09   2.2028354e+09   2.0812751e+09   2.7383732e+09
   1.6510459e+09   2.5563450e+09   2.3296552e+09   8.6688286e+08   2.4121858e+09   1.9916707e+09   1.7821741e+09   2.8185426e+09   1.8977946e+09   1.6968866e+09   2.0090742e+09   1.7856786e+09   2.3281879e+09   3.1951064e+09   1.9003059e+09   1.6561742e+09   2.4846986e+09   1.4771252e+09   1.1056922e+09   2.0216022e+09   2.6527313e+09   1.6798619e+09   1.5060848e+09   1.7137071e+09   1.0625856e+09   2.3153559e+09   3.1074998e+09   1.5346193e+09   2.0812751e+09   2.7297615e+09
   1.3415978e+09   7.7274213e+08   1.1041779e+09   8.6688286e+08   1.5970119e+09   7.6310275e+08   1.7449973e+09   2.4999736e+09   1.8323325e+09   1.4983305e+09   1.3135767e+09   1.5583166e+09   1.2010472e+09   2.5804949e+09   1.1822772e+09   1.2665916e+09   8.5898617e+08   1.0145647e+09   1.1056921e+09   1.1421224e+09   2.1975344e+09   1.6275884e+09   1.2583929e+09   1.2966020e+09   9.5454192e+08   1.7739712e+09   2.3955538e+09   1.4828443e+09   2.0812751e+09   2.5624482e+09
   1.2007556e+09   7.7274210e+08   7.4655282e+08   5.0071017e+08   1.4051579e+09   1.9488971e+08   2.4797160e+08   1.6152623e+09   8.6899409e+08   9.1555224e+08   1.3032868e+09   7.2766172e+08   9.3412429e+08   6.8557328e+08   1.1822772e+09   1.2611848e+09   8.1788709e+08   6.4560314e+08   9.3814436e+08   1.1208856e+09   7.0441863e+08   5.9809341e+08   1.1930756e+09   8.1814770e+08   9.5330689e+08   1.2714005e+09   1.1465081e+09   1.2756786e+09   1.3922382e+09   8.8495241e+08
   2.0560977e+08   6.8316900e+08   5.3192927e+08   2.1683322e+08   4.2967911e+08   1.7792887e+08   2.1175730e+08   4.9303501e+08   4.5913287e+08   2.6406694e+08   8.5376100e+08   3.5166227e+08   3.8680092e+08   3.2100287e+08   2.8208961e+08   4.3994032e+08   4.8184923e+08   4.0433723e+08   3.5903208e+08   5.4935250e+08   4.1196713e+08   5.1775599e+08   3.0926328e+08   5.7115675e+08   3.4995159e+08   4.9198234e+08   5.3112507e+08   2.9954800e+08   5.8902860e+08   7.4158034e+08
   1.9281944e+08   9.9923299e+07   1.2130694e+08   8.8530808e+07   1.4318666e+08   1.3544898e+08   1.0237611e+08   1.8365114e+08   1.9715508e+08   2.3215649e+07   1.7427055e+08   8.7705656e+07   2.1996593e+08   1.7106007e+08   1.2214620e+08   1.5413894e+08   1.5575134e+08   8.2187590e+07   1.6800014e+08   1.2516625e+08   1.4166790e+08   1.1614135e+08   7.0790851e+07   1.4712622e+08   1.8220407e+08   1.6580075e+08   2.7190732e+08   5.6118803e+07   1.9174229e+08   8.6355280e+07
   2.5944124e+07   8.6699401e+06   1.1614742e+07   2.7603861e+07   9.6335961e+06   1.5820520e+07   9.6757072e+06   2.0808959e+07   1.6357248e+07   1.8573379e+07   1.7069000e+07   3.5439894e+07   1.7099043e+07   1.6841017e+07   2.7767949e+07   1.6809186e+07   1.9864647e+07   1.6932134e+07   2.4564786e+07   3.7727062e+06   1.8105717e+07   2.6802143e+07   1.8664783e+07   3.8576081e+07   1.5079675e+07   1.0644805e+07   1.6445468e+07   1.1662336e+07   4.1022546e+07   3.2995802e+07
   2.5145135e+06   1.5303653e+06   1.9193411e+06   1.9133023e+06   1.5846093e+06   1.6459341e+06   1.6962034e+06   2.4313601e+06   9.2477378e+05   1.2268683e+06   1.4537751e+06   8.1984291e+05   2.8994294e+06   9.3995244e+05   1.6704848e+06   1.1009330e+06   1.3144978e+06   2.1090008e+06   4.5158818e+06   1.4394929e+06   2.2179157e+06   2.3936468e+06   3.3534244e+06   1.8000714e+06   1.7604497e+06   7.9095794e+05   1.1316447e+06   5.9023935e+05   2.3495566e+06   2.4412107e+06
   6.7295117e+04   1.0189604e+05   1.2117432e+05   1.0412461e+05   6.9890108e+04   1.2118081e+05   5.4483829e+04   7.9737436e+04   7.8844739e+04   1.5482929e+05   7.0129498e+04   1.3732468e+05   4.3995951e+04   1.6889810e+05   1.0549945e+05   2.0493480e+05   1.0730099e+05   1.6573217e+05   1.6526605e+05   1.4463523e+05   7.2406185e+04   1.6541976e+05   1.5397189e+05   1.5746527e+05   1.2915753e+05   9.2519388e+04   4.4336685e+04   9.5256677e+04   8.5915366e+04   1.3254263e+05
   2.2000594e+03   2.2384726e+03   2.2600759e+03   2.2894171e+03   2.2950259e+03   2.3040706e+03   2.3322451e+03   2.3882322e+03   2.4328428e+03   2.5336684e+03   2.5344702e+03   2.5397880e+03   2.5541252e+03   2.6638036e+03   2.6777736e+03   2.6926723e+03   2.6951859e+03   2.7497406e+03   2.7723950e+03   2.8014555e+03   2.8530756e+03   2.9100327e+03   2.9565783e+03   3.0150833e+03   3.0748238e+03   3.0766647e+03   3.1380876e+03   3.2569724e+03   3.2942314e+03   3.4939223e+03
