   5.4571824e+04   8.8116348e+04   6.8330907e+04   5.2936918e+04   4.2712482e+04   9.1636113e+04   5.5396480e+04   4.2969872e+04   7.2916780e+04   6.0898912e+04   5.7175647e+04   7.1091760e+04   7.3462043e+04   7.7969535e+04   6.6312390e+04   5.8751881e+04   3.2712657e+04   6.4334114e+04   6.0276832e+04   5.8244284e+04   6.5350887e+04   7.7453403e+04   9.0623276e+04   6.5502347e+04   7.2096838e+04   6.3063960e+04   7.2414531e+04   7.3020113e+04   4.7239479e+04   5.1636910e+04
   5.4571824e+04   8.8116348e+04   6.8330907e+04   5.2936918e+04   4.2712482e+04   9.1636113e+04   5.5396480e+04   4.2969872e+04   7.2916780e+04   6.0898912e+04   5.7175647e+04   7.1091760e+04   7.3462043e+04   7.7969535e+04   6.6312390e+04   5.8751881e+04   3.2712657e+04   6.4334114e+04   6.0276832e+04   5.8244284e+04   6.5350887e+04   7.7453403e+04   9.0623276e+04   6.5502347e+04   7.2096838e+04   6.3063960e+04   7.2414531e+04   7.3020113e+04   4.7239479e+04   5.1636910e+04
   5.4571824e+04   8.8116348e+04   6.8330907e+04   5.2936918e+04   4.2712482e+04   9.1636113e+04   5.5396480e+04   4.2969872e+04   7.2916780e+04   6.0898912e+04   5.7175647e+04   7.1091760e+04   7.3462043e+04   7.7969535e+04   6.6312390e+04   5.8751881e+04   3.2712657e+04   6.4334114e+04   6.0276832e+04   5.8244284e+04   6.5350887e+04   7.7453403e+04   9.0623276e+04   6.5502347e+04   7.2096838e+04   6.3063960e+04   7.2414531e+04   7.3020113e+04   4.7239479e+04   5.1636910e+04
   5.4571824e+04   8.8116348e+04   6.8330907e+04   5.2936918e+04   4.2712482e+04   9.1636113e+04   5.5396480e+04   4.2969872e+04   7.2916780e+04   6.0898912e+04   5.7175647e+04   7.1091760e+04   7.3462043e+04   7.7969535e+04   6.6312390e+04   5.8751881e+04   3.2712657e+04   6.4334114e+04   6.0276832e+04   5.8244284e+04   6.5350887e+04   7.7453403e+04   9.0623276e+04   6.5502347e+04   7.2096838e+04   6.3063960e+04   7.2414531e+04   7.3020113e+04   4.7239479e+04   5.1636910e+04
   5.4571824e+04   8.8116348e+04   6.8330907e+04   5.2936918e+04   4.2712482e+04   9.1636113e+04   5.5396480e+04   4.2969872e+04   7.2916780e+04   6.0898912e+04   5.7175647e+04   7.1091760e+04   7.3462043e+04   7.7969535e+04   6.6312390e+04   5.8751881e+04   3.2712657e+04   6.4334114e+04   6.0276832e+04   5.8244284e+04   6.5350887e+04   7.7453403e+04   9.0623276e+04   6.5502347e+04   7.2096838e+04   6.3063960e+04   7.2414531e+04   7.3020113e+04   4.7239479e+04   5.1636910e+04
   5.3579043e+04   7.6631395e+04   6.6859771e+04   5.2936918e+04   4.2712482e+04   7.2688220e+04   5.5396480e+04   4.2969872e+04   5.9163612e+04   6.0830126e+04   5.7175647e+04   7.1091760e+04   7.3239946e+04   4.9162461e+04   6.2610087e+04   5.8751881e+04   3.2712657e+04   2.7867962e+04   6.0276832e+04   5.2993021e+04   6.4872536e+04   6.2016477e+04   6.1331400e+04   5.4821717e+04   7.1777964e+04   5.4216110e+04   5.6090292e+04   6.5511893e+04   3.3257761e+04   5.1636910e+04
   5.3579043e+04   7.6631395e+04   6.6859771e+04   5.2936918e+04   4.2712482e+04   7.2688220e+04   5.5396480e+04   4.2969872e+04   5.9163612e+04   6.0830126e+04   5.7175647e+04   7.1091760e+04   7.3239946e+04   4.9162461e+04   6.2610087e+04   5.8751881e+04   3.2712657e+04   2.7867962e+04   6.0276832e+04   5.2993021e+04   6.4872536e+04   6.2016477e+04   6.1331400e+04   5.4821717e+04   7.1777964e+04   5.4216110e+04   5.6090292e+04   6.5511893e+04   3.3257761e+04   5.1636910e+04
   5.3579043e+04   3.0016098e+04   5.5625782e+04   5.2936918e+04   2.9497898e+04   6.3245301e+04   5.2161997e+04   4.2969872e+04   5.5292393e+04   4.1167907e+04   3.9616969e+04   4.2556983e+04   3.7104747e+04   4.9162461e+04   6.2108835e+04   5.4023637e+04   3.2712657e+04   2.7867962e+04   5.3656443e+04   4.8388261e+04   6.2603798e+04   4.9737235e+04   3.4764536e+04   5.4821717e+04   6.4989961e+04   5.4216110e+04   5.6090292e+04   6.4563373e+04   3.3257761e+04   5.1636910e+04
   4.8223429e+04   3.0016098e+04   4.7202031e+04   4.8697901e+04   2.9497898e+04   4.3171317e+04   4.3781295e+04   4.2969872e+04   5.2080079e+04   3.7405341e+04   3.9616969e+04   4.1542577e+04   3.7104747e+04   4.9162461e+04   4.8886102e+04   4.8113561e+04   3.2712657e+04   2.7867962e+04   4.2763791e+04   4.5442423e+04   5.0664740e+04   2.9627281e+04   3.4764536e+04   4.9434920e+04   3.4399627e+04   3.7142801e+04   5.0055453e+04   4.4297265e+04   3.3257761e+04   3.4504601e+04
   4.8223429e+04   2.9750225e+04   3.8992110e+04   4.3928873e+04   2.9497898e+04   3.8810186e+04   2.1193034e+04   3.9224624e+04   4.6944877e+04   3.7405341e+04   3.9616969e+04   4.1542577e+04   3.2632888e+04   4.1326727e+04   4.4804027e+04   3.8931958e+04   3.2712657e+04   2.7686238e+04   3.4654228e+04   2.9828676e+04   2.3354849e+04   2.9439227e+04   3.4764536e+04   4.9203145e+04   3.3929083e+04   3.7142801e+04   3.2102214e+04   2.9967698e+04   3.2814032e+04   3.2394152e+04
   3.0720148e+04   2.8506282e+04   1.7548253e+04   3.7733094e+04   2.9497898e+04   2.6064696e+04   2.1193034e+04   3.2439049e+04   3.8392672e+04   3.0396420e+04   2.6044295e+04   2.3839173e+04   2.7169051e+04   3.0803542e+04   3.5992799e+04   3.6592334e+04   3.2712657e+04   2.2503700e+04   2.6883409e+04   2.7832099e+04   2.3354849e+04   2.9191924e+04   3.3727017e+04   3.6484492e+04   3.1884927e+04   3.2662113e+04   2.4101810e+04   2.2650567e+04   2.9851279e+04   3.1402691e+04
   2.6385469e+04   2.8434868e+04   1.7536631e+04   2.8029720e+04   2.6478481e+04   2.4735407e+04   2.0782866e+04   2.6559996e+04   2.6756790e+04   2.7909768e+04   2.5974858e+04   2.1690782e+04   2.7169051e+04   2.4349574e+04   2.2251958e+04   2.3954969e+04   2.7108245e+04   1.8118981e+04   2.6506073e+04   2.6253749e+04   2.3354849e+04   2.3053370e+04   1.7448153e+04   2.5915953e+04   3.0114604e+04   2.3605391e+04   2.1360176e+04   2.2603403e+04   2.2602640e+04   2.6321550e+04
   2.5648994e+04   2.3812510e+04   1.7276968e+04   2.8029720e+04   2.1308314e+04   1.9743764e+04   2.0782866e+04   1.9425326e+04   2.6157739e+04   2.7813707e+04   1.9821632e+04   2.1690782e+04   2.5782674e+04   2.3464472e+04   1.5535058e+04   2.3954969e+04   1.7191562e+04   1.8118981e+04   2.0037293e+04   2.4942227e+04   1.8915516e+04   2.2241770e+04   1.7418806e+04   2.5435159e+04   2.0203693e+04   2.3605391e+04   1.4721572e+04   1.6054258e+04   2.2547930e+04   2.5193460e+04
   2.5635970e+04   2.3812172e+04   1.6705392e+04   2.7486962e+04   2.1226558e+04   1.9740809e+04   1.9279320e+04   1.9188673e+04   2.6060637e+04   2.5637313e+04   1.9392932e+04   2.1009162e+04   2.5280060e+04   2.3404048e+04   1.5514602e+04   2.3213624e+04   1.7191562e+04   1.7136110e+04   1.9441967e+04   2.4555748e+04   1.7416173e+04   2.1563299e+04   1.7378910e+04   2.5381341e+04   2.0203693e+04   2.0114029e+04   1.4595776e+04   1.5992114e+04   2.2361347e+04   2.4557585e+04
   2.2655583e+04   2.2076559e+04   1.6425805e+04   2.4812915e+04   2.0431789e+04   1.9095472e+04   1.8535693e+04   1.8977680e+04   2.5390543e+04   2.4070159e+04   1.9268241e+04   1.9401296e+04   2.2103668e+04   2.3194798e+04   1.5393252e+04   2.2653564e+04   1.6958515e+04   1.6565376e+04   1.8825954e+04   2.3725354e+04   1.6765466e+04   2.0325349e+04   1.7332944e+04   1.5313249e+04   1.9977724e+04   1.9329049e+04   1.4409737e+04   1.5142042e+04   2.2233831e+04   2.1722742e+04
   3.0000000e+02   3.0000000e+02   3.0000000e+02   3.0000000e+02   3.0000000e+02   3.0000000e+02   3.0000000e+02   3.0000000e+02   3.0000000e+02   3.0000000e+02   3.0000000e+02   3.0000000e+02   3.0000000e+02   3.0000000e+02   3.0000000e+02   3.0000000e+02   3.0000000e+02   3.0000000e+02   3.0000000e+02   3.0000000e+02   3.0000000e+02   3.0000000e+02   3.0000000e+02   3.0000000e+02   3.0000000e+02   3.0000000e+02   3.0000000e+02   3.0000000e+02   3.0000000e+02   3.0000001e+02
