5.427182e+04 8.781635e+04 6.803091e+04 5.263692e+04 4.241248e+04 9.133611e+04 5.509648e+04 4.266987e+04 7.261678e+04 6.059891e+04 5.687565e+04 7.079176e+04 7.316204e+04 7.766954e+04 6.601239e+04 5.845188e+04 3.241266e+04 6.403411e+04 5.997683e+04 5.794428e+04 6.505089e+04 7.715340e+04 9.032328e+04 6.520235e+04 7.179684e+04 6.276396e+04 7.211453e+04 7.272011e+04 4.693948e+04 5.133691e+04 
5.427182e+04 8.781635e+04 6.803091e+04 5.263692e+04 4.241248e+04 9.133611e+04 5.509648e+04 4.266987e+04 7.261678e+04 6.059891e+04 5.687565e+04 7.079176e+04 7.316204e+04 7.766954e+04 6.601239e+04 5.845188e+04 3.241266e+04 6.403411e+04 5.997683e+04 5.794428e+04 6.505089e+04 7.715340e+04 9.032328e+04 6.520235e+04 7.179684e+04 6.276396e+04 7.211453e+04 7.272011e+04 4.693948e+04 5.133691e+04 
5.427182e+04 8.781635e+04 6.803091e+04 5.263692e+04 4.241248e+04 9.133611e+04 5.509648e+04 4.266987e+04 7.261678e+04 6.059891e+04 5.687565e+04 7.079176e+04 7.316204e+04 7.766954e+04 6.601239e+04 5.845188e+04 3.241266e+04 6.403411e+04 5.997683e+04 5.794428e+04 6.505089e+04 7.715340e+04 9.032328e+04 6.520235e+04 7.179684e+04 6.276396e+04 7.211453e+04 7.272011e+04 4.693948e+04 5.133691e+04 
5.427182e+04 8.781635e+04 6.803091e+04 5.263692e+04 4.241248e+04 9.133611e+04 5.509648e+04 4.266987e+04 7.261678e+04 6.059891e+04 5.687565e+04 7.079176e+04 7.316204e+04 7.766954e+04 6.601239e+04 5.845188e+04 3.241266e+04 6.403411e+04 5.997683e+04 5.794428e+04 6.505089e+04 7.715340e+04 9.032328e+04 6.520235e+04 7.179684e+04 6.276396e+04 7.211453e+04 7.272011e+04 4.693948e+04 5.133691e+04 
5.427182e+04 8.781635e+04 6.803091e+04 5.263692e+04 4.241248e+04 9.133611e+04 5.509648e+04 4.266987e+04 7.261678e+04 6.059891e+04 5.687565e+04 7.079176e+04 7.316204e+04 7.766954e+04 6.601239e+04 5.845188e+04 3.241266e+04 6.403411e+04 5.997683e+04 5.794428e+04 6.505089e+04 7.715340e+04 9.032328e+04 6.520235e+04 7.179684e+04 6.276396e+04 7.211453e+04 7.272011e+04 4.693948e+04 5.133691e+04 
5.327904e+04 7.633140e+04 6.655977e+04 5.263692e+04 4.241248e+04 7.238822e+04 5.509648e+04 4.266987e+04 5.886361e+04 6.053013e+04 5.687565e+04 7.079176e+04 7.293995e+04 4.886246e+04 6.231009e+04 5.845188e+04 3.241266e+04 2.756796e+04 5.997683e+04 5.269302e+04 6.457254e+04 6.171648e+04 6.103140e+04 5.452172e+04 7.147796e+04 5.391611e+04 5.579029e+04 6.521189e+04 3.295776e+04 5.133691e+04 
5.327904e+04 7.633140e+04 6.655977e+04 5.263692e+04 4.241248e+04 7.238822e+04 5.509648e+04 4.266987e+04 5.886361e+04 6.053013e+04 5.687565e+04 7.079176e+04 7.293995e+04 4.886246e+04 6.231009e+04 5.845188e+04 3.241266e+04 2.756796e+04 5.997683e+04 5.269302e+04 6.457254e+04 6.171648e+04 6.103140e+04 5.452172e+04 7.147796e+04 5.391611e+04 5.579029e+04 6.521189e+04 3.295776e+04 5.133691e+04 
5.327904e+04 2.971610e+04 5.532578e+04 5.263692e+04 2.919790e+04 6.294530e+04 5.186200e+04 4.266987e+04 5.499239e+04 4.086791e+04 3.931697e+04 4.225698e+04 3.680475e+04 4.886246e+04 6.180883e+04 5.372364e+04 3.241266e+04 2.756796e+04 5.335644e+04 4.808826e+04 6.230380e+04 4.943724e+04 3.446454e+04 5.452172e+04 6.468996e+04 5.391611e+04 5.579029e+04 6.426337e+04 3.295776e+04 5.133691e+04 
4.792343e+04 2.971610e+04 4.690203e+04 4.839790e+04 2.919790e+04 4.287132e+04 4.348129e+04 4.266987e+04 5.178008e+04 3.710534e+04 3.931697e+04 4.124258e+04 3.680475e+04 4.886246e+04 4.858610e+04 4.781356e+04 3.241266e+04 2.756796e+04 4.246379e+04 4.514242e+04 5.036474e+04 2.932728e+04 3.446454e+04 4.913492e+04 3.409963e+04 3.684280e+04 4.975545e+04 4.399726e+04 3.295776e+04 3.420460e+04 
4.792343e+04 2.945022e+04 3.869211e+04 4.362887e+04 2.919790e+04 3.851019e+04 2.089303e+04 3.892462e+04 4.664488e+04 3.710534e+04 3.931697e+04 4.124258e+04 3.233289e+04 4.102673e+04 4.450403e+04 3.863196e+04 3.241266e+04 2.738624e+04 3.435423e+04 2.952868e+04 2.305485e+04 2.913923e+04 3.446454e+04 4.890314e+04 3.362908e+04 3.684280e+04 3.180221e+04 2.966770e+04 3.251403e+04 3.209415e+04 
3.042015e+04 2.820628e+04 1.724825e+04 3.743309e+04 2.919790e+04 2.576470e+04 2.089303e+04 3.213905e+04 3.809267e+04 3.009642e+04 2.574429e+04 2.353917e+04 2.686905e+04 3.050354e+04 3.569280e+04 3.629233e+04 3.241266e+04 2.220370e+04 2.658341e+04 2.753210e+04 2.305485e+04 2.889192e+04 3.342702e+04 3.618449e+04 3.158493e+04 3.236211e+04 2.380181e+04 2.235057e+04 2.955128e+04 3.110269e+04 
2.608547e+04 2.813487e+04 1.723663e+04 2.772972e+04 2.617848e+04 2.443541e+04 2.048287e+04 2.626000e+04 2.645679e+04 2.760977e+04 2.567486e+04 2.139078e+04 2.686905e+04 2.404957e+04 2.195196e+04 2.365497e+04 2.680824e+04 1.781898e+04 2.620607e+04 2.595375e+04 2.305485e+04 2.275337e+04 1.714815e+04 2.561595e+04 2.981460e+04 2.330539e+04 2.106018e+04 2.230340e+04 2.230264e+04 2.602155e+04 
2.534899e+04 2.351251e+04 1.697697e+04 2.772972e+04 2.100831e+04 1.944376e+04 2.048287e+04 1.912533e+04 2.585774e+04 2.751371e+04 1.952163e+04 2.139078e+04 2.548267e+04 2.316447e+04 1.523506e+04 2.365497e+04 1.689156e+04 1.781898e+04 1.973729e+04 2.464223e+04 1.861552e+04 2.194177e+04 1.711881e+04 2.513516e+04 1.990369e+04 2.330539e+04 1.442157e+04 1.575426e+04 2.224793e+04 2.489346e+04 
2.533597e+04 2.351217e+04 1.640539e+04 2.718696e+04 2.092656e+04 1.944081e+04 1.897932e+04 1.888867e+04 2.576064e+04 2.533731e+04 1.909293e+04 2.070916e+04 2.498006e+04 2.310405e+04 1.521460e+04 2.291362e+04 1.689156e+04 1.683611e+04 1.914197e+04 2.425575e+04 1.711617e+04 2.126330e+04 1.707891e+04 2.508134e+04 1.990369e+04 1.981403e+04 1.429578e+04 1.569211e+04 2.206135e+04 2.425758e+04 
2.235558e+04 2.177656e+04 1.612581e+04 2.451292e+04 2.013179e+04 1.879547e+04 1.823569e+04 1.867768e+04 2.509054e+04 2.377016e+04 1.896824e+04 1.910130e+04 2.180367e+04 2.289480e+04 1.509325e+04 2.235356e+04 1.665851e+04 1.626538e+04 1.852595e+04 2.342535e+04 1.646547e+04 2.002535e+04 1.703294e+04 1.501325e+04 1.967772e+04 1.902905e+04 1.410974e+04 1.484204e+04 2.193383e+04 2.142274e+04 
0.000000e+00 0.000000e+00 0.000000e+00 0.000000e+00 0.000000e+00 0.000000e+00 0.000000e+00 0.000000e+00 0.000000e+00 0.000000e+00 0.000000e+00 0.000000e+00 0.000000e+00 0.000000e+00 0.000000e+00 0.000000e+00 0.000000e+00 0.000000e+00 0.000000e+00 0.000000e+00 0.000000e+00 0.000000e+00 0.000000e+00 0.000000e+00 0.000000e+00 0.000000e+00 0.000000e+00 0.000000e+00 0.000000e+00 1.000000e-05 
0.000000e+00 0.000000e+00 0.000000e+00 0.000000e+00 0.000000e+00 0.000000e+00 0.000000e+00 0.000000e+00 0.000000e+00 0.000000e+00 0.000000e+00 0.000000e+00 0.000000e+00 0.000000e+00 0.000000e+00 0.000000e+00 0.000000e+00 0.000000e+00 0.000000e+00 0.000000e+00 0.000000e+00 0.000000e+00 0.000000e+00 0.000000e+00 0.000000e+00 0.000000e+00 0.000000e+00 0.000000e+00 0.000000e+00 0.000000e+00 