1.846465e+02 1.577664e+02 1.593763e+02 1.333120e+02 1.393494e+02 1.659817e+02 6.326490e+01 1.296551e+02 1.775624e+02 2.034500e+02 1.900435e+02 1.690553e+02 1.762064e+02 1.587758e+02 1.583188e+02 1.206382e+02 1.485501e+02 1.624981e+02 1.477000e+02 1.261098e+02 1.492414e+02 1.591684e+02 1.400490e+02 1.522636e+02 1.289129e+02 1.476507e+02 1.340783e+02 1.521407e+02 1.525499e+02 1.265478e+02 
1.846465e+02 1.577664e+02 1.593763e+02 1.333120e+02 1.393494e+02 1.659817e+02 6.326490e+01 1.296551e+02 1.775624e+02 2.034500e+02 1.900435e+02 1.690553e+02 1.762064e+02 1.587758e+02 1.583188e+02 1.206382e+02 1.485501e+02 1.624981e+02 1.477000e+02 1.261098e+02 1.492414e+02 1.591684e+02 1.400490e+02 1.522636e+02 1.289129e+02 1.476507e+02 1.340783e+02 1.521407e+02 1.525499e+02 1.265478e+02 
1.846465e+02 1.577664e+02 1.593763e+02 1.333120e+02 1.393494e+02 1.659817e+02 6.326490e+01 1.296551e+02 1.775624e+02 2.034500e+02 1.900435e+02 1.690553e+02 1.762064e+02 1.587758e+02 1.583188e+02 1.206382e+02 1.485501e+02 1.624981e+02 1.477000e+02 1.261098e+02 1.492414e+02 1.591684e+02 1.400490e+02 1.522636e+02 1.289129e+02 1.476507e+02 1.340783e+02 1.521407e+02 1.525499e+02 1.265478e+02 
1.617877e+02 1.495685e+02 1.593763e+02 1.333120e+02 1.393494e+02 1.659817e+02 6.246680e+01 1.296551e+02 1.705896e+02 1.358859e+02 1.900435e+02 1.659353e+02 1.617629e+02 1.449433e+02 1.583188e+02 1.206382e+02 1.485501e+02 1.624981e+02 1.477000e+02 1.261098e+02 1.343166e+02 1.534391e+02 1.400490e+02 1.522636e+02 1.289129e+02 1.476507e+02 1.340783e+02 1.376586e+02 1.353291e+02 1.170620e+02 
1.617877e+02 1.260693e+02 1.355641e+02 1.333120e+02 1.393494e+02 1.480198e+02 6.246680e+01 1.296551e+02 1.399789e+02 1.358859e+02 1.900435e+02 1.079826e+02 1.617629e+02 1.449433e+02 1.513333e+02 1.206382e+02 1.485501e+02 1.545127e+02 9.451150e+01 1.219546e+02 1.215980e+02 1.228378e+02 1.400490e+02 1.476971e+02 1.289129e+02 1.476507e+02 1.340783e+02 1.376586e+02 1.165914e+02 1.170620e+02 
1.613704e+02 8.841140e+01 1.064398e+02 1.333120e+02 1.373010e+02 1.448704e+02 6.246680e+01 1.135287e+02 1.399789e+02 1.315131e+02 1.276023e+02 1.079826e+02 1.469892e+02 1.449433e+02 1.347129e+02 1.144353e+02 1.485501e+02 1.498336e+02 9.451150e+01 1.219546e+02 1.215980e+02 1.194658e+02 1.400490e+02 1.385909e+02 1.289129e+02 1.270604e+02 1.132571e+02 9.642090e+01 1.165914e+02 1.170620e+02 
1.373787e+02 7.155730e+01 1.064398e+02 1.318683e+02 1.216258e+02 1.203516e+02 6.246680e+01 9.004510e+01 1.399789e+02 1.119931e+02 1.276023e+02 1.035164e+02 1.365718e+02 1.434649e+02 1.222527e+02 1.144353e+02 1.235919e+02 1.205923e+02 9.451150e+01 1.219546e+02 1.215980e+02 9.960260e+01 1.284358e+02 1.385909e+02 8.481720e+01 1.122616e+02 1.132571e+02 8.443700e+01 9.820640e+01 1.108326e+02 
1.323521e+02 6.627570e+01 1.062711e+02 8.327190e+01 8.449070e+01 1.203516e+02 6.246680e+01 8.391570e+01 1.140501e+02 1.102569e+02 1.156621e+02 1.006819e+02 9.895410e+01 8.326300e+01 9.049940e+01 1.064994e+02 1.121255e+02 7.387180e+01 9.451150e+01 9.766430e+01 8.638910e+01 8.709840e+01 1.137681e+02 9.114470e+01 8.481720e+01 1.122108e+02 7.686880e+01 8.443700e+01 9.820640e+01 1.080949e+02 
7.491520e+01 6.412320e+01 9.399970e+01 8.002930e+01 8.383440e+01 9.954010e+01 6.154500e+01 8.391570e+01 8.647990e+01 7.711570e+01 8.240740e+01 9.773190e+01 7.122670e+01 8.326300e+01 6.700280e+01 1.027695e+02 8.718400e+01 7.041880e+01 8.833110e+01 9.766430e+01 8.638910e+01 7.842770e+01 8.468350e+01 7.341700e+01 8.481720e+01 9.963900e+01 7.686880e+01 7.507500e+01 9.422440e+01 8.485660e+01 
7.491520e+01 6.412320e+01 9.360670e+01 5.779720e+01 6.027450e+01 7.758580e+01 5.922800e+01 8.131070e+01 6.251420e+01 7.628900e+01 6.464800e+01 8.068940e+01 6.732430e+01 5.395020e+01 5.872240e+01 7.574970e+01 7.406310e+01 7.041880e+01 7.555020e+01 5.581390e+01 7.915680e+01 6.285850e+01 6.696140e+01 6.617350e+01 5.685450e+01 6.166130e+01 7.393600e+01 5.281550e+01 7.378580e+01 8.485660e+01 
5.587030e+01 5.661100e+01 6.136180e+01 4.855150e+01 5.240690e+01 5.929760e+01 5.922800e+01 5.310960e+01 4.571720e+01 5.652460e+01 5.639480e+01 6.507760e+01 4.928190e+01 3.365270e+01 5.195340e+01 5.749870e+01 4.655570e+01 4.600670e+01 4.494700e+01 5.554760e+01 6.950930e+01 5.275910e+01 4.570450e+01 4.144980e+01 3.445100e+01 5.375250e+01 5.105050e+01 3.448140e+01 5.321650e+01 4.178680e+01 
3.491250e+01 3.618810e+01 3.996920e+01 2.702960e+01 3.526090e+01 4.373940e+01 4.248820e+01 2.585450e+01 4.372480e+01 3.348550e+01 4.148940e+01 3.900470e+01 3.905680e+01 3.016900e+01 3.661220e+01 3.264740e+01 4.489840e+01 2.650160e+01 4.204190e+01 4.194000e+01 3.498600e+01 4.094540e+01 3.163620e+01 3.460890e+01 2.624210e+01 4.014870e+01 4.005960e+01 3.219090e+01 3.909080e+01 3.980360e+01 
2.975150e+01 2.733690e+01 2.646100e+01 2.228950e+01 2.852810e+01 3.158790e+01 3.382560e+01 2.490160e+01 2.859600e+01 2.987760e+01 2.828110e+01 2.887770e+01 2.291160e+01 2.709790e+01 2.832970e+01 3.181550e+01 3.206950e+01 2.052050e+01 3.207680e+01 3.063230e+01 2.697700e+01 2.915450e+01 2.740990e+01 3.179330e+01 1.631660e+01 2.547210e+01 2.845490e+01 2.714700e+01 3.024310e+01 3.026330e+01 
1.545470e+01 1.205630e+01 1.827560e+01 1.718390e+01 1.064240e+01 1.244520e+01 1.498320e+01 1.372700e+01 1.535290e+01 1.638630e+01 1.749080e+01 1.646980e+01 1.727320e+01 1.363000e+01 1.187400e+01 1.270580e+01 1.878050e+01 1.267550e+01 1.314620e+01 1.666280e+01 1.975840e+01 1.702690e+01 1.868000e+01 1.824940e+01 1.609830e+01 1.414550e+01 1.256560e+01 1.731140e+01 1.754280e+01 1.682290e+01 
6.695300e+00 4.368900e+00 5.329600e+00 5.823600e+00 5.019600e+00 1.945600e+00 6.751200e+00 4.166400e+00 4.638100e+00 3.857300e+00 5.065000e+00 5.381500e+00 4.782100e+00 4.750800e+00 3.504200e+00 5.252900e+00 6.032600e+00 5.050000e+00 5.514700e+00 5.848800e+00 6.063700e+00 4.982600e+00 6.433700e+00 4.925900e+00 7.013700e+00 4.829800e+00 4.133300e+00 5.200300e+00 6.359700e+00 3.421500e+00 
0.000000e+00 0.000000e+00 0.000000e+00 0.000000e+00 0.000000e+00 0.000000e+00 0.000000e+00 0.000000e+00 0.000000e+00 0.000000e+00 0.000000e+00 0.000000e+00 0.000000e+00 0.000000e+00 0.000000e+00 0.000000e+00 0.000000e+00 0.000000e+00 0.000000e+00 0.000000e+00 0.000000e+00 0.000000e+00 0.000000e+00 0.000000e+00 0.000000e+00 1.000000e-04 2.000000e-04 2.000000e-04 4.000000e-04 5.000000e-04 
0.000000e+00 0.000000e+00 0.000000e+00 0.000000e+00 0.000000e+00 0.000000e+00 0.000000e+00 0.000000e+00 0.000000e+00 0.000000e+00 0.000000e+00 0.000000e+00 0.000000e+00 0.000000e+00 0.000000e+00 0.000000e+00 0.000000e+00 0.000000e+00 0.000000e+00 0.000000e+00 0.000000e+00 0.000000e+00 0.000000e+00 0.000000e+00 0.000000e+00 0.000000e+00 0.000000e+00 0.000000e+00 0.000000e+00 0.000000e+00 