6.783295e+03 7.146289e+03 7.631021e+03 7.083970e+03 8.010222e+03 8.678318e+03 6.978237e+03 6.107805e+03 7.076037e+03 5.800497e+03 8.207633e+03 5.393395e+03 7.899304e+03 6.038133e+03 5.740083e+03 6.365964e+03 8.106709e+03 8.372052e+03 6.093981e+03 5.651147e+03 8.425605e+03 8.016412e+03 6.093166e+03 6.904135e+03 7.565054e+03 6.532831e+03 6.830452e+03 8.990985e+03 7.757786e+03 7.273678e+03 
6.783295e+03 7.146289e+03 7.631021e+03 7.083970e+03 8.010222e+03 8.678318e+03 6.978237e+03 6.107805e+03 7.076037e+03 5.800497e+03 8.207633e+03 5.393395e+03 7.899304e+03 6.038133e+03 5.740083e+03 6.365964e+03 8.106709e+03 8.372052e+03 6.093981e+03 5.651147e+03 8.425605e+03 8.016412e+03 6.093166e+03 6.904135e+03 7.565054e+03 6.532831e+03 6.830452e+03 8.990985e+03 7.757786e+03 7.273678e+03 
6.783295e+03 7.146289e+03 7.631021e+03 7.083970e+03 8.010222e+03 8.678318e+03 6.978237e+03 6.107805e+03 7.076037e+03 5.800497e+03 8.207633e+03 5.393395e+03 7.899304e+03 6.038133e+03 5.740083e+03 6.365964e+03 8.106709e+03 8.372052e+03 6.093981e+03 5.651147e+03 8.425605e+03 8.016412e+03 6.093166e+03 6.904135e+03 7.565054e+03 6.532831e+03 6.830452e+03 8.990985e+03 7.757786e+03 7.273678e+03 
6.783295e+03 7.146289e+03 7.631021e+03 7.083970e+03 8.010222e+03 8.678318e+03 6.978237e+03 6.107805e+03 7.076037e+03 5.800497e+03 8.207633e+03 5.393395e+03 7.899304e+03 6.038133e+03 5.740083e+03 6.365964e+03 8.106709e+03 8.372052e+03 6.093981e+03 5.651147e+03 8.425605e+03 8.016412e+03 6.093166e+03 6.904135e+03 7.565054e+03 6.532831e+03 6.830452e+03 8.990985e+03 7.757786e+03 7.273678e+03 
6.783295e+03 7.146289e+03 7.631021e+03 7.083970e+03 8.010222e+03 8.678318e+03 6.978237e+03 6.107805e+03 7.076037e+03 5.800497e+03 8.207633e+03 5.393395e+03 7.899304e+03 6.038133e+03 5.740083e+03 6.365964e+03 8.106709e+03 8.372052e+03 6.093981e+03 5.651147e+03 8.425605e+03 8.016412e+03 6.093166e+03 6.904135e+03 7.565054e+03 6.532831e+03 6.830452e+03 8.990985e+03 7.757786e+03 7.273678e+03 
6.783295e+03 7.146289e+03 7.631021e+03 7.083970e+03 8.010222e+03 8.678318e+03 6.978237e+03 6.107805e+03 6.891646e+03 5.800497e+03 7.459625e+03 5.343578e+03 7.899304e+03 5.658467e+03 5.740083e+03 6.330521e+03 7.917316e+03 6.758978e+03 5.934640e+03 5.530091e+03 8.425583e+03 8.016412e+03 6.093166e+03 6.382189e+03 7.439378e+03 6.532831e+03 6.249144e+03 8.990985e+03 7.192671e+03 7.273678e+03 
6.783295e+03 7.146289e+03 7.631021e+03 7.083970e+03 8.010222e+03 8.678318e+03 6.978237e+03 6.107805e+03 6.891646e+03 5.800497e+03 7.459625e+03 5.343578e+03 7.899304e+03 5.658467e+03 5.740083e+03 6.330521e+03 7.917316e+03 6.758978e+03 5.934640e+03 5.530091e+03 8.425583e+03 8.016412e+03 6.093166e+03 6.382189e+03 7.439378e+03 6.532831e+03 6.249144e+03 8.990985e+03 7.192671e+03 7.273678e+03 
5.623415e+03 6.911962e+03 6.972108e+03 6.910583e+03 7.655300e+03 7.961439e+03 5.988887e+03 5.784204e+03 6.891646e+03 3.954606e+03 6.947188e+03 4.907435e+03 7.529623e+03 5.084769e+03 5.740083e+03 6.330521e+03 7.219968e+03 6.758978e+03 5.934640e+03 5.294988e+03 7.953160e+03 7.046005e+03 5.500780e+03 6.297397e+03 7.437337e+03 5.483065e+03 6.249144e+03 8.890076e+03 6.069380e+03 7.068865e+03 
5.508193e+03 6.397404e+03 6.126030e+03 6.015398e+03 6.151923e+03 4.149681e+03 5.361785e+03 5.730993e+03 5.097700e+03 3.954606e+03 5.545532e+03 4.811405e+03 6.503543e+03 5.017608e+03 5.725990e+03 5.807621e+03 6.988550e+03 6.632459e+03 5.933225e+03 5.067782e+03 6.516908e+03 4.651338e+03 5.385034e+03 3.866800e+03 4.116102e+03 4.415115e+03 6.008881e+03 8.013480e+03 6.013727e+03 6.948442e+03 
4.874953e+03 4.445215e+03 5.077644e+03 5.467031e+03 5.399231e+03 3.207543e+03 3.887426e+03 5.102408e+03 4.916667e+03 3.954606e+03 5.214637e+03 4.640450e+03 5.321440e+03 4.843118e+03 5.288442e+03 5.538569e+03 5.744409e+03 5.232009e+03 5.406089e+03 3.310972e+03 5.746058e+03 3.540428e+03 4.118655e+03 3.237877e+03 4.080998e+03 4.415115e+03 4.959251e+03 5.666972e+03 4.776393e+03 5.501340e+03 
3.720148e+03 2.734256e+03 4.221715e+03 3.884225e+03 4.191582e+03 3.128186e+03 3.737559e+03 3.783053e+03 4.043915e+03 2.691483e+03 3.218276e+03 3.535108e+03 4.276760e+03 4.126482e+03 4.009180e+03 4.133499e+03 4.192369e+03 3.576529e+03 4.278135e+03 2.776226e+03 3.867817e+03 3.161822e+03 3.210843e+03 2.667851e+03 3.612632e+03 3.199047e+03 3.656486e+03 4.394518e+03 2.988635e+03 3.378989e+03 
2.819855e+03 2.142430e+03 3.006746e+03 2.380740e+03 2.677874e+03 2.079338e+03 2.466858e+03 2.887404e+03 3.237083e+03 2.118984e+03 2.733754e+03 2.443810e+03 2.833250e+03 2.061009e+03 2.646641e+03 2.947029e+03 2.071748e+03 2.600231e+03 2.450996e+03 2.064285e+03 2.733889e+03 2.009927e+03 2.929681e+03 2.371587e+03 2.566957e+03 1.961349e+03 2.769894e+03 2.566485e+03 1.524025e+03 2.449273e+03 
1.813409e+03 1.406150e+03 1.466333e+03 1.990251e+03 1.731399e+03 1.469923e+03 1.790814e+03 1.972702e+03 1.756357e+03 1.536170e+03 1.451088e+03 1.627074e+03 1.881132e+03 1.512630e+03 1.471892e+03 1.859890e+03 1.622999e+03 1.411835e+03 1.680984e+03 1.630397e+03 1.796881e+03 1.405856e+03 1.763008e+03 1.655113e+03 1.729493e+03 1.726997e+03 1.791453e+03 1.825921e+03 1.289879e+03 1.126724e+03 
1.020620e+03 9.399841e+02 1.168705e+03 9.448298e+02 1.114300e+03 9.583776e+02 1.045545e+03 1.043464e+03 1.157045e+03 9.475426e+02 1.005072e+03 1.008771e+03 1.142538e+03 1.126901e+03 1.147863e+03 8.963678e+02 9.563917e+02 9.612220e+02 9.048328e+02 9.038533e+02 1.006785e+03 1.005010e+03 9.355189e+02 9.241032e+02 1.113280e+03 9.587335e+02 1.020600e+03 1.039708e+03 9.318445e+02 9.977310e+02 
4.107723e+02 4.069617e+02 3.936642e+02 3.808786e+02 3.977934e+02 3.980823e+02 3.820089e+02 3.988035e+02 4.044766e+02 3.928432e+02 3.891436e+02 3.947560e+02 3.993030e+02 4.110172e+02 4.048727e+02 3.694088e+02 3.935721e+02 3.835664e+02 4.073840e+02 3.901215e+02 3.952167e+02 4.050496e+02 3.984448e+02 3.980166e+02 3.988215e+02 3.762140e+02 3.950932e+02 3.985968e+02 3.863703e+02 4.122584e+02 
3.000000e+02 3.000000e+02 3.000000e+02 3.000000e+02 3.000000e+02 3.000000e+02 3.000000e+02 3.000000e+02 3.000000e+02 3.000000e+02 3.000000e+02 3.000000e+02 3.000000e+02 3.000000e+02 3.000000e+02 3.000000e+02 3.000000e+02 3.000000e+02 3.000000e+02 3.000000e+02 3.000000e+02 3.000000e+02 3.000000e+02 3.000000e+02 3.000000e+02 3.000000e+02 3.000000e+02 3.000000e+02 3.000000e+02 3.000000e+02 
0.000000e+00 0.000000e+00 0.000000e+00 0.000000e+00 0.000000e+00 0.000000e+00 0.000000e+00 0.000000e+00 0.000000e+00 0.000000e+00 0.000000e+00 0.000000e+00 0.000000e+00 0.000000e+00 0.000000e+00 0.000000e+00 0.000000e+00 0.000000e+00 0.000000e+00 0.000000e+00 0.000000e+00 0.000000e+00 0.000000e+00 0.000000e+00 0.000000e+00 0.000000e+00 0.000000e+00 0.000000e+00 0.000000e+00 0.000000e+00 