   3.0635532e+03   3.3052394e+03   3.0169275e+03   3.1584170e+03   3.4468739e+03   3.3233784e+03   3.1969208e+03   3.2176432e+03   3.3411555e+03   3.1347918e+03   2.9554146e+03   3.0447445e+03   3.1268172e+03   2.8892832e+03   2.8809953e+03   3.1254486e+03   3.2048403e+03   3.2456793e+03   2.8525611e+03   3.3489919e+03   3.0971065e+03   3.2200936e+03   2.9748536e+03   3.2524459e+03   3.2448061e+03   3.1340367e+03   3.2984299e+03   3.1550056e+03   3.0975637e+03   3.2753664e+03
   3.0635532e+03   3.3052394e+03   3.0169275e+03   3.1584170e+03   3.4468739e+03   3.3233784e+03   3.1969208e+03   3.2176432e+03   3.3411555e+03   3.1347918e+03   2.9554146e+03   3.0447445e+03   3.1268172e+03   2.8892832e+03   2.8809953e+03   3.1254486e+03   3.2048403e+03   3.2456793e+03   2.8525611e+03   3.3489919e+03   3.0971065e+03   3.2200936e+03   2.9748536e+03   3.2524459e+03   3.2448061e+03   3.1340367e+03   3.2984299e+03   3.1550056e+03   3.0975637e+03   3.2753664e+03
   3.0635532e+03   3.3052394e+03   3.0169275e+03   3.1584170e+03   3.4468739e+03   3.3233784e+03   3.1969208e+03   3.2176432e+03   3.3411555e+03   3.1347918e+03   2.9554146e+03   3.0447445e+03   3.1268172e+03   2.8892832e+03   2.8809953e+03   3.1254486e+03   3.2048403e+03   3.2456793e+03   2.8525611e+03   3.3489919e+03   3.0971065e+03   3.2200936e+03   2.9748536e+03   3.2524459e+03   3.2448061e+03   3.1340367e+03   3.2984299e+03   3.1550056e+03   3.0975637e+03   3.2753664e+03
   3.0635532e+03   3.3052394e+03   3.0169275e+03   3.1584170e+03   3.4468739e+03   3.3233784e+03   3.1969208e+03   3.2176432e+03   3.3411555e+03   3.1347918e+03   2.9554146e+03   3.0447445e+03   3.1268172e+03   2.8892832e+03   2.8809953e+03   3.1254486e+03   3.2048403e+03   3.2456793e+03   2.8525611e+03   3.3489919e+03   3.0971065e+03   3.2200936e+03   2.9748536e+03   3.2524459e+03   3.2448061e+03   3.1340367e+03   3.2984299e+03   3.1550056e+03   3.0975637e+03   3.2753664e+03
   3.0635532e+03   3.3052394e+03   3.0169275e+03   3.1584170e+03   3.4468739e+03   3.3233784e+03   3.1969208e+03   3.2176432e+03   3.3411555e+03   3.1347918e+03   2.9554146e+03   3.0447445e+03   3.1268172e+03   2.8892832e+03   2.8809953e+03   3.1254486e+03   3.2048403e+03   3.2456793e+03   2.8525611e+03   3.3489919e+03   3.0971065e+03   3.2200936e+03   2.9748536e+03   3.2524459e+03   3.2448061e+03   3.1340367e+03   3.2984299e+03   3.1550056e+03   3.0975637e+03   3.2753664e+03
   3.0635532e+03   3.2070081e+03   3.0169275e+03   3.1318421e+03   2.8867724e+03   3.3233784e+03   3.1568884e+03   3.1898494e+03   3.2252278e+03   3.1347918e+03   2.9554146e+03   3.0447445e+03   3.1268172e+03   2.8892832e+03   2.8711838e+03   3.1027178e+03   3.2041401e+03   3.1362105e+03   2.8525611e+03   3.2162281e+03   3.0971065e+03   3.1841088e+03   2.9223946e+03   3.0988184e+03   3.2431820e+03   3.1275853e+03   3.2934895e+03   3.1550056e+03   3.0975637e+03   3.2549708e+03
   3.0635532e+03   3.2070081e+03   3.0169275e+03   3.1318421e+03   2.8867724e+03   3.3233784e+03   3.1568884e+03   3.1898494e+03   3.2252278e+03   3.1347918e+03   2.9554146e+03   3.0447445e+03   3.1268172e+03   2.8892832e+03   2.8711838e+03   3.1027178e+03   3.2041401e+03   3.1362105e+03   2.8525611e+03   3.2162281e+03   3.0971065e+03   3.1841088e+03   2.9223946e+03   3.0988184e+03   3.2431820e+03   3.1275853e+03   3.2934895e+03   3.1550056e+03   3.0975637e+03   3.2549708e+03
   3.0529739e+03   3.1738339e+03   2.9856211e+03   2.8490731e+03   2.8811276e+03   3.1612799e+03   3.1568884e+03   3.1877782e+03   3.1740281e+03   3.1341983e+03   2.9554146e+03   3.0447445e+03   2.9747200e+03   2.8689189e+03   2.8711838e+03   3.0784443e+03   3.0943247e+03   2.9693874e+03   2.8500916e+03   3.1743014e+03   2.9314797e+03   3.1841088e+03   2.9134748e+03   3.0954097e+03   3.1674188e+03   3.1275853e+03   3.2247292e+03   3.0974428e+03   3.0769972e+03   3.2542481e+03
   3.0269506e+03   2.9709895e+03   2.9475813e+03   2.8437291e+03   2.8585921e+03   3.1312779e+03   3.1177660e+03   3.0479254e+03   3.0827097e+03   3.0409609e+03   2.9010399e+03   2.9886434e+03   2.8210194e+03   2.8279958e+03   2.8349719e+03   2.9817691e+03   3.0628999e+03   2.8596360e+03   2.7784342e+03   3.0844831e+03   2.9314797e+03   3.0662274e+03   2.9134748e+03   3.0825668e+03   3.0033521e+03   2.8765792e+03   3.1532912e+03   2.8620282e+03   2.9918412e+03   3.2090594e+03
   2.8380607e+03   2.9643467e+03   2.8734544e+03   2.8401659e+03   2.8381252e+03   2.9657084e+03   3.0042115e+03   2.8753757e+03   3.0165081e+03   2.9603821e+03   2.8843318e+03   2.9139854e+03   2.8190122e+03   2.8245994e+03   2.7823472e+03   2.9474196e+03   2.9613714e+03   2.7860018e+03   2.7784342e+03   2.9276270e+03   2.8174526e+03   3.0025042e+03   2.7890124e+03   2.6934299e+03   2.8749892e+03   2.8503413e+03   2.9363032e+03   2.8133230e+03   2.9149583e+03   3.0244987e+03
   2.7056692e+03   2.7949773e+03   2.7996553e+03   2.8016551e+03   2.7944448e+03   2.8224509e+03   2.7889590e+03   2.7773134e+03   2.7842355e+03   2.8654176e+03   2.8274096e+03   2.7845819e+03   2.7583845e+03   2.6124411e+03   2.7304694e+03   2.7194831e+03   2.7873451e+03   2.6997002e+03   2.6527175e+03   2.8337528e+03   2.7572237e+03   2.7949600e+03   2.7106020e+03   2.6444154e+03   2.7302389e+03   2.7848198e+03   2.8035351e+03   2.7489111e+03   2.7544208e+03   2.7647687e+03
   2.6339698e+03   2.6699716e+03   2.6611556e+03   2.6660502e+03   2.5986739e+03   2.6763165e+03   2.6927694e+03   2.6749360e+03   2.6727082e+03   2.6581410e+03   2.7048412e+03   2.6508595e+03   2.6325585e+03   2.5984970e+03   2.6771690e+03   2.6759092e+03   2.6073783e+03   2.6143332e+03   2.6372354e+03   2.6763436e+03   2.7065729e+03   2.6682227e+03   2.6578791e+03   2.6270605e+03   2.6251024e+03   2.6837292e+03   2.7092460e+03   2.6352420e+03   2.6762770e+03   2.6377905e+03
   2.5184676e+03   2.5765174e+03   2.5604643e+03   2.5502000e+03   2.5439982e+03   2.5505947e+03   2.5712598e+03   2.5477709e+03   2.5971831e+03   2.5983062e+03   2.5423481e+03   2.5866348e+03   2.5708169e+03   2.5646111e+03   2.5679162e+03   2.5892798e+03   2.5659050e+03   2.5755687e+03   2.5770626e+03   2.5626169e+03   2.5621644e+03   2.5595695e+03   2.5573047e+03   2.5844620e+03   2.5634304e+03   2.5650970e+03   2.5794816e+03   2.5671622e+03   2.5912415e+03   2.5714083e+03
   2.5011790e+03   2.5066090e+03   2.4956821e+03   2.5008125e+03   2.5007855e+03   2.5018244e+03   2.5037122e+03   2.5046488e+03   2.5071535e+03   2.5070403e+03   2.4932874e+03   2.5029166e+03   2.4976345e+03   2.5033749e+03   2.5004518e+03   2.5039772e+03   2.5013613e+03   2.4998810e+03   2.5087475e+03   2.5075478e+03   2.5091384e+03   2.5026038e+03   2.5002082e+03   2.5042234e+03   2.4995518e+03   2.5035724e+03   2.5018586e+03   2.5012830e+03   2.5087628e+03   2.5072084e+03
   2.4817796e+03   2.4821434e+03   2.4817293e+03   2.4817489e+03   2.4817799e+03   2.4817878e+03   2.4819133e+03   2.4825927e+03   2.4823028e+03   2.4822545e+03   2.4813343e+03   2.4817555e+03   2.4819147e+03   2.4817905e+03   2.4819235e+03   2.4820401e+03   2.4824475e+03   2.4819507e+03   2.4821298e+03   2.4824164e+03   2.4820558e+03   2.4821149e+03   2.4817392e+03   2.4825116e+03   2.4813270e+03   2.4823785e+03   2.4816122e+03   2.4822564e+03   2.4827197e+03   2.4827110e+03
   2.4807813e+03   2.4807813e+03   2.4807813e+03   2.4807813e+03   2.4807813e+03   2.4807813e+03   2.4807813e+03   2.4807813e+03   2.4807813e+03   2.4807813e+03   2.4807813e+03   2.4807813e+03   2.4807813e+03   2.4807813e+03   2.4807813e+03   2.4807813e+03   2.4807813e+03   2.4807813e+03   2.4807813e+03   2.4807813e+03   2.4807813e+03   2.4807813e+03   2.4807813e+03   2.4807813e+03   2.4807813e+03   2.4807813e+03   2.4807813e+03   2.4807813e+03   2.4807813e+03   2.4807813e+03
