   8.8610485e+02   8.8115330e+02   8.8220873e+02   8.8095102e+02   9.1106302e+02   8.8328916e+02   8.9631389e+02   8.8659038e+02   9.0723351e+02   8.9502476e+02   9.0490159e+02   9.0061365e+02   8.9948819e+02   8.8254715e+02   8.9052267e+02   8.8736606e+02   8.7597660e+02   8.9352928e+02   9.0592832e+02   8.9381226e+02   8.9862954e+02   9.0570222e+02   9.1191699e+02   8.9235614e+02   8.9321276e+02   8.9272044e+02   8.8472580e+02   8.9011912e+02   9.0008570e+02   8.8048054e+02
   8.8610485e+02   8.8115330e+02   8.8220873e+02   8.8095102e+02   9.1106302e+02   8.8328916e+02   8.9631389e+02   8.8659038e+02   9.0723351e+02   8.9502476e+02   9.0490159e+02   9.0061365e+02   8.9948819e+02   8.8254715e+02   8.9052267e+02   8.8736606e+02   8.7597660e+02   8.9352928e+02   9.0592832e+02   8.9381226e+02   8.9862954e+02   9.0570222e+02   9.1191699e+02   8.9235614e+02   8.9321276e+02   8.9272044e+02   8.8472580e+02   8.9011912e+02   9.0008570e+02   8.8048054e+02
   8.8610485e+02   8.8115330e+02   8.8220873e+02   8.8095102e+02   9.1106302e+02   8.8328916e+02   8.9631389e+02   8.8659038e+02   9.0723351e+02   8.9502476e+02   9.0490159e+02   9.0061365e+02   8.9948819e+02   8.8254715e+02   8.9052267e+02   8.8736606e+02   8.7597660e+02   8.9352928e+02   9.0592832e+02   8.9381226e+02   8.9862954e+02   9.0570222e+02   9.1191699e+02   8.9235614e+02   8.9321276e+02   8.9272044e+02   8.8472580e+02   8.9011912e+02   9.0008570e+02   8.8048054e+02
   8.8583804e+02   8.8115330e+02   8.8220873e+02   8.8095102e+02   8.6220391e+02   8.8328916e+02   8.9631389e+02   8.8659038e+02   8.8535277e+02   8.9502476e+02   8.7087256e+02   8.9860235e+02   8.8019483e+02   8.8254715e+02   8.9052267e+02   8.8154128e+02   8.7597660e+02   8.9352928e+02   8.9494372e+02   8.8572523e+02   8.9250512e+02   9.0570222e+02   8.9553524e+02   8.9235614e+02   8.9289626e+02   8.8898728e+02   8.8472580e+02   8.6510223e+02   8.9751442e+02   8.8048054e+02
   8.8583804e+02   8.8115330e+02   8.8220873e+02   8.8095102e+02   8.6220391e+02   8.7397621e+02   8.8116869e+02   8.8330967e+02   8.8535277e+02   8.9502476e+02   8.7087256e+02   8.7457916e+02   8.8019483e+02   8.8254715e+02   8.9052267e+02   8.8154128e+02   8.6787538e+02   8.9352928e+02   8.8426060e+02   8.8572523e+02   8.9250512e+02   9.0570222e+02   8.9119325e+02   8.9235614e+02   8.9289626e+02   8.8898728e+02   8.8472580e+02   8.6510223e+02   8.9509924e+02   8.8048054e+02
   8.8583804e+02   8.8115330e+02   8.8220873e+02   8.6175137e+02   8.6220391e+02   8.7397621e+02   8.8116869e+02   8.8330967e+02   8.7843538e+02   8.9502476e+02   8.7087256e+02   8.7457916e+02   8.8019483e+02   8.7967848e+02   8.8198672e+02   8.8154128e+02   8.6787538e+02   8.9352928e+02   8.8125218e+02   8.7768673e+02   8.8309123e+02   9.0219645e+02   8.7093439e+02   8.7650204e+02   8.9208996e+02   8.8898728e+02   8.8472580e+02   8.5431682e+02   8.9328087e+02   8.8048054e+02
   8.5088506e+02   8.7900153e+02   8.8220873e+02   8.6175137e+02   8.6056796e+02   8.7142664e+02   8.8116869e+02   8.8330967e+02   8.7843538e+02   8.7261353e+02   8.7087256e+02   8.7457916e+02   8.7681890e+02   8.7120546e+02   8.8198672e+02   8.8154128e+02   8.6421540e+02   8.8647535e+02   8.6741252e+02   8.7768673e+02   8.7329938e+02   8.8241966e+02   8.7093439e+02   8.6735098e+02   8.7757133e+02   8.8057062e+02   8.8413916e+02   8.5431682e+02   8.9081798e+02   8.8048054e+02
   8.3653748e+02   8.6735459e+02   8.8191047e+02   8.6175137e+02   8.5378802e+02   8.7142664e+02   8.6426392e+02   8.6996204e+02   8.6610554e+02   8.7046571e+02   8.6581563e+02   8.7457916e+02   8.7681890e+02   8.7120546e+02   8.6908526e+02   8.7949140e+02   8.6343060e+02   8.6277536e+02   8.6452402e+02   8.5752025e+02   8.5498442e+02   8.7609455e+02   8.4896221e+02   8.6735098e+02   8.7757133e+02   8.6180626e+02   8.7695212e+02   8.5431682e+02   8.5586120e+02   8.6681647e+02
   8.3653748e+02   8.6735459e+02   8.6957789e+02   8.6002050e+02   8.5378802e+02   8.5347174e+02   8.6426392e+02   8.6996204e+02   8.6294787e+02   8.6597962e+02   8.6581563e+02   8.5569802e+02   8.7072918e+02   8.6062054e+02   8.6577787e+02   8.6428134e+02   8.6343060e+02   8.6277536e+02   8.6452402e+02   8.5752025e+02   8.4290591e+02   8.6195182e+02   8.4896221e+02   8.6735098e+02   8.6366148e+02   8.5823997e+02   8.7647669e+02   8.5431682e+02   8.5586120e+02   8.4932967e+02
   8.3653748e+02   8.5531713e+02   8.5684763e+02   8.4815756e+02   8.4917108e+02   8.5163727e+02   8.6151985e+02   8.6491151e+02   8.5887758e+02   8.5610565e+02   8.6093421e+02   8.5182161e+02   8.5775896e+02   8.5335963e+02   8.5399530e+02   8.6428134e+02   8.6122229e+02   8.6277536e+02   8.5997365e+02   8.4756354e+02   8.4290591e+02   8.5571509e+02   8.4800733e+02   8.4830346e+02   8.4879239e+02   8.5823997e+02   8.4437564e+02   8.5431682e+02   8.5586120e+02   8.4932967e+02
   8.3256148e+02   8.4084612e+02   8.4395148e+02   8.3493059e+02   8.4658159e+02   8.3489253e+02   8.5523739e+02   8.4899325e+02   8.4344690e+02   8.4372601e+02   8.5692597e+02   8.4972737e+02   8.4709748e+02   8.4740024e+02   8.4651255e+02   8.5368932e+02   8.5196854e+02   8.5194123e+02   8.4780791e+02   8.3447339e+02   8.4290591e+02   8.5068608e+02   8.4800733e+02   8.4315426e+02   8.3704520e+02   8.3576632e+02   8.4093566e+02   8.4321333e+02   8.4225087e+02   8.4514045e+02
   8.3253327e+02   8.2713197e+02   8.4320829e+02   8.3434306e+02   8.3834670e+02   8.3460241e+02   8.2748640e+02   8.3647703e+02   8.4116872e+02   8.3021439e+02   8.3772091e+02   8.3501662e+02   8.3779907e+02   8.3143739e+02   8.3423450e+02   8.3697598e+02   8.4185069e+02   8.3744796e+02   8.3685481e+02   8.2721249e+02   8.3920841e+02   8.4268595e+02   8.3841825e+02   8.4154452e+02   8.3696826e+02   8.3576632e+02   8.3923373e+02   8.4074301e+02   8.3760880e+02   8.4254443e+02
   8.1591680e+02   8.1172430e+02   8.2487312e+02   8.2666960e+02   8.2823752e+02   8.2815934e+02   8.2125306e+02   8.2702490e+02   8.2927378e+02   8.3003991e+02   8.2104672e+02   8.2179067e+02   8.2737389e+02   8.2511767e+02   8.2391538e+02   8.2573918e+02   8.3195548e+02   8.3241270e+02   8.1549247e+02   8.2721249e+02   8.2649289e+02   8.2935260e+02   8.2384691e+02   8.3573767e+02   8.2332491e+02   8.2407612e+02   8.2687649e+02   8.2443894e+02   8.2118968e+02   8.3101762e+02
   8.1384704e+02   8.1063459e+02   8.1823293e+02   8.2158084e+02   8.2003711e+02   8.1746604e+02   8.1512822e+02   8.2274242e+02   8.1679613e+02   8.2187147e+02   8.1756207e+02   8.1906170e+02   8.2170402e+02   8.1995011e+02   8.2106075e+02   8.1727613e+02   8.1843083e+02   8.1960047e+02   8.1401916e+02   8.1851067e+02   8.2052515e+02   8.2140816e+02   8.2014687e+02   8.2570381e+02   8.1721343e+02   8.2160344e+02   8.2220227e+02   8.1798667e+02   8.2065240e+02   8.1721973e+02
   8.1294172e+02   8.0695346e+02   8.1241773e+02   8.0957588e+02   8.1509024e+02   8.0839833e+02   8.1480494e+02   8.1488231e+02   8.1436764e+02   8.1287918e+02   8.1281598e+02   8.1106380e+02   8.1268699e+02   8.1245909e+02   8.1166619e+02   8.1249768e+02   8.1512136e+02   8.1379184e+02   8.1204131e+02   8.1528574e+02   8.1808465e+02   8.1648831e+02   8.1537958e+02   8.1573847e+02   8.1393840e+02   8.1573554e+02   8.1517123e+02   8.1393926e+02   8.1448292e+02   8.1549581e+02
   8.0401973e+02   8.0500423e+02   8.0597207e+02   8.0598428e+02   8.0602184e+02   8.0603337e+02   8.0698507e+02   8.0698821e+02   8.0698832e+02   8.0699395e+02   8.0700501e+02   8.0700713e+02   8.0700928e+02   8.0701846e+02   8.0707690e+02   8.0796321e+02   8.0796749e+02   8.0797030e+02   8.0799541e+02   8.0801434e+02   8.0900539e+02   8.0902157e+02   8.0995966e+02   8.0997462e+02   8.0997470e+02   8.0997775e+02   8.0997860e+02   8.1002437e+02   8.1096858e+02   8.1097638e+02
