4.018706e+02 3.901938e+02 1.152055e+03 5.747261e+02 4.969421e+02 9.810950e+02 7.586138e+02 5.115678e+02 7.537609e+02 1.392291e+03 3.432275e+02 1.302594e+03 1.432089e+03 1.087497e+03 7.096947e+02 7.163278e+02 7.067982e+02 6.845913e+02 1.230307e+03 1.015343e+03 1.219667e+03 8.084760e+02 1.590373e+03 1.034454e+03 1.500747e+03 9.551701e+02 1.346677e+03 7.376225e+02 8.557751e+02 9.746710e+02 
4.018706e+02 3.901938e+02 1.152055e+03 5.747261e+02 4.969421e+02 9.810950e+02 7.586138e+02 5.115678e+02 7.537609e+02 1.392291e+03 3.432275e+02 1.302594e+03 1.432089e+03 1.087497e+03 7.096947e+02 7.163278e+02 7.067982e+02 6.845913e+02 1.230307e+03 1.015343e+03 1.219667e+03 8.084760e+02 1.590373e+03 1.034454e+03 1.500747e+03 9.551701e+02 1.346677e+03 7.376225e+02 8.557751e+02 9.746710e+02 
4.018706e+02 3.901938e+02 1.152055e+03 5.747261e+02 4.969421e+02 9.810950e+02 7.586138e+02 5.115678e+02 7.537609e+02 1.392291e+03 3.432275e+02 1.302594e+03 1.432089e+03 1.087497e+03 7.096947e+02 7.163278e+02 7.067982e+02 6.845913e+02 1.230307e+03 1.015343e+03 1.219667e+03 8.084760e+02 1.590373e+03 1.034454e+03 1.500747e+03 9.551701e+02 1.346677e+03 7.376225e+02 8.557751e+02 9.746710e+02 
3.620282e+02 3.663789e+02 6.554410e+02 5.747261e+02 4.969421e+02 8.384400e+02 6.952998e+02 5.115678e+02 7.537609e+02 1.285246e+03 3.432275e+02 1.302594e+03 1.423078e+03 1.087497e+03 6.666950e+02 7.163278e+02 7.067982e+02 5.877055e+02 1.019822e+03 1.015343e+03 1.102846e+03 8.084760e+02 1.500431e+03 2.807300e+02 1.060071e+03 9.532308e+02 1.299836e+03 5.461925e+02 8.269673e+02 9.746710e+02 
3.620282e+02 3.663789e+02 6.554410e+02 5.563449e+02 4.969421e+02 8.234931e+02 6.952998e+02 5.115678e+02 4.145628e+02 1.285246e+03 3.432275e+02 1.302594e+03 1.423078e+03 1.087497e+03 6.666950e+02 7.163278e+02 7.067982e+02 5.877055e+02 6.849909e+02 1.015343e+03 1.102846e+03 7.138810e+02 6.626644e+02 2.807300e+02 1.060071e+03 8.063765e+02 9.701672e+02 5.461925e+02 8.269673e+02 9.746710e+02 
3.620282e+02 3.439748e+02 6.554410e+02 5.563449e+02 4.969421e+02 4.726206e+02 5.769859e+02 5.115678e+02 4.145628e+02 8.725126e+02 3.432275e+02 8.332690e+02 9.119168e+02 6.590460e+02 6.666950e+02 6.962148e+02 5.817970e+02 4.056843e+02 6.849909e+02 8.292141e+02 9.652319e+02 7.138810e+02 4.152109e+02 2.807300e+02 1.060071e+03 7.406635e+02 7.446940e+02 5.035220e+02 8.269673e+02 8.977562e+02 
3.022278e+02 2.769056e+02 6.554410e+02 2.069645e+02 4.969421e+02 4.519297e+02 2.781560e+02 5.115678e+02 4.145628e+02 3.714765e+02 3.432275e+02 8.332690e+02 9.119168e+02 6.027327e+02 3.726199e+02 6.962148e+02 3.004625e+02 4.056843e+02 6.849909e+02 8.292141e+02 8.377306e+02 4.537321e+02 4.030431e+02 2.807300e+02 9.528150e+02 7.406635e+02 5.472423e+02 5.035220e+02 7.693748e+02 6.967840e+02 
3.022278e+02 2.756266e+02 5.346095e+02 2.069645e+02 3.133283e+02 4.519297e+02 2.765144e+02 4.122202e+02 3.950790e+02 3.105924e+02 3.267809e+02 4.126517e+02 6.992332e+02 5.105905e+02 3.500354e+02 5.291923e+02 3.004625e+02 3.176581e+02 3.681987e+02 6.114869e+02 2.131909e+02 3.602052e+02 2.811466e+02 2.764771e+02 5.764502e+02 6.175962e+02 4.712100e+02 2.101388e+02 4.091523e+02 4.447741e+02 
2.134653e+02 2.321837e+02 2.785217e+02 1.307355e+02 2.570922e+02 4.247189e+02 2.765144e+02 3.526250e+02 3.397496e+02 3.002348e+02 2.330751e+02 3.840378e+02 4.321230e+02 1.764169e+02 3.231342e+02 3.866808e+02 1.866124e+02 1.998070e+02 3.198425e+02 4.496962e+02 2.131909e+02 3.450942e+02 2.811466e+02 2.724824e+02 5.326263e+02 2.009593e+02 2.190095e+02 2.101388e+02 4.091523e+02 2.830759e+02 
1.169586e+02 1.055130e+02 2.261142e+02 1.292535e+02 1.350833e+02 1.592810e+02 2.347764e+02 1.551921e+02 1.785823e+02 2.172443e+02 2.054411e+02 2.041026e+02 2.392679e+02 1.746195e+02 1.734596e+02 2.283090e+02 1.366812e+02 1.556270e+02 1.470912e+02 2.478140e+02 1.355494e+02 1.529455e+02 2.345958e+02 2.373662e+02 3.246978e+02 1.286006e+02 2.077817e+02 2.090488e+02 2.363746e+02 1.698213e+02 
8.761648e+01 1.036536e+02 1.305957e+02 4.169351e+01 5.580922e+01 9.691534e+01 8.494297e+01 1.280745e+02 9.980418e+01 8.564758e+01 1.099755e+02 8.080931e+01 1.278846e+02 8.511247e+01 1.252777e+02 7.822794e+01 1.011130e+02 7.993131e+01 1.174323e+02 1.456631e+02 8.147837e+01 7.187219e+01 1.142653e+02 1.392160e+02 1.197959e+02 8.591159e+01 7.157191e+01 9.278535e+01 1.240760e+02 9.540044e+01 
4.050950e+01 5.592034e+01 7.227905e+01 1.424296e+01 3.760581e+01 4.224157e+01 5.121855e+01 4.420828e+01 4.477776e+01 4.291103e+01 6.091675e+01 4.381761e+01 6.446098e+01 6.746205e+01 3.412843e+01 4.839345e+01 4.538583e+01 3.633190e+01 5.584189e+01 2.784118e+01 7.003819e+01 5.916199e+01 3.825522e+01 1.369076e+01 5.483413e+01 4.708786e+01 3.838544e+01 5.395582e+01 5.465161e+01 3.963494e+01 
1.642459e+01 1.470891e+01 2.096726e+01 1.161700e+01 9.888190e+00 1.035722e+01 1.197758e+01 1.150043e+01 8.486500e+00 6.042910e+00 1.296669e+01 1.281074e+01 1.734282e+01 1.423261e+01 9.087570e+00 1.195273e+01 9.284810e+00 1.632512e+01 2.328195e+01 1.033376e+01 1.345286e+01 1.425405e+01 5.234290e+00 6.056260e+00 1.539470e+01 9.681960e+00 9.500980e+00 1.348755e+01 1.708114e+01 1.465172e+01 
3.183360e+00 1.895030e+00 3.725240e+00 4.358070e+00 1.900590e+00 4.756920e+00 7.879600e-01 4.952190e+00 3.965340e+00 3.186290e+00 4.640760e+00 2.919640e+00 3.224020e+00 1.537760e+00 1.361760e+00 1.194600e+00 7.374600e-01 4.152090e+00 2.783110e+00 3.768280e+00 2.078060e+00 2.474220e+00 1.736110e+00 2.393180e+00 1.893990e+00 2.429490e+00 3.110260e+00 2.720280e+00 1.904740e+00 2.541710e+00 
3.156100e-01 4.843100e-01 4.969900e-01 5.937000e-01 3.118500e-01 4.679000e-01 5.288200e-01 3.045800e-01 4.419900e-01 2.700200e-01 5.554700e-01 3.762200e-01 4.210300e-01 2.733800e-01 9.183900e-01 4.260400e-01 2.039600e-01 7.019300e-01 5.660000e-01 3.245300e-01 1.522900e-01 5.837500e-01 3.596800e-01 2.634300e-01 5.881100e-01 6.963500e-01 5.001100e-01 5.221900e-01 2.920100e-01 7.232200e-01 
0.000000e+00 0.000000e+00 0.000000e+00 0.000000e+00 0.000000e+00 0.000000e+00 0.000000e+00 0.000000e+00 0.000000e+00 0.000000e+00 0.000000e+00 0.000000e+00 0.000000e+00 0.000000e+00 0.000000e+00 0.000000e+00 0.000000e+00 0.000000e+00 0.000000e+00 0.000000e+00 0.000000e+00 0.000000e+00 0.000000e+00 0.000000e+00 0.000000e+00 0.000000e+00 0.000000e+00 0.000000e+00 0.000000e+00 0.000000e+00 
0.000000e+00 0.000000e+00 0.000000e+00 0.000000e+00 0.000000e+00 0.000000e+00 0.000000e+00 0.000000e+00 0.000000e+00 0.000000e+00 0.000000e+00 0.000000e+00 0.000000e+00 0.000000e+00 0.000000e+00 0.000000e+00 0.000000e+00 0.000000e+00 0.000000e+00 0.000000e+00 0.000000e+00 0.000000e+00 0.000000e+00 0.000000e+00 0.000000e+00 0.000000e+00 0.000000e+00 0.000000e+00 0.000000e+00 0.000000e+00 