2.315146e+03 1.734960e+03 2.229615e+03 1.841308e+03 8.740971e+02 2.052972e+03 2.826096e+03 1.523887e+03 1.435593e+03 1.874601e+03 1.547111e+03 1.777564e+03 2.150207e+03 1.934786e+03 1.829180e+03 1.403106e+03 1.573255e+03 9.048378e+02 2.566320e+03 2.169215e+03 1.930109e+03 1.646409e+03 1.578895e+03 1.717674e+03 2.273114e+03 2.675286e+03 2.460138e+03 2.569992e+03 2.460993e+03 2.510983e+03 
2.315146e+03 1.734960e+03 2.229615e+03 1.841308e+03 8.740971e+02 2.052972e+03 2.826096e+03 1.523887e+03 1.435593e+03 1.874601e+03 1.547111e+03 1.777564e+03 2.150207e+03 1.934786e+03 1.829180e+03 1.403106e+03 1.573255e+03 9.048378e+02 2.566320e+03 2.169215e+03 1.930109e+03 1.646409e+03 1.578895e+03 1.717674e+03 2.273114e+03 2.675286e+03 2.460138e+03 2.569992e+03 2.460993e+03 2.510983e+03 
2.315146e+03 1.734960e+03 2.229615e+03 1.841308e+03 8.740971e+02 2.052972e+03 2.826096e+03 1.523887e+03 1.435593e+03 1.874601e+03 1.547111e+03 1.777564e+03 2.150207e+03 1.934786e+03 1.829180e+03 1.403106e+03 1.573255e+03 9.048378e+02 2.566320e+03 2.169215e+03 1.930109e+03 1.646409e+03 1.578895e+03 1.717674e+03 2.273114e+03 2.675286e+03 2.460138e+03 2.569992e+03 2.460993e+03 2.510983e+03 
1.985457e+03 1.734960e+03 2.229615e+03 1.155129e+03 8.740971e+02 2.052972e+03 1.714374e+03 1.330720e+03 1.435593e+03 1.699785e+03 1.182896e+03 1.777564e+03 1.942999e+03 1.934786e+03 1.483285e+03 1.403106e+03 1.509347e+03 9.048378e+02 2.313299e+03 1.560247e+03 1.930109e+03 1.646409e+03 1.130422e+03 1.717674e+03 2.273114e+03 1.998686e+03 1.722300e+03 1.381990e+03 1.888532e+03 1.689011e+03 
1.354547e+03 1.734960e+03 1.634151e+03 1.155129e+03 8.740971e+02 2.052972e+03 1.530029e+03 1.330720e+03 1.268524e+03 1.258067e+03 1.058569e+03 1.408544e+03 1.942999e+03 1.618240e+03 1.483285e+03 1.403106e+03 8.925289e+02 9.048378e+02 2.111425e+03 1.185729e+03 1.930109e+03 1.646409e+03 9.868003e+02 1.717674e+03 1.750934e+03 1.984565e+03 1.722300e+03 1.381990e+03 1.888532e+03 1.689011e+03 
1.354547e+03 1.734960e+03 1.634151e+03 1.155129e+03 8.740971e+02 1.753162e+03 1.530029e+03 1.330720e+03 1.268524e+03 1.258067e+03 9.967615e+02 1.328860e+03 1.473855e+03 1.618240e+03 1.483285e+03 1.403106e+03 8.925289e+02 9.048378e+02 2.026837e+03 1.185729e+03 1.400444e+03 1.646409e+03 9.868003e+02 1.717674e+03 1.488816e+03 1.984565e+03 1.722300e+03 9.154810e+02 9.824244e+02 1.689011e+03 
1.354547e+03 1.495027e+03 1.299061e+03 1.155129e+03 8.740971e+02 8.756529e+02 1.530029e+03 1.270702e+03 1.268524e+03 1.183433e+03 9.967615e+02 1.328860e+03 8.306403e+02 1.373052e+03 1.483285e+03 1.055136e+03 8.925289e+02 9.048378e+02 1.574043e+03 4.982978e+02 1.300473e+03 9.327777e+02 6.195860e+02 1.717674e+03 1.446186e+03 1.737074e+03 1.216419e+03 9.154810e+02 9.824244e+02 1.368514e+03 
1.354547e+03 1.157601e+03 1.090395e+03 9.720507e+02 8.740971e+02 8.756529e+02 6.927753e+02 1.160772e+03 1.268524e+03 5.338501e+02 9.967615e+02 1.134139e+03 8.306403e+02 1.231965e+03 5.869746e+02 8.272399e+02 8.925289e+02 9.048378e+02 9.137474e+02 4.982978e+02 1.300473e+03 9.327777e+02 6.195860e+02 1.564122e+03 1.226672e+03 1.017629e+03 1.216419e+03 9.154810e+02 9.170510e+02 1.368514e+03 
8.323495e+02 3.152228e+02 5.034217e+02 9.720507e+02 6.465444e+02 7.771608e+02 6.927753e+02 1.160772e+03 8.249928e+02 5.338501e+02 9.352238e+02 1.134139e+03 5.736874e+02 8.974825e+02 5.869746e+02 7.197005e+02 7.682334e+02 9.048378e+02 9.137474e+02 4.982978e+02 1.084460e+03 8.433240e+02 6.195860e+02 7.726834e+02 8.979863e+02 8.556154e+02 1.216419e+03 7.616690e+02 8.732383e+02 8.914729e+02 
6.837270e+02 1.199359e+02 5.034217e+02 6.998626e+02 4.536055e+02 6.865953e+02 6.584964e+02 6.895206e+02 6.245123e+02 4.774426e+02 7.324773e+02 5.668932e+02 4.414950e+02 6.800870e+02 3.156144e+02 5.190169e+02 5.902786e+02 9.048378e+02 7.049156e+02 4.982978e+02 6.790757e+02 8.433240e+02 6.047778e+02 5.337370e+02 3.336795e+02 2.135695e+02 8.276236e+02 5.618103e+02 4.705131e+02 7.775465e+02 
3.061153e+02 9.147318e+01 4.542917e+02 2.553517e+02 3.104560e+02 3.689124e+02 5.160974e+02 6.255447e+02 5.422950e+02 3.334862e+02 4.669877e+02 3.316660e+02 3.404907e+02 4.007939e+02 3.156144e+02 1.591296e+02 2.380759e+02 5.060989e+02 5.675261e+02 3.553563e+02 4.480743e+02 5.839452e+02 5.075047e+02 2.606076e+02 3.336795e+02 1.959741e+02 3.671800e+02 5.604257e+02 4.705131e+02 5.739740e+02 
1.455624e+02 8.914005e+01 2.934856e+02 2.553517e+02 3.104560e+02 2.549931e+02 2.870259e+02 3.081946e+02 2.579466e+02 1.932692e+02 1.550370e+02 3.316660e+02 2.094490e+02 3.060458e+02 2.587554e+02 1.036793e+02 1.923195e+02 2.745517e+02 2.960995e+02 2.264777e+02 2.194070e+02 3.610382e+02 1.756750e+02 1.313099e+02 3.028333e+02 1.539670e+02 2.454002e+02 3.529612e+02 3.793729e+02 1.136167e+02 
6.488380e+01 8.914005e+01 1.652525e+02 1.782720e+02 1.604748e+02 1.264481e+02 2.033460e+02 1.924569e+02 1.629515e+02 8.349358e+01 1.380115e+02 1.250721e+02 8.549012e+01 1.615300e+02 1.347223e+02 8.995807e+01 8.538825e+01 1.377747e+02 1.239953e+02 7.679734e+01 1.456393e+02 1.405965e+02 8.968480e+01 8.260829e+01 8.746346e+01 8.540926e+01 1.370506e+02 9.326025e+01 2.046983e+02 2.536284e+01 
6.222717e+01 3.294713e+01 1.293617e+02 5.224523e+01 1.157187e+02 3.103202e+01 2.257917e+01 5.233321e+01 4.230914e+01 4.617442e+01 1.277701e+02 1.051247e+02 5.521920e+01 7.577787e+01 6.798592e+01 6.312436e+01 5.140106e+01 4.321603e+01 6.813929e+01 6.721599e+01 3.853220e+01 1.136448e+02 7.670058e+01 5.142912e+01 4.465039e+01 6.302830e+01 5.714776e+01 7.650704e+01 2.838399e+01 2.035554e+01 
2.878685e+01 2.982880e+01 6.997350e+00 2.003679e+01 4.243155e+01 2.524193e+01 1.247507e+01 2.043606e+01 2.303516e+01 1.814961e+01 1.936162e+01 1.701142e+01 2.979732e+01 3.040269e+01 2.613872e+01 6.234350e+00 1.984561e+01 8.549920e+00 2.481058e+01 2.146408e+01 1.265799e+01 1.203834e+01 2.489410e+01 2.905254e+01 1.493228e+01 3.193113e+01 1.253157e+01 9.003180e+00 1.182256e+01 1.336337e+01 
0.000000e+00 0.000000e+00 0.000000e+00 0.000000e+00 0.000000e+00 0.000000e+00 0.000000e+00 0.000000e+00 0.000000e+00 0.000000e+00 0.000000e+00 0.000000e+00 0.000000e+00 0.000000e+00 0.000000e+00 0.000000e+00 0.000000e+00 0.000000e+00 0.000000e+00 0.000000e+00 0.000000e+00 0.000000e+00 0.000000e+00 0.000000e+00 0.000000e+00 0.000000e+00 0.000000e+00 0.000000e+00 0.000000e+00 5.610000e-03 
0.000000e+00 0.000000e+00 0.000000e+00 0.000000e+00 0.000000e+00 0.000000e+00 0.000000e+00 0.000000e+00 0.000000e+00 0.000000e+00 0.000000e+00 0.000000e+00 0.000000e+00 0.000000e+00 0.000000e+00 0.000000e+00 0.000000e+00 0.000000e+00 0.000000e+00 0.000000e+00 0.000000e+00 0.000000e+00 0.000000e+00 0.000000e+00 0.000000e+00 0.000000e+00 0.000000e+00 0.000000e+00 0.000000e+00 0.000000e+00 