2.614945e+09 3.271632e+09 2.901499e+09 1.635196e+09 3.335706e+09 3.538623e+09 3.777682e+09 2.818541e+09 1.897793e+09 2.173010e+09 2.194272e+09 2.023504e+09 3.018240e+09 3.501493e+09 1.999957e+09 1.656172e+09 2.484697e+09 3.315409e+09 1.661387e+09 2.021600e+09 2.652730e+09 2.455445e+09 1.506083e+09 2.740065e+09 1.532159e+09 3.637211e+09 3.107498e+09 2.350685e+09 2.081273e+09 2.738371e+09 
2.614945e+09 3.271632e+09 2.901499e+09 1.635196e+09 3.335706e+09 3.538623e+09 3.777682e+09 2.818541e+09 1.897793e+09 2.173010e+09 2.194272e+09 2.023504e+09 3.018240e+09 3.501493e+09 1.999957e+09 1.656172e+09 2.484697e+09 3.315409e+09 1.661387e+09 2.021600e+09 2.652730e+09 2.455445e+09 1.506083e+09 2.740065e+09 1.532159e+09 3.637211e+09 3.107498e+09 2.350685e+09 2.081273e+09 2.738371e+09 
2.614945e+09 3.271632e+09 2.901499e+09 1.635196e+09 3.335706e+09 3.538623e+09 3.777682e+09 2.818541e+09 1.897793e+09 2.173010e+09 2.194272e+09 2.023504e+09 3.018240e+09 3.501493e+09 1.999957e+09 1.656172e+09 2.484697e+09 3.315409e+09 1.661387e+09 2.021600e+09 2.652730e+09 2.455445e+09 1.506083e+09 2.740065e+09 1.532159e+09 3.637211e+09 3.107498e+09 2.350685e+09 2.081273e+09 2.738371e+09 
2.614945e+09 3.271632e+09 2.901499e+09 1.635196e+09 3.335706e+09 3.538623e+09 3.777682e+09 2.818541e+09 1.897793e+09 2.173010e+09 2.194272e+09 2.023504e+09 3.018240e+09 3.501493e+09 1.999957e+09 1.656172e+09 2.484697e+09 3.315409e+09 1.661387e+09 2.021600e+09 2.652730e+09 2.455445e+09 1.506083e+09 2.740065e+09 1.532159e+09 3.637211e+09 3.107498e+09 2.350685e+09 2.081273e+09 2.738371e+09 
2.614945e+09 3.271632e+09 2.901499e+09 1.635196e+09 3.335706e+09 3.538623e+09 3.777682e+09 2.818541e+09 1.897793e+09 2.173010e+09 2.194272e+09 2.023504e+09 3.018240e+09 3.501493e+09 1.999957e+09 1.656172e+09 2.484697e+09 3.315409e+09 1.661387e+09 2.021600e+09 2.652730e+09 2.455445e+09 1.506083e+09 2.740065e+09 1.532159e+09 3.637211e+09 3.107498e+09 2.350685e+09 2.081273e+09 2.738371e+09 
2.614945e+09 3.271632e+09 2.901499e+09 8.668811e+08 3.335706e+09 2.778217e+09 2.712292e+09 2.818541e+09 1.897793e+09 2.173010e+09 2.194272e+09 2.023504e+09 2.328186e+09 3.494594e+09 1.999957e+09 1.656172e+09 2.484697e+09 2.993362e+09 1.105690e+09 2.021600e+09 2.652730e+09 2.455445e+09 1.506083e+09 1.713705e+09 1.532159e+09 3.637211e+09 3.107498e+09 2.202834e+09 2.081273e+09 2.738371e+09 
2.614945e+09 3.271632e+09 2.901499e+09 8.668811e+08 3.335706e+09 2.778217e+09 2.712292e+09 2.818541e+09 1.897793e+09 2.173010e+09 2.194272e+09 2.023504e+09 2.328186e+09 3.494594e+09 1.999957e+09 1.656172e+09 2.484697e+09 2.993362e+09 1.105690e+09 2.021600e+09 2.652730e+09 2.455445e+09 1.506083e+09 1.713705e+09 1.532159e+09 3.637211e+09 3.107498e+09 2.202834e+09 2.081273e+09 2.738371e+09 
1.651044e+09 2.556343e+09 2.329653e+09 8.668811e+08 2.412184e+09 1.991669e+09 1.782172e+09 2.818541e+09 1.897793e+09 1.696885e+09 2.009072e+09 1.785677e+09 2.328186e+09 3.195105e+09 1.900304e+09 1.656172e+09 2.484697e+09 1.477123e+09 1.105690e+09 2.021600e+09 2.652730e+09 1.679860e+09 1.506083e+09 1.713705e+09 1.062584e+09 2.315354e+09 3.107498e+09 1.534618e+09 2.081273e+09 2.729760e+09 
1.341596e+09 7.727403e+08 1.104176e+09 8.668811e+08 1.597010e+09 7.631010e+08 1.744996e+09 2.499972e+09 1.832331e+09 1.498329e+09 1.313575e+09 1.558315e+09 1.201045e+09 2.580493e+09 1.182275e+09 1.266590e+09 8.589844e+08 1.014563e+09 1.105690e+09 1.142121e+09 2.197533e+09 1.627587e+09 1.258391e+09 1.296600e+09 9.545401e+08 1.773969e+09 2.395552e+09 1.482842e+09 2.081273e+09 2.562446e+09 
1.200754e+09 7.727403e+08 7.465510e+08 5.007084e+08 1.405156e+09 1.948879e+08 2.479698e+08 1.615260e+09 8.689923e+08 9.155504e+08 1.303285e+09 7.276599e+08 9.341225e+08 6.855715e+08 1.182275e+09 1.261183e+09 8.178853e+08 6.456013e+08 9.381426e+08 1.120884e+09 7.044168e+08 5.980916e+08 1.193074e+09 8.181459e+08 9.533051e+08 1.271399e+09 1.146506e+09 1.275677e+09 1.392236e+09 8.849506e+08 
2.056080e+08 6.831672e+08 5.319275e+08 2.168314e+08 4.296773e+08 1.779271e+08 2.117555e+08 4.930332e+08 4.591311e+08 2.640651e+08 8.537592e+08 3.516605e+08 3.867991e+08 3.210011e+08 2.820878e+08 4.399385e+08 4.818474e+08 4.043354e+08 3.590303e+08 5.493507e+08 4.119653e+08 5.177542e+08 3.092615e+08 5.711550e+08 3.499498e+08 4.919805e+08 5.311233e+08 2.995462e+08 5.890268e+08 7.415785e+08 
1.928176e+08 9.992150e+07 1.213051e+08 8.852901e+07 1.431849e+08 1.354472e+08 1.023743e+08 1.836493e+08 1.971533e+08 2.321385e+07 1.742688e+08 8.770386e+07 2.199641e+08 1.710583e+08 1.221444e+08 1.541371e+08 1.557495e+08 8.218579e+07 1.679983e+08 1.251644e+08 1.416661e+08 1.161396e+08 7.078905e+07 1.471244e+08 1.822023e+08 1.657990e+08 2.719055e+08 5.611700e+07 1.917405e+08 8.635348e+07 
2.594232e+07 8.668140e+06 1.161294e+07 2.760206e+07 9.631796e+06 1.581872e+07 9.673907e+06 2.080716e+07 1.635545e+07 1.857158e+07 1.706720e+07 3.543809e+07 1.709724e+07 1.683922e+07 2.776615e+07 1.680739e+07 1.986285e+07 1.693033e+07 2.456299e+07 3.770906e+06 1.810392e+07 2.680034e+07 1.866298e+07 3.857428e+07 1.507788e+07 1.064300e+07 1.644367e+07 1.166054e+07 4.102075e+07 3.299400e+07 
2.512714e+06 1.528565e+06 1.917541e+06 1.911502e+06 1.582809e+06 1.644134e+06 1.694403e+06 2.429560e+06 9.229738e+05 1.225068e+06 1.451975e+06 8.180429e+05 2.897629e+06 9.381524e+05 1.668685e+06 1.099133e+06 1.312698e+06 2.107201e+06 4.514082e+06 1.437693e+06 2.216116e+06 2.391847e+06 3.351624e+06 1.798271e+06 1.758650e+06 7.891579e+05 1.129845e+06 5.884393e+05 2.347757e+06 2.439411e+06 
6.549512e+04 1.000960e+05 1.193743e+05 1.023246e+05 6.809011e+04 1.193808e+05 5.268383e+04 7.793744e+04 7.704474e+04 1.530293e+05 6.832950e+04 1.355247e+05 4.219595e+04 1.670981e+05 1.036994e+05 2.031348e+05 1.055010e+05 1.639322e+05 1.634660e+05 1.428352e+05 7.060618e+04 1.636198e+05 1.521719e+05 1.556653e+05 1.273575e+05 9.071939e+04 4.253668e+04 9.345668e+04 8.411537e+04 1.307426e+05 
4.000594e+02 4.384726e+02 4.600759e+02 4.894171e+02 4.950259e+02 5.040706e+02 5.322451e+02 5.882322e+02 6.328428e+02 7.336684e+02 7.344702e+02 7.397880e+02 7.541252e+02 8.638036e+02 8.777736e+02 8.926723e+02 8.951859e+02 9.497406e+02 9.723950e+02 1.001456e+03 1.053076e+03 1.110033e+03 1.156578e+03 1.215083e+03 1.274824e+03 1.276665e+03 1.338088e+03 1.456972e+03 1.494231e+03 1.693922e+03 
0.000000e+00 0.000000e+00 0.000000e+00 0.000000e+00 0.000000e+00 0.000000e+00 0.000000e+00 0.000000e+00 0.000000e+00 0.000000e+00 0.000000e+00 0.000000e+00 0.000000e+00 0.000000e+00 0.000000e+00 0.000000e+00 0.000000e+00 0.000000e+00 0.000000e+00 0.000000e+00 0.000000e+00 0.000000e+00 0.000000e+00 0.000000e+00 0.000000e+00 0.000000e+00 0.000000e+00 0.000000e+00 0.000000e+00 0.000000e+00 