   2.7512096e+04   1.7766870e+04   2.2623854e+04   2.7620936e+04   2.2623854e+04   2.0179200e+04   2.2623854e+04   1.2912993e+05   5.1853159e+04   2.4441080e+04   2.7620936e+04   1.7766870e+04   2.7620936e+04   2.4441080e+04   1.2912993e+05   2.0179200e+04   5.1853159e+04   2.2623854e+04   2.0179200e+04   2.0179200e+04   2.2623854e+04   1.2912993e+05   3.0789123e+04   1.2912993e+05   5.4106978e+04   1.2912993e+05   5.1853159e+04   3.0789123e+04   1.7766870e+04   2.2623854e+04
   2.7512096e+04   1.7766870e+04   2.2623854e+04   2.6895275e+04   2.2623854e+04   2.0179200e+04   2.2623854e+04   2.1799272e+04   2.2139903e+04   2.4441080e+04   2.6895275e+04   1.7766870e+04   2.6895275e+04   2.4441080e+04   2.1799272e+04   2.0179200e+04   2.2139903e+04   2.2623854e+04   2.0179200e+04   2.0179200e+04   2.2623854e+04   2.1799272e+04   2.4997484e+04   2.1799272e+04   4.0964165e+04   2.1799272e+04   2.2139903e+04   2.4997484e+04   1.7766870e+04   2.2623854e+04
   2.7512096e+04   1.7766870e+04   2.2623854e+04   2.6895275e+04   2.2623854e+04   2.0179200e+04   2.2623854e+04   2.1799272e+04   2.2139903e+04   2.4441080e+04   2.6895275e+04   1.7766870e+04   2.6895275e+04   2.4441080e+04   2.1799272e+04   2.0179200e+04   2.2139903e+04   2.2623854e+04   2.0179200e+04   2.0179200e+04   2.2623854e+04   2.1799272e+04   2.4997484e+04   2.1799272e+04   4.0964165e+04   2.1799272e+04   2.2139903e+04   2.4997484e+04   1.7766870e+04   2.2623854e+04
   2.4883861e+04   1.7766870e+04   2.2623854e+04   1.2872805e+04   2.2623854e+04   2.0179200e+04   2.2623854e+04   2.1799272e+04   2.2139903e+04   2.3113482e+04   1.2872805e+04   1.7766870e+04   1.2872805e+04   2.3113482e+04   2.1799272e+04   2.0179200e+04   2.2139903e+04   2.2623854e+04   2.0179200e+04   2.0179200e+04   2.2623854e+04   2.1799272e+04   2.4997484e+04   2.1799272e+04   4.0964165e+04   2.1799272e+04   2.2139903e+04   2.4997484e+04   1.7766870e+04   2.2623854e+04
   1.1533714e+04   1.5358522e+04   2.2623854e+04   1.1991268e+04   2.2623854e+04   2.0179200e+04   2.2623854e+04   2.1799272e+04   2.2139903e+04   1.9001413e+04   1.1991268e+04   1.5358522e+04   1.1991268e+04   1.9001413e+04   2.1799272e+04   2.0179200e+04   2.2139903e+04   2.2623854e+04   2.0179200e+04   2.0179200e+04   2.2623854e+04   2.1799272e+04   1.6477074e+04   2.1799272e+04   2.3123588e+04   2.1799272e+04   2.2139903e+04   1.6477074e+04   1.5358522e+04   2.2623854e+04
   9.3844800e+03   1.5358522e+04   2.2623854e+04   1.1991268e+04   2.2623854e+04   1.6233892e+04   2.2623854e+04   1.5950418e+04   2.2139903e+04   9.1293394e+03   1.1991268e+04   1.5358522e+04   1.1991268e+04   9.1293394e+03   1.5950418e+04   1.6233892e+04   2.2139903e+04   2.2623854e+04   1.6233892e+04   1.6233892e+04   2.2623854e+04   1.5950418e+04   1.3893210e+04   1.5950418e+04   1.1646371e+04   1.5950418e+04   2.2139903e+04   1.3893210e+04   1.5358522e+04   2.2623854e+04
   9.3844800e+03   1.5358522e+04   1.5728508e+04   1.1991268e+04   1.5728508e+04   1.0770515e+04   1.5728508e+04   1.2992806e+04   1.1340092e+04   9.1293394e+03   1.1991268e+04   1.5358522e+04   1.1991268e+04   9.1293394e+03   1.2992806e+04   1.0770515e+04   1.1340092e+04   1.5728508e+04   1.0770515e+04   1.0770515e+04   1.5728508e+04   1.2992806e+04   1.1528004e+04   1.2992806e+04   1.1646371e+04   1.2992806e+04   1.1340092e+04   1.1528004e+04   1.5358522e+04   1.5728508e+04
   8.0734015e+03   1.0537275e+04   1.3173552e+04   5.8446017e+03   1.3173552e+04   9.9933805e+03   1.3173552e+04   1.1357984e+04   1.1340092e+04   9.1293394e+03   5.8446017e+03   1.0537275e+04   5.8446017e+03   9.1293394e+03   1.1357984e+04   9.9933805e+03   1.1340092e+04   1.3173552e+04   9.9933805e+03   9.9933805e+03   1.3173552e+04   1.1357984e+04   1.1528004e+04   1.1357984e+04   1.1646371e+04   1.1357984e+04   1.1340092e+04   1.1528004e+04   1.0537275e+04   1.3173552e+04
   7.1049906e+03   1.0537275e+04   9.1614354e+03   5.4674066e+03   9.1614354e+03   8.7922709e+03   9.1614354e+03   1.1357984e+04   5.2994879e+03   9.1293394e+03   5.4674066e+03   1.0537275e+04   5.4674066e+03   9.1293394e+03   1.1357984e+04   8.7922709e+03   5.2994879e+03   9.1614354e+03   8.7922709e+03   8.7922709e+03   9.1614354e+03   1.1357984e+04   6.0270903e+03   1.1357984e+04   6.2922570e+03   1.1357984e+04   5.2994879e+03   6.0270903e+03   1.0537275e+04   9.1614354e+03
   7.1045146e+03   5.1040187e+03   7.8104932e+03   5.4674066e+03   7.8104932e+03   8.0895267e+03   7.8104932e+03   7.3150797e+03   5.0006034e+03   9.1293394e+03   5.4674066e+03   5.1040187e+03   5.4674066e+03   9.1293394e+03   7.3150797e+03   8.0895267e+03   5.0006034e+03   7.8104932e+03   8.0895267e+03   8.0895267e+03   7.8104932e+03   7.3150797e+03   3.2433879e+03   7.3150797e+03   3.5533213e+03   7.3150797e+03   5.0006034e+03   3.2433879e+03   5.1040187e+03   7.8104932e+03
   7.1045146e+03   4.0748680e+03   7.5216395e+03   5.4674066e+03   7.5216395e+03   6.7899573e+03   7.5216395e+03   7.0931921e+03   4.8761731e+03   5.5470406e+03   5.4674066e+03   4.0748680e+03   5.4674066e+03   5.5470406e+03   7.0931921e+03   6.7899573e+03   4.8761731e+03   7.5216395e+03   6.7899573e+03   6.7899573e+03   7.5216395e+03   7.0931921e+03   3.2433879e+03   7.0931921e+03   3.5497024e+03   7.0931921e+03   4.8761731e+03   3.2433879e+03   4.0748680e+03   7.5216395e+03
   4.2782004e+03   1.7469254e+03   5.9166219e+03   4.6215736e+03   5.9166219e+03   4.0282319e+03   5.9166219e+03   3.8240605e+03   2.4552883e+03   4.4271964e+03   4.6215736e+03   1.7469254e+03   4.6215736e+03   4.4271964e+03   3.8240605e+03   4.0282319e+03   2.4552883e+03   5.9166219e+03   4.0282319e+03   4.0282319e+03   5.9166219e+03   3.8240605e+03   2.8719362e+03   3.8240605e+03   3.3407486e+03   3.8240605e+03   2.4552883e+03   2.8719362e+03   1.7469254e+03   5.9166219e+03
   9.3341999e+02   8.3097474e+02   9.5640549e+02   7.9751968e+02   9.5640549e+02   1.0682510e+03   9.5640549e+02   1.2900573e+03   2.2542937e+03   1.0676813e+03   7.9751968e+02   8.3097474e+02   7.9751968e+02   1.0676813e+03   1.2900573e+03   1.0682510e+03   2.2542937e+03   9.5640549e+02   1.0682510e+03   1.0682510e+03   9.5640549e+02   1.2900573e+03   1.9626036e+03   1.2900573e+03   1.4514960e+03   1.2900573e+03   2.2542937e+03   1.9626036e+03   8.3097474e+02   9.5640549e+02
   1.2778723e+01   6.1007470e+01   2.0697907e+01   5.6104334e+00   2.0697907e+01   3.3713502e+01   2.0697907e+01   1.7193729e+01   1.0605804e+02   1.6352870e+01   5.6104334e+00   6.1007470e+01   5.6104334e+00   1.6352870e+01   1.7193729e+01   3.3713502e+01   1.0605804e+02   2.0697907e+01   3.3713502e+01   3.3713502e+01   2.0697907e+01   1.7193729e+01   1.4318226e+01   1.7193729e+01   1.5512176e+01   1.7193729e+01   1.0605804e+02   1.4318226e+01   6.1007470e+01   2.0697907e+01
   4.4151477e-07   9.7282464e-07   7.1427183e-07   6.1988743e-07   7.1427183e-07   3.7889987e-07   7.1427183e-07   6.7165189e-07   2.7034688e-05   3.0037035e-07   6.1988743e-07   9.7282464e-07   6.1988743e-07   3.0037035e-07   6.7165189e-07   3.7889987e-07   2.7034688e-05   7.1427183e-07   3.7889987e-07   3.7889987e-07   7.1427183e-07   6.7165189e-07   2.1356695e-06   6.7165189e-07   2.8668950e-07   6.7165189e-07   2.7034688e-05   2.1356695e-06   9.7282464e-07   7.1427183e-07
   0.0000000e+00   0.0000000e+00   0.0000000e+00   0.0000000e+00   0.0000000e+00   0.0000000e+00   0.0000000e+00   0.0000000e+00   0.0000000e+00   0.0000000e+00   0.0000000e+00   0.0000000e+00   0.0000000e+00   0.0000000e+00   0.0000000e+00   0.0000000e+00   0.0000000e+00   0.0000000e+00   0.0000000e+00   0.0000000e+00   0.0000000e+00   0.0000000e+00   0.0000000e+00   0.0000000e+00   0.0000000e+00   0.0000000e+00   0.0000000e+00   0.0000000e+00   0.0000000e+00   0.0000000e+00
