   9.0010905e+02   8.9570875e+02   8.9012969e+02   8.9620464e+02   8.9012969e+02   8.9471068e+02   8.8367821e+02   9.0538929e+02   8.9470208e+02   8.9598021e+02   8.9157320e+02   8.9369135e+02   8.9157320e+02   8.9982896e+02   9.1010445e+02   8.9471068e+02   8.7102276e+02   9.0468914e+02   9.1160209e+02   9.1626230e+02   8.9012969e+02   9.0538929e+02   9.0811640e+02   9.2333062e+02   9.1030304e+02   9.0538929e+02   8.7852969e+02   8.8020988e+02   9.1118502e+02   8.9012969e+02
   8.9733816e+02   8.9570875e+02   8.9012969e+02   8.9517758e+02   8.9012969e+02   8.9471068e+02   8.8367821e+02   9.0538929e+02   8.9470208e+02   8.8710997e+02   8.9157320e+02   8.9369135e+02   8.9157320e+02   8.9969202e+02   9.1010445e+02   8.9471068e+02   8.7102276e+02   8.8630779e+02   8.9365446e+02   8.7535193e+02   8.9012969e+02   9.0538929e+02   9.0811640e+02   8.8269460e+02   9.0344948e+02   9.0538929e+02   8.7852969e+02   8.8020988e+02   9.1118502e+02   8.9012969e+02
   8.9733816e+02   8.9570875e+02   8.9012969e+02   8.9517758e+02   8.9012969e+02   8.9471068e+02   8.8367821e+02   9.0538929e+02   8.9470208e+02   8.8710997e+02   8.9157320e+02   8.9369135e+02   8.9157320e+02   8.9969202e+02   9.1010445e+02   8.9471068e+02   8.7102276e+02   8.8630779e+02   8.9365446e+02   8.7535193e+02   8.9012969e+02   9.0538929e+02   9.0811640e+02   8.8269460e+02   9.0344948e+02   9.0538929e+02   8.7852969e+02   8.8020988e+02   9.1118502e+02   8.9012969e+02
   8.9733816e+02   8.9470416e+02   8.9012969e+02   8.9517758e+02   8.9012969e+02   8.9384445e+02   8.8367821e+02   9.0538929e+02   8.7748742e+02   8.8710997e+02   8.9157320e+02   8.9369135e+02   8.9157320e+02   8.9451471e+02   8.8440651e+02   8.9384445e+02   8.7102276e+02   8.8630779e+02   8.9365446e+02   8.7535193e+02   8.9012969e+02   9.0538929e+02   8.9810465e+02   8.8269460e+02   8.9589325e+02   9.0538929e+02   8.7852969e+02   8.8020988e+02   9.0087774e+02   8.9012969e+02
   8.9733816e+02   8.9070605e+02   8.9012969e+02   8.9517758e+02   8.9012969e+02   8.7324967e+02   8.6961465e+02   8.9301611e+02   8.5992797e+02   8.8361631e+02   8.8319936e+02   8.8334996e+02   8.8319936e+02   8.8173565e+02   8.8440651e+02   8.7324967e+02   8.6894626e+02   8.8523801e+02   8.9365446e+02   8.7535193e+02   8.9012969e+02   8.9301611e+02   8.7682124e+02   8.7964788e+02   8.6310756e+02   8.9301611e+02   8.7852969e+02   8.8020988e+02   8.7711487e+02   8.9012969e+02
   8.9051502e+02   8.7360946e+02   8.7745383e+02   8.6362992e+02   8.7745383e+02   8.7324967e+02   8.6961465e+02   8.7714982e+02   8.5992797e+02   8.8361631e+02   8.8319936e+02   8.8334996e+02   8.8319936e+02   8.8173565e+02   8.8440651e+02   8.7324967e+02   8.6894626e+02   8.8519982e+02   8.8629663e+02   8.7535193e+02   8.7745383e+02   8.7714982e+02   8.7682124e+02   8.7964788e+02   8.6310756e+02   8.7714982e+02   8.7852969e+02   8.6748698e+02   8.6437513e+02   8.7745383e+02
   8.6464209e+02   8.5823289e+02   8.7386118e+02   8.5534337e+02   8.7386118e+02   8.7324967e+02   8.6661970e+02   8.3870903e+02   8.5992797e+02   8.6596363e+02   8.6870981e+02   8.7996477e+02   8.6870981e+02   8.7529452e+02   8.6083048e+02   8.7324967e+02   8.6894626e+02   8.7302314e+02   8.7408869e+02   8.7339107e+02   8.7386118e+02   8.3870903e+02   8.7677230e+02   8.7401119e+02   8.6310756e+02   8.3870903e+02   8.7213433e+02   8.5444902e+02   8.6437513e+02   8.7386118e+02
   8.6221031e+02   8.4405230e+02   8.5047333e+02   8.5349638e+02   8.5047333e+02   8.5425592e+02   8.6389138e+02   8.3870903e+02   8.5992797e+02   8.6097991e+02   8.6110056e+02   8.6369586e+02   8.6110056e+02   8.5177719e+02   8.5222210e+02   8.5425592e+02   8.5683407e+02   8.5686276e+02   8.6261139e+02   8.5233019e+02   8.5047333e+02   8.3870903e+02   8.6708543e+02   8.6530399e+02   8.6310756e+02   8.3870903e+02   8.5351406e+02   8.5128829e+02   8.6437513e+02   8.5047333e+02
   8.4591320e+02   8.4405230e+02   8.5047333e+02   8.4701888e+02   8.5047333e+02   8.5149988e+02   8.6302703e+02   8.3738208e+02   8.4645688e+02   8.4927546e+02   8.5315933e+02   8.4282381e+02   8.5315933e+02   8.4599080e+02   8.5222210e+02   8.5149988e+02   8.4953499e+02   8.5686276e+02   8.4219131e+02   8.5138422e+02   8.5047333e+02   8.3738208e+02   8.5273110e+02   8.4930094e+02   8.5318162e+02   8.3738208e+02   8.5351406e+02   8.4832384e+02   8.4159178e+02   8.5047333e+02
   8.4480308e+02   8.4405230e+02   8.3800386e+02   8.4585795e+02   8.3800386e+02   8.4607939e+02   8.5250427e+02   8.3738208e+02   8.4645688e+02   8.3761107e+02   8.3759681e+02   8.3091400e+02   8.3759681e+02   8.3908163e+02   8.4547161e+02   8.4607939e+02   8.4376678e+02   8.4158943e+02   8.3851020e+02   8.4595563e+02   8.3800386e+02   8.3738208e+02   8.5051755e+02   8.4878734e+02   8.4905201e+02   8.3738208e+02   8.4807447e+02   8.4342749e+02   8.4159178e+02   8.3800386e+02
   8.3821385e+02   8.2962258e+02   8.2692684e+02   8.3397603e+02   8.2692684e+02   8.3292371e+02   8.3893838e+02   8.3672672e+02   8.4341899e+02   8.2920464e+02   8.3254337e+02   8.2835876e+02   8.3254337e+02   8.3172628e+02   8.3619612e+02   8.3292371e+02   8.2931338e+02   8.3140602e+02   8.3525961e+02   8.3737495e+02   8.2692684e+02   8.3672672e+02   8.3921174e+02   8.3132280e+02   8.2321212e+02   8.3672672e+02   8.3841434e+02   8.3310236e+02   8.3878991e+02   8.2692684e+02
   8.2605579e+02   8.2560748e+02   8.2192224e+02   8.2156409e+02   8.2192224e+02   8.2862695e+02   8.3317029e+02   8.2918718e+02   8.2365035e+02   8.2210433e+02   8.2750525e+02   8.2701634e+02   8.2750525e+02   8.2658356e+02   8.2326575e+02   8.2862695e+02   8.1438435e+02   8.2920253e+02   8.1876929e+02   8.3220568e+02   8.2192224e+02   8.2918718e+02   8.3055909e+02   8.2706279e+02   8.2086267e+02   8.2918718e+02   8.2303098e+02   8.2354933e+02   8.2490344e+02   8.2192224e+02
   8.1460946e+02   8.2300561e+02   8.1337326e+02   8.1711596e+02   8.1337326e+02   8.2431818e+02   8.1357380e+02   8.2230538e+02   8.1422154e+02   8.1759113e+02   8.1755990e+02   8.1902267e+02   8.1755990e+02   8.2192336e+02   8.2216044e+02   8.2431818e+02   8.1258816e+02   8.2148738e+02   8.1366777e+02   8.2471110e+02   8.1337326e+02   8.2230538e+02   8.2311055e+02   8.2016004e+02   8.1286545e+02   8.2230538e+02   8.1566712e+02   8.1420629e+02   8.2092259e+02   8.1337326e+02
   8.0908066e+02   8.1643366e+02   8.0636098e+02   8.1404979e+02   8.0636098e+02   8.1208684e+02   8.0882354e+02   8.1420992e+02   8.1284832e+02   8.1150858e+02   8.0927831e+02   8.1362503e+02   8.0927831e+02   8.1875516e+02   8.1262593e+02   8.1208684e+02   8.0671746e+02   8.1687515e+02   8.0849259e+02   8.1260073e+02   8.0636098e+02   8.1420992e+02   8.1867584e+02   8.1041648e+02   8.0973403e+02   8.1420992e+02   8.1204059e+02   8.0783666e+02   8.1275943e+02   8.0636098e+02
   8.0493274e+02   8.0776731e+02   8.0467769e+02   8.0781475e+02   8.0467769e+02   8.0538973e+02   8.0550072e+02   8.0601830e+02   8.0632925e+02   8.0578394e+02   8.0277220e+02   8.0566072e+02   8.0277220e+02   8.0650300e+02   8.1002101e+02   8.0538973e+02   8.0606867e+02   8.0747686e+02   8.0626337e+02   8.0686913e+02   8.0467769e+02   8.0601830e+02   8.0967280e+02   8.0687742e+02   8.0617033e+02   8.0601830e+02   8.0432899e+02   8.0639621e+02   8.0577361e+02   8.0467769e+02
   8.0298488e+02   8.0596975e+02   8.0298488e+02   8.0497480e+02   8.0298488e+02   8.0298488e+02   8.0497480e+02   8.0397984e+02   8.0497480e+02   8.0497480e+02   8.0198992e+02   8.0298488e+02   8.0198992e+02   8.0397984e+02   8.0597003e+02   8.0298488e+02   8.0397984e+02   8.0497480e+02   8.0099496e+02   8.0397984e+02   8.0298488e+02   8.0397984e+02   8.0497480e+02   8.0497480e+02   8.0596975e+02   8.0397984e+02   8.0397984e+02   8.0497480e+02   8.0497480e+02   8.0298488e+02
