2.330917e+03 2.026142e+03 2.146784e+03 2.783486e+03 3.213481e+03 1.714829e+03 2.962449e+03 1.667298e+03 2.512983e+03 2.820950e+03 2.008815e+03 1.596382e+03 2.008815e+03 2.683420e+03 3.238137e+03 1.714829e+03 2.512983e+03 2.276095e+03 2.227809e+03 2.009559e+03 3.213481e+03 1.667298e+03 2.666046e+03 2.071165e+03 1.865430e+03 3.774873e+03 1.532180e+03 2.616081e+03 1.797978e+03 3.213481e+03 
2.265892e+03 2.026142e+03 2.095019e+03 2.783486e+03 2.136653e+03 1.714829e+03 1.950382e+03 1.667298e+03 2.512983e+03 2.386885e+03 2.008815e+03 1.596382e+03 2.008815e+03 2.683420e+03 3.238137e+03 1.714829e+03 2.512983e+03 2.276095e+03 1.123530e+03 2.009559e+03 2.136653e+03 1.667298e+03 2.319168e+03 1.649198e+03 1.735193e+03 1.640540e+03 1.336211e+03 2.289013e+03 1.797978e+03 2.136653e+03 
2.265892e+03 2.026142e+03 2.095019e+03 2.783486e+03 2.136653e+03 1.714829e+03 1.950382e+03 1.667298e+03 2.512983e+03 2.386885e+03 2.008815e+03 1.596382e+03 2.008815e+03 2.683420e+03 3.238137e+03 1.714829e+03 2.512983e+03 2.276095e+03 1.123530e+03 2.009559e+03 2.136653e+03 1.667298e+03 2.319168e+03 1.649198e+03 1.735193e+03 1.640540e+03 1.336211e+03 2.289013e+03 1.797978e+03 2.136653e+03 
1.813553e+03 2.026142e+03 1.904805e+03 1.144365e+03 2.136653e+03 1.557807e+03 1.931574e+03 1.578100e+03 2.512983e+03 1.568019e+03 2.008815e+03 1.596382e+03 2.008815e+03 1.677402e+03 2.814271e+03 1.557807e+03 2.512983e+03 2.276095e+03 1.123530e+03 2.009559e+03 2.136653e+03 1.578100e+03 1.861037e+03 1.649198e+03 1.735193e+03 1.373059e+03 1.336211e+03 1.250951e+03 1.797978e+03 2.136653e+03 
1.050117e+03 1.193600e+03 1.179066e+03 1.144365e+03 1.606963e+03 1.557807e+03 1.208037e+03 1.578100e+03 2.089389e+03 1.568019e+03 1.111187e+03 1.593445e+03 1.111187e+03 6.196801e+02 2.240652e+03 1.557807e+03 2.089389e+03 1.357193e+03 7.766660e+02 1.557732e+03 1.606963e+03 1.578100e+03 1.763719e+03 1.305778e+03 1.570733e+03 1.324677e+03 1.336211e+03 1.250951e+03 1.011478e+03 1.606963e+03 
1.050117e+03 1.077198e+03 1.098788e+03 1.144365e+03 1.567073e+03 7.236259e+02 7.586757e+02 9.041368e+02 9.416177e+02 1.250929e+03 8.114482e+02 8.954369e+02 8.114482e+02 5.674342e+02 1.439321e+03 7.236259e+02 9.416177e+02 9.300081e+02 7.766660e+02 9.112913e+02 1.567073e+03 9.041368e+02 1.459947e+03 1.305778e+03 1.306164e+03 1.292493e+03 1.336211e+03 1.220600e+03 7.585811e+02 1.567073e+03 
6.103255e+02 5.278959e+02 9.170645e+02 1.144365e+03 1.119338e+03 7.236259e+02 7.586757e+02 7.629393e+02 6.935317e+02 8.396186e+02 5.153827e+02 8.954369e+02 5.153827e+02 5.674342e+02 1.439321e+03 7.236259e+02 6.935317e+02 9.300081e+02 4.463480e+02 5.617270e+02 1.119338e+03 7.629393e+02 1.164227e+03 9.648156e+02 1.001174e+03 7.054609e+02 8.383192e+02 7.750127e+02 7.585811e+02 1.119338e+03 
6.103255e+02 5.250555e+02 8.594210e+02 5.469035e+02 8.096969e+02 3.493950e+02 3.071899e+02 6.387969e+02 5.270628e+02 7.443031e+02 5.153827e+02 7.036378e+02 5.153827e+02 4.600535e+02 6.988414e+02 3.493950e+02 5.270628e+02 8.062436e+02 3.415943e+02 5.617270e+02 8.096969e+02 6.387969e+02 6.505271e+02 8.806741e+02 8.714315e+02 6.048956e+02 4.862024e+02 7.750127e+02 7.118221e+02 8.096969e+02 
2.338601e+02 4.047865e+02 3.929065e+02 3.922238e+02 4.422270e+02 1.958282e+02 2.539222e+02 4.076037e+02 4.836659e+02 3.861553e+02 2.904567e+02 3.717312e+02 2.904567e+02 3.622800e+02 3.910204e+02 1.958282e+02 4.836659e+02 2.143735e+02 3.415943e+02 5.617270e+02 4.422270e+02 4.076037e+02 5.936145e+02 4.173139e+02 2.746924e+02 4.484142e+02 2.799875e+02 3.188327e+02 3.093572e+02 4.422270e+02 
1.053177e+02 1.886889e+02 1.243025e+02 1.927162e+02 2.766357e+02 1.376077e+02 2.539222e+02 2.438339e+02 1.524623e+02 2.753795e+02 2.012021e+02 1.753183e+02 2.012021e+02 1.877286e+02 1.960782e+02 1.376077e+02 1.524623e+02 1.928383e+02 1.725615e+02 2.561997e+02 2.766357e+02 2.438339e+02 2.749207e+02 2.651358e+02 1.794536e+02 3.061617e+02 2.093469e+02 2.551904e+02 1.805423e+02 2.766357e+02 
8.268243e+01 1.190951e+02 8.578185e+01 8.821750e+01 9.752693e+01 8.876593e+01 9.045381e+01 8.005549e+01 1.953327e+01 1.319872e+02 7.210681e+01 9.166789e+01 7.210681e+01 4.478746e+01 5.227195e+01 8.876593e+01 1.953327e+01 9.517374e+01 7.142473e+01 1.127268e+02 9.752693e+01 8.005549e+01 7.614131e+01 4.844811e+01 7.823221e+01 8.617830e+01 1.229865e+02 7.323739e+01 6.813303e+01 9.752693e+01 
1.970016e+01 2.307617e+01 3.809322e+01 2.935967e+01 4.360858e+01 3.478944e+01 2.902228e+01 4.008858e+01 1.158848e+01 2.470894e+01 2.319507e+01 3.541265e+01 2.319507e+01 1.953298e+01 1.879796e+01 3.478944e+01 1.158848e+01 3.482684e+01 2.600863e+01 4.200160e+01 4.360858e+01 4.008858e+01 2.296838e+01 2.784263e+01 2.282852e+01 3.070191e+01 1.446856e+01 3.379201e+01 4.144556e+01 4.360858e+01 
2.102572e+00 3.915104e+00 1.063494e+01 4.350987e+00 2.457924e+00 4.728368e+00 1.079954e+01 4.559362e+00 7.171771e+00 6.273788e+00 4.319856e+00 4.741932e+00 4.319856e+00 3.599666e+00 6.984679e+00 4.728368e+00 7.171771e+00 7.020096e+00 2.946719e+00 3.248364e+00 2.457924e+00 4.559362e+00 4.238835e+00 4.698432e+00 8.777113e+00 2.701942e+00 7.575715e+00 5.251467e+00 6.877599e+00 2.457924e+00 
4.279862e-02 5.997206e-02 6.638605e-02 7.754722e-02 3.566550e-02 6.579603e-02 1.721484e-02 5.674185e-02 5.367146e-02 3.480213e-02 1.952902e-02 6.727763e-02 1.952902e-02 6.849239e-02 2.988877e-02 6.579603e-02 5.367146e-02 4.249106e-02 5.520907e-02 2.464776e-02 3.566550e-02 5.674185e-02 2.601256e-02 1.577970e-02 5.492733e-02 1.102769e-02 3.746539e-02 2.175034e-02 5.884677e-02 3.566550e-02 
0.000000e+00 0.000000e+00 0.000000e+00 0.000000e+00 0.000000e+00 0.000000e+00 0.000000e+00 0.000000e+00 0.000000e+00 0.000000e+00 0.000000e+00 0.000000e+00 0.000000e+00 0.000000e+00 0.000000e+00 0.000000e+00 0.000000e+00 0.000000e+00 0.000000e+00 0.000000e+00 0.000000e+00 0.000000e+00 0.000000e+00 0.000000e+00 0.000000e+00 0.000000e+00 0.000000e+00 0.000000e+00 0.000000e+00 0.000000e+00 
0.000000e+00 0.000000e+00 0.000000e+00 0.000000e+00 0.000000e+00 0.000000e+00 0.000000e+00 0.000000e+00 0.000000e+00 0.000000e+00 0.000000e+00 0.000000e+00 0.000000e+00 0.000000e+00 0.000000e+00 0.000000e+00 0.000000e+00 0.000000e+00 0.000000e+00 0.000000e+00 0.000000e+00 0.000000e+00 0.000000e+00 0.000000e+00 0.000000e+00 0.000000e+00 0.000000e+00 0.000000e+00 0.000000e+00 0.000000e+00 
0.000000e+00 0.000000e+00 0.000000e+00 0.000000e+00 0.000000e+00 0.000000e+00 0.000000e+00 0.000000e+00 0.000000e+00 0.000000e+00 0.000000e+00 0.000000e+00 0.000000e+00 0.000000e+00 0.000000e+00 0.000000e+00 0.000000e+00 0.000000e+00 0.000000e+00 0.000000e+00 0.000000e+00 0.000000e+00 0.000000e+00 0.000000e+00 0.000000e+00 0.000000e+00 0.000000e+00 0.000000e+00 0.000000e+00 0.000000e+00 