8.044022e+01 3.455333e+02 2.020873e+02 1.244892e+02 1.806509e+02 6.654113e+01 4.729935e+01 2.295457e+02 4.203272e+02 1.142955e+02 6.073377e+01 8.748797e+01 6.073377e+01 4.037744e+02 8.631104e+01 6.654113e+01 7.667031e+01 1.447230e+02 2.384910e+02 6.395910e+01 1.806509e+02 2.295457e+02 1.222952e+02 3.608359e+01 1.804034e+02 6.658285e+01 8.697689e+01 6.054223e+01 8.179555e+01 1.806509e+02 
8.044022e+01 3.455333e+02 2.020873e+02 9.252531e+01 1.582922e+02 6.654113e+01 4.678175e+01 2.295457e+02 2.713255e+02 1.025570e+02 6.073377e+01 6.220900e+01 6.073377e+01 1.051936e+02 8.631104e+01 6.654113e+01 7.667031e+01 1.447230e+02 8.565682e+01 6.395910e+01 1.582922e+02 2.295457e+02 1.222952e+02 3.608359e+01 1.321310e+02 6.658285e+01 8.697689e+01 6.054223e+01 8.179555e+01 1.582922e+02 
8.044022e+01 3.455333e+02 2.020873e+02 9.252531e+01 1.582922e+02 6.654113e+01 4.678175e+01 2.295457e+02 2.713255e+02 1.025570e+02 6.073377e+01 6.220900e+01 6.073377e+01 1.051936e+02 8.631104e+01 6.654113e+01 7.667031e+01 1.447230e+02 8.565682e+01 6.395910e+01 1.582922e+02 2.295457e+02 1.222952e+02 3.608359e+01 1.321310e+02 6.658285e+01 8.697689e+01 6.054223e+01 8.179555e+01 1.582922e+02 
6.157748e+01 5.589048e+01 1.613103e+02 9.252531e+01 1.582922e+02 6.654113e+01 4.678175e+01 2.083997e+02 1.852575e+02 5.843406e+01 6.037893e+01 5.686930e+01 6.037893e+01 1.051936e+02 8.586232e+01 6.654113e+01 6.011738e+01 1.398452e+02 8.565682e+01 3.438486e+01 1.582922e+02 2.083997e+02 6.738030e+01 3.608359e+01 1.321310e+02 6.658285e+01 4.911453e+01 6.054223e+01 8.179555e+01 1.582922e+02 
6.061030e+01 4.863086e+01 9.288734e+01 8.844487e+01 1.422817e+02 5.915849e+01 4.662844e+01 1.023748e+02 8.045820e+01 4.410017e+01 6.037893e+01 5.686930e+01 6.037893e+01 7.077985e+01 8.586232e+01 5.915849e+01 6.011738e+01 1.339244e+02 6.549360e+01 3.438486e+01 1.422817e+02 1.023748e+02 5.784381e+01 3.514910e+01 6.197252e+01 5.263008e+01 4.691258e+01 6.054223e+01 7.471552e+01 1.422817e+02 
5.801648e+01 4.797010e+01 4.942200e+01 4.835875e+01 4.497776e+01 4.101618e+01 4.181905e+01 3.909013e+01 8.045820e+01 4.410017e+01 4.465461e+01 4.758566e+01 4.465461e+01 5.677730e+01 5.901681e+01 4.101618e+01 6.011738e+01 5.001363e+01 5.388773e+01 3.438486e+01 4.497776e+01 3.909013e+01 5.784381e+01 3.252324e+01 6.197252e+01 5.217225e+01 4.609042e+01 6.054223e+01 3.322803e+01 4.497776e+01 
2.661000e+01 4.538721e+01 4.480784e+01 4.680948e+01 4.497776e+01 4.101618e+01 4.181905e+01 3.840739e+01 5.411059e+01 4.410017e+01 4.465461e+01 3.658936e+01 4.465461e+01 5.288061e+01 4.501124e+01 4.101618e+01 6.011738e+01 5.001363e+01 5.386274e+01 3.438486e+01 4.497776e+01 3.840739e+01 5.784381e+01 3.252324e+01 3.513063e+01 4.062512e+01 4.609042e+01 5.821328e+01 3.322803e+01 4.497776e+01 
2.661000e+01 3.554430e+01 4.281081e+01 3.111639e+01 4.177289e+01 3.994375e+01 3.945211e+01 3.840739e+01 4.504377e+01 3.499484e+01 3.309121e+01 2.726250e+01 3.309121e+01 3.749402e+01 3.852376e+01 3.994375e+01 3.971627e+01 4.015263e+01 3.739245e+01 2.992724e+01 4.177289e+01 3.840739e+01 4.364971e+01 3.193234e+01 3.481217e+01 3.689591e+01 4.142852e+01 4.321984e+01 3.011813e+01 4.177289e+01 
2.539038e+01 3.045556e+01 3.629863e+01 3.111639e+01 3.946375e+01 3.371584e+01 3.391075e+01 3.505268e+01 3.543046e+01 3.123128e+01 3.216571e+01 2.726250e+01 3.216571e+01 3.337722e+01 3.109297e+01 3.371584e+01 3.835272e+01 2.899239e+01 3.507966e+01 2.992724e+01 3.946375e+01 3.505268e+01 4.002962e+01 2.748281e+01 3.022346e+01 3.099815e+01 2.756062e+01 3.225767e+01 2.868303e+01 3.946375e+01 
2.203984e+01 2.754681e+01 2.938690e+01 2.675969e+01 2.420309e+01 2.757505e+01 2.841541e+01 2.565155e+01 3.019188e+01 2.746750e+01 2.835211e+01 2.726250e+01 2.835211e+01 2.760604e+01 2.826894e+01 2.757505e+01 2.153195e+01 2.661186e+01 3.061890e+01 2.626366e+01 2.420309e+01 2.565155e+01 3.102115e+01 2.644225e+01 2.883249e+01 2.794233e+01 2.756062e+01 2.717053e+01 2.868303e+01 2.420309e+01 
2.040081e+01 2.612011e+01 2.369323e+01 2.340350e+01 1.595199e+01 2.576934e+01 2.577540e+01 2.304749e+01 2.467471e+01 2.638948e+01 2.162852e+01 2.532268e+01 2.162852e+01 2.208235e+01 2.569660e+01 2.576934e+01 2.055546e+01 2.615488e+01 2.144871e+01 2.497535e+01 1.595199e+01 2.304749e+01 2.604247e+01 2.615416e+01 2.674742e+01 2.574255e+01 2.600305e+01 2.518495e+01 2.535669e+01 1.595199e+01 
1.266425e+01 2.382241e+01 2.309475e+01 2.173625e+01 1.455067e+01 2.470994e+01 2.387631e+01 1.851845e+01 2.204458e+01 1.959653e+01 1.680225e+01 2.115146e+01 1.680225e+01 1.989059e+01 2.259552e+01 2.470994e+01 1.948804e+01 1.974074e+01 8.142877e+00 2.427774e+01 1.455067e+01 1.851845e+01 2.056585e+01 2.023497e+01 2.195064e+01 2.090584e+01 2.185694e+01 2.087821e+01 2.310568e+01 1.455067e+01 
1.160051e+01 2.309212e+01 1.899793e+01 1.325875e+01 1.302894e+01 1.434711e+01 1.922115e+01 1.463337e+01 1.123216e+01 1.458637e+01 1.585867e+01 1.944095e+01 1.585867e+01 1.840616e+01 1.702808e+01 1.434711e+01 1.766433e+01 1.115560e+01 7.513260e+00 1.749521e+01 1.302894e+01 1.463337e+01 1.683166e+01 1.381156e+01 1.829979e+01 2.019889e+01 1.659873e+01 1.754694e+01 2.184867e+01 1.302894e+01 
1.136408e+01 1.547574e+01 7.179274e+00 1.036299e+01 1.220111e+01 7.689455e+00 1.532593e+01 1.215753e+01 5.440256e+00 1.023472e+01 1.044595e+01 1.345848e+01 1.044595e+01 1.785320e+01 1.393244e+01 7.689455e+00 1.017696e+01 9.314754e+00 7.444487e+00 1.239668e+01 1.220111e+01 1.215753e+01 9.126610e+00 1.069840e+01 8.317360e+00 1.070416e+01 1.106471e+01 1.190775e+01 2.097353e+01 1.220111e+01 
9.530280e+00 7.467047e+00 5.273128e+00 6.709699e+00 6.885164e+00 6.757715e+00 7.811253e+00 7.756137e+00 2.189400e+00 7.754181e+00 4.317188e+00 1.045055e+01 4.317188e+00 6.918019e+00 6.863426e+00 6.757715e+00 6.615939e+00 6.468900e+00 6.347960e+00 1.016269e+01 6.885164e+00 7.756137e+00 6.151420e+00 7.169273e+00 6.732833e+00 7.593879e+00 8.685673e+00 4.947920e+00 8.520472e+00 6.885164e+00 
8.297739e-02 3.056011e-01 3.269452e-01 1.098100e-01 8.198003e-02 2.261419e-02 6.653380e-01 1.508955e-01 3.651807e-01 7.433569e-01 1.267579e-01 6.754602e-01 1.267579e-01 2.020735e-01 3.401844e-01 2.261419e-02 1.095225e-01 6.355587e-02 2.621184e-01 7.555950e-01 8.198003e-02 1.508955e-01 7.037157e-01 1.930664e-01 6.229533e-01 1.987061e-01 2.521391e-01 1.665880e-01 1.866283e-01 8.198003e-02 
0.000000e+00 0.000000e+00 0.000000e+00 0.000000e+00 0.000000e+00 0.000000e+00 0.000000e+00 0.000000e+00 0.000000e+00 0.000000e+00 0.000000e+00 0.000000e+00 0.000000e+00 0.000000e+00 0.000000e+00 0.000000e+00 0.000000e+00 0.000000e+00 0.000000e+00 0.000000e+00 0.000000e+00 0.000000e+00 0.000000e+00 0.000000e+00 0.000000e+00 0.000000e+00 0.000000e+00 0.000000e+00 0.000000e+00 0.000000e+00 