   1.1496488e+02   1.1947166e+02   9.7984304e+01   1.0684033e+02   1.1509486e+02   1.0663426e+02   8.4455419e+01   1.0744726e+02   1.1358795e+02   1.0350228e+02   1.1706272e+02   1.0587599e+02   9.2650876e+01   1.0782919e+02   9.5339686e+01   1.0663426e+02   1.0546796e+02   8.9738747e+01   8.7712712e+01   8.1806474e+01   1.1509486e+02   1.1175256e+02   1.0377899e+02   1.1424379e+02   1.0223021e+02   1.1175256e+02   1.1185321e+02   9.3694390e+01   1.1727079e+02   1.1509486e+02
   1.1496488e+02   1.1947166e+02   9.7984304e+01   1.0684033e+02   1.1509486e+02   1.0663426e+02   8.4455419e+01   1.0744726e+02   1.1358795e+02   1.0350228e+02   1.1706272e+02   1.0587599e+02   9.2650876e+01   1.0782919e+02   9.5339686e+01   1.0663426e+02   1.0546796e+02   8.9738747e+01   8.7712712e+01   8.1806474e+01   1.1509486e+02   1.1175256e+02   1.0377899e+02   1.1424379e+02   1.0223021e+02   1.1175256e+02   1.1185321e+02   9.3694390e+01   1.1727079e+02   1.1509486e+02
   1.1496488e+02   1.1947166e+02   9.7984304e+01   1.0684033e+02   1.1509486e+02   1.0663426e+02   8.4455419e+01   1.0744726e+02   1.1358795e+02   1.0350228e+02   1.1706272e+02   1.0587599e+02   9.2650876e+01   1.0782919e+02   9.5339686e+01   1.0663426e+02   1.0546796e+02   8.9738747e+01   8.7712712e+01   8.1806474e+01   1.1509486e+02   1.1175256e+02   1.0377899e+02   1.1424379e+02   1.0223021e+02   1.1175256e+02   1.1185321e+02   9.3694390e+01   1.1727079e+02   1.1509486e+02
   1.0913196e+02   1.0951687e+02   9.7984304e+01   9.7281017e+01   1.0433240e+02   1.0549382e+02   8.4455419e+01   1.0744726e+02   1.0285762e+02   1.0303532e+02   1.0747872e+02   1.0014783e+02   9.2650876e+01   1.0782919e+02   9.5339686e+01   1.0549382e+02   1.0546796e+02   8.8584141e+01   8.7712712e+01   8.1806474e+01   1.0433240e+02   1.1175256e+02   1.0377899e+02   1.1424379e+02   1.0223021e+02   1.1175256e+02   9.8475376e+01   9.3694390e+01   1.1545195e+02   1.0433240e+02
   1.0489416e+02   1.0924749e+02   9.6492757e+01   9.3999728e+01   1.0433240e+02   9.4815756e+01   8.4455419e+01   1.0744726e+02   1.0011378e+02   8.7056223e+01   1.0732305e+02   1.0014783e+02   9.2650876e+01   9.9396227e+01   9.5339686e+01   9.4815756e+01   1.0546796e+02   8.8584141e+01   8.7712712e+01   8.1806474e+01   1.0433240e+02   1.0653607e+02   1.0141696e+02   1.1424379e+02   9.8974578e+01   1.0653607e+02   9.8475376e+01   9.3694390e+01   1.0209601e+02   1.0433240e+02
   9.7226962e+01   9.7802353e+01   9.2469300e+01   9.0282837e+01   1.0433240e+02   9.4815756e+01   8.4455419e+01   1.0479114e+02   8.9013106e+01   8.7056223e+01   1.0206427e+02   8.8701486e+01   8.7230181e+01   9.2938240e+01   9.5339686e+01   9.4815756e+01   8.4446439e+01   8.3022927e+01   8.2867531e+01   8.1806474e+01   1.0433240e+02   9.6406670e+01   7.8392553e+01   8.2626066e+01   9.7501878e+01   9.6406670e+01   9.8475376e+01   9.3694390e+01   7.9793494e+01   1.0433240e+02
   9.0360738e+01   7.5527602e+01   6.6867385e+01   7.7990717e+01   7.6503108e+01   7.9968019e+01   7.8254848e+01   1.0132196e+02   7.9980490e+01   5.8232079e+01   8.2108259e+01   8.7478313e+01   8.3617404e+01   8.3143044e+01   8.8259820e+01   7.9968019e+01   7.9531792e+01   7.3414047e+01   8.1600836e+01   8.1806474e+01   7.6503108e+01   8.0832018e+01   6.8877018e+01   7.6835832e+01   9.3137289e+01   8.0832018e+01   8.3087423e+01   8.3573033e+01   7.6476900e+01   7.6503108e+01
   7.5987885e+01   6.7595112e+01   6.5096406e+01   6.0545065e+01   7.1441881e+01   6.8137205e+01   7.6903155e+01   6.6846146e+01   6.6554163e+01   5.4091948e+01   6.0822931e+01   6.7285559e+01   7.1039100e+01   6.5261766e+01   7.8444994e+01   6.8137205e+01   6.5977788e+01   7.0704295e+01   7.4086931e+01   6.8907508e+01   7.1441881e+01   6.3805585e+01   6.2807615e+01   6.7037812e+01   8.1328003e+01   6.3805585e+01   6.8736199e+01   8.0203514e+01   5.6810664e+01   7.1441881e+01
   4.8932375e+01   5.3957923e+01   4.7433757e+01   5.1599374e+01   5.3091073e+01   5.2206759e+01   6.1437687e+01   5.7118516e+01   4.9728417e+01   3.9969424e+01   4.6129900e+01   5.0471519e+01   4.8464805e+01   5.6246460e+01   5.5461325e+01   5.2206759e+01   4.9883427e+01   5.2952768e+01   4.9364204e+01   5.7691823e+01   5.3091073e+01   5.0344319e+01   4.5009008e+01   4.8173846e+01   4.7299890e+01   5.0344319e+01   4.9939704e+01   5.5070477e+01   4.1169031e+01   5.3091073e+01
   2.4898598e+01   3.1805904e+01   2.9543675e+01   3.5026544e+01   3.4276576e+01   2.9232306e+01   3.6030865e+01   3.4930759e+01   3.3783286e+01   3.0092355e+01   3.5888363e+01   3.1586649e+01   3.8698509e+01   3.4233277e+01   3.0227102e+01   2.9232306e+01   3.5583698e+01   3.3350305e+01   3.9824816e+01   3.6674725e+01   3.4276576e+01   3.8679804e+01   3.4174276e+01   3.3874026e+01   3.7624524e+01   3.8679804e+01   3.7355599e+01   2.9509174e+01   3.0121509e+01   3.4276576e+01
   1.4080129e+01   1.5026976e+01   1.5904772e+01   1.6945851e+01   1.6398354e+01   1.6696665e+01   1.3845870e+01   1.6497663e+01   1.7348594e+01   1.4412247e+01   1.7051557e+01   1.5545523e+01   1.4001914e+01   1.5140454e+01   1.5081334e+01   1.6696665e+01   1.5101721e+01   1.5294332e+01   1.6795545e+01   1.5746866e+01   1.6398354e+01   1.5737892e+01   1.3316678e+01   1.0813558e+01   1.4918466e+01   1.5737892e+01   1.7804541e+01   1.5644547e+01   1.3698952e+01   1.6398354e+01
   4.2486822e+00   4.4963753e+00   4.7085867e+00   4.5964211e+00   5.1854933e+00   4.2394417e+00   5.1816914e+00   5.5170921e+00   4.8198314e+00   3.8811953e+00   4.8072934e+00   4.1783910e+00   4.4114224e+00   5.5752209e+00   4.5490455e+00   4.2394417e+00   3.0354387e+00   4.4356332e+00   4.8802320e+00   4.0009111e+00   5.1854933e+00   5.3262551e+00   4.3451007e+00   4.0537240e+00   4.2448084e+00   5.3262551e+00   4.0034847e+00   4.5818640e+00   4.2692245e+00   5.1854933e+00
   4.8553426e-01   5.9979205e-01   4.8910026e-01   5.1579569e-01   4.7878211e-01   4.7714802e-01   4.7015840e-01   3.4284113e-01   5.9879180e-01   5.2792549e-01   5.9923927e-01   4.8971613e-01   5.6982756e-01   6.2751429e-01   4.7649817e-01   4.7714802e-01   5.1989062e-01   4.5181913e-01   4.7918203e-01   5.8456882e-01   4.7878211e-01   5.1118698e-01   5.4099069e-01   5.8877455e-01   5.3262525e-01   5.1118698e-01   5.8829204e-01   4.2746016e-01   5.1702729e-01   4.7878211e-01
   6.4239508e-03   5.6071595e-03   5.6308552e-03   5.8238637e-03   6.4593820e-03   5.5918369e-03   6.6258556e-03   5.9968678e-03   5.9415021e-03   6.3130074e-03   5.3511809e-03   5.6591227e-03   5.7795329e-03   6.6504177e-03   5.5301916e-03   5.5918369e-03   5.2619489e-03   5.8708164e-03   4.7206407e-03   5.6918281e-03   6.4593820e-03   4.6497414e-03   6.0221086e-03   5.6871334e-03   6.8859861e-03   4.6497414e-03   6.3928354e-03   6.0609569e-03   4.2454677e-03   6.4593820e-03
   4.4750459e-07   4.2268948e-07   4.7973276e-07   3.9983865e-07   3.8773339e-07   4.7295521e-07   4.5118111e-07   2.8538386e-07   4.8589379e-07   3.8387111e-07   4.4238072e-07   4.5130241e-07   5.2929124e-07   3.2360379e-07   2.7967599e-07   4.7295521e-07   3.1841103e-07   4.6625394e-07   4.3551336e-07   4.0100656e-07   3.8773339e-07   4.8611059e-07   2.9095031e-07   2.6671160e-07   4.1861642e-07   4.8611059e-07   4.6493767e-07   3.8022438e-07   3.7704001e-07   3.8773339e-07
   0.0000000e+00   0.0000000e+00   0.0000000e+00   0.0000000e+00   0.0000000e+00   0.0000000e+00   0.0000000e+00   0.0000000e+00   0.0000000e+00   0.0000000e+00   0.0000000e+00   0.0000000e+00   0.0000000e+00   0.0000000e+00   0.0000000e+00   0.0000000e+00   0.0000000e+00   0.0000000e+00   0.0000000e+00   0.0000000e+00   0.0000000e+00   0.0000000e+00   0.0000000e+00   0.0000000e+00   0.0000000e+00   0.0000000e+00   0.0000000e+00   0.0000000e+00   0.0000000e+00   0.0000000e+00
