   2.8044712e+03   2.8968339e+03   2.7412582e+03   2.8065376e+03   2.9618539e+03   2.8033613e+03   2.9106411e+03   2.8790241e+03   2.8935641e+03   2.7743417e+03   2.9491284e+03   2.8407215e+03   2.7679846e+03   2.7667235e+03   3.0629107e+03   2.8033613e+03   2.8935641e+03   2.9337112e+03   2.8513276e+03   2.9237926e+03   2.9618539e+03   2.9642261e+03   2.8939187e+03   2.8946823e+03   2.7822327e+03   2.9642261e+03   2.9115505e+03   2.7385723e+03   2.8297463e+03   2.9618539e+03
   2.8044712e+03   2.8812559e+03   2.7412582e+03   2.8065376e+03   2.7808000e+03   2.8033613e+03   2.9106411e+03   2.8790241e+03   2.8382841e+03   2.7741574e+03   2.8846283e+03   2.8407215e+03   2.7679846e+03   2.7620043e+03   2.9291598e+03   2.8033613e+03   2.8382841e+03   2.8088575e+03   2.8513276e+03   2.8038563e+03   2.7808000e+03   2.9642261e+03   2.8939187e+03   2.8946823e+03   2.7822327e+03   2.9642261e+03   2.8311083e+03   2.6677182e+03   2.7647745e+03   2.7808000e+03
   2.8044712e+03   2.8812559e+03   2.7412582e+03   2.8065376e+03   2.7808000e+03   2.8033613e+03   2.9106411e+03   2.8790241e+03   2.8382841e+03   2.7741574e+03   2.8846283e+03   2.8407215e+03   2.7679846e+03   2.7620043e+03   2.9291598e+03   2.8033613e+03   2.8382841e+03   2.8088575e+03   2.8513276e+03   2.8038563e+03   2.7808000e+03   2.9642261e+03   2.8939187e+03   2.8946823e+03   2.7822327e+03   2.9642261e+03   2.8311083e+03   2.6677182e+03   2.7647745e+03   2.7808000e+03
   2.7556898e+03   2.8216623e+03   2.7412582e+03   2.8065376e+03   2.7807176e+03   2.7835381e+03   2.8200692e+03   2.8790241e+03   2.7887368e+03   2.7741574e+03   2.8846283e+03   2.8363818e+03   2.7605782e+03   2.7620043e+03   2.8494814e+03   2.7835381e+03   2.7887368e+03   2.8088575e+03   2.7607801e+03   2.8038563e+03   2.7807176e+03   2.9135511e+03   2.8939187e+03   2.8933674e+03   2.7602445e+03   2.9135511e+03   2.7644122e+03   2.6677182e+03   2.7647745e+03   2.7807176e+03
   2.7310250e+03   2.7563558e+03   2.7230049e+03   2.8065376e+03   2.7531186e+03   2.7410051e+03   2.8174050e+03   2.7991214e+03   2.7619032e+03   2.7250420e+03   2.7661829e+03   2.7405915e+03   2.6393651e+03   2.7620043e+03   2.7700639e+03   2.7410051e+03   2.7619032e+03   2.7954298e+03   2.7607801e+03   2.8038563e+03   2.7531186e+03   2.9119239e+03   2.7509819e+03   2.8008325e+03   2.7350134e+03   2.9119239e+03   2.7324457e+03   2.6677182e+03   2.7333076e+03   2.7531186e+03
   2.7054198e+03   2.7203838e+03   2.7230049e+03   2.7345491e+03   2.6552841e+03   2.7410051e+03   2.8156369e+03   2.7398227e+03   2.7506871e+03   2.7250420e+03   2.7647030e+03   2.7388814e+03   2.6333507e+03   2.7106448e+03   2.7700639e+03   2.7410051e+03   2.7506871e+03   2.7327593e+03   2.7473654e+03   2.7949649e+03   2.6552841e+03   2.6820064e+03   2.7312447e+03   2.7789212e+03   2.7323687e+03   2.6820064e+03   2.7324457e+03   2.6476926e+03   2.7179703e+03   2.6552841e+03
   2.6787162e+03   2.7102613e+03   2.6887249e+03   2.6886473e+03   2.6470554e+03   2.7400788e+03   2.7383970e+03   2.6771129e+03   2.6891904e+03   2.6840355e+03   2.7145773e+03   2.6700276e+03   2.6333507e+03   2.7088773e+03   2.6926803e+03   2.7400788e+03   2.6891904e+03   2.6190997e+03   2.6956550e+03   2.6724313e+03   2.6470554e+03   2.6644698e+03   2.7171274e+03   2.6565634e+03   2.6793678e+03   2.6644698e+03   2.7225254e+03   2.6434472e+03   2.6302210e+03   2.6470554e+03
   2.6622882e+03   2.6348994e+03   2.6499426e+03   2.6437725e+03   2.6264481e+03   2.6549480e+03   2.6617675e+03   2.6608481e+03   2.6449897e+03   2.6675052e+03   2.6754943e+03   2.6410846e+03   2.6333507e+03   2.6613933e+03   2.6303033e+03   2.6549480e+03   2.6449897e+03   2.6190997e+03   2.6744112e+03   2.6430709e+03   2.6264481e+03   2.6005729e+03   2.6413506e+03   2.6373888e+03   2.6490630e+03   2.6005729e+03   2.6532013e+03   2.6241578e+03   2.6256376e+03   2.6264481e+03
   2.5999525e+03   2.5980400e+03   2.5755831e+03   2.6217337e+03   2.6197946e+03   2.6001547e+03   2.6074186e+03   2.6068840e+03   2.5837976e+03   2.6064800e+03   2.6037876e+03   2.5954762e+03   2.6077947e+03   2.5998136e+03   2.6067077e+03   2.6001547e+03   2.5837976e+03   2.5981823e+03   2.5932795e+03   2.5988938e+03   2.6197946e+03   2.5728254e+03   2.6231944e+03   2.6009527e+03   2.6160344e+03   2.5728254e+03   2.6028532e+03   2.5935600e+03   2.6114432e+03   2.6197946e+03
   2.5678314e+03   2.5545207e+03   2.5556548e+03   2.5613842e+03   2.5708491e+03   2.5660310e+03   2.5530461e+03   2.5681579e+03   2.5624156e+03   2.5606079e+03   2.5647737e+03   2.5710497e+03   2.5619790e+03   2.5808604e+03   2.5568449e+03   2.5660310e+03   2.5624156e+03   2.5608488e+03   2.5633267e+03   2.5485267e+03   2.5708491e+03   2.5579554e+03   2.5661808e+03   2.5569642e+03   2.5691683e+03   2.5579554e+03   2.5689661e+03   2.5538672e+03   2.5653174e+03   2.5708491e+03
   2.5430035e+03   2.5427571e+03   2.5405286e+03   2.5427524e+03   2.5429503e+03   2.5370426e+03   2.5393360e+03   2.5457321e+03   2.5404643e+03   2.5436295e+03   2.5398005e+03   2.5426311e+03   2.5383000e+03   2.5413843e+03   2.5417217e+03   2.5370426e+03   2.5404643e+03   2.5372416e+03   2.5409808e+03   2.5352624e+03   2.5429503e+03   2.5405230e+03   2.5384477e+03   2.5439115e+03   2.5479541e+03   2.5405230e+03   2.5409214e+03   2.5383725e+03   2.5354521e+03   2.5429503e+03
   2.5327796e+03   2.5329476e+03   2.5321180e+03   2.5342530e+03   2.5335458e+03   2.5310406e+03   2.5312863e+03   2.5322900e+03   2.5309585e+03   2.5339400e+03   2.5314338e+03   2.5331689e+03   2.5316571e+03   2.5319178e+03   2.5299592e+03   2.5310406e+03   2.5309585e+03   2.5316520e+03   2.5325219e+03   2.5327621e+03   2.5335458e+03   2.5319868e+03   2.5310770e+03   2.5318660e+03   2.5330316e+03   2.5319868e+03   2.5331396e+03   2.5315935e+03   2.5321407e+03   2.5335458e+03
   2.5296830e+03   2.5297858e+03   2.5296994e+03   2.5297367e+03   2.5296115e+03   2.5296412e+03   2.5294961e+03   2.5294703e+03   2.5294181e+03   2.5297590e+03   2.5296445e+03   2.5295177e+03   2.5297205e+03   2.5295867e+03   2.5294515e+03   2.5296412e+03   2.5294181e+03   2.5293606e+03   2.5296397e+03   2.5299409e+03   2.5296115e+03   2.5295201e+03   2.5296009e+03   2.5296306e+03   2.5297822e+03   2.5295201e+03   2.5296087e+03   2.5295830e+03   2.5296073e+03   2.5296115e+03
   2.5292844e+03   2.5292847e+03   2.5292848e+03   2.5292845e+03   2.5292847e+03   2.5292845e+03   2.5292845e+03   2.5292844e+03   2.5292845e+03   2.5292847e+03   2.5292845e+03   2.5292846e+03   2.5292845e+03   2.5292846e+03   2.5292845e+03   2.5292845e+03   2.5292845e+03   2.5292844e+03   2.5292844e+03   2.5292845e+03   2.5292847e+03   2.5292845e+03   2.5292845e+03   2.5292845e+03   2.5292849e+03   2.5292845e+03   2.5292845e+03   2.5292845e+03   2.5292845e+03   2.5292847e+03
   2.5292844e+03   2.5292844e+03   2.5292844e+03   2.5292844e+03   2.5292844e+03   2.5292844e+03   2.5292844e+03   2.5292844e+03   2.5292844e+03   2.5292844e+03   2.5292844e+03   2.5292844e+03   2.5292844e+03   2.5292844e+03   2.5292844e+03   2.5292844e+03   2.5292844e+03   2.5292844e+03   2.5292844e+03   2.5292844e+03   2.5292844e+03   2.5292844e+03   2.5292844e+03   2.5292844e+03   2.5292844e+03   2.5292844e+03   2.5292844e+03   2.5292844e+03   2.5292844e+03   2.5292844e+03
   2.5292844e+03   2.5292844e+03   2.5292844e+03   2.5292844e+03   2.5292844e+03   2.5292844e+03   2.5292844e+03   2.5292844e+03   2.5292844e+03   2.5292844e+03   2.5292844e+03   2.5292844e+03   2.5292844e+03   2.5292844e+03   2.5292844e+03   2.5292844e+03   2.5292844e+03   2.5292844e+03   2.5292844e+03   2.5292844e+03   2.5292844e+03   2.5292844e+03   2.5292844e+03   2.5292844e+03   2.5292844e+03   2.5292844e+03   2.5292844e+03   2.5292844e+03   2.5292844e+03   2.5292844e+03
