   4.0132071e+03   4.7523493e+03   1.3818632e+03   3.7270663e+03   4.9858985e+03   2.0150771e+03   5.1818876e+03   1.2462662e+03   5.3753600e+03   5.2494313e+03   4.9078879e+03   2.5548219e+03   3.4126356e+03   1.0366260e+03   5.4405362e+03   5.2913219e+03   4.4999283e+03   4.6369124e+03   5.0302741e+03   3.9289822e+03   4.9858985e+03   4.4747016e+03   4.7933750e+03   3.4504530e+03   5.2705475e+03   2.7570441e+02   5.5033444e+03   3.8461600e+02   2.6533690e+03   4.5043703e+03
   4.0132071e+03   4.7523493e+03   1.3818632e+03   3.7270663e+03   4.9858985e+03   2.0150771e+03   5.1818876e+03   1.2462662e+03   5.3753600e+03   5.2494313e+03   4.9078879e+03   2.5548219e+03   3.4126356e+03   1.0366260e+03   5.4405362e+03   5.2913219e+03   4.4999283e+03   4.6369124e+03   5.0302741e+03   3.9289822e+03   4.9858985e+03   4.4747016e+03   4.7933750e+03   3.4504530e+03   5.2705475e+03   2.7570441e+02   5.5033444e+03   3.8461600e+02   2.6533690e+03   4.5043703e+03
   4.0132071e+03   4.7523493e+03   1.3818632e+03   3.7270663e+03   4.9858985e+03   2.0150771e+03   5.1818876e+03   1.2462662e+03   5.3753600e+03   5.2494313e+03   4.9078879e+03   2.5548219e+03   3.4126356e+03   1.0366260e+03   5.4405362e+03   5.2913219e+03   4.4999283e+03   4.6369124e+03   5.0302741e+03   3.9289822e+03   4.9858985e+03   4.4747016e+03   4.7933750e+03   3.4504530e+03   5.2705475e+03   2.7570441e+02   5.5033444e+03   3.8461600e+02   2.6533690e+03   4.5043703e+03
   4.0132071e+03   3.7626894e+03   1.3818632e+03   2.2636534e+03   3.7829895e+03   2.0150771e+03   5.0724178e+03   1.2462662e+03   5.1802267e+03   5.2494313e+03   4.6446548e+03   2.4610921e+03   3.4126356e+03   8.6013163e+02   5.3846970e+03   4.8625302e+03   3.7341503e+03   3.2838218e+03   5.0302741e+03   2.1140089e+03   3.7829895e+03   4.4747016e+03   4.7933750e+03   3.4504530e+03   5.2705475e+03   2.2374034e+02   5.4098396e+03   3.8461600e+02   2.6533690e+03   4.3356159e+03
   4.0132071e+03   1.1278272e+03   1.3818632e+03   2.2636534e+03   3.7829895e+03   1.7311807e+03   3.8164189e+03   1.2068886e+03   5.0435603e+03   5.0760198e+03   4.6446548e+03   2.4610921e+03   2.9788641e+03   6.2255062e+02   5.0436137e+03   5.1170430e+02   3.7018496e+03   3.2838218e+03   5.0302741e+03   2.1140089e+03   3.7829895e+03   4.4747016e+03   4.7933750e+03   3.4504530e+03   5.2705475e+03   2.1140587e+02   5.1563987e+03   3.7981734e+02   2.5860768e+03   3.9211849e+03
   4.0132071e+03   7.1643834e+02   5.8790428e+02   4.2922980e+02   2.8443160e+03   1.5382806e+03   2.8672903e+03   6.2526561e+02   3.3588832e+03   5.0564539e+03   4.5518500e+03   2.4610921e+03   2.5774990e+03   5.3531364e+02   4.4908558e+03   5.1170430e+02   3.7018496e+03   3.2838218e+03   3.8098676e+03   2.1140089e+03   2.8443160e+03   2.3393503e+03   1.6247267e+03   1.5710192e+03   2.8217108e+03   2.1062237e+02   4.8423024e+03   3.4600955e+02   2.5860768e+03   3.9211849e+03
   3.9612610e+03   7.1643834e+02   5.8790428e+02   4.2922980e+02   7.9823873e+02   7.3439663e+02   1.6655016e+03   3.6412829e+02   3.3588832e+03   1.1370966e+03   1.2622139e+03   3.3129168e+02   7.2073781e+02   4.4062538e+02   3.6338442e+03   4.3657382e+02   9.0333440e+02   3.1685762e+03   2.5732792e+03   2.1140089e+03   7.9823873e+02   1.8124925e+03   1.0205991e+03   2.5433765e+02   1.9747923e+03   1.9961262e+02   1.2794663e+03   3.1304321e+02   6.7585148e+02   4.4392383e+02
   7.0635654e+02   4.5506517e+02   4.5928967e+02   3.8736053e+02   6.9112806e+02   2.8421925e+02   5.4442212e+02   2.7326192e+02   6.3786404e+02   6.6289932e+02   6.6519746e+02   3.2935032e+02   5.9168362e+02   4.4062538e+02   1.1615019e+03   4.3200041e+02   3.7046153e+02   1.2611048e+03   3.2112438e+02   3.2190275e+02   6.9112806e+02   8.6960402e+02   5.5381543e+02   2.5419238e+02   3.5735054e+02   1.9961262e+02   3.5596169e+02   3.0107916e+02   6.7585148e+02   3.7000793e+02
   3.2675588e+02   2.3665899e+02   1.9528879e+02   1.9406196e+02   2.0791676e+02   1.5802662e+02   2.0219133e+02   1.8855518e+02   2.2663039e+02   2.5675114e+02   2.2350312e+02   1.5169873e+02   2.2126700e+02   2.4893283e+02   2.7454035e+02   2.0675683e+02   2.6105421e+02   4.7448524e+02   2.3644454e+02   2.0969147e+02   2.0791676e+02   2.0038858e+02   1.8183517e+02   1.8393505e+02   2.4265958e+02   1.6867503e+02   2.5523785e+02   2.1484766e+02   2.9160641e+02   2.1431133e+02
   1.6192463e+02   1.5877098e+02   1.6285621e+02   1.6772137e+02   1.6154642e+02   1.4367974e+02   1.6107924e+02   1.5945974e+02   1.7558009e+02   1.6008778e+02   1.7529279e+02   1.3987493e+02   1.8971098e+02   1.4883295e+02   1.6790183e+02   1.3229314e+02   1.5164128e+02   1.9180758e+02   1.7987196e+02   1.5615305e+02   1.6154642e+02   1.5632561e+02   1.4461793e+02   1.3405216e+02   1.4218251e+02   1.5705132e+02   1.5962153e+02   1.5222333e+02   1.4544063e+02   1.2794612e+02
   1.2697404e+02   1.2730257e+02   1.2112588e+02   1.2873961e+02   1.2212082e+02   1.1922470e+02   1.1706158e+02   1.1472563e+02   1.2542456e+02   1.1223792e+02   1.1362284e+02   1.2798596e+02   1.1780044e+02   1.2474897e+02   1.2381118e+02   1.1520006e+02   1.1669586e+02   1.2037510e+02   1.2195560e+02   1.1953666e+02   1.2212082e+02   1.2222174e+02   1.1647953e+02   1.1036500e+02   1.1857420e+02   1.2005617e+02   1.2648856e+02   1.2583793e+02   1.2292305e+02   1.1572274e+02
   1.1024253e+02   1.0517114e+02   1.0714336e+02   1.0893118e+02   1.0805759e+02   1.0266970e+02   1.0437196e+02   1.0736450e+02   1.0793341e+02   1.0159932e+02   1.0530424e+02   1.0924828e+02   1.0496924e+02   1.0891778e+02   1.0247529e+02   1.0413479e+02   1.0679368e+02   1.0359173e+02   1.0324281e+02   1.0889001e+02   1.0805759e+02   1.0785459e+02   1.0121720e+02   1.0205405e+02   1.0776159e+02   1.0686615e+02   1.0719961e+02   1.0895597e+02   1.0343022e+02   1.0301539e+02
   1.0188330e+02   1.0127185e+02   1.0126285e+02   1.0113148e+02   1.0132687e+02   1.0096611e+02   1.0150787e+02   1.0133301e+02   1.0163293e+02   1.0105649e+02   1.0087603e+02   1.0108730e+02   1.0106528e+02   1.0104981e+02   1.0164648e+02   1.0111389e+02   1.0110758e+02   1.0167419e+02   1.0120829e+02   1.0098826e+02   1.0132687e+02   1.0131825e+02   1.0119432e+02   1.0134289e+02   1.0134913e+02   1.0123164e+02   1.0138966e+02   1.0170107e+02   1.0127832e+02   1.0115739e+02
   1.0081960e+02   1.0076392e+02   1.0048369e+02   1.0060102e+02   1.0063863e+02   1.0066837e+02   1.0074207e+02   1.0087088e+02   1.0101164e+02   1.0054087e+02   1.0063809e+02   1.0088384e+02   1.0069747e+02   1.0080728e+02   1.0084284e+02   1.0069977e+02   1.0087075e+02   1.0062582e+02   1.0075611e+02   1.0091228e+02   1.0063863e+02   1.0081118e+02   1.0059112e+02   1.0078253e+02   1.0073344e+02   1.0064396e+02   1.0086038e+02   1.0114683e+02   1.0055604e+02   1.0066953e+02
   1.0043136e+02   1.0049964e+02   1.0037839e+02   1.0049420e+02   1.0051769e+02   1.0050010e+02   1.0055138e+02   1.0047144e+02   1.0049461e+02   1.0041473e+02   1.0046367e+02   1.0045540e+02   1.0052775e+02   1.0051195e+02   1.0045093e+02   1.0050571e+02   1.0049522e+02   1.0058892e+02   1.0047037e+02   1.0070592e+02   1.0051769e+02   1.0048681e+02   1.0026102e+02   1.0029058e+02   1.0054489e+02   1.0042009e+02   1.0046178e+02   1.0049362e+02   1.0038191e+02   1.0047617e+02
   1.0034154e+02   1.0033068e+02   1.0032739e+02   1.0029961e+02   1.0036038e+02   1.0041333e+02   1.0038094e+02   1.0031956e+02   1.0033502e+02   1.0026625e+02   1.0032452e+02   1.0035987e+02   1.0047000e+02   1.0042100e+02   1.0029151e+02   1.0035926e+02   1.0031872e+02   1.0028134e+02   1.0030390e+02   1.0032744e+02   1.0036038e+02   1.0031142e+02   1.0024972e+02   1.0027417e+02   1.0036881e+02   1.0029245e+02   1.0033729e+02   1.0036374e+02   1.0034320e+02   1.0031649e+02
