2.336319e+02 2.455020e+02 2.747806e+02 2.698074e+02 2.990304e+02 2.391503e+02 2.731525e+02 2.885630e+02 2.648075e+02 2.900452e+02 2.556966e+02 2.797055e+02 2.556966e+02 2.370269e+02 2.297991e+02 2.391503e+02 2.427544e+02 2.697559e+02 2.629819e+02 2.735300e+02 2.990304e+02 2.885630e+02 2.619074e+02 2.748710e+02 2.643310e+02 2.815377e+02 2.613192e+02 2.149559e+02 2.818655e+02 2.990304e+02 
2.336319e+02 2.455020e+02 2.747806e+02 2.698074e+02 2.990304e+02 2.391503e+02 2.731525e+02 2.885630e+02 2.648075e+02 2.900452e+02 2.556966e+02 2.797055e+02 2.556966e+02 2.370269e+02 2.297991e+02 2.391503e+02 2.427544e+02 2.697559e+02 2.629819e+02 2.735300e+02 2.990304e+02 2.885630e+02 2.619074e+02 2.748710e+02 2.643310e+02 2.815377e+02 2.613192e+02 2.149559e+02 2.818655e+02 2.990304e+02 
2.336319e+02 2.455020e+02 2.747806e+02 2.698074e+02 2.990304e+02 2.391503e+02 2.731525e+02 2.885630e+02 2.648075e+02 2.900452e+02 2.556966e+02 2.797055e+02 2.556966e+02 2.370269e+02 2.297991e+02 2.391503e+02 2.427544e+02 2.697559e+02 2.629819e+02 2.735300e+02 2.990304e+02 2.885630e+02 2.619074e+02 2.748710e+02 2.643310e+02 2.815377e+02 2.613192e+02 2.149559e+02 2.818655e+02 2.990304e+02 
2.336319e+02 2.455020e+02 2.747806e+02 2.698074e+02 2.583885e+02 2.391503e+02 2.041200e+02 2.885630e+02 2.405026e+02 2.745334e+02 2.556966e+02 2.564287e+02 2.556966e+02 2.370269e+02 2.297991e+02 2.391503e+02 2.427544e+02 2.687250e+02 2.598586e+02 2.470290e+02 2.583885e+02 2.885630e+02 2.619074e+02 2.516851e+02 2.643310e+02 2.648030e+02 2.613192e+02 2.149559e+02 2.644819e+02 2.583885e+02 
2.336319e+02 2.455020e+02 2.405042e+02 2.436297e+02 2.558197e+02 2.391503e+02 2.041200e+02 2.629112e+02 2.405026e+02 2.654908e+02 2.556966e+02 2.337410e+02 2.556966e+02 2.370269e+02 2.297991e+02 2.391503e+02 2.427544e+02 2.628810e+02 2.294243e+02 2.470290e+02 2.558197e+02 2.629112e+02 2.619074e+02 2.516851e+02 2.578532e+02 2.640690e+02 2.590075e+02 2.149559e+02 2.274631e+02 2.558197e+02 
2.336319e+02 2.455020e+02 2.405042e+02 2.436297e+02 2.230399e+02 2.054700e+02 2.041200e+02 2.629112e+02 2.293260e+02 2.566011e+02 2.355315e+02 2.271629e+02 2.355315e+02 2.318613e+02 1.888408e+02 2.054700e+02 2.416474e+02 2.592341e+02 2.294243e+02 2.042202e+02 2.230399e+02 2.629112e+02 2.469248e+02 2.422288e+02 2.152599e+02 2.489786e+02 2.453519e+02 2.149559e+02 2.274631e+02 2.230399e+02 
2.288574e+02 2.168161e+02 2.338687e+02 2.134870e+02 2.230399e+02 2.054700e+02 2.039641e+02 2.588008e+02 2.254730e+02 1.927162e+02 2.225619e+02 2.101430e+02 2.225619e+02 2.267164e+02 1.888408e+02 2.054700e+02 2.093481e+02 2.161794e+02 2.294243e+02 2.042202e+02 2.230399e+02 2.588008e+02 2.373503e+02 2.151245e+02 2.039669e+02 2.263947e+02 2.279032e+02 2.149559e+02 2.141898e+02 2.230399e+02 
1.762130e+02 2.120072e+02 2.073404e+02 2.134870e+02 2.114069e+02 1.945629e+02 1.874922e+02 2.105637e+02 2.100807e+02 1.771176e+02 2.225619e+02 2.039994e+02 2.225619e+02 2.024176e+02 1.888408e+02 1.945629e+02 2.028675e+02 2.028171e+02 2.089111e+02 1.954403e+02 2.114069e+02 2.105637e+02 1.959297e+02 1.857114e+02 2.039310e+02 2.187954e+02 1.996302e+02 2.055870e+02 1.911430e+02 2.114069e+02 
1.651878e+02 1.970445e+02 1.687014e+02 1.815487e+02 1.834027e+02 1.808842e+02 1.860069e+02 1.847387e+02 1.584536e+02 1.568854e+02 1.759072e+02 1.669408e+02 1.759072e+02 1.723978e+02 1.659903e+02 1.808842e+02 1.756261e+02 1.955537e+02 1.855276e+02 1.766079e+02 1.834027e+02 1.847387e+02 1.814228e+02 1.614769e+02 1.798687e+02 1.616789e+02 1.847518e+02 1.836977e+02 1.699699e+02 1.834027e+02 
1.507862e+02 1.764804e+02 1.537853e+02 1.737363e+02 1.557986e+02 1.603571e+02 1.516650e+02 1.564868e+02 1.584536e+02 1.461534e+02 1.631835e+02 1.505016e+02 1.631835e+02 1.584552e+02 1.567947e+02 1.603571e+02 1.513719e+02 1.597626e+02 1.674104e+02 1.605498e+02 1.557986e+02 1.564868e+02 1.402171e+02 1.614769e+02 1.463451e+02 1.554515e+02 1.515390e+02 1.454620e+02 1.322559e+02 1.557986e+02 
1.409523e+02 1.351198e+02 1.331901e+02 1.330270e+02 1.204380e+02 1.199605e+02 1.291369e+02 1.266729e+02 1.065466e+02 1.291112e+02 1.232076e+02 1.119789e+02 1.232076e+02 1.170803e+02 1.213220e+02 1.199605e+02 1.246787e+02 1.335221e+02 1.104574e+02 1.338370e+02 1.204380e+02 1.266729e+02 1.305572e+02 1.318744e+02 1.291817e+02 1.361129e+02 1.151834e+02 1.163503e+02 1.053870e+02 1.204380e+02 
1.015138e+02 1.262973e+02 1.186188e+02 1.042322e+02 1.050841e+02 1.022260e+02 8.788352e+01 1.096444e+02 9.899585e+01 1.072092e+02 1.055619e+02 1.051291e+02 1.055619e+02 9.802170e+01 1.118346e+02 1.022260e+02 1.149163e+02 1.142570e+02 8.845151e+01 1.002144e+02 1.050841e+02 1.096444e+02 9.178410e+01 9.046975e+01 1.095937e+02 1.006444e+02 1.027612e+02 7.957746e+01 8.318697e+01 1.050841e+02 
8.378314e+01 7.344424e+01 8.674975e+01 7.150275e+01 7.716385e+01 7.461129e+01 7.227958e+01 7.599592e+01 7.728858e+01 7.388140e+01 7.280114e+01 7.777190e+01 7.280114e+01 6.730616e+01 7.626439e+01 7.461129e+01 7.852195e+01 8.022807e+01 7.246976e+01 8.167390e+01 7.716385e+01 7.599592e+01 7.055746e+01 4.645503e+01 7.828137e+01 7.811785e+01 7.247698e+01 6.595295e+01 6.917764e+01 7.716385e+01 
4.218053e+01 3.140191e+01 4.383049e+01 5.364141e+01 4.824947e+01 5.947112e+01 4.430112e+01 4.939089e+01 4.492602e+01 5.476474e+01 5.592503e+01 4.696127e+01 5.592503e+01 3.593053e+01 3.016344e+01 5.947112e+01 4.108420e+01 5.672050e+01 4.062404e+01 5.255311e+01 4.824947e+01 4.939089e+01 4.062749e+01 3.495949e+01 4.453511e+01 4.801007e+01 3.907461e+01 4.688746e+01 4.396319e+01 4.824947e+01 
3.367824e+01 2.168707e+01 2.326150e+01 2.858589e+01 3.266876e+01 3.411525e+01 2.901963e+01 2.724263e+01 3.422062e+01 2.652622e+01 2.584184e+01 3.421568e+01 2.584184e+01 2.754083e+01 2.321025e+01 3.411525e+01 2.341281e+01 3.306784e+01 2.602044e+01 3.352830e+01 3.266876e+01 2.724263e+01 3.235962e+01 2.735620e+01 2.944302e+01 2.597659e+01 3.004231e+01 2.116953e+01 1.848298e+01 3.266876e+01 
2.288402e+01 1.989917e+01 2.188908e+01 2.288404e+01 1.989917e+01 2.288404e+01 1.890421e+01 2.387900e+01 2.785883e+01 2.288404e+01 2.188907e+01 2.550765e+01 2.188907e+01 2.686387e+01 2.089412e+01 2.288404e+01 1.989917e+01 2.785883e+01 2.089413e+01 2.984873e+01 1.989917e+01 2.387900e+01 2.885377e+01 2.387900e+01 2.288404e+01 2.410040e+01 2.785881e+01 1.790925e+01 1.591934e+01 1.989917e+01 
0.000000e+00 0.000000e+00 0.000000e+00 0.000000e+00 0.000000e+00 0.000000e+00 0.000000e+00 0.000000e+00 0.000000e+00 0.000000e+00 0.000000e+00 0.000000e+00 0.000000e+00 0.000000e+00 0.000000e+00 0.000000e+00 0.000000e+00 0.000000e+00 0.000000e+00 0.000000e+00 0.000000e+00 0.000000e+00 0.000000e+00 0.000000e+00 0.000000e+00 0.000000e+00 0.000000e+00 0.000000e+00 0.000000e+00 0.000000e+00 