   5.0447116e+02   5.9683386e+02   4.4125821e+02   5.0653759e+02   6.6185387e+02   5.0336135e+02   6.1064112e+02   5.7902408e+02   5.9356412e+02   4.7434174e+02   6.4912843e+02   5.4072145e+02   4.6798465e+02   4.6672354e+02   7.6291069e+02   5.0336135e+02   5.9356412e+02   6.3371118e+02   5.5132763e+02   6.2379263e+02   6.6185387e+02   6.6422607e+02   5.9391872e+02   5.9468230e+02   4.8223274e+02   6.6422607e+02   6.1155047e+02   4.3857227e+02   5.2974627e+02   6.6185387e+02
   5.0447116e+02   5.8125585e+02   4.4125821e+02   5.0653759e+02   4.8080003e+02   5.0336135e+02   6.1064112e+02   5.7902408e+02   5.3828410e+02   4.7415742e+02   5.8462828e+02   5.4072145e+02   4.6798465e+02   4.6200433e+02   6.2915981e+02   5.0336135e+02   5.3828410e+02   5.0885746e+02   5.5132763e+02   5.0385630e+02   4.8080003e+02   6.6422607e+02   5.9391872e+02   5.9468230e+02   4.8223274e+02   6.6422607e+02   5.3110832e+02   3.6771816e+02   4.6477448e+02   4.8080003e+02
   5.0447116e+02   5.8125585e+02   4.4125821e+02   5.0653759e+02   4.8080003e+02   5.0336135e+02   6.1064112e+02   5.7902408e+02   5.3828410e+02   4.7415742e+02   5.8462828e+02   5.4072145e+02   4.6798465e+02   4.6200433e+02   6.2915981e+02   5.0336135e+02   5.3828410e+02   5.0885746e+02   5.5132763e+02   5.0385630e+02   4.8080003e+02   6.6422607e+02   5.9391872e+02   5.9468230e+02   4.8223274e+02   6.6422607e+02   5.3110832e+02   3.6771816e+02   4.6477448e+02   4.8080003e+02
   4.5568977e+02   5.2166231e+02   4.4125821e+02   5.0653759e+02   4.8071765e+02   4.8353809e+02   5.2006921e+02   5.7902408e+02   4.8873676e+02   4.7415742e+02   5.8462828e+02   5.3638183e+02   4.6057817e+02   4.6200433e+02   5.4948138e+02   4.8353809e+02   4.8873676e+02   5.0885746e+02   4.6078005e+02   5.0385630e+02   4.8071765e+02   6.1355110e+02   5.9391872e+02   5.9336740e+02   4.6024455e+02   6.1355110e+02   4.6441217e+02   3.6771816e+02   4.6477448e+02   4.8071765e+02
   4.3102499e+02   4.5635580e+02   4.2300492e+02   5.0653759e+02   4.5311864e+02   4.4100511e+02   5.1740496e+02   4.9912138e+02   4.6190325e+02   4.2504197e+02   4.6618295e+02   4.4059153e+02   3.3936506e+02   4.6200433e+02   4.7006389e+02   4.4100511e+02   4.6190325e+02   4.9542977e+02   4.6078005e+02   5.0385630e+02   4.5311864e+02   6.1192392e+02   4.5098194e+02   5.0083252e+02   4.3501341e+02   6.1192392e+02   4.3244568e+02   3.6771816e+02   4.3330762e+02   4.5311864e+02
   4.0541976e+02   4.2038384e+02   4.2300492e+02   4.3454906e+02   3.5528408e+02   4.4100511e+02   5.1563693e+02   4.3982271e+02   4.5068707e+02   4.2504197e+02   4.6470303e+02   4.3888142e+02   3.3335066e+02   4.1064484e+02   4.7006389e+02   4.4100511e+02   4.5068707e+02   4.3275928e+02   4.4736538e+02   4.9496490e+02   3.5528408e+02   3.8200640e+02   4.3124466e+02   4.7892124e+02   4.3236870e+02   3.8200640e+02   4.3244568e+02   3.4769257e+02   4.1797032e+02   3.5528408e+02
   3.7871620e+02   4.1026126e+02   3.8872485e+02   3.8864731e+02   3.4705538e+02   4.4007878e+02   4.3839699e+02   3.7711293e+02   3.8919038e+02   3.8403551e+02   4.1457732e+02   3.7002762e+02   3.3335066e+02   4.0887728e+02   3.9268031e+02   4.4007878e+02   3.8919038e+02   3.1909966e+02   3.9565497e+02   3.7243134e+02   3.4705538e+02   3.6446975e+02   4.1712739e+02   3.5656336e+02   3.7936778e+02   3.6446975e+02   4.2252540e+02   3.4344719e+02   3.3022097e+02   3.4705538e+02
   3.6228817e+02   3.3489942e+02   3.4994256e+02   3.4377252e+02   3.2644814e+02   3.5494799e+02   3.6176754e+02   3.6084811e+02   3.4498973e+02   3.6750521e+02   3.7549426e+02   3.4108462e+02   3.3335066e+02   3.6139328e+02   3.3030329e+02   3.5494799e+02   3.4498973e+02   3.1909966e+02   3.7441119e+02   3.4307095e+02   3.2644814e+02   3.0057293e+02   3.4135063e+02   3.3738881e+02   3.4906301e+02   3.0057293e+02   3.5320129e+02   3.2415782e+02   3.2563756e+02   3.2644814e+02
   2.9995248e+02   2.9804001e+02   2.7558313e+02   3.2173372e+02   3.1979459e+02   3.0015474e+02   3.0741857e+02   3.0688399e+02   2.8379759e+02   3.0647997e+02   3.0378764e+02   2.9547619e+02   3.0779474e+02   2.9981360e+02   3.0670766e+02   3.0015474e+02   2.8379759e+02   2.9818228e+02   2.9327954e+02   2.9889383e+02   3.1979459e+02   2.7282539e+02   3.2319443e+02   3.0095265e+02   3.1603445e+02   2.7282539e+02   3.0285322e+02   2.9356002e+02   3.1144321e+02   3.1979459e+02
   2.6783142e+02   2.5452068e+02   2.5565481e+02   2.6138421e+02   2.7084914e+02   2.6603100e+02   2.5304608e+02   2.6815786e+02   2.6241559e+02   2.6060788e+02   2.6477368e+02   2.7104972e+02   2.6197897e+02   2.8086044e+02   2.5684488e+02   2.6603100e+02   2.6241559e+02   2.6084883e+02   2.6332670e+02   2.4852671e+02   2.7084914e+02   2.5795541e+02   2.6618081e+02   2.5696423e+02   2.6916834e+02   2.5795541e+02   2.6896607e+02   2.5386718e+02   2.6531737e+02   2.7084914e+02
   2.4300350e+02   2.4275712e+02   2.4052859e+02   2.4275240e+02   2.4295027e+02   2.3704261e+02   2.3933602e+02   2.4573205e+02   2.4046432e+02   2.4362952e+02   2.3980054e+02   2.4263109e+02   2.3830002e+02   2.4138431e+02   2.4172172e+02   2.3704261e+02   2.4046432e+02   2.3724156e+02   2.4098079e+02   2.3526238e+02   2.4295027e+02   2.4052299e+02   2.3844767e+02   2.4391147e+02   2.4795414e+02   2.4052299e+02   2.4092142e+02   2.3837248e+02   2.3545208e+02   2.4295027e+02
   2.3277963e+02   2.3294757e+02   2.3211799e+02   2.3425302e+02   2.3354582e+02   2.3104065e+02   2.3128628e+02   2.3229003e+02   2.3095850e+02   2.3394000e+02   2.3143381e+02   2.3316892e+02   2.3165709e+02   2.3191775e+02   2.2995925e+02   2.3104065e+02   2.3095850e+02   2.3165200e+02   2.3252193e+02   2.3276211e+02   2.3354582e+02   2.3198679e+02   2.3107700e+02   2.3186599e+02   2.3303163e+02   2.3198679e+02   2.3313957e+02   2.3159349e+02   2.3214066e+02   2.3354582e+02
   2.2968296e+02   2.2978577e+02   2.2969935e+02   2.2973672e+02   2.2961151e+02   2.2964116e+02   2.2949614e+02   2.2947031e+02   2.2941806e+02   2.2975903e+02   2.2964455e+02   2.2951768e+02   2.2972051e+02   2.2958670e+02   2.2945149e+02   2.2964116e+02   2.2941806e+02   2.2936063e+02   2.2963970e+02   2.2994087e+02   2.2961151e+02   2.2952007e+02   2.2960092e+02   2.2963058e+02   2.2978218e+02   2.2952007e+02   2.2960870e+02   2.2958300e+02   2.2960731e+02   2.2961151e+02
   2.2928443e+02   2.2928474e+02   2.2928480e+02   2.2928447e+02   2.2928465e+02   2.2928452e+02   2.2928446e+02   2.2928445e+02   2.2928445e+02   2.2928471e+02   2.2928446e+02   2.2928457e+02   2.2928451e+02   2.2928457e+02   2.2928446e+02   2.2928452e+02   2.2928445e+02   2.2928443e+02   2.2928445e+02   2.2928450e+02   2.2928465e+02   2.2928449e+02   2.2928447e+02   2.2928454e+02   2.2928490e+02   2.2928449e+02   2.2928449e+02   2.2928446e+02   2.2928454e+02   2.2928465e+02
   2.2928438e+02   2.2928438e+02   2.2928438e+02   2.2928438e+02   2.2928438e+02   2.2928438e+02   2.2928438e+02   2.2928438e+02   2.2928438e+02   2.2928438e+02   2.2928438e+02   2.2928438e+02   2.2928438e+02   2.2928438e+02   2.2928438e+02   2.2928438e+02   2.2928438e+02   2.2928438e+02   2.2928438e+02   2.2928438e+02   2.2928438e+02   2.2928438e+02   2.2928438e+02   2.2928438e+02   2.2928438e+02   2.2928438e+02   2.2928438e+02   2.2928438e+02   2.2928438e+02   2.2928438e+02
   2.2928438e+02   2.2928438e+02   2.2928438e+02   2.2928438e+02   2.2928438e+02   2.2928438e+02   2.2928438e+02   2.2928438e+02   2.2928438e+02   2.2928438e+02   2.2928438e+02   2.2928438e+02   2.2928438e+02   2.2928438e+02   2.2928438e+02   2.2928438e+02   2.2928438e+02   2.2928438e+02   2.2928438e+02   2.2928438e+02   2.2928438e+02   2.2928438e+02   2.2928438e+02   2.2928438e+02   2.2928438e+02   2.2928438e+02   2.2928438e+02   2.2928438e+02   2.2928438e+02   2.2928438e+02
