1.149649e+02 1.194717e+02 9.798430e+01 1.068403e+02 1.150949e+02 1.066343e+02 8.445542e+01 1.074473e+02 1.135880e+02 1.035023e+02 1.170627e+02 1.058760e+02 9.265088e+01 1.078292e+02 9.533969e+01 1.066343e+02 1.054680e+02 8.973875e+01 8.771271e+01 8.180647e+01 1.150949e+02 1.117526e+02 1.037790e+02 1.142438e+02 1.022302e+02 1.117526e+02 1.118532e+02 9.369439e+01 1.172708e+02 1.150949e+02 
1.149649e+02 1.194717e+02 9.798430e+01 1.068403e+02 1.150949e+02 1.066343e+02 8.445542e+01 1.074473e+02 1.135880e+02 1.035023e+02 1.170627e+02 1.058760e+02 9.265088e+01 1.078292e+02 9.533969e+01 1.066343e+02 1.054680e+02 8.973875e+01 8.771271e+01 8.180647e+01 1.150949e+02 1.117526e+02 1.037790e+02 1.142438e+02 1.022302e+02 1.117526e+02 1.118532e+02 9.369439e+01 1.172708e+02 1.150949e+02 
1.149649e+02 1.194717e+02 9.798430e+01 1.068403e+02 1.150949e+02 1.066343e+02 8.445542e+01 1.074473e+02 1.135880e+02 1.035023e+02 1.170627e+02 1.058760e+02 9.265088e+01 1.078292e+02 9.533969e+01 1.066343e+02 1.054680e+02 8.973875e+01 8.771271e+01 8.180647e+01 1.150949e+02 1.117526e+02 1.037790e+02 1.142438e+02 1.022302e+02 1.117526e+02 1.118532e+02 9.369439e+01 1.172708e+02 1.150949e+02 
1.091320e+02 1.095169e+02 9.798430e+01 9.728102e+01 1.043324e+02 1.054938e+02 8.445542e+01 1.074473e+02 1.028576e+02 1.030353e+02 1.074787e+02 1.001478e+02 9.265088e+01 1.078292e+02 9.533969e+01 1.054938e+02 1.054680e+02 8.858414e+01 8.771271e+01 8.180647e+01 1.043324e+02 1.117526e+02 1.037790e+02 1.142438e+02 1.022302e+02 1.117526e+02 9.847538e+01 9.369439e+01 1.154519e+02 1.043324e+02 
1.048942e+02 1.092475e+02 9.649276e+01 9.399973e+01 1.043324e+02 9.481576e+01 8.445542e+01 1.074473e+02 1.001138e+02 8.705622e+01 1.073230e+02 1.001478e+02 9.265088e+01 9.939623e+01 9.533969e+01 9.481576e+01 1.054680e+02 8.858414e+01 8.771271e+01 8.180647e+01 1.043324e+02 1.065361e+02 1.014170e+02 1.142438e+02 9.897458e+01 1.065361e+02 9.847538e+01 9.369439e+01 1.020960e+02 1.043324e+02 
9.722696e+01 9.780235e+01 9.246930e+01 9.028284e+01 1.043324e+02 9.481576e+01 8.445542e+01 1.047911e+02 8.901311e+01 8.705622e+01 1.020643e+02 8.870149e+01 8.723018e+01 9.293824e+01 9.533969e+01 9.481576e+01 8.444644e+01 8.302293e+01 8.286753e+01 8.180647e+01 1.043324e+02 9.640667e+01 7.839255e+01 8.262607e+01 9.750188e+01 9.640667e+01 9.847538e+01 9.369439e+01 7.979349e+01 1.043324e+02 
9.036074e+01 7.552760e+01 6.686738e+01 7.799072e+01 7.650311e+01 7.996802e+01 7.825485e+01 1.013220e+02 7.998049e+01 5.823208e+01 8.210826e+01 8.747831e+01 8.361740e+01 8.314304e+01 8.825982e+01 7.996802e+01 7.953179e+01 7.341405e+01 8.160084e+01 8.180647e+01 7.650311e+01 8.083202e+01 6.887702e+01 7.683583e+01 9.313729e+01 8.083202e+01 8.308742e+01 8.357303e+01 7.647690e+01 7.650311e+01 
7.598789e+01 6.759511e+01 6.509641e+01 6.054507e+01 7.144188e+01 6.813720e+01 7.690315e+01 6.684615e+01 6.655416e+01 5.409195e+01 6.082293e+01 6.728556e+01 7.103910e+01 6.526177e+01 7.844499e+01 6.813720e+01 6.597779e+01 7.070430e+01 7.408693e+01 6.890751e+01 7.144188e+01 6.380559e+01 6.280761e+01 6.703781e+01 8.132800e+01 6.380559e+01 6.873620e+01 8.020351e+01 5.681066e+01 7.144188e+01 
4.893238e+01 5.395792e+01 4.743376e+01 5.159937e+01 5.309107e+01 5.220676e+01 6.143769e+01 5.711852e+01 4.972842e+01 3.996942e+01 4.612990e+01 5.047152e+01 4.846480e+01 5.624646e+01 5.546133e+01 5.220676e+01 4.988343e+01 5.295277e+01 4.936420e+01 5.769182e+01 5.309107e+01 5.034432e+01 4.500901e+01 4.817385e+01 4.729989e+01 5.034432e+01 4.993970e+01 5.507048e+01 4.116903e+01 5.309107e+01 
2.489860e+01 3.180590e+01 2.954368e+01 3.502654e+01 3.427658e+01 2.923231e+01 3.603086e+01 3.493076e+01 3.378329e+01 3.009236e+01 3.588836e+01 3.158665e+01 3.869851e+01 3.423328e+01 3.022710e+01 2.923231e+01 3.558370e+01 3.335030e+01 3.982482e+01 3.667473e+01 3.427658e+01 3.867980e+01 3.417428e+01 3.387403e+01 3.762452e+01 3.867980e+01 3.735560e+01 2.950917e+01 3.012151e+01 3.427658e+01 
1.408013e+01 1.502698e+01 1.590477e+01 1.694585e+01 1.639835e+01 1.669666e+01 1.384587e+01 1.649766e+01 1.734859e+01 1.441225e+01 1.705156e+01 1.554552e+01 1.400191e+01 1.514045e+01 1.508133e+01 1.669666e+01 1.510172e+01 1.529433e+01 1.679555e+01 1.574687e+01 1.639835e+01 1.573789e+01 1.331668e+01 1.081356e+01 1.491847e+01 1.573789e+01 1.780454e+01 1.564455e+01 1.369895e+01 1.639835e+01 
4.248682e+00 4.496375e+00 4.708587e+00 4.596421e+00 5.185493e+00 4.239442e+00 5.181691e+00 5.517092e+00 4.819831e+00 3.881195e+00 4.807293e+00 4.178391e+00 4.411422e+00 5.575221e+00 4.549046e+00 4.239442e+00 3.035439e+00 4.435633e+00 4.880232e+00 4.000911e+00 5.185493e+00 5.326255e+00 4.345101e+00 4.053724e+00 4.244808e+00 5.326255e+00 4.003485e+00 4.581864e+00 4.269224e+00 5.185493e+00 
4.855343e-01 5.997921e-01 4.891003e-01 5.157957e-01 4.787821e-01 4.771480e-01 4.701584e-01 3.428411e-01 5.987918e-01 5.279255e-01 5.992393e-01 4.897161e-01 5.698276e-01 6.275143e-01 4.764982e-01 4.771480e-01 5.198906e-01 4.518191e-01 4.791820e-01 5.845688e-01 4.787821e-01 5.111870e-01 5.409907e-01 5.887746e-01 5.326253e-01 5.111870e-01 5.882920e-01 4.274602e-01 5.170273e-01 4.787821e-01 
6.423951e-03 5.607160e-03 5.630855e-03 5.823864e-03 6.459382e-03 5.591837e-03 6.625856e-03 5.996868e-03 5.941502e-03 6.313007e-03 5.351181e-03 5.659123e-03 5.779533e-03 6.650418e-03 5.530192e-03 5.591837e-03 5.261949e-03 5.870816e-03 4.720641e-03 5.691828e-03 6.459382e-03 4.649741e-03 6.022109e-03 5.687133e-03 6.885986e-03 4.649741e-03 6.392835e-03 6.060957e-03 4.245468e-03 6.459382e-03 
4.475046e-07 4.226895e-07 4.797328e-07 3.998386e-07 3.877334e-07 4.729552e-07 4.511811e-07 2.853839e-07 4.858938e-07 3.838711e-07 4.423807e-07 4.513024e-07 5.292912e-07 3.236038e-07 2.796760e-07 4.729552e-07 3.184110e-07 4.662539e-07 4.355134e-07 4.010066e-07 3.877334e-07 4.861106e-07 2.909503e-07 2.667116e-07 4.186164e-07 4.861106e-07 4.649377e-07 3.802244e-07 3.770400e-07 3.877334e-07 
0.000000e+00 0.000000e+00 0.000000e+00 0.000000e+00 0.000000e+00 0.000000e+00 0.000000e+00 0.000000e+00 0.000000e+00 0.000000e+00 0.000000e+00 0.000000e+00 0.000000e+00 0.000000e+00 0.000000e+00 0.000000e+00 0.000000e+00 0.000000e+00 0.000000e+00 0.000000e+00 0.000000e+00 0.000000e+00 0.000000e+00 0.000000e+00 0.000000e+00 0.000000e+00 0.000000e+00 0.000000e+00 0.000000e+00 0.000000e+00 
0.000000e+00 0.000000e+00 0.000000e+00 0.000000e+00 0.000000e+00 0.000000e+00 0.000000e+00 0.000000e+00 0.000000e+00 0.000000e+00 0.000000e+00 0.000000e+00 0.000000e+00 0.000000e+00 0.000000e+00 0.000000e+00 0.000000e+00 0.000000e+00 0.000000e+00 0.000000e+00 0.000000e+00 0.000000e+00 0.000000e+00 0.000000e+00 0.000000e+00 0.000000e+00 0.000000e+00 0.000000e+00 0.000000e+00 0.000000e+00 