   3.2671955e+03   6.6405640e+03   4.6969760e+03   5.1179652e+03   4.6969760e+03   4.5089176e+03   6.1932327e+03   4.4968509e+03   2.2269170e+03   6.2451786e+03   4.8933379e+03   5.4046198e+03   4.8933379e+03   4.1605649e+03   2.7005379e+03   4.5089176e+03   3.2668511e+03   3.3808481e+03   2.8334871e+03   3.1246567e+03   4.6969760e+03   4.4968509e+03   3.4243999e+03   4.0485729e+03   4.0835911e+03   4.4968509e+03   3.4101341e+03   5.9581202e+03   4.5105009e+03   4.6969760e+03
   3.2671955e+03   6.6405640e+03   4.6969760e+03   5.1179652e+03   4.6969760e+03   4.5089176e+03   6.1932327e+03   4.4968509e+03   2.2269170e+03   6.2451786e+03   4.8933379e+03   5.4046198e+03   4.8933379e+03   4.1605649e+03   2.7005379e+03   4.5089176e+03   3.2668511e+03   3.3808481e+03   2.8334871e+03   3.1246567e+03   4.6969760e+03   4.4968509e+03   3.4243999e+03   4.0485729e+03   4.0835911e+03   4.4968509e+03   3.4101341e+03   5.9581202e+03   4.5105009e+03   4.6969760e+03
   3.2671955e+03   6.6405640e+03   4.6969760e+03   5.1179652e+03   4.6969760e+03   4.5089176e+03   6.1932327e+03   4.4968509e+03   2.2269170e+03   6.2451786e+03   4.8933379e+03   5.4046198e+03   4.8933379e+03   4.1605649e+03   2.7005379e+03   4.5089176e+03   3.2668511e+03   3.3808481e+03   2.8334871e+03   3.1246567e+03   4.6969760e+03   4.4968509e+03   3.4243999e+03   4.0485729e+03   4.0835911e+03   4.4968509e+03   3.4101341e+03   5.9581202e+03   4.5105009e+03   4.6969760e+03
   3.2671955e+03   5.1699219e+03   4.6969760e+03   5.1179652e+03   4.6969760e+03   2.7904156e+03   4.9042460e+03   3.8307259e+03   2.2269170e+03   6.2451786e+03   4.8933379e+03   5.4046198e+03   4.8933379e+03   4.1605649e+03   2.7005379e+03   2.7904156e+03   3.2668511e+03   3.3808481e+03   2.8334871e+03   3.0839391e+03   4.6969760e+03   3.8307259e+03   3.2100455e+03   4.0485729e+03   2.2691038e+03   3.8307259e+03   3.0169316e+03   5.9529842e+03   4.5105009e+03   4.6969760e+03
   3.1628303e+03   3.1745625e+03   4.6969760e+03   5.1179652e+03   4.6969760e+03   1.9721627e+03   4.9042460e+03   3.8307259e+03   2.2269170e+03   3.3412764e+03   4.7431023e+03   4.9546992e+03   4.7431023e+03   3.5976609e+03   2.7005379e+03   1.9721627e+03   3.2668511e+03   3.3808481e+03   2.7519297e+03   2.3836911e+03   4.6969760e+03   3.8307259e+03   3.2100455e+03   4.0485729e+03   1.7086848e+03   3.8307259e+03   3.0169316e+03   5.7775232e+03   3.6536114e+03   4.6969760e+03
   3.0455436e+03   3.1745625e+03   4.0758684e+03   3.8979087e+03   4.0758684e+03   1.9721627e+03   3.8259404e+03   3.5216955e+03   2.0539078e+03   2.8339780e+03   3.1066380e+03   2.5366924e+03   3.1066380e+03   3.5976609e+03   2.4673700e+03   1.9721627e+03   3.2668511e+03   2.5156221e+03   2.7519297e+03   2.0075075e+03   4.0758684e+03   3.5216955e+03   3.2100455e+03   3.9000577e+03   1.7086848e+03   3.5216955e+03   3.0169316e+03   4.7509997e+03   2.7735762e+03   4.0758684e+03
   2.7497868e+03   1.9410965e+03   3.4761840e+03   2.6984915e+03   3.4761840e+03   1.6457542e+03   3.7798289e+03   3.3322413e+03   1.8411299e+03   2.4570080e+03   1.9705843e+03   2.5366924e+03   1.9705843e+03   2.9869113e+03   2.2125381e+03   1.6457542e+03   2.2992416e+03   2.2698719e+03   2.5891000e+03   9.5484927e+02   3.4761840e+03   3.3322413e+03   1.1606455e+03   2.4225503e+03   1.6454447e+03   3.3322413e+03   2.1374123e+03   2.4230480e+03   1.2244291e+03   3.4761840e+03
   1.9438620e+03   1.2029569e+03   1.6731877e+03   1.2258661e+03   1.6731877e+03   1.0628456e+03   1.8907607e+03   6.7157100e+02   1.3914162e+03   1.6006361e+03   1.1006832e+03   1.0520684e+03   1.1006832e+03   1.7038866e+03   1.2579232e+03   1.0628456e+03   1.1093478e+03   1.4895839e+03   1.3398615e+03   9.0477732e+02   1.6731877e+03   6.7157100e+02   1.1372656e+03   1.5343457e+03   1.4629296e+03   6.7157100e+02   1.2402963e+03   1.2476320e+03   1.2244291e+03   1.6731877e+03
   4.9126718e+02   5.4323233e+02   7.3220404e+02   3.8806664e+02   7.3220404e+02   4.6874545e+02   6.0267551e+02   5.3374984e+02   9.7558792e+02   6.0279622e+02   4.7831595e+02   6.5435535e+02   4.7831595e+02   3.3708447e+02   6.1026239e+02   4.6874545e+02   5.4563536e+02   7.8790981e+02   7.8194018e+02   7.1598253e+02   7.3220404e+02   5.3374984e+02   6.0113344e+02   8.5278720e+02   5.5616093e+02   5.3374984e+02   6.5495914e+02   7.3544382e+02   7.9440911e+02   7.3220404e+02
   2.9953815e+02   2.8278418e+02   3.4659869e+02   2.5794704e+02   3.4659869e+02   3.2533537e+02   2.7768502e+02   3.6785274e+02   3.5337719e+02   3.0780918e+02   2.7997883e+02   3.4764484e+02   2.7997883e+02   2.6753400e+02   3.0386187e+02   3.2533537e+02   2.4414304e+02   3.2013654e+02   3.0105292e+02   3.4579655e+02   3.4659869e+02   3.6785274e+02   2.6908705e+02   3.3063867e+02   3.2942536e+02   3.6785274e+02   3.3568713e+02   4.0939646e+02   2.9918067e+02   3.4659869e+02
   1.2571286e+02   1.2408953e+02   1.3543320e+02   1.2215167e+02   1.3543320e+02   9.1121549e+01   1.1234157e+02   1.1058055e+02   1.4405854e+02   1.3250464e+02   1.4196324e+02   1.3755121e+02   1.4196324e+02   1.2873992e+02   1.4615906e+02   9.1121549e+01   1.1934747e+02   1.3859187e+02   1.3902076e+02   1.2477598e+02   1.3543320e+02   1.1058055e+02   1.2268483e+02   9.7484591e+01   1.2510274e+02   1.1058055e+02   1.3151307e+02   1.5946597e+02   1.3168261e+02   1.3543320e+02
   6.6729762e+01   8.1014719e+01   7.9002233e+01   6.8010897e+01   7.9002233e+01   7.4074419e+01   7.1631686e+01   7.0797812e+01   7.5448010e+01   7.3564552e+01   7.8847283e+01   8.5618037e+01   7.8847283e+01   7.3708761e+01   7.8335879e+01   7.4074419e+01   7.5274532e+01   6.9685340e+01   7.2827718e+01   8.0492503e+01   7.9002233e+01   7.0797812e+01   7.0627868e+01   7.6576518e+01   7.6046468e+01   7.0797812e+01   7.6483015e+01   7.6555687e+01   7.2220455e+01   7.9002233e+01
   5.1250310e+01   5.1375935e+01   5.3584427e+01   5.0854595e+01   5.3584427e+01   5.4969288e+01   5.2095050e+01   5.2866324e+01   5.3694067e+01   5.1265985e+01   5.1817401e+01   5.5614119e+01   5.1817401e+01   5.3074514e+01   5.2406164e+01   5.4969288e+01   5.0802857e+01   5.1440946e+01   5.1014347e+01   5.6725391e+01   5.3584427e+01   5.2866324e+01   5.1066646e+01   5.1260672e+01   5.1851489e+01   5.2866324e+01   5.2509839e+01   5.1900375e+01   5.2825461e+01   5.3584427e+01
   4.9089780e+01   4.9089435e+01   4.9094588e+01   4.9088335e+01   4.9094588e+01   4.9095758e+01   4.9091528e+01   4.9088390e+01   4.9091201e+01   4.9087007e+01   4.9092813e+01   4.9098977e+01   4.9092813e+01   4.9089454e+01   4.9089211e+01   4.9095758e+01   4.9088275e+01   4.9090592e+01   4.9089930e+01   4.9108120e+01   4.9094588e+01   4.9088390e+01   4.9089098e+01   4.9091526e+01   4.9090824e+01   4.9088390e+01   4.9089273e+01   4.9092377e+01   4.9093935e+01   4.9094588e+01
   4.9084479e+01   4.9084479e+01   4.9084479e+01   4.9084479e+01   4.9084479e+01   4.9084479e+01   4.9084479e+01   3.9921388e+01   4.9084479e+01   4.9084479e+01   4.9084479e+01   4.9084479e+01   4.9084479e+01   4.9084479e+01   4.9084479e+01   4.9084479e+01   4.9084479e+01   4.9084479e+01   3.3481932e+01   4.9084479e+01   4.9084479e+01   3.9921388e+01   4.9084479e+01   4.9084479e+01   4.9084479e+01   3.9921388e+01   4.9084479e+01   4.9084479e+01   4.9084479e+01   4.9084479e+01
   4.9084479e+01   4.4895469e+01   4.9084479e+01   6.2152665e-02   4.9084479e+01   4.0302602e+00   4.9084479e+01   2.8935606e+01   4.9084479e+01   9.8541882e-03   4.4895469e+01   6.7694215e-04   4.4895469e+01   1.3160576e-05   4.4895469e+01   4.0302602e+00   4.9084479e+01   4.9084479e+01   4.0302602e+00   2.5998452e-01   4.9084479e+01   2.8935606e+01   4.9084479e+01   4.9084479e+01   4.4895469e+01   2.8935606e+01   4.9084479e+01   4.9084479e+01   4.4895469e+01   4.9084479e+01
