5.209804e+02 8.164587e+02 9.558488e+02 1.084350e+03 2.782629e+02 4.670266e+02 1.010931e+03 5.624546e+02 8.810063e+02 1.695117e+02 1.022260e+03 1.049581e+03 1.022260e+03 8.330128e+02 8.004166e+02 4.670266e+02 7.615108e+02 5.147595e+02 8.532534e+02 4.148802e+02 2.782629e+02 2.621420e+02 8.328295e+02 4.002234e+02 6.020748e+02 6.129630e+02 1.130561e+03 8.195085e+02 7.682739e+02 8.110185e+02 
5.209804e+02 8.164587e+02 9.558488e+02 1.084350e+03 2.782629e+02 4.670266e+02 1.010931e+03 5.624546e+02 8.810063e+02 1.695117e+02 1.022260e+03 1.049581e+03 1.022260e+03 8.330128e+02 8.004166e+02 4.670266e+02 7.615108e+02 5.147595e+02 8.532534e+02 4.148802e+02 2.782629e+02 2.621420e+02 8.328295e+02 4.002234e+02 6.020748e+02 6.129630e+02 1.130561e+03 8.195085e+02 7.682739e+02 8.110185e+02 
5.209804e+02 8.164587e+02 9.558488e+02 1.084350e+03 2.782629e+02 4.670266e+02 1.010931e+03 5.624546e+02 8.810063e+02 1.695117e+02 1.022260e+03 1.049581e+03 1.022260e+03 8.330128e+02 8.004166e+02 4.670266e+02 7.615108e+02 5.147595e+02 8.532534e+02 4.148802e+02 2.782629e+02 2.621420e+02 8.328295e+02 4.002234e+02 6.020748e+02 6.129630e+02 1.130561e+03 8.195085e+02 7.682739e+02 8.110185e+02 
5.209804e+02 8.164587e+02 9.558488e+02 1.084350e+03 2.782629e+02 4.670266e+02 7.052829e+02 5.360242e+02 8.805993e+02 1.695117e+02 8.527554e+02 1.049581e+03 8.527554e+02 8.330128e+02 3.681730e+02 4.670266e+02 7.144782e+02 5.102239e+02 8.220560e+02 4.148802e+02 2.782629e+02 2.621420e+02 8.328295e+02 4.002234e+02 6.020748e+02 6.129630e+02 9.025062e+02 4.114066e+02 7.682739e+02 8.110185e+02 
5.209804e+02 7.712597e+02 7.947822e+02 1.051497e+03 2.782629e+02 4.670266e+02 7.052829e+02 5.360242e+02 8.805993e+02 1.695117e+02 7.913950e+02 9.499365e+02 7.913950e+02 8.260986e+02 3.681730e+02 4.670266e+02 2.498211e+02 5.102239e+02 8.220560e+02 4.148802e+02 2.782629e+02 2.621420e+02 6.144389e+02 4.002234e+02 5.847902e+02 4.411262e+02 4.326647e+02 4.114066e+02 2.575434e+02 8.046898e+02 
5.209804e+02 5.060282e+02 6.410948e+02 5.619417e+02 2.782629e+02 2.566756e+02 7.052829e+02 5.144306e+02 3.447720e+02 1.665444e+02 2.401944e+02 4.526037e+02 2.401944e+02 4.772154e+02 3.568285e+02 2.566756e+02 2.498211e+02 5.008412e+02 2.132842e+02 4.148802e+02 2.782629e+02 2.621420e+02 2.381534e+02 4.002234e+02 4.483476e+02 4.411262e+02 4.326647e+02 3.740934e+02 2.575434e+02 4.753548e+02 
1.683028e+02 3.500162e+02 4.791006e+02 4.318687e+02 2.782629e+02 2.564301e+02 4.930186e+02 4.926318e+02 3.447720e+02 1.665444e+02 7.429468e+01 3.242300e+02 7.429468e+01 3.343893e+02 1.354610e+02 2.564301e+02 2.498211e+02 4.768432e+02 2.132638e+02 4.148802e+02 2.782629e+02 2.621420e+02 2.381534e+02 2.887399e+02 4.483211e+02 4.411262e+02 2.989719e+02 2.844551e+02 1.246735e+02 4.612065e+02 
1.662208e+02 1.864865e+02 1.755080e+02 3.055257e+02 1.286157e+02 1.612961e+02 8.930413e+01 2.281769e+02 2.351553e+02 1.653430e+02 7.091523e+01 2.763483e+02 7.091523e+01 2.746648e+02 1.354610e+02 1.612961e+02 2.385443e+02 2.117899e+02 2.011771e+02 3.664683e+02 1.286157e+02 1.691392e+02 2.381534e+02 2.372355e+02 2.018232e+02 2.812667e+02 2.612696e+02 1.995023e+02 9.786108e+01 2.424005e+02 
1.389800e+02 1.413930e+02 8.335620e+01 5.121341e+01 7.682358e+01 1.425077e+02 7.585438e+01 9.794048e+01 1.657628e+02 1.477131e+02 5.588991e+01 9.589805e+01 5.588991e+01 1.560076e+02 8.447634e+01 1.425077e+02 9.202722e+01 1.855965e+02 1.145822e+02 2.401541e+02 7.682358e+01 1.530008e+02 1.201198e+02 1.525543e+02 1.146269e+02 2.141989e+02 7.695690e+01 1.016749e+02 7.103723e+01 5.261954e+01 
7.697029e+01 4.164303e+01 3.865162e+01 4.811107e+01 5.631306e+01 5.306553e+01 4.528369e+01 5.780655e+01 5.509881e+01 6.249475e+01 3.949672e+01 5.837001e+01 3.949672e+01 7.295595e+01 7.036424e+01 5.306553e+01 4.891080e+01 4.424236e+01 4.030123e+01 7.249241e+01 5.631306e+01 4.415223e+01 3.903317e+01 4.853798e+01 6.459564e+01 7.650388e+01 6.921868e+01 5.163863e+01 5.069073e+01 4.480238e+01 
3.296181e+01 3.496628e+01 2.921931e+01 3.852941e+01 3.618189e+01 3.634852e+01 3.483978e+01 3.756135e+01 3.505622e+01 3.464734e+01 3.465915e+01 3.758736e+01 3.465915e+01 3.796764e+01 3.661287e+01 3.634852e+01 3.770303e+01 3.367293e+01 3.136329e+01 3.922522e+01 3.618189e+01 3.003139e+01 2.766162e+01 3.051414e+01 2.959565e+01 3.544315e+01 3.970285e+01 3.297922e+01 3.226024e+01 3.473035e+01 
2.763257e+01 2.927492e+01 2.884057e+01 2.811348e+01 3.086559e+01 2.766839e+01 2.823490e+01 2.859084e+01 3.000247e+01 2.906593e+01 2.981753e+01 3.098386e+01 2.981753e+01 2.977476e+01 2.781069e+01 2.766839e+01 2.872900e+01 2.945815e+01 2.830259e+01 3.004170e+01 3.086559e+01 2.705448e+01 2.726738e+01 2.837825e+01 2.742437e+01 3.188844e+01 3.079101e+01 2.744689e+01 2.962623e+01 3.042056e+01 
2.669050e+01 2.652493e+01 2.514260e+01 2.547055e+01 2.670232e+01 2.685256e+01 2.509925e+01 2.618088e+01 2.763274e+01 2.618285e+01 2.661374e+01 2.617784e+01 2.661374e+01 2.628877e+01 2.550584e+01 2.685256e+01 2.561613e+01 2.715670e+01 2.722349e+01 2.808660e+01 2.670232e+01 2.655362e+01 2.705543e+01 2.636657e+01 2.515194e+01 2.754157e+01 2.643392e+01 2.630995e+01 2.661503e+01 2.656647e+01 
2.442341e+01 2.510947e+01 2.297616e+01 2.288779e+01 2.374837e+01 2.465067e+01 2.464762e+01 2.464552e+01 2.555545e+01 2.461549e+01 2.457983e+01 2.451697e+01 2.457983e+01 2.573115e+01 2.319991e+01 2.465067e+01 2.464671e+01 2.470450e+01 2.481749e+01 2.533285e+01 2.374837e+01 2.440169e+01 2.505398e+01 2.509834e+01 2.421241e+01 2.507093e+01 2.430731e+01 2.459457e+01 2.453080e+01 2.479065e+01 
2.273542e+01 2.390483e+01 2.195370e+01 2.164735e+01 2.286941e+01 2.284438e+01 2.342293e+01 2.281156e+01 2.328670e+01 2.303168e+01 2.271442e+01 2.333178e+01 2.271442e+01 1.769782e+01 1.793093e+01 2.284438e+01 2.326135e+01 2.256150e+01 2.368471e+01 2.345165e+01 2.286941e+01 2.307578e+01 2.328667e+01 2.356062e+01 2.328234e+01 2.332141e+01 2.333692e+01 2.347097e+01 2.304869e+01 2.324644e+01 
2.033435e+01 2.037706e+01 1.801098e+01 1.891104e+01 2.070652e+01 2.031137e+01 2.092189e+01 2.049007e+01 2.030504e+01 2.077895e+01 2.116052e+01 2.061600e+01 2.116052e+01 1.315507e+01 1.303708e+01 2.031137e+01 2.057863e+01 2.043414e+01 2.069388e+01 2.042826e+01 2.070652e+01 2.064533e+01 2.067969e+01 2.029871e+01 2.075825e+01 2.035575e+01 2.062142e+01 2.066524e+01 2.076455e+01 2.077489e+01 
0.000000e+00 0.000000e+00 0.000000e+00 0.000000e+00 0.000000e+00 0.000000e+00 0.000000e+00 0.000000e+00 0.000000e+00 0.000000e+00 0.000000e+00 0.000000e+00 0.000000e+00 0.000000e+00 0.000000e+00 0.000000e+00 0.000000e+00 0.000000e+00 0.000000e+00 0.000000e+00 0.000000e+00 0.000000e+00 0.000000e+00 0.000000e+00 0.000000e+00 0.000000e+00 0.000000e+00 0.000000e+00 0.000000e+00 0.000000e+00 