   5.5740459e+01   7.8152186e+01   7.7990484e+01   8.4002299e+01   6.8719541e+01   7.7342267e+01   7.8797045e+01   7.9556053e+01   7.3042158e+01   7.0015581e+01   7.0961686e+01   7.9664914e+01   5.3426346e+01   5.2758596e+01   7.3222066e+01   7.7342267e+01   7.3042158e+01   6.8719541e+01   5.9048549e+01   7.7342267e+01   6.8719541e+01   8.3243051e+01   6.9337479e+01   8.3243051e+01   7.8975318e+01   8.3243051e+01   7.6757276e+01   8.0784743e+01   4.9851834e+01   6.8719541e+01
   5.5740459e+01   5.5347931e+01   7.7990484e+01   8.3374483e+01   6.8719541e+01   5.7997986e+01   7.7811586e+01   6.4689621e+01   7.3042158e+01   7.0015581e+01   7.0961686e+01   6.4707128e+01   5.3426346e+01   5.2758596e+01   6.9227818e+01   5.7997986e+01   7.3042158e+01   6.8719541e+01   5.9048549e+01   5.7997986e+01   6.8719541e+01   8.3243051e+01   6.9337479e+01   8.3243051e+01   7.8090828e+01   8.3243051e+01   7.1669600e+01   7.8687775e+01   4.9851834e+01   6.8719541e+01
   5.5740459e+01   5.5347931e+01   7.7990484e+01   8.3374483e+01   6.8719541e+01   5.7997986e+01   7.7811586e+01   6.4689621e+01   7.3042158e+01   7.0015581e+01   7.0961686e+01   6.4707128e+01   5.3426346e+01   5.2758596e+01   6.9227818e+01   5.7997986e+01   7.3042158e+01   6.8719541e+01   5.9048549e+01   5.7997986e+01   6.8719541e+01   8.3243051e+01   6.9337479e+01   8.3243051e+01   7.8090828e+01   8.3243051e+01   7.1669600e+01   7.8687775e+01   4.9851834e+01   6.8719541e+01
   5.5740459e+01   5.5347931e+01   6.7914555e+01   7.4814230e+01   6.7343494e+01   5.7997986e+01   7.7461681e+01   6.0259611e+01   7.1701382e+01   5.7756837e+01   7.0961686e+01   4.9689976e+01   5.3426346e+01   5.2758596e+01   6.9227818e+01   5.7997986e+01   7.1701382e+01   6.7343494e+01   5.9048549e+01   5.7997986e+01   6.7343494e+01   7.7454095e+01   6.9337479e+01   7.7454095e+01   7.6733794e+01   7.7454095e+01   7.1669600e+01   7.1197342e+01   4.9851834e+01   6.7343494e+01
   5.5740459e+01   3.9629713e+01   5.6183478e+01   7.1613319e+01   6.2049847e+01   2.8019289e+01   4.1418924e+01   5.8902264e+01   6.2279750e+01   5.5732686e+01   5.1620469e+01   4.4660245e+01   5.3426346e+01   5.0008218e+01   6.4146722e+01   2.8019289e+01   6.2279750e+01   6.2049847e+01   5.4480611e+01   2.8019289e+01   6.2049847e+01   7.0757768e+01   6.4202382e+01   7.0757768e+01   5.4410341e+01   7.0757768e+01   6.5183278e+01   6.1760941e+01   4.9851834e+01   6.2049847e+01
   4.2465495e+01   3.4339814e+01   4.2678842e+01   5.7970177e+01   4.7864877e+01   2.8019289e+01   4.1418924e+01   5.2440876e+01   4.4457021e+01   5.5732686e+01   3.5500747e+01   4.2280231e+01   5.3426346e+01   4.6754734e+01   5.7089577e+01   2.8019289e+01   4.4457021e+01   4.7864877e+01   5.3562255e+01   2.8019289e+01   4.7864877e+01   4.0652572e+01   5.5958369e+01   4.0652572e+01   4.9803458e+01   4.0652572e+01   5.3241475e+01   6.1760941e+01   4.9797178e+01   4.7864877e+01
   4.2465495e+01   3.4339814e+01   3.6255374e+01   4.8672350e+01   3.7408236e+01   2.8019289e+01   2.5950334e+01   4.0551741e+01   3.6280476e+01   4.7502027e+01   3.0990802e+01   3.1804284e+01   4.1318317e+01   4.2529109e+01   4.7359401e+01   2.8019289e+01   3.6280476e+01   3.7408236e+01   4.1429197e+01   2.8019289e+01   3.7408236e+01   3.3685168e+01   4.4560217e+01   3.3685168e+01   4.6511140e+01   3.3685168e+01   3.9359718e+01   4.4835076e+01   3.3153294e+01   3.7408236e+01
   3.1871431e+01   2.6122508e+01   2.9311748e+01   4.0370153e+01   3.0476922e+01   2.8019289e+01   1.8879750e+01   2.3800042e+01   2.1351713e+01   3.6864610e+01   3.0990802e+01   3.0641320e+01   3.6756558e+01   1.5227387e+01   3.7002242e+01   2.8019289e+01   2.1351713e+01   3.0476922e+01   3.0877599e+01   2.8019289e+01   3.0476922e+01   2.6018147e+01   3.4059706e+01   2.6018147e+01   4.0459956e+01   2.6018147e+01   2.8071836e+01   3.4339066e+01   2.9366071e+01   3.0476922e+01
   1.8340849e+01   2.0711639e+01   1.8841793e+01   2.7132713e+01   1.9155042e+01   1.9731181e+01   1.8476528e+01   1.8167490e+01   1.7955914e+01   1.7307517e+01   2.2810342e+01   2.1559959e+01   1.8479321e+01   1.1102189e+01   2.6659400e+01   1.9731181e+01   1.7955914e+01   1.9155042e+01   2.3793193e+01   1.9731181e+01   1.9155042e+01   2.2026613e+01   1.5153179e+01   2.2026613e+01   1.6552988e+01   2.2026613e+01   1.9813232e+01   1.8229486e+01   1.9391668e+01   1.9155042e+01
   1.1392814e+01   1.4129265e+01   9.8074896e+00   1.5102179e+01   1.3281655e+01   1.3785824e+01   1.1873293e+01   6.2265913e+00   9.9702819e+00   1.0217424e+01   1.2642657e+01   1.0646905e+01   1.2271220e+01   7.6700229e+00   1.2445475e+01   1.3785824e+01   9.9702819e+00   1.3281655e+01   7.0855290e+00   1.3785824e+01   1.3281655e+01   1.3951213e+01   8.8484814e+00   1.3951213e+01   1.4120688e+01   1.3951213e+01   1.5844546e+01   1.0322058e+01   1.0425036e+01   1.3281655e+01
   3.3272979e+00   5.5346802e+00   5.1275379e+00   4.7384487e+00   4.0028025e+00   4.9283398e+00   4.4758760e+00   2.7600609e+00   3.8912399e+00   3.7382801e+00   4.3886143e+00   4.1311193e+00   3.5690717e+00   3.7772516e+00   4.2542539e+00   4.9283398e+00   3.8912399e+00   4.0028025e+00   3.3121437e+00   4.9283398e+00   4.0028025e+00   4.6554477e+00   4.0656614e+00   4.6554477e+00   4.2259197e+00   4.6554477e+00   4.6210888e+00   3.6291657e+00   5.5468014e+00   4.0028025e+00
   1.1871491e+00   7.3921895e-01   1.2311893e+00   9.4356931e-01   1.1821595e+00   1.0675630e+00   1.1754419e+00   8.6543184e-01   1.2239776e+00   1.2369549e+00   1.1129621e+00   1.1227123e+00   1.5787819e+00   1.0182473e+00   1.1470847e+00   1.0675630e+00   1.2239776e+00   1.1821595e+00   9.0141379e-01   1.0675630e+00   1.1821595e+00   1.1646095e+00   9.0297032e-01   1.1646095e+00   1.4296538e+00   1.1646095e+00   1.0854449e+00   1.0561360e+00   1.2997574e+00   1.1821595e+00
   9.2352215e-02   9.3815440e-02   7.6489382e-02   1.1192763e-01   9.7187374e-02   7.8447814e-02   1.1905463e-01   5.9981560e-02   1.2333113e-01   9.4786273e-02   1.0300445e-01   8.7859097e-02   1.3318141e-01   6.8224101e-02   1.0866257e-01   7.8447814e-02   1.2333113e-01   9.7187374e-02   8.4538253e-02   7.8447814e-02   9.7187374e-02   7.6929201e-02   1.1341900e-01   7.6929201e-02   9.4783005e-02   7.6929201e-02   9.0644828e-02   1.0409862e-01   1.2894572e-01   9.7187374e-02
   8.1713335e-04   1.0432356e-03   1.1741722e-03   1.2374848e-03   2.0780718e-03   1.6871211e-03   1.4202640e-03   1.4440374e-03   1.0279280e-03   1.4329992e-03   1.3275285e-03   1.4043473e-03   2.1815843e-03   1.1488616e-03   1.4126050e-03   1.6871211e-03   1.0279280e-03   2.0780718e-03   6.5206380e-04   1.6871211e-03   2.0780718e-03   1.5651394e-03   7.9023787e-04   1.5651394e-03   9.6783657e-04   1.5651394e-03   1.6491770e-03   1.9904843e-03   1.5178814e-03   2.0780718e-03
   3.3942899e-07   2.9877560e-07   5.4190616e-07   4.5158833e-07   9.1145864e-07   4.1684837e-07   3.5110088e-07   3.7573670e-07   3.3912613e-07   4.4588455e-07   2.5645352e-07   3.9722954e-07   4.9695552e-07   3.7388293e-07   2.6328462e-07   4.1684837e-07   3.3912613e-07   9.1145864e-07   1.8862909e-07   4.1684837e-07   9.1145864e-07   4.2955878e-07   2.0860818e-07   4.2955878e-07   5.0542008e-07   4.2955878e-07   4.3087550e-07   3.9378267e-07   4.2666727e-07   9.1145864e-07
   0.0000000e+00   0.0000000e+00   0.0000000e+00   0.0000000e+00   0.0000000e+00   0.0000000e+00   0.0000000e+00   0.0000000e+00   0.0000000e+00   0.0000000e+00   0.0000000e+00   0.0000000e+00   0.0000000e+00   0.0000000e+00   0.0000000e+00   0.0000000e+00   0.0000000e+00   0.0000000e+00   0.0000000e+00   0.0000000e+00   0.0000000e+00   0.0000000e+00   0.0000000e+00   0.0000000e+00   0.0000000e+00   0.0000000e+00   0.0000000e+00   0.0000000e+00   0.0000000e+00   0.0000000e+00
