9.409835e+03 7.589374e+03 8.487884e+03 9.918484e+03 8.219246e+03 9.299418e+03 9.042373e+03 5.292366e+03 7.827854e+03 8.044274e+03 1.166513e+04 6.769466e+03 9.080041e+03 6.994864e+03 7.705988e+03 8.032997e+03 8.146348e+03 7.395654e+03 8.426774e+03 8.490255e+03 7.965468e+03 8.428508e+03 8.034890e+03 7.724888e+03 1.036327e+04 9.563332e+03 7.428773e+03 9.503384e+03 7.282903e+03 9.570650e+03 
9.409835e+03 7.589374e+03 8.487884e+03 9.918484e+03 8.219246e+03 9.299418e+03 9.042373e+03 5.292366e+03 7.827854e+03 8.044274e+03 1.166513e+04 6.769466e+03 9.080041e+03 6.994864e+03 7.705988e+03 8.032997e+03 8.146348e+03 7.395654e+03 8.426774e+03 8.490255e+03 7.965468e+03 8.428508e+03 8.034890e+03 7.724888e+03 1.036327e+04 9.563332e+03 7.428773e+03 9.503384e+03 7.282903e+03 9.570650e+03 
9.409835e+03 7.589374e+03 8.487884e+03 9.918484e+03 8.219246e+03 9.299418e+03 9.042373e+03 5.292366e+03 7.827854e+03 8.044274e+03 1.166513e+04 6.769466e+03 9.080041e+03 6.994864e+03 7.705988e+03 8.032997e+03 8.146348e+03 7.395654e+03 8.426774e+03 8.490255e+03 7.965468e+03 8.428508e+03 8.034890e+03 7.724888e+03 1.036327e+04 9.563332e+03 7.428773e+03 9.503384e+03 7.282903e+03 9.570650e+03 
8.745691e+03 7.260741e+03 8.487884e+03 6.724323e+03 8.219246e+03 7.022741e+03 8.568540e+03 4.944513e+03 7.802880e+03 8.044274e+03 8.060588e+03 6.769466e+03 6.707559e+03 6.894260e+03 7.090199e+03 6.818595e+03 7.777880e+03 7.395654e+03 7.700967e+03 8.490255e+03 7.965468e+03 8.428508e+03 8.034890e+03 7.724888e+03 1.034122e+04 9.561642e+03 7.428773e+03 8.674422e+03 7.282903e+03 8.886590e+03 
8.745691e+03 7.260741e+03 8.487884e+03 6.724323e+03 8.219246e+03 6.396009e+03 8.487298e+03 4.944513e+03 7.802880e+03 8.044274e+03 7.493440e+03 6.544026e+03 6.707559e+03 6.885637e+03 7.090199e+03 6.818595e+03 7.777880e+03 6.144560e+03 6.695492e+03 7.903413e+03 7.965468e+03 8.272682e+03 7.033798e+03 7.724888e+03 9.703492e+03 7.171646e+03 5.796164e+03 6.713840e+03 6.363640e+03 8.886590e+03 
6.190454e+03 5.959184e+03 7.435216e+03 6.496239e+03 7.982655e+03 6.117094e+03 7.988388e+03 3.427820e+03 5.768102e+03 7.185396e+03 5.214931e+03 6.433605e+03 6.496649e+03 6.162909e+03 6.824114e+03 5.780063e+03 7.087346e+03 4.218809e+03 5.618650e+03 6.290679e+03 6.250187e+03 7.448975e+03 7.033798e+03 7.147269e+03 8.905356e+03 6.759146e+03 5.447663e+03 6.713840e+03 5.095046e+03 6.704165e+03 
6.016649e+03 5.484660e+03 6.904170e+03 5.944792e+03 5.466704e+03 6.050082e+03 5.535160e+03 3.427820e+03 4.138685e+03 6.140998e+03 4.724382e+03 6.249131e+03 6.405072e+03 5.844177e+03 6.824114e+03 5.240537e+03 5.510675e+03 4.218809e+03 5.618650e+03 5.214904e+03 5.383578e+03 5.880468e+03 6.626851e+03 5.593081e+03 6.936961e+03 6.339858e+03 5.447663e+03 6.393374e+03 4.426966e+03 6.704165e+03 
4.731951e+03 5.014015e+03 4.103856e+03 4.553162e+03 4.506449e+03 5.185929e+03 4.599584e+03 3.212510e+03 4.138685e+03 4.169819e+03 3.646664e+03 4.509969e+03 5.243631e+03 5.052529e+03 4.409176e+03 4.339274e+03 3.576126e+03 3.097863e+03 3.674570e+03 4.280256e+03 5.383578e+03 5.606096e+03 4.023220e+03 4.479108e+03 5.201752e+03 5.631001e+03 4.234011e+03 3.615433e+03 4.228423e+03 4.244925e+03 
3.178693e+03 3.613610e+03 3.475612e+03 3.483853e+03 2.778875e+03 2.938649e+03 3.105182e+03 3.024390e+03 2.681739e+03 3.003894e+03 3.148660e+03 3.289158e+03 3.144837e+03 2.890375e+03 3.365925e+03 3.038523e+03 2.660443e+03 2.915882e+03 2.607415e+03 3.297018e+03 3.482275e+03 3.428872e+03 2.920248e+03 3.689005e+03 3.244347e+03 3.675077e+03 2.279442e+03 3.029346e+03 3.172464e+03 3.684222e+03 
2.131317e+03 1.859119e+03 2.156353e+03 1.804296e+03 2.240010e+03 2.157024e+03 2.292726e+03 2.211704e+03 2.181262e+03 2.435209e+03 2.022160e+03 2.010562e+03 2.433395e+03 1.663856e+03 1.833224e+03 2.271613e+03 1.872965e+03 2.083131e+03 2.311331e+03 2.224311e+03 1.884717e+03 2.407034e+03 1.728277e+03 2.135964e+03 1.924947e+03 2.296175e+03 1.847274e+03 1.971777e+03 2.100606e+03 1.705343e+03 
1.143500e+03 1.090963e+03 9.232164e+02 1.184162e+03 9.391339e+02 1.009801e+03 1.071238e+03 1.190780e+03 9.419237e+02 1.105856e+03 1.038777e+03 1.067105e+03 1.190627e+03 1.299347e+03 1.042182e+03 1.009337e+03 9.927338e+02 1.087605e+03 1.166383e+03 1.276270e+03 1.116394e+03 1.180564e+03 1.049851e+03 1.005358e+03 1.071513e+03 8.481848e+02 1.082996e+03 1.124033e+03 1.244893e+03 1.229686e+03 
5.002258e+02 5.147361e+02 4.779645e+02 5.343559e+02 4.766640e+02 5.103946e+02 5.942685e+02 5.650853e+02 4.312029e+02 4.819065e+02 4.751860e+02 5.345251e+02 6.340007e+02 5.625069e+02 4.797928e+02 5.011259e+02 5.056557e+02 5.067794e+02 5.783438e+02 5.926749e+02 5.002434e+02 6.032867e+02 5.097640e+02 4.762267e+02 5.134775e+02 5.514692e+02 5.243030e+02 5.318273e+02 5.641504e+02 5.850729e+02 
3.091498e+02 3.072680e+02 3.069380e+02 3.124873e+02 3.047776e+02 3.079052e+02 3.107379e+02 3.201914e+02 3.038966e+02 3.064590e+02 3.061974e+02 3.109610e+02 3.213951e+02 3.085373e+02 3.069598e+02 3.175100e+02 3.069846e+02 3.102618e+02 3.241477e+02 3.183173e+02 3.055574e+02 3.185079e+02 3.072448e+02 3.066997e+02 3.109844e+02 3.169217e+02 3.057877e+02 3.095075e+02 3.174966e+02 3.150017e+02 
3.000029e+02 3.000030e+02 3.000028e+02 3.000048e+02 3.000017e+02 3.000032e+02 3.000038e+02 3.000098e+02 3.000011e+02 3.000024e+02 3.000021e+02 3.000043e+02 3.000105e+02 3.000032e+02 3.000033e+02 3.000084e+02 3.000027e+02 3.000036e+02 3.000120e+02 3.000072e+02 3.000023e+02 3.000098e+02 3.000029e+02 3.000021e+02 3.000050e+02 3.000074e+02 3.000025e+02 3.000034e+02 3.000098e+02 3.000052e+02 
3.000000e+02 3.000000e+02 3.000000e+02 3.000000e+02 3.000000e+02 3.000000e+02 3.000000e+02 3.000000e+02 3.000000e+02 3.000000e+02 3.000000e+02 3.000000e+02 3.000000e+02 2.705386e+02 3.000000e+02 3.000000e+02 3.000000e+02 3.000000e+02 3.000000e+02 3.000000e+02 3.000000e+02 3.000000e+02 3.000000e+02 2.942223e+02 3.000000e+02 3.000000e+02 3.000000e+02 3.000000e+02 3.000000e+02 3.000000e+02 
3.000000e+02 3.000000e+02 3.000000e+02 3.000000e+02 0.000000e+00 0.000000e+00 3.000000e+02 3.000000e+02 0.000000e+00 0.000000e+00 3.000000e+02 0.000000e+00 3.000000e+02 0.000000e+00 3.000000e+02 3.000000e+02 0.000000e+00 0.000000e+00 3.000000e+02 0.000000e+00 0.000000e+00 3.000000e+02 3.000000e+02 0.000000e+00 3.000000e+02 3.000000e+02 3.000000e+02 3.000000e+02 0.000000e+00 0.000000e+00 
0.000000e+00 0.000000e+00 0.000000e+00 0.000000e+00 0.000000e+00 0.000000e+00 0.000000e+00 0.000000e+00 0.000000e+00 0.000000e+00 0.000000e+00 0.000000e+00 0.000000e+00 0.000000e+00 0.000000e+00 0.000000e+00 0.000000e+00 0.000000e+00 0.000000e+00 0.000000e+00 0.000000e+00 0.000000e+00 0.000000e+00 0.000000e+00 0.000000e+00 0.000000e+00 0.000000e+00 0.000000e+00 0.000000e+00 0.000000e+00 