   9.0372973e+04   7.8552000e+04   7.5381373e+04   3.3677182e+05   7.5381373e+04   8.0221626e+04   6.1128852e+04   7.9845809e+04   1.0412675e+05   6.3868306e+04   8.7280729e+04   1.2818019e+05   8.7280729e+04   1.0117643e+05   1.0889647e+05   8.0221626e+04   8.0046585e+04   7.5381373e+04   8.0221626e+04   4.8506968e+04   7.5381373e+04   7.9845809e+04   8.5386157e+04   1.0889647e+05   8.9558056e+04   7.9845809e+04   8.0046585e+04   9.2888414e+04   1.2818019e+05   7.5381373e+04
   9.0372973e+04   7.8552000e+04   7.5381373e+04   3.3677182e+05   7.5381373e+04   8.0221626e+04   6.1128852e+04   7.9845809e+04   1.0412675e+05   6.3868306e+04   8.7280729e+04   1.2818019e+05   8.7280729e+04   1.0117643e+05   1.0889647e+05   8.0221626e+04   8.0046585e+04   7.5381373e+04   8.0221626e+04   4.8506968e+04   7.5381373e+04   7.9845809e+04   8.5386157e+04   1.0889647e+05   8.9558056e+04   7.9845809e+04   8.0046585e+04   9.2888414e+04   1.2818019e+05   7.5381373e+04
   9.0372973e+04   7.8552000e+04   7.5381373e+04   3.3677182e+05   7.5381373e+04   8.0221626e+04   6.1128852e+04   7.9845809e+04   1.0412675e+05   6.3868306e+04   8.7280729e+04   1.2818019e+05   8.7280729e+04   1.0117643e+05   1.0889647e+05   8.0221626e+04   8.0046585e+04   7.5381373e+04   8.0221626e+04   4.8506968e+04   7.5381373e+04   7.9845809e+04   8.5386157e+04   1.0889647e+05   8.9558056e+04   7.9845809e+04   8.0046585e+04   9.2888414e+04   1.2818019e+05   7.5381373e+04
   7.0795817e+04   7.5600659e+04   6.2842926e+04   1.0712131e+05   6.2842926e+04   7.0880637e+04   6.1128852e+04   7.9845809e+04   1.0412675e+05   6.3868306e+04   8.7280729e+04   1.2818019e+05   8.7280729e+04   4.8047854e+04   7.5014797e+04   7.0880637e+04   5.9282877e+04   6.2842926e+04   7.0880637e+04   4.8506968e+04   6.2842926e+04   7.9845809e+04   7.3681458e+04   7.5014797e+04   8.2656725e+04   7.9845809e+04   5.9282877e+04   9.2888414e+04   1.2818019e+05   6.2842926e+04
   7.0795817e+04   7.5600659e+04   6.2842926e+04   6.0609395e+04   6.2842926e+04   6.7411182e+04   6.1128852e+04   7.9845809e+04   8.0493462e+04   6.3868306e+04   8.7280729e+04   1.2818019e+05   8.7280729e+04   4.8047854e+04   7.5014797e+04   6.7411182e+04   5.9282877e+04   6.2842926e+04   6.7411182e+04   4.8506968e+04   6.2842926e+04   7.9845809e+04   6.8184536e+04   7.5014797e+04   5.7134558e+04   7.9845809e+04   5.9282877e+04   5.7480402e+04   1.2818019e+05   6.2842926e+04
   7.0795817e+04   6.4782182e+04   6.2842926e+04   6.0609395e+04   6.2842926e+04   6.4430702e+04   4.4213342e+04   5.9338761e+04   6.1299424e+04   5.5713066e+04   6.5272951e+04   5.1806643e+04   6.5272951e+04   4.8047854e+04   6.2275453e+04   6.4430702e+04   5.7735868e+04   6.2842926e+04   6.4430702e+04   4.8506968e+04   6.2842926e+04   5.9338761e+04   6.1480084e+04   6.2275453e+04   4.7423059e+04   5.9338761e+04   5.7735868e+04   5.7480402e+04   5.1806643e+04   6.2842926e+04
   4.5047391e+04   6.2999839e+04   5.0148890e+04   4.4909012e+04   5.0148890e+04   6.4430702e+04   4.4213342e+04   5.5561851e+04   5.0232023e+04   5.5713066e+04   4.9980389e+04   5.1806643e+04   4.9980389e+04   4.8047854e+04   5.9384592e+04   6.4430702e+04   5.4628132e+04   5.0148890e+04   6.4430702e+04   4.8506968e+04   5.0148890e+04   5.5561851e+04   5.1167031e+04   5.9384592e+04   4.6322139e+04   5.5561851e+04   5.4628132e+04   5.3003968e+04   5.1806643e+04   5.0148890e+04
   4.4028249e+04   5.8941181e+04   3.9753471e+04   3.2886457e+04   3.9753471e+04   4.8989315e+04   4.0932553e+04   4.2611043e+04   3.8813496e+04   4.2228549e+04   4.7744207e+04   3.8875389e+04   4.7744207e+04   4.2910136e+04   4.5276633e+04   4.8989315e+04   4.7284241e+04   3.9753471e+04   4.8989315e+04   4.4254544e+04   3.9753471e+04   4.2611043e+04   3.8658799e+04   4.5276633e+04   4.6048685e+04   4.2611043e+04   4.7284241e+04   4.4535719e+04   3.8875389e+04   3.9753471e+04
   4.0343542e+04   4.0838246e+04   2.9962504e+04   3.2886457e+04   2.9962504e+04   3.7317662e+04   2.8625517e+04   3.9614600e+04   3.8813496e+04   3.7705181e+04   3.4023874e+04   2.6629066e+04   3.4023874e+04   3.5010497e+04   1.8593409e+04   3.7317662e+04   3.5576802e+04   2.9962504e+04   3.7317662e+04   4.0212583e+04   2.9962504e+04   3.9614600e+04   3.3761595e+04   1.8593409e+04   3.8436196e+04   3.9614600e+04   3.5576802e+04   2.7049497e+04   2.6629066e+04   2.9962504e+04
   2.3794789e+04   2.1871247e+04   2.6075138e+04   2.6633763e+04   2.6075138e+04   2.7091846e+04   2.8625517e+04   3.5925435e+04   2.9440875e+04   2.6448430e+04   1.8245063e+04   2.6629066e+04   1.8245063e+04   3.4230467e+04   1.8593409e+04   2.7091846e+04   3.5576802e+04   2.6075138e+04   2.7091846e+04   3.2122689e+04   2.6075138e+04   3.5925435e+04   2.5485078e+04   1.8593409e+04   3.3754435e+04   3.5925435e+04   3.5576802e+04   2.7049497e+04   2.6629066e+04   2.6075138e+04
   2.3179404e+04   2.1396020e+04   2.6075138e+04   2.3044714e+04   2.6075138e+04   2.0896639e+04   2.7414499e+04   3.3341143e+04   2.6861318e+04   2.5395243e+04   1.8245063e+04   2.6629066e+04   1.8245063e+04   2.7932257e+04   1.8593409e+04   2.0896639e+04   2.3494044e+04   2.6075138e+04   2.0896639e+04   3.2122689e+04   2.6075138e+04   3.3341143e+04   2.3662924e+04   1.8593409e+04   3.3405927e+04   3.3341143e+04   2.3494044e+04   2.7049497e+04   2.6629066e+04   2.6075138e+04
   2.2810954e+04   2.1216482e+04   2.5329868e+04   2.2170473e+04   2.5329868e+04   2.0472393e+04   2.3474412e+04   1.8249885e+04   2.6833738e+04   2.4184350e+04   1.7167877e+04   2.6629066e+04   1.7167877e+04   2.7844752e+04   1.5706556e+04   2.0472393e+04   1.9574398e+04   2.5329868e+04   2.0472393e+04   2.8098640e+04   2.5329868e+04   1.8249885e+04   2.3658092e+04   1.5706556e+04   2.8175806e+04   1.8249885e+04   1.9574398e+04   2.6489258e+04   2.6629066e+04   2.5329868e+04
   1.4415282e+04   1.4995777e+04   1.4357721e+04   1.2276488e+04   1.4357721e+04   1.4413949e+04   1.5504411e+04   1.3797212e+04   1.3262286e+04   1.1704048e+04   1.1725303e+04   1.4454084e+04   1.1725303e+04   1.2604120e+04   7.6234405e+03   1.4413949e+04   1.4837134e+04   1.4357721e+04   1.4413949e+04   1.8793257e+04   1.4357721e+04   1.3797212e+04   1.5024236e+04   7.6234405e+03   1.7950948e+04   1.3797212e+04   1.4837134e+04   1.2476973e+04   1.4454084e+04   1.4357721e+04
   3.4436782e+03   2.9842314e+03   5.0673095e+03   4.8857964e+03   5.0673095e+03   7.0860717e+03   5.3332823e+03   4.0159716e+03   2.9689114e+03   4.6885366e+03   3.1961555e+03   4.0796273e+03   3.1961555e+03   1.0862979e+04   4.2299003e+03   7.0860717e+03   4.6731516e+03   5.0673095e+03   7.0860717e+03   2.8317366e+03   5.0673095e+03   4.0159716e+03   3.1968747e+03   4.2299003e+03   1.8081038e+03   4.0159716e+03   4.6731516e+03   5.0288120e+03   4.0796273e+03   5.0673095e+03
   2.0040143e-01   6.3974325e-02   1.2393258e-01   6.5838318e-02   1.2393258e-01   2.2246415e+00   5.0592556e-01   1.1392724e-01   3.7867826e-02   1.3518512e-01   3.6034542e-02   1.5492986e-01   3.6034542e-02   3.3496746e+00   3.5610159e-02   2.2246415e+00   1.1731907e-01   1.2393258e-01   2.2246415e+00   4.1086892e-02   1.2393258e-01   1.1392724e-01   6.0905043e-02   3.5610159e-02   5.7281701e-02   1.1392724e-01   1.1731907e-01   8.6281776e-01   1.5492986e-01   1.2393258e-01
   0.0000000e+00   0.0000000e+00   0.0000000e+00   0.0000000e+00   0.0000000e+00   0.0000000e+00   0.0000000e+00   0.0000000e+00   0.0000000e+00   0.0000000e+00   0.0000000e+00   0.0000000e+00   0.0000000e+00   0.0000000e+00   0.0000000e+00   0.0000000e+00   0.0000000e+00   0.0000000e+00   0.0000000e+00   0.0000000e+00   0.0000000e+00   0.0000000e+00   0.0000000e+00   0.0000000e+00   0.0000000e+00   0.0000000e+00   0.0000000e+00   0.0000000e+00   0.0000000e+00   0.0000000e+00
