9.037297e+04 7.855200e+04 7.538137e+04 3.367718e+05 7.538137e+04 8.022163e+04 6.112885e+04 7.984581e+04 1.041268e+05 6.386831e+04 8.728073e+04 1.281802e+05 8.728073e+04 1.011764e+05 1.088965e+05 8.022163e+04 8.004659e+04 7.538137e+04 8.022163e+04 4.850697e+04 7.538137e+04 7.984581e+04 8.538616e+04 1.088965e+05 8.955806e+04 7.984581e+04 8.004659e+04 9.288841e+04 1.281802e+05 7.538137e+04 
9.037297e+04 7.855200e+04 7.538137e+04 3.367718e+05 7.538137e+04 8.022163e+04 6.112885e+04 7.984581e+04 1.041268e+05 6.386831e+04 8.728073e+04 1.281802e+05 8.728073e+04 1.011764e+05 1.088965e+05 8.022163e+04 8.004659e+04 7.538137e+04 8.022163e+04 4.850697e+04 7.538137e+04 7.984581e+04 8.538616e+04 1.088965e+05 8.955806e+04 7.984581e+04 8.004659e+04 9.288841e+04 1.281802e+05 7.538137e+04 
9.037297e+04 7.855200e+04 7.538137e+04 3.367718e+05 7.538137e+04 8.022163e+04 6.112885e+04 7.984581e+04 1.041268e+05 6.386831e+04 8.728073e+04 1.281802e+05 8.728073e+04 1.011764e+05 1.088965e+05 8.022163e+04 8.004659e+04 7.538137e+04 8.022163e+04 4.850697e+04 7.538137e+04 7.984581e+04 8.538616e+04 1.088965e+05 8.955806e+04 7.984581e+04 8.004659e+04 9.288841e+04 1.281802e+05 7.538137e+04 
7.079582e+04 7.560066e+04 6.284293e+04 1.071213e+05 6.284293e+04 7.088064e+04 6.112885e+04 7.984581e+04 1.041268e+05 6.386831e+04 8.728073e+04 1.281802e+05 8.728073e+04 4.804785e+04 7.501480e+04 7.088064e+04 5.928288e+04 6.284293e+04 7.088064e+04 4.850697e+04 6.284293e+04 7.984581e+04 7.368146e+04 7.501480e+04 8.265673e+04 7.984581e+04 5.928288e+04 9.288841e+04 1.281802e+05 6.284293e+04 
7.079582e+04 7.560066e+04 6.284293e+04 6.060939e+04 6.284293e+04 6.741118e+04 6.112885e+04 7.984581e+04 8.049346e+04 6.386831e+04 8.728073e+04 1.281802e+05 8.728073e+04 4.804785e+04 7.501480e+04 6.741118e+04 5.928288e+04 6.284293e+04 6.741118e+04 4.850697e+04 6.284293e+04 7.984581e+04 6.818454e+04 7.501480e+04 5.713456e+04 7.984581e+04 5.928288e+04 5.748040e+04 1.281802e+05 6.284293e+04 
7.079582e+04 6.478218e+04 6.284293e+04 6.060939e+04 6.284293e+04 6.443070e+04 4.421334e+04 5.933876e+04 6.129942e+04 5.571307e+04 6.527295e+04 5.180664e+04 6.527295e+04 4.804785e+04 6.227545e+04 6.443070e+04 5.773587e+04 6.284293e+04 6.443070e+04 4.850697e+04 6.284293e+04 5.933876e+04 6.148008e+04 6.227545e+04 4.742306e+04 5.933876e+04 5.773587e+04 5.748040e+04 5.180664e+04 6.284293e+04 
4.504739e+04 6.299984e+04 5.014889e+04 4.490901e+04 5.014889e+04 6.443070e+04 4.421334e+04 5.556185e+04 5.023202e+04 5.571307e+04 4.998039e+04 5.180664e+04 4.998039e+04 4.804785e+04 5.938459e+04 6.443070e+04 5.462813e+04 5.014889e+04 6.443070e+04 4.850697e+04 5.014889e+04 5.556185e+04 5.116703e+04 5.938459e+04 4.632214e+04 5.556185e+04 5.462813e+04 5.300397e+04 5.180664e+04 5.014889e+04 
4.402825e+04 5.894118e+04 3.975347e+04 3.288646e+04 3.975347e+04 4.898932e+04 4.093255e+04 4.261104e+04 3.881350e+04 4.222855e+04 4.774421e+04 3.887539e+04 4.774421e+04 4.291014e+04 4.527663e+04 4.898932e+04 4.728424e+04 3.975347e+04 4.898932e+04 4.425454e+04 3.975347e+04 4.261104e+04 3.865880e+04 4.527663e+04 4.604868e+04 4.261104e+04 4.728424e+04 4.453572e+04 3.887539e+04 3.975347e+04 
4.034354e+04 4.083825e+04 2.996250e+04 3.288646e+04 2.996250e+04 3.731766e+04 2.862552e+04 3.961460e+04 3.881350e+04 3.770518e+04 3.402387e+04 2.662907e+04 3.402387e+04 3.501050e+04 1.859341e+04 3.731766e+04 3.557680e+04 2.996250e+04 3.731766e+04 4.021258e+04 2.996250e+04 3.961460e+04 3.376160e+04 1.859341e+04 3.843620e+04 3.961460e+04 3.557680e+04 2.704950e+04 2.662907e+04 2.996250e+04 
2.379479e+04 2.187125e+04 2.607514e+04 2.663376e+04 2.607514e+04 2.709185e+04 2.862552e+04 3.592543e+04 2.944088e+04 2.644843e+04 1.824506e+04 2.662907e+04 1.824506e+04 3.423047e+04 1.859341e+04 2.709185e+04 3.557680e+04 2.607514e+04 2.709185e+04 3.212269e+04 2.607514e+04 3.592543e+04 2.548508e+04 1.859341e+04 3.375443e+04 3.592543e+04 3.557680e+04 2.704950e+04 2.662907e+04 2.607514e+04 
2.317940e+04 2.139602e+04 2.607514e+04 2.304471e+04 2.607514e+04 2.089664e+04 2.741450e+04 3.334114e+04 2.686132e+04 2.539524e+04 1.824506e+04 2.662907e+04 1.824506e+04 2.793226e+04 1.859341e+04 2.089664e+04 2.349404e+04 2.607514e+04 2.089664e+04 3.212269e+04 2.607514e+04 3.334114e+04 2.366292e+04 1.859341e+04 3.340593e+04 3.334114e+04 2.349404e+04 2.704950e+04 2.662907e+04 2.607514e+04 
2.281095e+04 2.121648e+04 2.532987e+04 2.217047e+04 2.532987e+04 2.047239e+04 2.347441e+04 1.824988e+04 2.683374e+04 2.418435e+04 1.716788e+04 2.662907e+04 1.716788e+04 2.784475e+04 1.570656e+04 2.047239e+04 1.957440e+04 2.532987e+04 2.047239e+04 2.809864e+04 2.532987e+04 1.824988e+04 2.365809e+04 1.570656e+04 2.817581e+04 1.824988e+04 1.957440e+04 2.648926e+04 2.662907e+04 2.532987e+04 
1.441528e+04 1.499578e+04 1.435772e+04 1.227649e+04 1.435772e+04 1.441395e+04 1.550441e+04 1.379721e+04 1.326229e+04 1.170405e+04 1.172530e+04 1.445408e+04 1.172530e+04 1.260412e+04 7.623440e+03 1.441395e+04 1.483713e+04 1.435772e+04 1.441395e+04 1.879326e+04 1.435772e+04 1.379721e+04 1.502424e+04 7.623440e+03 1.795095e+04 1.379721e+04 1.483713e+04 1.247697e+04 1.445408e+04 1.435772e+04 
3.443678e+03 2.984231e+03 5.067310e+03 4.885796e+03 5.067310e+03 7.086072e+03 5.333282e+03 4.015972e+03 2.968911e+03 4.688537e+03 3.196155e+03 4.079627e+03 3.196155e+03 1.086298e+04 4.229900e+03 7.086072e+03 4.673152e+03 5.067310e+03 7.086072e+03 2.831737e+03 5.067310e+03 4.015972e+03 3.196875e+03 4.229900e+03 1.808104e+03 4.015972e+03 4.673152e+03 5.028812e+03 4.079627e+03 5.067310e+03 
2.004014e-01 6.397432e-02 1.239326e-01 6.583832e-02 1.239326e-01 2.224642e+00 5.059256e-01 1.139272e-01 3.786783e-02 1.351851e-01 3.603454e-02 1.549299e-01 3.603454e-02 3.349675e+00 3.561016e-02 2.224642e+00 1.173191e-01 1.239326e-01 2.224642e+00 4.108689e-02 1.239326e-01 1.139272e-01 6.090504e-02 3.561016e-02 5.728170e-02 1.139272e-01 1.173191e-01 8.628178e-01 1.549299e-01 1.239326e-01 
0.000000e+00 0.000000e+00 0.000000e+00 0.000000e+00 0.000000e+00 0.000000e+00 0.000000e+00 0.000000e+00 0.000000e+00 0.000000e+00 0.000000e+00 0.000000e+00 0.000000e+00 0.000000e+00 0.000000e+00 0.000000e+00 0.000000e+00 0.000000e+00 0.000000e+00 0.000000e+00 0.000000e+00 0.000000e+00 0.000000e+00 0.000000e+00 0.000000e+00 0.000000e+00 0.000000e+00 0.000000e+00 0.000000e+00 0.000000e+00 
0.000000e+00 0.000000e+00 0.000000e+00 0.000000e+00 0.000000e+00 0.000000e+00 0.000000e+00 0.000000e+00 0.000000e+00 0.000000e+00 0.000000e+00 0.000000e+00 0.000000e+00 0.000000e+00 0.000000e+00 0.000000e+00 0.000000e+00 0.000000e+00 0.000000e+00 0.000000e+00 0.000000e+00 0.000000e+00 0.000000e+00 0.000000e+00 0.000000e+00 0.000000e+00 0.000000e+00 0.000000e+00 0.000000e+00 0.000000e+00 