   4.0502515e+09   3.3737653e+09   5.3924349e+09   2.6365228e+09   6.4513012e+09   3.1395702e+09   3.2352383e+09   3.6946070e+09   4.4450554e+09   4.0192835e+09   3.8782588e+09   4.1467675e+09   3.2871301e+09   4.3457300e+09   4.6777910e+09   3.1395702e+09   4.4328950e+09   1.9422890e+09   3.0931666e+09   3.0174423e+09   6.4513012e+09   4.7836464e+09   3.8123221e+09   5.0495147e+09   4.3535592e+09   4.7836464e+09   3.8145860e+09   2.6145192e+09   2.5802763e+09   6.4513012e+09
   4.0502515e+09   3.3737653e+09   5.3924349e+09   2.6365228e+09   6.4513012e+09   3.1395702e+09   3.2352383e+09   3.6946070e+09   4.4450554e+09   4.0192835e+09   3.8782588e+09   4.1467675e+09   3.2871301e+09   4.3457300e+09   4.6777910e+09   3.1395702e+09   4.4328950e+09   1.9422890e+09   3.0931666e+09   3.0174423e+09   6.4513012e+09   4.7836464e+09   3.8123221e+09   5.0495147e+09   4.3535592e+09   4.7836464e+09   3.8145860e+09   2.6145192e+09   2.5802763e+09   6.4513012e+09
   4.0502515e+09   3.3737653e+09   5.3924349e+09   2.6365228e+09   6.4513012e+09   3.1395702e+09   3.2352383e+09   3.6946070e+09   4.4450554e+09   4.0192835e+09   3.8782588e+09   4.1467675e+09   3.2871301e+09   4.3457300e+09   4.6777910e+09   3.1395702e+09   4.4328950e+09   1.9422890e+09   3.0931666e+09   3.0174423e+09   6.4513012e+09   4.7836464e+09   3.8123221e+09   5.0495147e+09   4.3535592e+09   4.7836464e+09   3.8145860e+09   2.6145192e+09   2.5802763e+09   6.4513012e+09
   4.0502515e+09   2.9943104e+09   4.8388461e+09   2.6365228e+09   4.5001134e+09   3.1395702e+09   3.2352383e+09   3.6946070e+09   4.4450554e+09   4.0192835e+09   2.9784240e+09   3.2679794e+09   3.2871301e+09   3.7460127e+09   2.2524933e+09   3.1395702e+09   2.4965155e+09   1.9422890e+09   3.0931666e+09   2.9898592e+09   4.5001134e+09   4.7836464e+09   3.8123221e+09   2.6210995e+09   1.1761560e+09   4.7836464e+09   3.8145860e+09   2.6145192e+09   2.5802763e+09   4.5001134e+09
   4.0502515e+09   2.9943104e+09   4.8388461e+09   2.6365228e+09   4.5001134e+09   1.7139366e+09   3.2097700e+09   1.8837836e+09   2.6408431e+09   1.8181460e+09   2.9784240e+09   3.2679794e+09   2.6112344e+09   1.4883933e+09   2.2524933e+09   1.7139366e+09   2.4965155e+09   1.9422890e+09   3.0931666e+09   2.9898592e+09   4.5001134e+09   4.3169945e+09   3.8123221e+09   2.0497623e+09   1.1644027e+09   4.3169945e+09   2.6117823e+09   2.4688491e+09   2.5802763e+09   4.5001134e+09
   3.1294992e+09   2.9943104e+09   1.4383653e+09   2.6365228e+09   1.8098043e+09   1.7139366e+09   2.5794094e+09   1.8837836e+09   2.2812332e+09   1.8181460e+09   2.9784240e+09   2.9203285e+09   1.9989547e+09   1.4883933e+09   1.7735271e+09   1.7139366e+09   2.0490441e+09   1.9422890e+09   2.6513752e+09   2.1234378e+09   1.8098043e+09   1.8929389e+09   1.8717717e+09   2.0447769e+09   1.1644027e+09   1.8929389e+09   1.1386021e+09   2.2035503e+09   2.2678398e+09   1.8098043e+09
   1.6325451e+09   8.4547607e+08   1.2746256e+09   1.0204636e+09   1.8098043e+09   1.2014730e+09   2.5794094e+09   1.8536372e+09   8.6318337e+08   1.8181460e+09   1.9819487e+09   2.2693246e+09   1.6216008e+09   6.6954385e+08   1.6623829e+09   1.2014730e+09   6.5595086e+08   1.9422890e+09   1.5864804e+09   1.2511583e+09   1.8098043e+09   1.3694631e+09   9.2010050e+08   2.0447768e+09   9.1946610e+08   1.3694631e+09   6.4599172e+08   2.0659283e+09   2.0038732e+09   1.8098043e+09
   1.1151241e+09   4.9034038e+08   3.3101559e+08   4.9332045e+08   1.1137033e+09   9.3107943e+08   1.6906734e+09   1.0639367e+09   8.6318337e+08   1.4417850e+09   7.8458367e+08   1.0040117e+09   1.3506416e+09   5.0793717e+08   5.6699622e+08   9.3107943e+08   5.7827192e+08   5.0359300e+08   1.1474372e+09   6.1149559e+08   1.1137033e+09   9.3328091e+08   9.2010050e+08   2.4336492e+08   5.0144951e+08   9.3328091e+08   3.4789986e+08   8.1860361e+08   4.2730833e+08   1.1137033e+09
   1.8414395e+08   3.1033123e+08   2.7353149e+08   2.4511420e+08   3.4717043e+08   3.2374271e+08   1.6609961e+08   3.4474701e+08   2.9609696e+08   4.3694774e+08   2.1294058e+08   1.5278337e+08   1.5678238e+08   2.1763363e+08   2.8849108e+08   3.2374271e+08   2.3361743e+08   3.0716888e+08   3.7883281e+08   2.4777156e+08   3.4717043e+08   2.2577772e+08   2.1998907e+08   1.9447223e+08   4.4985450e+08   2.2577772e+08   2.1272729e+08   3.2813262e+08   2.5148206e+08   3.4717043e+08
   1.0266463e+08   1.0601855e+08   7.7654602e+07   2.8106475e+07   5.2790611e+07   3.6915599e+07   1.0125652e+08   3.6756091e+07   4.4130350e+07   2.5973489e+07   4.8104355e+07   5.1311165e+07   1.0912735e+08   5.7871909e+07   7.1025120e+07   3.6915599e+07   8.0092400e+07   6.6928713e+07   7.9856256e+07   9.8367986e+07   5.2790611e+07   2.2068469e+07   5.4270780e+07   5.0566445e+07   8.3829483e+07   2.2068469e+07   3.7703197e+07   4.9933920e+07   6.6374744e+07   5.2790611e+07
   6.4065802e+06   4.2452803e+06   1.7738071e+06   6.2671912e+06   1.3850000e+07   5.1141812e+06   1.4578600e+07   1.7568524e+07   1.0484760e+07   1.0147655e+07   1.1016278e+07   7.5163243e+06   1.2257269e+07   7.2045518e+06   1.0464154e+07   5.1141812e+06   8.0770256e+06   1.7577992e+07   9.9905681e+06   8.7573965e+06   1.3850000e+07   1.4254519e+07   1.1076161e+07   2.9258474e+06   1.2582838e+07   1.4254519e+07   1.3284542e+07   6.8859239e+06   1.1741209e+07   1.3850000e+07
   2.7376355e+06   2.0432369e+06   1.4712441e+06   1.3379728e+06   1.6712194e+06   2.1041608e+06   3.7214311e+06   1.7516686e+06   1.9420139e+06   1.1745011e+06   1.4175944e+06   2.2321752e+06   1.3252998e+06   1.6679935e+06   2.4036765e+06   2.1041608e+06   1.7554040e+06   1.5850183e+06   2.3522748e+06   2.3434490e+06   1.6712194e+06   1.2433208e+06   1.4789374e+06   1.6315415e+06   2.3774767e+06   1.2433208e+06   1.6426666e+06   2.1336450e+06   3.2580577e+06   1.6712194e+06
   3.7611081e+04   2.3038508e+05   4.1738032e+04   3.1901020e+04   5.1326552e+05   3.5559220e+05   2.1291879e+05   8.9545069e+04   1.7276428e+05   1.4739100e+05   3.7492473e+05   4.9817045e+05   6.6031964e+04   1.2082666e+05   2.2533720e+05   3.5559220e+05   2.2986797e+05   1.1529679e+05   5.0966341e+04   4.9140214e+04   5.1326552e+05   1.6526119e+05   3.1163526e+05   3.8028353e+04   1.1838940e+05   1.6526119e+05   1.9583500e+05   9.9552320e+04   5.0759038e+05   5.1326552e+05
   2.3740615e+03   3.0845854e+04   4.5871042e+03   4.2327166e+03   6.7172821e+04   3.3263727e+04   6.3160460e+03   7.0404524e+03   4.6769892e+03   5.2320397e+03   2.9463111e+04   2.4119706e+04   1.2397461e+04   7.2429036e+03   1.2160569e+04   3.3263727e+04   9.7690193e+03   1.4945570e+04   3.8548982e+03   8.5469809e+03   6.7172821e+04   1.3005887e+04   3.5030577e+04   3.2827631e+03   5.9033235e+03   1.3005887e+04   2.5671490e+03   9.7399787e+03   9.3830959e+03   6.7172821e+04
   8.1300285e+02   1.2284285e+03   2.0854868e+03   1.6115917e+03   2.6679518e+02   2.8895909e+02   5.0346787e+02   1.4150085e+03   1.8530034e+03   1.0508189e+03   3.3827587e+02   8.9314869e+02   2.8959109e+02   1.6020666e+03   1.8052451e+03   2.8895909e+02   1.4569296e+03   1.2683394e+03   1.2934684e+03   1.3806429e+03   2.6679518e+02   9.0810853e+02   7.0526264e+02   1.3846685e+03   5.8899557e+02   9.0810853e+02   1.0551983e+03   1.3331761e+03   1.4596479e+03   2.6679518e+02
   2.0302358e+01   3.6486885e+00   1.6862099e+00   5.3212206e+00   9.3199151e+00   1.7916730e+01   7.3722399e+00   1.6039809e+01   9.7034887e+00   3.4066912e+01   2.2220524e+00   2.7261524e+00   1.4883954e+00   1.9602063e+01   5.2548832e+00   1.7916730e+01   2.7706343e+00   9.0859733e+00   9.2808064e+00   1.2068163e+01   9.3199151e+00   8.5203235e+00   7.1455650e+00   7.8394408e+00   1.1995973e+00   8.5203235e+00   7.2155150e+00   9.8868681e+00   7.1832023e+00   9.3199151e+00
