4.283562e+02 3.543020e+02 3.297826e+02 4.040554e+02 3.129207e+02 2.864541e+02 3.842459e+02 3.661181e+02 3.057856e+02 3.733528e+02 3.902986e+02 4.221570e+02 3.538446e+02 3.125025e+02 4.237849e+02 2.864541e+02 3.513130e+02 3.667125e+02 4.490383e+02 3.109006e+02 3.129207e+02 3.338132e+02 4.162563e+02 3.594730e+02 3.376201e+02 3.338132e+02 3.604559e+02 3.566322e+02 3.978322e+02 3.129207e+02 
3.990327e+02 3.543020e+02 3.052348e+02 3.716469e+02 3.129207e+02 2.795030e+02 3.842459e+02 3.600227e+02 3.057856e+02 3.733528e+02 3.061655e+02 3.989396e+02 3.369562e+02 3.125025e+02 3.795534e+02 2.795030e+02 3.513130e+02 3.019353e+02 3.810142e+02 3.109006e+02 3.129207e+02 3.338132e+02 4.162563e+02 3.208836e+02 2.888411e+02 3.338132e+02 3.406460e+02 2.909370e+02 3.978322e+02 3.129207e+02 
3.990327e+02 3.543020e+02 3.052348e+02 3.716469e+02 3.129207e+02 2.795030e+02 3.842459e+02 3.600227e+02 3.057856e+02 3.733528e+02 3.061655e+02 3.989396e+02 3.369562e+02 3.125025e+02 3.795534e+02 2.795030e+02 3.513130e+02 3.019353e+02 3.810142e+02 3.109006e+02 3.129207e+02 3.338132e+02 4.162563e+02 3.208836e+02 2.888411e+02 3.338132e+02 3.406460e+02 2.909370e+02 3.978322e+02 3.129207e+02 
3.450818e+02 2.899236e+02 3.052348e+02 2.913602e+02 2.928285e+02 2.681333e+02 3.717251e+02 3.569884e+02 3.057856e+02 2.631388e+02 3.061655e+02 3.532660e+02 3.227964e+02 3.125025e+02 3.795534e+02 2.681333e+02 3.471576e+02 2.965350e+02 3.810142e+02 3.109006e+02 2.928285e+02 3.338132e+02 3.629931e+02 2.986235e+02 2.888411e+02 3.338132e+02 3.406460e+02 2.419828e+02 3.110302e+02 2.928285e+02 
3.233777e+02 2.704095e+02 2.765487e+02 2.867996e+02 2.928285e+02 2.499861e+02 3.519699e+02 3.106955e+02 2.940008e+02 2.479128e+02 3.061655e+02 3.532660e+02 2.303039e+02 2.426141e+02 3.428286e+02 2.499861e+02 3.198803e+02 2.385699e+02 2.990766e+02 3.109006e+02 2.928285e+02 2.497899e+02 2.828150e+02 2.779627e+02 2.888411e+02 2.497899e+02 2.667739e+02 2.419828e+02 2.280375e+02 2.928285e+02 
2.468725e+02 2.704095e+02 2.514788e+02 2.618122e+02 2.742237e+02 2.499861e+02 2.818146e+02 2.504196e+02 2.779500e+02 2.464789e+02 2.501402e+02 3.034786e+02 2.303039e+02 2.167638e+02 3.350988e+02 2.499861e+02 2.746405e+02 2.293452e+02 2.990766e+02 2.264375e+02 2.742237e+02 2.497899e+02 2.149961e+02 2.383209e+02 2.888411e+02 2.497899e+02 2.667739e+02 2.404891e+02 2.280375e+02 2.742237e+02 
2.468725e+02 2.505329e+02 2.196610e+02 2.456137e+02 2.222100e+02 2.499861e+02 2.394401e+02 2.198814e+02 2.342061e+02 2.423310e+02 1.989970e+02 2.413958e+02 2.090057e+02 2.167638e+02 3.193533e+02 2.499861e+02 2.430768e+02 2.229184e+02 2.046875e+02 2.057443e+02 2.222100e+02 2.465822e+02 2.138912e+02 2.261493e+02 2.388750e+02 2.465822e+02 2.384568e+02 2.275204e+02 2.269029e+02 2.222100e+02 
2.123024e+02 2.182467e+02 2.196610e+02 2.307214e+02 1.915508e+02 2.151561e+02 2.225389e+02 2.021859e+02 2.118402e+02 2.158949e+02 1.989970e+02 2.070404e+02 2.036295e+02 2.138485e+02 2.331276e+02 2.151561e+02 1.988635e+02 2.146060e+02 2.046875e+02 2.019103e+02 1.915508e+02 2.236464e+02 2.047112e+02 2.095867e+02 2.116458e+02 2.236464e+02 2.082094e+02 2.070825e+02 2.218932e+02 1.915508e+02 
1.770418e+02 1.936775e+02 1.803147e+02 2.114317e+02 1.897517e+02 2.046043e+02 1.978343e+02 2.007772e+02 1.809304e+02 1.966747e+02 1.977006e+02 1.988649e+02 1.988874e+02 1.845133e+02 1.970981e+02 2.046043e+02 1.841457e+02 2.023738e+02 1.870998e+02 1.905098e+02 1.897517e+02 1.777621e+02 1.798791e+02 1.961050e+02 1.850871e+02 1.777621e+02 1.834486e+02 1.925802e+02 1.989291e+02 1.897517e+02 
1.729515e+02 1.794992e+02 1.779591e+02 1.813563e+02 1.769444e+02 1.780137e+02 1.835721e+02 1.824810e+02 1.757700e+02 1.849232e+02 1.802446e+02 1.794202e+02 1.875010e+02 1.753711e+02 1.708041e+02 1.780137e+02 1.751209e+02 1.765961e+02 1.761874e+02 1.762419e+02 1.769444e+02 1.705542e+02 1.740315e+02 1.733170e+02 1.745083e+02 1.705542e+02 1.773485e+02 1.787884e+02 1.879601e+02 1.769444e+02 
1.710954e+02 1.715668e+02 1.707182e+02 1.712373e+02 1.688199e+02 1.712030e+02 1.709742e+02 1.723485e+02 1.692371e+02 1.712202e+02 1.729002e+02 1.719594e+02 1.735957e+02 1.696573e+02 1.669983e+02 1.712030e+02 1.734099e+02 1.700776e+02 1.699630e+02 1.694747e+02 1.688199e+02 1.701595e+02 1.707047e+02 1.705843e+02 1.676544e+02 1.701595e+02 1.730775e+02 1.706235e+02 1.756711e+02 1.688199e+02 
1.695914e+02 1.688274e+02 1.662195e+02 1.673462e+02 1.677155e+02 1.676346e+02 1.672833e+02 1.674951e+02 1.679780e+02 1.667922e+02 1.670195e+02 1.671588e+02 1.682640e+02 1.658281e+02 1.664539e+02 1.676346e+02 1.676256e+02 1.678651e+02 1.679869e+02 1.690749e+02 1.677155e+02 1.670046e+02 1.689940e+02 1.663486e+02 1.665179e+02 1.670046e+02 1.671087e+02 1.666411e+02 1.691457e+02 1.677155e+02 
1.656760e+02 1.660366e+02 1.653454e+02 1.655323e+02 1.657279e+02 1.657241e+02 1.643978e+02 1.656143e+02 1.658739e+02 1.653799e+02 1.654744e+02 1.653443e+02 1.656255e+02 1.656163e+02 1.654314e+02 1.657241e+02 1.659706e+02 1.654743e+02 1.645594e+02 1.666232e+02 1.657279e+02 1.638323e+02 1.662998e+02 1.645756e+02 1.636831e+02 1.638323e+02 1.656477e+02 1.649294e+02 1.647905e+02 1.657279e+02 
1.629798e+02 1.643671e+02 1.640443e+02 1.646216e+02 1.644396e+02 1.632997e+02 1.641585e+02 1.649724e+02 1.641602e+02 1.642293e+02 1.637710e+02 1.641046e+02 1.633114e+02 1.639324e+02 1.638496e+02 1.632997e+02 1.641456e+02 1.637111e+02 1.629011e+02 1.633538e+02 1.644396e+02 1.637115e+02 1.643962e+02 1.640274e+02 1.632335e+02 1.637115e+02 1.639345e+02 1.632265e+02 1.634426e+02 1.644396e+02 
1.626781e+02 1.635927e+02 1.627201e+02 1.629304e+02 1.627031e+02 1.614651e+02 1.627828e+02 1.630468e+02 1.627218e+02 1.627568e+02 1.606305e+02 1.618864e+02 1.608479e+02 1.626686e+02 1.623814e+02 1.614651e+02 1.620532e+02 1.627618e+02 1.627044e+02 1.612826e+02 1.627031e+02 1.626483e+02 1.624198e+02 1.627488e+02 1.598526e+02 1.626483e+02 1.627117e+02 1.614873e+02 1.610045e+02 1.627031e+02 
1.593687e+02 1.593687e+02 1.586183e+02 1.625674e+02 1.595438e+02 1.614049e+02 1.593687e+02 1.627001e+02 1.627001e+02 1.593687e+02 1.593687e+02 1.593687e+02 1.593687e+02 1.595438e+02 1.621834e+02 1.614049e+02 1.586183e+02 1.593687e+02 1.627001e+02 1.586183e+02 1.595438e+02 1.614049e+02 1.593687e+02 1.606802e+02 1.586183e+02 1.614049e+02 1.593687e+02 1.586183e+02 1.593687e+02 1.595438e+02 
0.000000e+00 0.000000e+00 0.000000e+00 0.000000e+00 0.000000e+00 0.000000e+00 0.000000e+00 0.000000e+00 0.000000e+00 0.000000e+00 0.000000e+00 0.000000e+00 0.000000e+00 0.000000e+00 0.000000e+00 0.000000e+00 0.000000e+00 0.000000e+00 0.000000e+00 0.000000e+00 0.000000e+00 0.000000e+00 0.000000e+00 0.000000e+00 0.000000e+00 0.000000e+00 0.000000e+00 0.000000e+00 0.000000e+00 0.000000e+00 