1.517468e+03 9.321122e+02 1.098531e+03 1.235476e+03 1.098531e+03 1.708004e+03 2.129240e+03 1.041942e+03 1.741694e+03 8.368858e+02 9.054042e+02 4.146332e+02 9.054042e+02 1.605415e+03 1.514911e+03 1.708004e+03 6.122477e+02 1.098531e+03 1.708004e+03 1.017236e+03 1.098531e+03 1.041942e+03 1.095587e+03 1.514911e+03 6.154934e+02 1.041942e+03 6.122477e+02 1.577130e+03 4.146332e+02 1.098531e+03 
1.517468e+03 9.321122e+02 1.098531e+03 1.235476e+03 1.098531e+03 1.240484e+03 1.800523e+03 1.041942e+03 8.711130e+02 5.401371e+02 6.167684e+02 4.146332e+02 6.167684e+02 9.498568e+02 1.084033e+03 1.240484e+03 6.122477e+02 1.098531e+03 1.240484e+03 8.653535e+02 1.098531e+03 1.041942e+03 1.079943e+03 1.084033e+03 6.154934e+02 1.041942e+03 6.122477e+02 1.292292e+03 4.146332e+02 1.098531e+03 
1.517468e+03 9.321122e+02 1.098531e+03 1.235476e+03 1.098531e+03 1.240484e+03 1.800523e+03 1.041942e+03 8.711130e+02 5.401371e+02 6.167684e+02 4.146332e+02 6.167684e+02 9.498568e+02 1.084033e+03 1.240484e+03 6.122477e+02 1.098531e+03 1.240484e+03 8.653535e+02 1.098531e+03 1.041942e+03 1.079943e+03 1.084033e+03 6.154934e+02 1.041942e+03 6.122477e+02 1.292292e+03 4.146332e+02 1.098531e+03 
1.517468e+03 8.050620e+02 1.098531e+03 1.235476e+03 1.098531e+03 1.240484e+03 1.800523e+03 1.041942e+03 8.711130e+02 3.110447e+02 3.204490e+02 4.146332e+02 3.204490e+02 9.498568e+02 1.084033e+03 1.240484e+03 6.094179e+02 1.098531e+03 1.240484e+03 8.653535e+02 1.098531e+03 1.041942e+03 1.079943e+03 1.084033e+03 6.154934e+02 1.041942e+03 6.094179e+02 1.292292e+03 4.146332e+02 1.098531e+03 
8.705095e+02 5.626988e+02 7.776348e+02 6.789804e+02 7.776348e+02 8.118756e+02 7.192522e+02 8.812815e+02 7.866087e+02 3.087362e+02 2.561131e+02 2.110122e+02 2.561131e+02 9.498568e+02 5.122020e+02 8.118756e+02 5.342095e+02 7.776348e+02 8.118756e+02 8.653535e+02 7.776348e+02 8.812815e+02 8.002957e+02 5.122020e+02 6.018321e+02 8.812815e+02 5.342095e+02 1.292292e+03 2.110122e+02 7.776348e+02 
7.114037e+02 5.409055e+02 2.341232e+02 4.131202e+02 2.341232e+02 4.978730e+02 7.192262e+02 5.514509e+02 4.616347e+02 3.087362e+02 2.552687e+02 2.110122e+02 2.552687e+02 7.758134e+02 3.443194e+02 4.978730e+02 3.179023e+02 2.341232e+02 4.978730e+02 3.122989e+02 2.341232e+02 5.514509e+02 4.367871e+02 3.443194e+02 5.736306e+02 5.514509e+02 3.179023e+02 1.112615e+03 2.110122e+02 2.341232e+02 
1.653705e+02 3.990249e+02 1.838063e+02 2.690052e+02 1.838063e+02 1.506060e+02 2.698121e+02 3.714362e+02 2.085760e+02 2.185954e+02 2.552687e+02 1.700396e+02 2.552687e+02 3.136469e+02 2.721500e+02 1.506060e+02 2.650996e+02 1.838063e+02 1.506060e+02 3.122989e+02 1.838063e+02 3.714362e+02 1.892140e+02 2.721500e+02 4.290195e+02 3.714362e+02 2.650996e+02 7.461783e+02 1.700396e+02 1.838063e+02 
1.653705e+02 1.638888e+02 1.609958e+02 2.097736e+02 1.609958e+02 1.506060e+02 1.797226e+02 1.598653e+02 1.526704e+02 1.743000e+02 1.536157e+02 9.016178e+01 1.536157e+02 2.535716e+02 1.479938e+02 1.506060e+02 1.441555e+02 1.609958e+02 1.506060e+02 2.113565e+02 1.609958e+02 1.598653e+02 1.094156e+02 1.479938e+02 2.951351e+02 1.598653e+02 1.441555e+02 2.110282e+02 9.016178e+01 1.609958e+02 
6.446828e+01 8.781347e+01 9.421576e+01 9.513119e+01 9.421576e+01 8.879963e+01 7.986745e+01 9.074869e+01 4.639961e+01 7.453626e+01 9.575235e+01 8.878287e+01 9.575235e+01 1.083253e+02 1.149244e+02 8.879963e+01 7.334719e+01 9.421576e+01 8.879963e+01 1.037997e+02 9.421576e+01 9.074869e+01 9.752157e+01 1.149244e+02 9.828240e+01 9.074869e+01 7.334719e+01 1.072104e+02 8.878287e+01 9.421576e+01 
6.038525e+01 5.874741e+01 6.450873e+01 3.428892e+01 6.450873e+01 5.219228e+01 6.506466e+01 4.726373e+01 6.960612e+00 3.707727e+01 6.797713e+01 5.150802e+01 6.797713e+01 5.158197e+01 4.185660e+01 5.219228e+01 5.956683e+01 6.450873e+01 5.219228e+01 4.566983e+01 6.450873e+01 4.726373e+01 4.524051e+01 4.185660e+01 6.615990e+01 4.726373e+01 5.956683e+01 5.472747e+01 5.150802e+01 6.450873e+01 
2.295449e+01 3.115462e+01 2.073702e+01 2.445403e+01 2.073702e+01 2.565936e+01 1.332934e+01 2.048913e+01 6.960612e+00 2.404987e+01 3.627790e+01 2.740974e+01 3.627790e+01 2.066163e+01 2.530841e+01 2.565936e+01 2.444382e+01 2.073702e+01 2.565936e+01 2.834972e+01 2.073702e+01 2.048913e+01 1.662991e+01 2.530841e+01 1.105302e+01 2.048913e+01 2.444382e+01 2.213773e+01 2.740974e+01 2.073702e+01 
6.927175e+00 2.041551e+01 8.359248e+00 7.311060e+00 8.359248e+00 9.483045e+00 6.803856e+00 9.161584e+00 1.865102e+00 1.036818e+01 7.353809e+00 4.871305e+00 7.353809e+00 8.409890e+00 8.794871e+00 9.483045e+00 1.191506e+01 8.359248e+00 9.483045e+00 1.314439e+01 8.359248e+00 9.161584e+00 3.847183e+00 8.794871e+00 6.965269e+00 9.161584e+00 1.191506e+01 5.479268e+00 4.871305e+00 8.359248e+00 
1.181550e+00 4.889581e+00 4.181443e+00 5.264789e-01 4.181443e+00 3.345730e+00 1.135623e+00 7.051831e-01 1.030083e+00 1.957410e+00 3.650743e+00 6.981884e-01 3.650743e+00 1.277349e+00 1.186137e+00 3.345730e+00 2.321261e+00 4.181443e+00 3.345730e+00 1.492125e+00 4.181443e+00 7.051831e-01 2.728580e+00 1.186137e+00 1.577596e+00 7.051831e-01 2.321261e+00 2.353564e+00 6.981884e-01 4.181443e+00 
8.107189e-02 5.075762e-01 2.092666e-01 3.443155e-02 2.092666e-01 9.478182e-02 1.409849e-01 3.253619e-02 1.026315e-01 8.027093e-02 2.418778e-01 9.402364e-02 2.418778e-01 5.465262e-02 4.230318e-02 9.478182e-02 2.245968e-01 2.092666e-01 9.478182e-02 1.218595e-01 2.092666e-01 3.253619e-02 1.026774e-01 4.230318e-02 4.592248e-02 3.253619e-02 2.245968e-01 1.582717e-01 9.402364e-02 2.092666e-01 
1.396606e-05 1.031213e-03 4.467306e-04 5.887217e-06 4.467306e-04 3.688847e-05 3.955235e-05 4.066594e-06 4.057133e-05 2.110792e-04 9.572305e-05 2.390693e-05 9.572305e-05 2.985454e-05 6.400310e-06 3.688847e-05 8.093401e-05 4.467306e-04 3.688847e-05 4.710699e-05 4.467306e-04 4.066594e-06 3.365872e-05 6.400310e-06 1.915356e-05 4.066594e-06 8.093401e-05 3.449911e-05 2.390693e-05 4.467306e-04 
0.000000e+00 0.000000e+00 0.000000e+00 0.000000e+00 0.000000e+00 0.000000e+00 0.000000e+00 0.000000e+00 0.000000e+00 0.000000e+00 0.000000e+00 0.000000e+00 0.000000e+00 0.000000e+00 0.000000e+00 0.000000e+00 0.000000e+00 0.000000e+00 0.000000e+00 0.000000e+00 0.000000e+00 0.000000e+00 0.000000e+00 0.000000e+00 0.000000e+00 0.000000e+00 0.000000e+00 0.000000e+00 0.000000e+00 0.000000e+00 
0.000000e+00 0.000000e+00 0.000000e+00 0.000000e+00 0.000000e+00 0.000000e+00 0.000000e+00 0.000000e+00 0.000000e+00 0.000000e+00 0.000000e+00 0.000000e+00 0.000000e+00 0.000000e+00 0.000000e+00 0.000000e+00 0.000000e+00 0.000000e+00 0.000000e+00 0.000000e+00 0.000000e+00 0.000000e+00 0.000000e+00 0.000000e+00 0.000000e+00 0.000000e+00 0.000000e+00 0.000000e+00 0.000000e+00 0.000000e+00 