5.339967e+08 4.213617e+08 1.166192e+08 2.117919e+08 2.525093e+08 5.548704e+08 2.352697e+08 3.567239e+08 3.214970e+08 5.030601e+08 6.740062e+08 2.968107e+08 2.239844e+08 5.386259e+08 3.557578e+08 5.548704e+08 4.621682e+08 2.550738e+08 2.617172e+08 5.473090e+08 2.525093e+08 4.339583e+07 2.538277e+08 7.162584e+08 2.790181e+08 4.339583e+07 1.115274e+09 3.199500e+08 2.257077e+08 2.525093e+08 
5.339967e+08 1.748141e+08 1.166192e+08 2.117919e+08 2.525093e+08 2.828301e+08 2.352697e+08 3.112847e+08 8.632469e+07 5.030601e+08 6.201816e+08 2.968107e+08 2.239844e+08 5.386259e+08 3.557578e+08 2.828301e+08 4.621682e+08 2.550738e+08 2.245588e+08 2.739380e+08 2.525093e+08 4.339582e+07 2.538277e+08 7.162584e+08 2.790181e+08 4.339582e+07 3.085346e+08 4.283552e+07 2.257077e+08 2.525093e+08 
5.339967e+08 1.748141e+08 1.166192e+08 2.117919e+08 2.525093e+08 2.828301e+08 2.352697e+08 3.112847e+08 8.632469e+07 5.030601e+08 6.201816e+08 2.968107e+08 2.239844e+08 5.386259e+08 3.557578e+08 2.828301e+08 4.621682e+08 2.550738e+08 2.245588e+08 2.739380e+08 2.525093e+08 4.339582e+07 2.538277e+08 7.162584e+08 2.790181e+08 4.339582e+07 3.085346e+08 4.283552e+07 2.257077e+08 2.525093e+08 
5.339967e+08 1.748141e+08 1.166192e+08 4.696212e+06 2.525093e+08 2.602244e+08 2.083246e+08 3.112847e+08 8.632469e+07 1.967812e+08 1.834708e+08 2.968107e+08 1.277021e+08 5.386259e+08 3.557578e+08 2.602244e+08 7.035784e+06 2.550738e+08 2.245588e+08 2.739380e+08 2.525093e+08 4.339582e+07 2.538276e+08 3.163844e+08 2.790181e+08 4.339582e+07 3.085346e+08 4.283552e+07 1.499138e+08 2.525093e+08 
3.918106e+08 1.547696e+08 1.155623e+08 4.696212e+06 2.266092e+08 2.602244e+08 1.155924e+08 2.445389e+08 4.677965e+07 1.527484e+08 1.440658e+08 4.240810e+07 1.063212e+08 5.386259e+08 2.027565e+08 2.602244e+08 1.443901e+06 1.113299e+08 1.613403e+08 1.549850e+08 2.266092e+08 4.339582e+07 2.538276e+08 2.309503e+08 7.248614e+07 4.339582e+07 5.755269e+07 4.283552e+07 1.112101e+08 2.266092e+08 
2.916823e+08 5.245204e+07 1.146111e+08 4.696174e+06 1.973808e+08 6.038929e+07 7.412500e+07 1.918986e+08 1.558198e+07 1.743805e+07 2.781371e+07 3.058759e+07 5.049232e+07 1.121500e+08 1.859818e+08 6.038929e+07 1.443901e+06 1.113299e+08 1.602615e+08 3.857439e+07 1.973808e+08 4.339582e+07 1.817038e+08 7.954449e+07 3.608720e+07 4.339582e+07 4.864067e+07 4.283552e+07 1.112101e+08 1.973808e+08 
1.664954e+07 5.245204e+07 1.914928e+07 4.696150e+06 3.452494e+06 1.497367e+07 6.463536e+06 1.475243e+07 1.558198e+07 1.743802e+07 2.777203e+07 3.058756e+07 5.049232e+07 1.121500e+08 1.906306e+07 1.497367e+07 1.426836e+06 4.349361e+06 2.471854e+07 3.857439e+07 3.452494e+06 4.339582e+07 2.768560e+07 1.604372e+07 8.278327e+06 4.339582e+07 1.963377e+06 3.230539e+07 1.232568e+07 3.452494e+06 
4.343556e+06 8.396559e+06 8.165302e+06 4.696129e+06 3.452494e+06 1.497357e+07 6.463536e+06 5.099524e+06 1.558198e+07 4.284693e+06 4.806508e+06 5.029868e+06 1.244667e+07 3.567338e+06 6.126123e+06 1.497357e+07 1.418151e+06 4.349358e+06 2.450823e+06 2.276186e+07 3.452494e+06 2.941532e+07 7.425225e+06 1.604372e+07 8.278314e+06 2.941532e+07 1.963362e+06 8.955210e+06 1.114316e+07 3.452494e+06 
1.206364e+06 5.696670e+05 1.984396e+06 2.236774e+06 7.297366e+05 1.030733e+06 2.318610e+06 3.043470e+06 6.909019e+05 3.609807e+05 3.483972e+06 2.496570e+06 1.038169e+06 2.185452e+06 1.713128e+06 1.030733e+06 1.409348e+06 6.500529e+05 7.849419e+05 1.526114e+06 7.297366e+05 3.132808e+05 4.349180e+05 2.457762e+06 3.580569e+06 3.132808e+05 1.963362e+06 5.922605e+05 4.242653e+06 7.297366e+05 
7.225435e+05 1.757384e+05 1.564654e+05 1.193108e+06 1.292402e+05 1.706926e+05 6.721548e+05 2.927793e+05 1.680213e+05 8.556049e+04 2.862993e+05 4.582656e+04 3.675526e+05 3.086155e+05 2.876823e+04 1.706926e+05 1.284911e+04 5.971943e+05 1.278834e+05 4.626319e+05 1.292402e+05 1.590499e+05 3.761996e+05 6.345374e+05 2.639867e+05 1.590499e+05 7.848148e+05 8.731369e+04 1.664126e+05 1.292402e+05 
4.052633e+04 1.635214e+04 1.051592e+05 8.367079e+04 6.558788e+03 2.269799e+04 1.738039e+04 3.038885e+04 4.067111e+04 5.811427e+04 7.052401e+04 4.338820e+04 2.741823e+04 8.061644e+03 1.839715e+03 2.269799e+04 5.686429e+03 1.160437e+05 1.336936e+04 2.450584e+04 6.558788e+03 1.023211e+04 7.877553e+04 6.124868e+03 9.107398e+04 1.023211e+04 2.610051e+04 2.087254e+04 5.983239e+04 6.558788e+03 
6.181255e+03 6.986529e+03 1.081331e+03 5.287404e+03 4.156608e+03 2.208970e+03 2.934259e+03 4.280199e+03 2.002110e+03 4.131022e+03 5.414035e+03 5.916272e+03 5.656416e+03 1.920333e+03 1.184421e+03 2.208970e+03 3.779181e+03 3.249296e+03 3.019992e+03 1.552825e+03 4.156608e+03 3.553079e+03 1.016637e+04 2.192096e+03 7.125169e+03 3.553079e+03 1.532621e+03 2.604594e+03 2.351914e+03 4.156608e+03 
1.032409e+03 7.627895e+02 1.072178e+02 3.729948e+02 2.017178e+02 1.558635e+02 2.593267e+02 5.351813e+02 1.895792e+02 2.012245e+02 3.803644e+02 3.283289e+02 4.775397e+02 7.161650e+02 3.472396e+02 1.558635e+02 6.489514e+02 2.660665e+02 3.714218e+02 2.639792e+02 2.017178e+02 3.077269e+02 3.471318e+02 4.582260e+02 6.913694e+02 3.077269e+02 9.363697e+02 3.871138e+02 4.258528e+02 2.017178e+02 
2.075250e+01 1.369963e+01 8.981191e+00 8.484249e+00 2.194440e+01 9.138000e+00 9.607348e+00 1.090628e+01 1.319911e+01 1.015250e+01 4.496972e+00 8.270660e+00 9.653365e+00 1.506434e+01 9.237488e+00 9.138000e+00 1.019608e+01 1.523051e+01 8.428937e+00 1.298234e+01 2.194440e+01 9.833235e+00 9.672408e+00 9.151519e+00 8.899969e+00 9.833235e+00 6.809617e+00 1.000560e+01 1.254311e+01 2.194440e+01 
1.318604e+00 1.473720e+00 1.401540e+00 1.984053e+00 1.765565e+00 1.308988e+00 1.546256e+00 1.868273e+00 1.853196e+00 2.383551e+00 2.170216e+00 2.043873e+00 8.021961e-01 1.540766e+00 1.192488e+00 1.308988e+00 2.143480e+00 1.557264e+00 1.904967e+00 1.332406e+00 1.765565e+00 2.108674e+00 1.323105e+00 1.492062e+00 1.361772e+00 2.108674e+00 9.336466e-01 1.534082e+00 9.982553e-01 1.765565e+00 
1.487797e-01 3.488830e-02 1.555685e-01 4.075637e-01 8.041215e-02 5.783873e-02 7.687500e-02 1.677658e-01 1.872789e-01 2.695645e-01 1.490366e-01 6.835864e-02 1.733792e-01 5.672442e-02 1.053767e-01 5.783873e-02 2.855354e-01 3.395914e-01 1.106107e-01 2.868652e-01 8.041215e-02 1.089717e-01 3.163420e-01 9.974128e-02 5.585638e-02 1.089717e-01 1.243363e-01 1.073220e-01 9.614746e-02 8.041215e-02 
0.000000e+00 0.000000e+00 0.000000e+00 0.000000e+00 0.000000e+00 0.000000e+00 0.000000e+00 0.000000e+00 0.000000e+00 0.000000e+00 0.000000e+00 0.000000e+00 0.000000e+00 0.000000e+00 0.000000e+00 0.000000e+00 0.000000e+00 0.000000e+00 0.000000e+00 0.000000e+00 0.000000e+00 0.000000e+00 0.000000e+00 0.000000e+00 0.000000e+00 0.000000e+00 0.000000e+00 0.000000e+00 0.000000e+00 0.000000e+00 