   1.0223758e+03   1.1091896e+03   1.6471945e+03   1.1010451e+03   9.0351681e+02   1.4693848e+03   7.6652908e+02   2.0081154e+03   8.6266122e+02   2.0102817e+03   1.7373971e+03   1.0849724e+03   1.3698103e+03   4.8783009e+02   1.0808507e+03   1.1663591e+03   8.6266122e+02   1.7697522e+03   2.0064242e+03   8.8727713e+02   9.0339198e+02   2.0081154e+03   1.6749552e+03   1.2575994e+03   1.0976055e+03   1.2662966e+03   1.2050008e+03   1.3385489e+03   5.4877335e+02   9.0339198e+02
   9.8586240e+02   1.1091896e+03   1.0858606e+03   9.4200878e+02   5.2888007e+02   1.3636447e+03   7.6652908e+02   1.1120855e+03   8.6266122e+02   1.9707163e+03   1.7373971e+03   7.6836506e+02   1.3698103e+03   4.8783009e+02   1.0808507e+03   1.1663591e+03   8.6266122e+02   1.7697522e+03   1.4309756e+03   8.8727713e+02   9.0339198e+02   1.1120855e+03   1.0542211e+03   8.8673436e+02   1.0976055e+03   7.3091986e+02   1.2050008e+03   1.2700772e+03   5.4877335e+02   9.0339198e+02
   9.8586240e+02   1.1091896e+03   1.0858606e+03   9.4200878e+02   5.2888007e+02   1.3636447e+03   7.6652908e+02   1.1120855e+03   8.6266122e+02   1.9707163e+03   1.7373971e+03   7.6836506e+02   1.3698103e+03   4.8783009e+02   1.0808507e+03   1.1663591e+03   8.6266122e+02   1.7697522e+03   1.4309756e+03   8.8727713e+02   9.0339198e+02   1.1120855e+03   1.0542211e+03   8.8673436e+02   1.0976055e+03   7.3091986e+02   1.2050008e+03   1.2700772e+03   5.4877335e+02   9.0339198e+02
   9.8586240e+02   7.8024279e+02   1.0858606e+03   9.4200878e+02   5.2888007e+02   8.4839572e+02   7.6652908e+02   1.0440907e+03   5.1487319e+02   1.3244238e+03   5.6794433e+02   7.6836506e+02   7.8020342e+02   4.8783009e+02   8.1810813e+02   1.1663591e+03   5.1487319e+02   1.1847719e+03   1.0647770e+03   8.8727713e+02   9.0339198e+02   1.0440907e+03   7.1681575e+02   8.8673436e+02   1.0976055e+03   7.3091986e+02   1.0649321e+03   1.2700772e+03   5.4877335e+02   9.0339198e+02
   8.9326839e+02   5.0335086e+02   9.2977023e+02   8.3976782e+02   5.2888007e+02   8.4041117e+02   6.8367855e+02   5.8185215e+02   5.1252059e+02   7.9262703e+02   4.9457567e+02   6.2017315e+02   7.5623596e+02   2.9111789e+02   8.1810813e+02   8.7253126e+02   5.1252059e+02   1.0045998e+03   3.8714976e+02   8.8727713e+02   6.1278118e+02   5.8185215e+02   7.0579500e+02   8.8673436e+02   8.1356362e+02   5.2942908e+02   1.0649321e+03   4.4407947e+02   4.8611133e+02   6.1278118e+02
   8.0202457e+02   5.0335086e+02   8.7628886e+02   7.4486310e+02   5.2888007e+02   3.2061899e+02   6.8367855e+02   5.8185215e+02   5.1252059e+02   7.9262703e+02   4.9457567e+02   4.1166911e+02   3.8454685e+02   2.9019541e+02   8.1810813e+02   7.9537398e+02   5.1252059e+02   8.3871196e+02   3.8441784e+02   6.9821733e+02   4.1166676e+02   5.8185215e+02   4.8158491e+02   8.8673436e+02   4.5473082e+02   5.2942908e+02   8.1367970e+02   3.3379798e+02   4.8611133e+02   4.1166676e+02
   2.3518778e+02   4.1384459e+02   4.2080468e+02   5.7137459e+02   3.5707677e+02   3.1852336e+02   5.8612997e+02   4.4961411e+02   4.1473876e+02   4.9936160e+02   4.8472904e+02   4.1166911e+02   2.3774091e+02   2.8370992e+02   4.3455190e+02   4.6874038e+02   4.1473876e+02   7.6972547e+02   3.8279196e+02   4.4012810e+02   3.1416755e+02   4.4961411e+02   3.0770143e+02   3.5678203e+02   4.5473082e+02   2.5529409e+02   7.6096986e+02   3.3379798e+02   4.8611133e+02   3.1416755e+02
   2.3372638e+02   3.0442765e+02   3.8133498e+02   3.8929631e+02   3.4791822e+02   2.4795324e+02   3.6342425e+02   2.9907221e+02   2.1621968e+02   2.4454314e+02   3.3404378e+02   2.7630828e+02   2.1421767e+02   2.6689492e+02   2.8171746e+02   2.9678796e+02   2.1621968e+02   3.5690112e+02   1.8486451e+02   2.7800742e+02   3.1416755e+02   2.9907221e+02   3.0245938e+02   2.9680649e+02   4.1012617e+02   2.4595916e+02   3.7940223e+02   2.7154892e+02   2.4407071e+02   3.1416755e+02
   2.2230848e+02   2.1444855e+02   2.3035662e+02   2.1007770e+02   2.1230133e+02   1.7316976e+02   1.8602105e+02   1.8678541e+02   2.0515968e+02   2.2134436e+02   1.9980325e+02   1.9387528e+02   1.8744869e+02   1.8668011e+02   2.0425538e+02   2.5705685e+02   2.0515968e+02   2.4797062e+02   1.6514317e+02   2.0870414e+02   1.9584695e+02   1.8678541e+02   1.8622034e+02   1.9034184e+02   2.1451779e+02   1.9348299e+02   2.4392384e+02   1.9685157e+02   1.9774646e+02   1.9584695e+02
   1.7617207e+02   1.7989295e+02   1.7839002e+02   1.7910888e+02   1.8345404e+02   1.5302215e+02   1.6938250e+02   1.7175595e+02   1.6921456e+02   1.6002691e+02   1.7607742e+02   1.6716442e+02   1.4859460e+02   1.6498315e+02   1.7209413e+02   1.7062243e+02   1.6921456e+02   1.9208676e+02   1.6045848e+02   1.7546000e+02   1.6490137e+02   1.7175595e+02   1.6698883e+02   1.6548854e+02   1.6725747e+02   1.7442429e+02   1.6682586e+02   1.7197007e+02   1.6415979e+02   1.6490137e+02
   1.4846563e+02   1.5148533e+02   1.4943745e+02   1.5020596e+02   1.5815283e+02   1.3735179e+02   1.4839388e+02   1.5228449e+02   1.5120546e+02   1.4270485e+02   1.5046245e+02   1.4920056e+02   1.3268010e+02   1.4571837e+02   1.4175350e+02   1.5141047e+02   1.5120546e+02   1.5326590e+02   1.5001269e+02   1.5713937e+02   1.5110587e+02   1.5228449e+02   1.4278263e+02   1.4606668e+02   1.3696896e+02   1.4138003e+02   1.4649554e+02   1.4683022e+02   1.5288346e+02   1.5110587e+02
   1.2154098e+02   1.2264690e+02   1.0903858e+02   1.1584802e+02   1.2355945e+02   6.2513608e+01   7.0807547e+01   1.0780772e+02   1.0249563e+02   8.9325533e+01   1.1261020e+02   8.8211800e+01   6.4765810e+01   9.6701479e+01   9.7698555e+01   1.2481682e+02   1.0249563e+02   1.1644257e+02   1.1144575e+02   1.2398731e+02   9.9830064e+01   1.0780772e+02   6.1065991e+01   6.8971323e+01   8.7210030e+01   1.0443371e+02   1.1659538e+02   1.3296946e+02   1.0445004e+02   9.9830064e+01
   1.0188121e+01   3.2852602e+00   6.6164851e+00   3.6020699e+00   1.5362883e+01   1.9242969e+00   1.8392217e+00   4.5539374e+00   5.9167203e+00   3.4988281e+00   5.6253745e+00   2.2344306e+00   2.3179254e+00   2.7914330e+00   3.7753292e+00   9.7270698e+00   5.9167203e+00   1.7125659e+01   6.3216585e+00   1.3911476e+01   4.9445485e+00   4.5539374e+00   1.2418093e+00   2.7315786e+00   3.5993878e+00   5.2946441e+00   5.1159539e+00   8.4167463e+00   5.2640456e+00   4.9445485e+00
   1.2349336e-02   2.8852050e-03   8.1290025e-03   3.1403833e-03   1.5911509e-02   1.7511498e-03   2.6512519e-03   9.1467586e-03   4.6473767e-03   3.4251312e-03   6.0229037e-03   1.8198530e-03   1.9226377e-03   1.9706465e-03   3.3240756e-03   1.3993717e-02   4.6473767e-03   1.7510819e-02   5.8796543e-03   1.8193820e-02   3.9135867e-03   9.1467586e-03   1.7872028e-03   3.4403147e-03   2.1999121e-03   7.3754298e-03   2.2886836e-03   8.6564568e-03   6.1763437e-03   3.9135867e-03
   0.0000000e+00   0.0000000e+00   0.0000000e+00   0.0000000e+00   1.2943929e-08   0.0000000e+00   0.0000000e+00   0.0000000e+00   0.0000000e+00   0.0000000e+00   0.0000000e+00   0.0000000e+00   0.0000000e+00   0.0000000e+00   0.0000000e+00   0.0000000e+00   0.0000000e+00   0.0000000e+00   0.0000000e+00   0.0000000e+00   0.0000000e+00   0.0000000e+00   0.0000000e+00   0.0000000e+00   0.0000000e+00   0.0000000e+00   0.0000000e+00   0.0000000e+00   0.0000000e+00   0.0000000e+00
   0.0000000e+00   0.0000000e+00   0.0000000e+00   0.0000000e+00   0.0000000e+00   0.0000000e+00   0.0000000e+00   0.0000000e+00   0.0000000e+00   0.0000000e+00   0.0000000e+00   0.0000000e+00   0.0000000e+00   0.0000000e+00   0.0000000e+00   0.0000000e+00   0.0000000e+00   0.0000000e+00   0.0000000e+00   0.0000000e+00   0.0000000e+00   0.0000000e+00   0.0000000e+00   0.0000000e+00   0.0000000e+00   0.0000000e+00   0.0000000e+00   0.0000000e+00   0.0000000e+00   0.0000000e+00
