1.001090e+02 9.570874e+01 9.012969e+01 9.620464e+01 9.012969e+01 9.471068e+01 8.367821e+01 1.053893e+02 9.470208e+01 9.598021e+01 9.157320e+01 9.369135e+01 9.157320e+01 9.982896e+01 1.101044e+02 9.471068e+01 7.102276e+01 1.046891e+02 1.116021e+02 1.162623e+02 9.012969e+01 1.053893e+02 1.081164e+02 1.233306e+02 1.103030e+02 1.053893e+02 7.852969e+01 8.020988e+01 1.111850e+02 9.012969e+01 
9.733816e+01 9.570874e+01 9.012969e+01 9.517758e+01 9.012969e+01 9.471068e+01 8.367821e+01 1.053893e+02 9.470208e+01 8.710997e+01 9.157320e+01 9.369135e+01 9.157320e+01 9.969202e+01 1.101044e+02 9.471068e+01 7.102276e+01 8.630779e+01 9.365445e+01 7.535193e+01 9.012969e+01 1.053893e+02 1.081164e+02 8.269460e+01 1.034495e+02 1.053893e+02 7.852969e+01 8.020988e+01 1.111850e+02 9.012969e+01 
9.733816e+01 9.570874e+01 9.012969e+01 9.517758e+01 9.012969e+01 9.471068e+01 8.367821e+01 1.053893e+02 9.470208e+01 8.710997e+01 9.157320e+01 9.369135e+01 9.157320e+01 9.969202e+01 1.101044e+02 9.471068e+01 7.102276e+01 8.630779e+01 9.365445e+01 7.535193e+01 9.012969e+01 1.053893e+02 1.081164e+02 8.269460e+01 1.034495e+02 1.053893e+02 7.852969e+01 8.020988e+01 1.111850e+02 9.012969e+01 
9.733816e+01 9.470416e+01 9.012969e+01 9.517758e+01 9.012969e+01 9.384445e+01 8.367821e+01 1.053893e+02 7.748741e+01 8.710997e+01 9.157320e+01 9.369135e+01 9.157320e+01 9.451471e+01 8.440651e+01 9.384445e+01 7.102276e+01 8.630779e+01 9.365445e+01 7.535193e+01 9.012969e+01 1.053893e+02 9.810465e+01 8.269460e+01 9.589325e+01 1.053893e+02 7.852969e+01 8.020988e+01 1.008777e+02 9.012969e+01 
9.733816e+01 9.070605e+01 9.012969e+01 9.517758e+01 9.012969e+01 7.324967e+01 6.961465e+01 9.301611e+01 5.992797e+01 8.361631e+01 8.319936e+01 8.334996e+01 8.319936e+01 8.173565e+01 8.440651e+01 7.324967e+01 6.894626e+01 8.523801e+01 9.365445e+01 7.535193e+01 9.012969e+01 9.301611e+01 7.682124e+01 7.964788e+01 6.310756e+01 9.301611e+01 7.852969e+01 8.020988e+01 7.711487e+01 9.012969e+01 
9.051502e+01 7.360946e+01 7.745383e+01 6.362992e+01 7.745383e+01 7.324967e+01 6.961465e+01 7.714982e+01 5.992797e+01 8.361631e+01 8.319936e+01 8.334996e+01 8.319936e+01 8.173565e+01 8.440651e+01 7.324967e+01 6.894626e+01 8.519982e+01 8.629663e+01 7.535193e+01 7.745383e+01 7.714982e+01 7.682124e+01 7.964788e+01 6.310756e+01 7.714982e+01 7.852969e+01 6.748698e+01 6.437513e+01 7.745383e+01 
6.464208e+01 5.823289e+01 7.386118e+01 5.534337e+01 7.386118e+01 7.324967e+01 6.661970e+01 3.870903e+01 5.992797e+01 6.596363e+01 6.870981e+01 7.996477e+01 6.870981e+01 7.529452e+01 6.083048e+01 7.324967e+01 6.894626e+01 7.302314e+01 7.408869e+01 7.339107e+01 7.386118e+01 3.870903e+01 7.677230e+01 7.401119e+01 6.310756e+01 3.870903e+01 7.213433e+01 5.444902e+01 6.437513e+01 7.386118e+01 
6.221031e+01 4.405230e+01 5.047333e+01 5.349638e+01 5.047333e+01 5.425592e+01 6.389138e+01 3.870903e+01 5.992797e+01 6.097991e+01 6.110056e+01 6.369586e+01 6.110056e+01 5.177719e+01 5.222210e+01 5.425592e+01 5.683407e+01 5.686276e+01 6.261139e+01 5.233019e+01 5.047333e+01 3.870903e+01 6.708543e+01 6.530399e+01 6.310756e+01 3.870903e+01 5.351406e+01 5.128829e+01 6.437513e+01 5.047333e+01 
4.591320e+01 4.405230e+01 5.047333e+01 4.701888e+01 5.047333e+01 5.149988e+01 6.302703e+01 3.738208e+01 4.645688e+01 4.927546e+01 5.315933e+01 4.282381e+01 5.315933e+01 4.599080e+01 5.222210e+01 5.149988e+01 4.953499e+01 5.686276e+01 4.219131e+01 5.138421e+01 5.047333e+01 3.738208e+01 5.273110e+01 4.930094e+01 5.318162e+01 3.738208e+01 5.351406e+01 4.832384e+01 4.159178e+01 5.047333e+01 
4.480308e+01 4.405230e+01 3.800386e+01 4.585795e+01 3.800386e+01 4.607939e+01 5.250427e+01 3.738208e+01 4.645688e+01 3.761107e+01 3.759681e+01 3.091399e+01 3.759681e+01 3.908163e+01 4.547161e+01 4.607939e+01 4.376678e+01 4.158943e+01 3.851020e+01 4.595563e+01 3.800386e+01 3.738208e+01 5.051755e+01 4.878733e+01 4.905201e+01 3.738208e+01 4.807447e+01 4.342749e+01 4.159178e+01 3.800386e+01 
3.821385e+01 2.962258e+01 2.692684e+01 3.397603e+01 2.692684e+01 3.292371e+01 3.893838e+01 3.672672e+01 4.341899e+01 2.920464e+01 3.254337e+01 2.835876e+01 3.254337e+01 3.172628e+01 3.619612e+01 3.292371e+01 2.931338e+01 3.140602e+01 3.525961e+01 3.737495e+01 2.692684e+01 3.672672e+01 3.921174e+01 3.132280e+01 2.321212e+01 3.672672e+01 3.841434e+01 3.310236e+01 3.878991e+01 2.692684e+01 
2.605579e+01 2.560748e+01 2.192224e+01 2.156409e+01 2.192224e+01 2.862695e+01 3.317029e+01 2.918718e+01 2.365035e+01 2.210433e+01 2.750525e+01 2.701634e+01 2.750525e+01 2.658356e+01 2.326575e+01 2.862695e+01 1.438435e+01 2.920253e+01 1.876929e+01 3.220568e+01 2.192224e+01 2.918718e+01 3.055909e+01 2.706279e+01 2.086267e+01 2.918718e+01 2.303098e+01 2.354933e+01 2.490344e+01 2.192224e+01 
1.460946e+01 2.300561e+01 1.337326e+01 1.711596e+01 1.337326e+01 2.431818e+01 1.357380e+01 2.230538e+01 1.422154e+01 1.759114e+01 1.755990e+01 1.902267e+01 1.755990e+01 2.192336e+01 2.216044e+01 2.431818e+01 1.258816e+01 2.148738e+01 1.366777e+01 2.471110e+01 1.337326e+01 2.230538e+01 2.311055e+01 2.016004e+01 1.286545e+01 2.230538e+01 1.566712e+01 1.420629e+01 2.092259e+01 1.337326e+01 
9.080660e+00 1.643366e+01 6.360976e+00 1.404979e+01 6.360976e+00 1.208684e+01 8.823543e+00 1.420992e+01 1.284832e+01 1.150858e+01 9.278308e+00 1.362504e+01 9.278308e+00 1.875515e+01 1.262593e+01 1.208684e+01 6.717455e+00 1.687515e+01 8.492595e+00 1.260073e+01 6.360976e+00 1.420992e+01 1.867584e+01 1.041648e+01 9.734034e+00 1.420992e+01 1.204059e+01 7.836657e+00 1.275943e+01 6.360976e+00 
4.932740e+00 7.767310e+00 4.677689e+00 7.814746e+00 4.677689e+00 5.389731e+00 5.500725e+00 6.018300e+00 6.329251e+00 5.783944e+00 2.772197e+00 5.660721e+00 2.772197e+00 6.503003e+00 1.002101e+01 5.389731e+00 6.068666e+00 7.476855e+00 6.263369e+00 6.869129e+00 4.677689e+00 6.018300e+00 9.672804e+00 6.877423e+00 6.170332e+00 6.018300e+00 4.328993e+00 6.396213e+00 5.773615e+00 4.677689e+00 
2.984877e+00 5.969754e+00 2.984877e+00 4.974795e+00 2.984877e+00 2.984877e+00 4.974795e+00 3.979836e+00 4.974795e+00 4.974795e+00 1.989918e+00 2.984877e+00 1.989918e+00 3.979836e+00 5.970032e+00 2.984877e+00 3.979836e+00 4.974795e+00 9.949591e-01 3.979836e+00 2.984877e+00 3.979836e+00 4.974795e+00 4.974795e+00 5.969754e+00 3.979836e+00 3.979836e+00 4.974795e+00 4.974795e+00 2.984877e+00 
0.000000e+00 0.000000e+00 0.000000e+00 0.000000e+00 0.000000e+00 0.000000e+00 0.000000e+00 0.000000e+00 0.000000e+00 0.000000e+00 0.000000e+00 0.000000e+00 0.000000e+00 0.000000e+00 0.000000e+00 0.000000e+00 0.000000e+00 0.000000e+00 0.000000e+00 0.000000e+00 0.000000e+00 0.000000e+00 0.000000e+00 0.000000e+00 0.000000e+00 0.000000e+00 0.000000e+00 0.000000e+00 0.000000e+00 0.000000e+00 