3.081138e+02 3.400219e+02 3.945447e+02 4.346733e+02 3.770285e+02 2.388152e+02 2.041085e+02 2.792029e+02 2.822758e+02 3.624211e+02 2.736791e+02 3.258632e+02 3.971039e+02 2.780944e+02 3.228044e+02 2.388152e+02 3.664481e+02 3.830488e+02 1.567691e+02 3.382202e+02 4.045126e+02 2.365702e+02 4.475887e+02 3.951718e+02 4.344497e+02 2.365702e+02 3.762284e+02 3.518625e+02 4.228874e+02 4.045126e+02 
3.081138e+02 3.400219e+02 3.945447e+02 4.346733e+02 3.770285e+02 2.388152e+02 2.041085e+02 2.792029e+02 2.822758e+02 3.624211e+02 2.736791e+02 3.258632e+02 3.971039e+02 2.780944e+02 3.228044e+02 2.388152e+02 3.664481e+02 3.830488e+02 1.567691e+02 3.382202e+02 4.045126e+02 2.365702e+02 4.475887e+02 3.951718e+02 4.344497e+02 2.365702e+02 3.762284e+02 3.518625e+02 4.228874e+02 4.045126e+02 
3.081138e+02 3.400219e+02 3.945447e+02 4.346733e+02 3.770285e+02 2.388152e+02 2.041085e+02 2.792029e+02 2.822758e+02 3.624211e+02 2.736791e+02 3.258632e+02 3.971039e+02 2.780944e+02 3.228044e+02 2.388152e+02 3.664481e+02 3.830488e+02 1.567691e+02 3.382202e+02 4.045126e+02 2.365702e+02 4.475887e+02 3.951718e+02 4.344497e+02 2.365702e+02 3.762284e+02 3.518625e+02 4.228874e+02 4.045126e+02 
3.081138e+02 3.400219e+02 3.945447e+02 4.296010e+02 3.656288e+02 2.388152e+02 2.041085e+02 2.465954e+02 2.822758e+02 3.624211e+02 2.736791e+02 3.258632e+02 3.971039e+02 2.725706e+02 3.228044e+02 2.388152e+02 3.664481e+02 3.830488e+02 1.567691e+02 3.382202e+02 3.630855e+02 2.356343e+02 3.160358e+02 3.951718e+02 3.754499e+02 2.356343e+02 3.708950e+02 3.518625e+02 4.228874e+02 3.630855e+02 
3.081138e+02 3.253094e+02 3.945447e+02 3.943952e+02 3.339962e+02 1.542657e+02 2.041085e+02 2.446218e+02 2.822758e+02 3.559943e+02 2.736791e+02 3.258632e+02 3.801757e+02 2.725706e+02 3.228044e+02 1.542657e+02 2.783035e+02 3.830488e+02 1.567691e+02 3.141642e+02 3.375052e+02 2.356343e+02 3.088305e+02 3.951718e+02 3.367264e+02 2.356343e+02 3.708950e+02 2.156938e+02 3.610658e+02 3.375052e+02 
2.349984e+02 2.751193e+02 3.347229e+02 3.034081e+02 2.770687e+02 1.542657e+02 2.041085e+02 2.032817e+02 2.703712e+02 2.785125e+02 2.531042e+02 3.016690e+02 2.412058e+02 2.725706e+02 3.144414e+02 1.542657e+02 2.783035e+02 2.934352e+02 1.567691e+02 2.725253e+02 2.760664e+02 2.356343e+02 3.088305e+02 3.919741e+02 3.367264e+02 2.356343e+02 2.564615e+02 2.156938e+02 3.610658e+02 2.760664e+02 
2.349984e+02 2.465707e+02 2.635597e+02 3.034081e+02 2.716007e+02 1.542657e+02 1.980633e+02 1.899110e+02 1.714778e+02 2.785125e+02 2.364189e+02 2.893553e+02 2.280532e+02 2.685299e+02 2.730080e+02 1.542657e+02 2.345613e+02 2.519375e+02 1.548369e+02 2.588091e+02 2.333070e+02 2.244700e+02 2.589302e+02 3.473773e+02 3.084999e+02 2.244700e+02 2.533773e+02 2.050409e+02 2.801582e+02 2.333070e+02 
1.732522e+02 1.829447e+02 2.108563e+02 2.188103e+02 2.134035e+02 1.406278e+02 1.942738e+02 1.649007e+02 1.714778e+02 2.367554e+02 1.932791e+02 2.231654e+02 2.262169e+02 2.667019e+02 1.812717e+02 1.406278e+02 1.884806e+02 2.403606e+02 1.291918e+02 2.529315e+02 2.171163e+02 2.142990e+02 2.176540e+02 2.277847e+02 2.458045e+02 2.142990e+02 2.078188e+02 1.866354e+02 2.341931e+02 2.171163e+02 
1.732522e+02 1.735053e+02 1.980225e+02 2.154964e+02 1.711870e+02 1.054046e+02 1.829094e+02 1.171809e+02 1.458731e+02 1.064332e+02 1.642768e+02 2.055899e+02 1.850218e+02 2.200004e+02 1.623236e+02 1.054046e+02 1.585879e+02 1.218286e+02 1.291918e+02 1.962659e+02 1.442269e+02 1.597444e+02 1.796992e+02 1.452527e+02 1.557462e+02 1.597444e+02 1.778358e+02 1.762851e+02 1.385881e+02 1.442269e+02 
1.278279e+02 1.615165e+02 1.524015e+02 1.279537e+02 1.366889e+02 8.836370e+01 1.657562e+02 9.452648e+01 1.400174e+02 9.878943e+01 1.305117e+02 1.080379e+02 1.449387e+02 1.588211e+02 1.082047e+02 8.836370e+01 1.323149e+02 9.017984e+01 1.208757e+02 1.679091e+02 1.058787e+02 1.382440e+02 1.358479e+02 1.400648e+02 1.266407e+02 1.382440e+02 1.471435e+02 1.367253e+02 1.385881e+02 1.058787e+02 
8.809949e+01 9.490613e+01 8.082993e+01 9.014789e+01 1.003922e+02 8.372323e+01 1.101925e+02 7.770617e+01 9.065749e+01 8.915632e+01 8.096512e+01 8.600324e+01 1.035753e+02 1.022030e+02 9.090865e+01 8.372323e+01 1.018048e+02 8.844323e+01 1.001055e+02 1.116060e+02 9.364833e+01 8.649934e+01 8.565226e+01 1.015679e+02 1.091299e+02 8.649934e+01 1.044606e+02 8.839083e+01 9.503131e+01 9.364833e+01 
7.654500e+01 7.347467e+01 7.783662e+01 8.059809e+01 7.217121e+01 6.309994e+01 6.263538e+01 6.416670e+01 6.232123e+01 6.932955e+01 7.444694e+01 6.765408e+01 7.695573e+01 7.998692e+01 7.773093e+01 6.309994e+01 7.507638e+01 6.997814e+01 7.713322e+01 7.567911e+01 5.573967e+01 6.903555e+01 6.983760e+01 6.080092e+01 6.346169e+01 6.903555e+01 6.509975e+01 6.798870e+01 7.225422e+01 5.573967e+01 
5.385145e+01 5.837953e+01 5.859816e+01 5.854841e+01 6.725034e+01 4.862114e+01 4.618912e+01 5.160829e+01 3.501793e+01 5.487905e+01 5.601268e+01 5.580031e+01 5.772866e+01 3.654922e+01 5.631405e+01 4.862114e+01 5.604771e+01 5.703419e+01 6.010412e+01 5.349386e+01 3.677045e+01 5.458977e+01 4.873657e+01 4.461662e+01 5.015226e+01 5.458977e+01 5.391741e+01 4.577182e+01 5.879885e+01 3.677045e+01 
4.360191e+01 4.400352e+01 4.037770e+01 3.765924e+01 4.292366e+01 3.401881e+01 3.787912e+01 3.589403e+01 2.822530e+01 3.934285e+01 3.375560e+01 3.890048e+01 4.254589e+01 2.921988e+01 4.327491e+01 3.401881e+01 4.029100e+01 3.491712e+01 3.894589e+01 3.764460e+01 2.713165e+01 3.511049e+01 3.580975e+01 3.697202e+01 4.037118e+01 3.511049e+01 4.076097e+01 3.718846e+01 4.164832e+01 2.713165e+01 
3.112276e+01 3.104240e+01 2.894822e+01 2.569503e+01 2.430229e+01 2.799182e+01 2.636792e+01 2.805290e+01 2.558683e+01 3.075332e+01 2.654436e+01 2.281736e+01 2.736368e+01 2.501287e+01 3.058488e+01 2.799182e+01 2.508180e+01 3.011287e+01 2.963670e+01 2.563583e+01 2.520008e+01 2.584713e+01 2.710329e+01 2.462107e+01 2.835905e+01 2.584713e+01 2.777907e+01 2.849999e+01 3.151978e+01 2.520008e+01 
2.302105e+00 1.241450e+01 2.302721e+00 2.129539e+01 3.887684e+00 2.614475e+00 6.124759e+00 4.975519e+00 2.984971e+00 3.297763e+00 5.983312e+00 1.307344e+00 2.099483e+01 2.099143e+01 2.302305e+00 2.614475e+00 5.286969e+00 9.951577e-01 6.281937e+00 6.282051e+00 2.302140e+00 7.589179e+00 1.066194e+01 7.277482e+00 6.422403e+00 7.589179e+00 1.125690e+01 2.615627e+00 2.033601e+01 2.302140e+00 
0.000000e+00 0.000000e+00 0.000000e+00 0.000000e+00 0.000000e+00 0.000000e+00 0.000000e+00 0.000000e+00 0.000000e+00 0.000000e+00 0.000000e+00 0.000000e+00 0.000000e+00 0.000000e+00 0.000000e+00 0.000000e+00 0.000000e+00 0.000000e+00 0.000000e+00 0.000000e+00 0.000000e+00 0.000000e+00 0.000000e+00 0.000000e+00 0.000000e+00 0.000000e+00 0.000000e+00 0.000000e+00 0.000000e+00 0.000000e+00 