   2.2804402e+03   2.5455333e+03   2.4020873e+03   2.3244892e+03   2.3806509e+03   2.2665411e+03   2.2472993e+03   2.4295457e+03   2.6203272e+03   2.3142955e+03   2.2607338e+03   2.2874880e+03   2.2607338e+03   2.6037744e+03   2.2863110e+03   2.2665411e+03   2.2766703e+03   2.3447230e+03   2.4384910e+03   2.2639591e+03   2.3806509e+03   2.4295457e+03   2.3222952e+03   2.2360836e+03   2.3804034e+03   2.2665828e+03   2.2869769e+03   2.2605422e+03   2.2817956e+03   2.3806509e+03
   2.2804402e+03   2.5455333e+03   2.4020873e+03   2.2925253e+03   2.3582922e+03   2.2665411e+03   2.2467817e+03   2.4295457e+03   2.4713255e+03   2.3025570e+03   2.2607338e+03   2.2622090e+03   2.2607338e+03   2.3051936e+03   2.2863110e+03   2.2665411e+03   2.2766703e+03   2.3447230e+03   2.2856568e+03   2.2639591e+03   2.3582922e+03   2.4295457e+03   2.3222952e+03   2.2360836e+03   2.3321310e+03   2.2665828e+03   2.2869769e+03   2.2605422e+03   2.2817956e+03   2.3582922e+03
   2.2804402e+03   2.5455333e+03   2.4020873e+03   2.2925253e+03   2.3582922e+03   2.2665411e+03   2.2467817e+03   2.4295457e+03   2.4713255e+03   2.3025570e+03   2.2607338e+03   2.2622090e+03   2.2607338e+03   2.3051936e+03   2.2863110e+03   2.2665411e+03   2.2766703e+03   2.3447230e+03   2.2856568e+03   2.2639591e+03   2.3582922e+03   2.4295457e+03   2.3222952e+03   2.2360836e+03   2.3321310e+03   2.2665828e+03   2.2869769e+03   2.2605422e+03   2.2817956e+03   2.3582922e+03
   2.2615775e+03   2.2558905e+03   2.3613103e+03   2.2925253e+03   2.3582922e+03   2.2665411e+03   2.2467817e+03   2.4083997e+03   2.3852575e+03   2.2584341e+03   2.2603789e+03   2.2568693e+03   2.2603789e+03   2.3051936e+03   2.2858623e+03   2.2665411e+03   2.2601174e+03   2.3398452e+03   2.2856568e+03   2.2343849e+03   2.3582922e+03   2.4083997e+03   2.2673803e+03   2.2360836e+03   2.3321310e+03   2.2665828e+03   2.2491145e+03   2.2605422e+03   2.2817956e+03   2.3582922e+03
   2.2606103e+03   2.2486309e+03   2.2928873e+03   2.2884449e+03   2.3422817e+03   2.2591585e+03   2.2466284e+03   2.3023749e+03   2.2804582e+03   2.2441002e+03   2.2603789e+03   2.2568693e+03   2.2603789e+03   2.2707798e+03   2.2858623e+03   2.2591585e+03   2.2601174e+03   2.3339244e+03   2.2654936e+03   2.2343849e+03   2.3422817e+03   2.3023749e+03   2.2578438e+03   2.2351491e+03   2.2619725e+03   2.2526301e+03   2.2469126e+03   2.2605422e+03   2.2747155e+03   2.3422817e+03
   2.2580165e+03   2.2479701e+03   2.2494220e+03   2.2483587e+03   2.2449778e+03   2.2410162e+03   2.2418190e+03   2.2390901e+03   2.2804582e+03   2.2441002e+03   2.2446546e+03   2.2475857e+03   2.2446546e+03   2.2567773e+03   2.2590168e+03   2.2410162e+03   2.2601174e+03   2.2500136e+03   2.2538877e+03   2.2343849e+03   2.2449778e+03   2.2390901e+03   2.2578438e+03   2.2325232e+03   2.2619725e+03   2.2521722e+03   2.2460904e+03   2.2605422e+03   2.2332280e+03   2.2449778e+03
   2.2266100e+03   2.2453872e+03   2.2448078e+03   2.2468095e+03   2.2449778e+03   2.2410162e+03   2.2418190e+03   2.2384074e+03   2.2541106e+03   2.2441002e+03   2.2446546e+03   2.2365894e+03   2.2446546e+03   2.2528806e+03   2.2450112e+03   2.2410162e+03   2.2601174e+03   2.2500136e+03   2.2538627e+03   2.2343849e+03   2.2449778e+03   2.2384074e+03   2.2578438e+03   2.2325232e+03   2.2351306e+03   2.2406251e+03   2.2460904e+03   2.2582133e+03   2.2332280e+03   2.2449778e+03
   2.2266100e+03   2.2355443e+03   2.2428108e+03   2.2311164e+03   2.2417729e+03   2.2399438e+03   2.2394521e+03   2.2384074e+03   2.2450438e+03   2.2349948e+03   2.2330912e+03   2.2272625e+03   2.2330912e+03   2.2374940e+03   2.2385238e+03   2.2399438e+03   2.2397163e+03   2.2401526e+03   2.2373925e+03   2.2299272e+03   2.2417729e+03   2.2384074e+03   2.2436497e+03   2.2319323e+03   2.2348122e+03   2.2368959e+03   2.2414285e+03   2.2432198e+03   2.2301181e+03   2.2417729e+03
   2.2253904e+03   2.2304556e+03   2.2362986e+03   2.2311164e+03   2.2394637e+03   2.2337158e+03   2.2339108e+03   2.2350527e+03   2.2354305e+03   2.2312313e+03   2.2321657e+03   2.2272625e+03   2.2321657e+03   2.2333772e+03   2.2310930e+03   2.2337158e+03   2.2383527e+03   2.2289924e+03   2.2350797e+03   2.2299272e+03   2.2394637e+03   2.2350527e+03   2.2400296e+03   2.2274828e+03   2.2302235e+03   2.2309981e+03   2.2275606e+03   2.2322577e+03   2.2286830e+03   2.2394637e+03
   2.2220398e+03   2.2275468e+03   2.2293869e+03   2.2267597e+03   2.2242031e+03   2.2275751e+03   2.2284154e+03   2.2256515e+03   2.2301919e+03   2.2274675e+03   2.2283521e+03   2.2272625e+03   2.2283521e+03   2.2276060e+03   2.2282689e+03   2.2275751e+03   2.2215319e+03   2.2266119e+03   2.2306189e+03   2.2262637e+03   2.2242031e+03   2.2256515e+03   2.2310211e+03   2.2264422e+03   2.2288325e+03   2.2279423e+03   2.2275606e+03   2.2271705e+03   2.2286830e+03   2.2242031e+03
   2.2204008e+03   2.2261201e+03   2.2236932e+03   2.2234035e+03   2.2159520e+03   2.2257693e+03   2.2257754e+03   2.2230475e+03   2.2246747e+03   2.2263895e+03   2.2216285e+03   2.2253227e+03   2.2216285e+03   2.2220823e+03   2.2256966e+03   2.2257693e+03   2.2205555e+03   2.2261549e+03   2.2214487e+03   2.2249753e+03   2.2159520e+03   2.2230475e+03   2.2260425e+03   2.2261542e+03   2.2267474e+03   2.2257426e+03   2.2260031e+03   2.2251849e+03   2.2253567e+03   2.2159520e+03
   2.2126642e+03   2.2238224e+03   2.2230948e+03   2.2217362e+03   2.2145507e+03   2.2247099e+03   2.2238763e+03   2.2185185e+03   2.2220446e+03   2.2195965e+03   2.2168022e+03   2.2211515e+03   2.2168022e+03   2.2198906e+03   2.2225955e+03   2.2247099e+03   2.2194880e+03   2.2197407e+03   2.2081429e+03   2.2242777e+03   2.2145507e+03   2.2185185e+03   2.2205659e+03   2.2202350e+03   2.2219506e+03   2.2209058e+03   2.2218569e+03   2.2208782e+03   2.2231057e+03   2.2145507e+03
   2.2116005e+03   2.2230921e+03   2.2189979e+03   2.2132588e+03   2.2130289e+03   2.2143471e+03   2.2192211e+03   2.2146334e+03   2.2112322e+03   2.2145864e+03   2.2158587e+03   2.2194410e+03   2.2158587e+03   2.2184062e+03   2.2170281e+03   2.2143471e+03   2.2176643e+03   2.2111556e+03   2.2075133e+03   2.2174952e+03   2.2130289e+03   2.2146334e+03   2.2168317e+03   2.2138116e+03   2.2182998e+03   2.2201989e+03   2.2165987e+03   2.2175469e+03   2.2218487e+03   2.2130289e+03
   2.2113641e+03   2.2154757e+03   2.2071793e+03   2.2103630e+03   2.2122011e+03   2.2076895e+03   2.2153259e+03   2.2121575e+03   2.2054403e+03   2.2102347e+03   2.2104460e+03   2.2134585e+03   2.2104460e+03   2.2178532e+03   2.2139324e+03   2.2076895e+03   2.2101770e+03   2.2093148e+03   2.2074445e+03   2.2123967e+03   2.2122011e+03   2.2121575e+03   2.2091266e+03   2.2106984e+03   2.2083174e+03   2.2107042e+03   2.2110647e+03   2.2119077e+03   2.2209735e+03   2.2122011e+03
   2.2095303e+03   2.2074670e+03   2.2052731e+03   2.2067097e+03   2.2068852e+03   2.2067577e+03   2.2078113e+03   2.2077561e+03   2.2021894e+03   2.2077542e+03   2.2043172e+03   2.2104506e+03   2.2043172e+03   2.2069180e+03   2.2068634e+03   2.2067577e+03   2.2066159e+03   2.2064689e+03   2.2063480e+03   2.2101627e+03   2.2068852e+03   2.2077561e+03   2.2061514e+03   2.2071693e+03   2.2067328e+03   2.2075939e+03   2.2086857e+03   2.2049479e+03   2.2085205e+03   2.2068852e+03
   2.2000830e+03   2.2003056e+03   2.2003269e+03   2.2001098e+03   2.2000820e+03   2.2000226e+03   2.2006653e+03   2.2001509e+03   2.2003652e+03   2.2007434e+03   2.2001268e+03   2.2006755e+03   2.2001268e+03   2.2002021e+03   2.2003402e+03   2.2000226e+03   2.2001095e+03   2.2000636e+03   2.2002621e+03   2.2007556e+03   2.2000820e+03   2.2001509e+03   2.2007037e+03   2.2001931e+03   2.2006230e+03   2.2001987e+03   2.2002521e+03   2.2001666e+03   2.2001866e+03   2.2000820e+03
