   1.0143854e+03   1.3620729e+03   1.3954910e+03   1.4707130e+03   1.2683178e+03   1.4667536e+03   7.9079292e+02   1.2826473e+03   8.2010557e+02   1.0123094e+03   1.0924101e+03   8.9418061e+02   9.6822893e+02   1.2641750e+03   1.6044229e+03   1.4667536e+03   1.2386628e+03   8.1289293e+02   1.1108363e+03   1.1603551e+03   8.2455217e+02   8.0982596e+02   9.3567025e+02   9.2171303e+02   1.1911081e+03   1.0083694e+03   7.7203255e+02   8.1153780e+02   1.0605715e+03   8.2455217e+02
   1.0143854e+03   1.3620729e+03   1.3954910e+03   1.4707130e+03   1.2683178e+03   1.4667536e+03   7.9079292e+02   1.2826473e+03   8.2010557e+02   1.0123094e+03   1.0924101e+03   8.9418061e+02   9.6822893e+02   1.2641750e+03   1.6044229e+03   1.4667536e+03   1.2386628e+03   8.1289293e+02   1.1108363e+03   1.1603551e+03   8.2455217e+02   8.0982596e+02   9.3567025e+02   9.2171303e+02   1.1911081e+03   1.0083694e+03   7.7203255e+02   8.1153780e+02   1.0605715e+03   8.2455217e+02
   1.0143854e+03   1.3620729e+03   1.3954910e+03   1.4707130e+03   1.2683178e+03   1.4667536e+03   7.9079292e+02   1.2826473e+03   8.2010557e+02   1.0123094e+03   1.0924101e+03   8.9418061e+02   9.6822893e+02   1.2641750e+03   1.6044229e+03   1.4667536e+03   1.2386628e+03   8.1289293e+02   1.1108363e+03   1.1603551e+03   8.2455217e+02   8.0982596e+02   9.3567025e+02   9.2171303e+02   1.1911081e+03   1.0083694e+03   7.7203255e+02   8.1153780e+02   1.0605715e+03   8.2455217e+02
   9.9561171e+02   1.2328111e+03   1.3954910e+03   1.4707130e+03   8.6146527e+02   1.4667536e+03   7.9079292e+02   1.2689893e+03   7.8294857e+02   1.0051545e+03   1.0924101e+03   8.9418061e+02   9.6822893e+02   1.2641750e+03   1.0729907e+03   1.4667536e+03   1.2386628e+03   8.1289293e+02   1.1108363e+03   1.0089323e+03   8.2455217e+02   8.0982596e+02   9.1833796e+02   8.2847103e+02   9.6067050e+02   9.0558400e+02   7.7203255e+02   7.6363858e+02   7.9750351e+02   8.2455217e+02
   9.9561171e+02   1.0739627e+03   1.3130500e+03   1.3810167e+03   8.0956395e+02   1.4219948e+03   7.8744417e+02   1.2689893e+03   7.8294857e+02   1.0051545e+03   1.0374818e+03   8.8786521e+02   9.6822893e+02   1.0969356e+03   1.0729907e+03   1.4219948e+03   1.2265433e+03   6.3181347e+02   1.1108363e+03   9.9757913e+02   8.2455217e+02   7.6485763e+02   8.9956809e+02   8.2847103e+02   9.6067050e+02   8.9332353e+02   7.4065380e+02   7.6363858e+02   7.9750351e+02   8.2455217e+02
   9.8338698e+02   8.8953853e+02   1.0769230e+03   1.2905073e+03   6.9365390e+02   1.3532432e+03   7.2890466e+02   8.5730798e+02   7.7590163e+02   9.5544444e+02   7.0142120e+02   7.0761254e+02   9.6706849e+02   9.3109343e+02   9.6535917e+02   1.3532432e+03   1.0012776e+03   6.3181347e+02   6.4448896e+02   9.7407322e+02   8.2455217e+02   7.6485763e+02   7.2264726e+02   7.6711013e+02   6.3132507e+02   8.2586534e+02   6.4395677e+02   7.5773042e+02   6.8384028e+02   8.2455217e+02
   7.6915991e+02   8.3817481e+02   9.7144938e+02   1.0052658e+03   4.7848844e+02   5.5415413e+02   6.7273976e+02   6.7796541e+02   5.9262653e+02   8.2722094e+02   6.8217958e+02   7.0761254e+02   8.6633585e+02   8.9534638e+02   7.6988671e+02   5.5415413e+02   7.5992431e+02   6.3181347e+02   5.8764317e+02   6.9289204e+02   7.9631373e+02   7.6485763e+02   5.9411585e+02   5.9508451e+02   3.4515534e+02   7.1381046e+02   5.8805642e+02   7.5753566e+02   6.8384028e+02   7.9631373e+02
   5.0917785e+02   5.0511869e+02   6.8753943e+02   6.3089656e+02   4.5093224e+02   5.5415413e+02   4.8807302e+02   4.6233749e+02   5.1362138e+02   5.5128844e+02   5.8001723e+02   5.1715029e+02   6.0212921e+02   5.1007152e+02   5.1591238e+02   5.5415413e+02   5.5890637e+02   5.0161423e+02   4.8658096e+02   4.9178470e+02   6.2706594e+02   7.0579523e+02   4.1983604e+02   5.1138540e+02   3.1551960e+02   6.0228424e+02   5.2261845e+02   4.8855729e+02   5.4615017e+02   6.2706594e+02
   3.8102026e+02   3.8252398e+02   4.3016614e+02   3.5227519e+02   3.9953306e+02   4.9258284e+02   3.1620887e+02   3.6704778e+02   3.1977506e+02   3.9626355e+02   4.1169926e+02   3.4818388e+02   3.9930666e+02   3.8449248e+02   3.3413999e+02   4.9258284e+02   3.1028970e+02   3.9805106e+02   4.0994082e+02   3.7325139e+02   3.2761491e+02   4.2629982e+02   4.0741290e+02   4.0529232e+02   3.0123014e+02   3.8345990e+02   3.0293752e+02   4.4472963e+02   4.2719118e+02   3.2761491e+02
   2.7593160e+02   2.5537178e+02   2.6329374e+02   2.5732093e+02   2.6574157e+02   2.6182815e+02   2.4875650e+02   2.5904545e+02   2.5426405e+02   2.7649410e+02   2.4732102e+02   2.5693090e+02   2.5290619e+02   2.7577187e+02   2.6240362e+02   2.6182815e+02   2.7236227e+02   2.7952688e+02   2.5925553e+02   2.4242942e+02   2.7518441e+02   2.5908386e+02   2.6210695e+02   2.6637590e+02   2.4988145e+02   2.6099501e+02   2.5418283e+02   2.6079770e+02   2.8031636e+02   2.7518441e+02
   2.0022170e+02   2.0374547e+02   2.0343710e+02   2.0085711e+02   1.9811544e+02   1.9559985e+02   2.0143947e+02   1.9767248e+02   1.9508039e+02   1.9544244e+02   2.0054406e+02   2.0480274e+02   1.9670776e+02   2.0292311e+02   1.9932766e+02   1.9559985e+02   1.9902578e+02   1.9684709e+02   1.9760589e+02   1.9953642e+02   2.0342482e+02   1.9873973e+02   1.9643944e+02   1.9805129e+02   2.0182059e+02   1.9910936e+02   2.0487966e+02   2.0034184e+02   2.0082109e+02   2.0342482e+02
   1.8531498e+02   1.8576156e+02   1.8491292e+02   1.8453243e+02   1.8389263e+02   1.8517750e+02   1.8432496e+02   1.8341805e+02   1.8281805e+02   1.8434080e+02   1.8372466e+02   1.8563478e+02   1.8496046e+02   1.8306825e+02   1.8359273e+02   1.8517750e+02   1.8420458e+02   1.8428725e+02   1.8418876e+02   1.8297039e+02   1.8545678e+02   1.8455397e+02   1.8461310e+02   1.8423016e+02   1.8460733e+02   1.8453237e+02   1.8340238e+02   1.8423598e+02   1.8418673e+02   1.8545678e+02
   1.8132625e+02   1.8139071e+02   1.8128750e+02   1.8124119e+02   1.8127563e+02   1.8115701e+02   1.8121635e+02   1.8117549e+02   1.8114113e+02   1.8122405e+02   1.8112594e+02   1.8111769e+02   1.8125047e+02   1.8108198e+02   1.8128412e+02   1.8115701e+02   1.8127326e+02   1.8153876e+02   1.8128017e+02   1.8114593e+02   1.8096713e+02   1.8110888e+02   1.8134066e+02   1.8119021e+02   1.8114965e+02   1.8128462e+02   1.8109375e+02   1.8106226e+02   1.8100793e+02   1.8096713e+02
   1.8079432e+02   1.8080059e+02   1.8079745e+02   1.8079515e+02   1.8079230e+02   1.8079351e+02   1.8079551e+02   1.8079389e+02   1.8079339e+02   1.8078929e+02   1.8079938e+02   1.8078952e+02   1.8079602e+02   1.8079032e+02   1.8079459e+02   1.8079351e+02   1.8079864e+02   1.8079212e+02   1.8079934e+02   1.8079621e+02   1.8078899e+02   1.8079148e+02   1.8080832e+02   1.8080516e+02   1.8079072e+02   1.8079531e+02   1.8079534e+02   1.8079046e+02   1.8078974e+02   1.8078899e+02
   1.8078127e+02   1.8078127e+02   1.8078127e+02   1.8078127e+02   1.8078127e+02   1.8078127e+02   1.8078127e+02   1.8078127e+02   1.8078127e+02   1.8078127e+02   1.8078127e+02   1.8078127e+02   1.8078127e+02   1.8078127e+02   1.8078127e+02   1.8078127e+02   1.8078127e+02   1.8078127e+02   1.8078127e+02   1.8078127e+02   1.8078127e+02   1.8078127e+02   1.8078127e+02   1.8078127e+02   1.8078127e+02   1.8078127e+02   1.8078127e+02   1.8078127e+02   1.8078127e+02   1.8078127e+02
   1.8078127e+02   1.8078127e+02   1.8078127e+02   1.8078127e+02   1.8078127e+02   1.8078127e+02   1.8078127e+02   1.8078127e+02   1.8078127e+02   1.8078127e+02   1.8078127e+02   1.8078127e+02   1.8078127e+02   1.8078127e+02   1.8078127e+02   1.8078127e+02   1.8078127e+02   1.8078127e+02   1.8078127e+02   1.8078127e+02   1.8078127e+02   1.8078127e+02   1.8078127e+02   1.8078127e+02   1.8078127e+02   1.8078127e+02   1.8078127e+02   1.8078127e+02   1.8078127e+02   1.8078127e+02
