5.574046e+01 7.815219e+01 7.799048e+01 8.400230e+01 6.871954e+01 7.734227e+01 7.879704e+01 7.955605e+01 7.304216e+01 7.001558e+01 7.096169e+01 7.966491e+01 5.342635e+01 5.275860e+01 7.322207e+01 7.734227e+01 7.304216e+01 6.871954e+01 5.904855e+01 7.734227e+01 6.871954e+01 8.324305e+01 6.933748e+01 8.324305e+01 7.897532e+01 8.324305e+01 7.675728e+01 8.078474e+01 4.985183e+01 6.871954e+01 
5.574046e+01 5.534793e+01 7.799048e+01 8.337448e+01 6.871954e+01 5.799799e+01 7.781159e+01 6.468962e+01 7.304216e+01 7.001558e+01 7.096169e+01 6.470713e+01 5.342635e+01 5.275860e+01 6.922782e+01 5.799799e+01 7.304216e+01 6.871954e+01 5.904855e+01 5.799799e+01 6.871954e+01 8.324305e+01 6.933748e+01 8.324305e+01 7.809083e+01 8.324305e+01 7.166960e+01 7.868778e+01 4.985183e+01 6.871954e+01 
5.574046e+01 5.534793e+01 7.799048e+01 8.337448e+01 6.871954e+01 5.799799e+01 7.781159e+01 6.468962e+01 7.304216e+01 7.001558e+01 7.096169e+01 6.470713e+01 5.342635e+01 5.275860e+01 6.922782e+01 5.799799e+01 7.304216e+01 6.871954e+01 5.904855e+01 5.799799e+01 6.871954e+01 8.324305e+01 6.933748e+01 8.324305e+01 7.809083e+01 8.324305e+01 7.166960e+01 7.868778e+01 4.985183e+01 6.871954e+01 
5.574046e+01 5.534793e+01 6.791455e+01 7.481423e+01 6.734349e+01 5.799799e+01 7.746168e+01 6.025961e+01 7.170138e+01 5.775684e+01 7.096169e+01 4.968998e+01 5.342635e+01 5.275860e+01 6.922782e+01 5.799799e+01 7.170138e+01 6.734349e+01 5.904855e+01 5.799799e+01 6.734349e+01 7.745409e+01 6.933748e+01 7.745409e+01 7.673379e+01 7.745409e+01 7.166960e+01 7.119734e+01 4.985183e+01 6.734349e+01 
5.574046e+01 3.962971e+01 5.618348e+01 7.161332e+01 6.204985e+01 2.801929e+01 4.141892e+01 5.890226e+01 6.227975e+01 5.573269e+01 5.162047e+01 4.466025e+01 5.342635e+01 5.000822e+01 6.414672e+01 2.801929e+01 6.227975e+01 6.204985e+01 5.448061e+01 2.801929e+01 6.204985e+01 7.075777e+01 6.420238e+01 7.075777e+01 5.441034e+01 7.075777e+01 6.518328e+01 6.176094e+01 4.985183e+01 6.204985e+01 
4.246549e+01 3.433981e+01 4.267884e+01 5.797018e+01 4.786488e+01 2.801929e+01 4.141892e+01 5.244088e+01 4.445702e+01 5.573269e+01 3.550075e+01 4.228023e+01 5.342635e+01 4.675473e+01 5.708958e+01 2.801929e+01 4.445702e+01 4.786488e+01 5.356226e+01 2.801929e+01 4.786488e+01 4.065257e+01 5.595837e+01 4.065257e+01 4.980346e+01 4.065257e+01 5.324148e+01 6.176094e+01 4.979718e+01 4.786488e+01 
4.246549e+01 3.433981e+01 3.625537e+01 4.867235e+01 3.740824e+01 2.801929e+01 2.595033e+01 4.055174e+01 3.628048e+01 4.750203e+01 3.099080e+01 3.180428e+01 4.131832e+01 4.252911e+01 4.735940e+01 2.801929e+01 3.628048e+01 3.740824e+01 4.142920e+01 2.801929e+01 3.740824e+01 3.368517e+01 4.456022e+01 3.368517e+01 4.651114e+01 3.368517e+01 3.935972e+01 4.483508e+01 3.315329e+01 3.740824e+01 
3.187143e+01 2.612251e+01 2.931175e+01 4.037015e+01 3.047692e+01 2.801929e+01 1.887975e+01 2.380004e+01 2.135171e+01 3.686461e+01 3.099080e+01 3.064132e+01 3.675656e+01 1.522739e+01 3.700224e+01 2.801929e+01 2.135171e+01 3.047692e+01 3.087760e+01 2.801929e+01 3.047692e+01 2.601815e+01 3.405971e+01 2.601815e+01 4.045996e+01 2.601815e+01 2.807184e+01 3.433907e+01 2.936607e+01 3.047692e+01 
1.834085e+01 2.071164e+01 1.884179e+01 2.713271e+01 1.915504e+01 1.973118e+01 1.847653e+01 1.816749e+01 1.795591e+01 1.730752e+01 2.281034e+01 2.155996e+01 1.847932e+01 1.110219e+01 2.665940e+01 1.973118e+01 1.795591e+01 1.915504e+01 2.379319e+01 1.973118e+01 1.915504e+01 2.202661e+01 1.515318e+01 2.202661e+01 1.655299e+01 2.202661e+01 1.981323e+01 1.822949e+01 1.939167e+01 1.915504e+01 
1.139281e+01 1.412927e+01 9.807490e+00 1.510218e+01 1.328166e+01 1.378582e+01 1.187329e+01 6.226591e+00 9.970282e+00 1.021742e+01 1.264266e+01 1.064691e+01 1.227122e+01 7.670023e+00 1.244548e+01 1.378582e+01 9.970282e+00 1.328166e+01 7.085529e+00 1.378582e+01 1.328166e+01 1.395121e+01 8.848481e+00 1.395121e+01 1.412069e+01 1.395121e+01 1.584455e+01 1.032206e+01 1.042504e+01 1.328166e+01 
3.327298e+00 5.534680e+00 5.127538e+00 4.738449e+00 4.002802e+00 4.928340e+00 4.475876e+00 2.760061e+00 3.891240e+00 3.738280e+00 4.388614e+00 4.131119e+00 3.569072e+00 3.777252e+00 4.254254e+00 4.928340e+00 3.891240e+00 4.002802e+00 3.312144e+00 4.928340e+00 4.002802e+00 4.655448e+00 4.065661e+00 4.655448e+00 4.225920e+00 4.655448e+00 4.621089e+00 3.629166e+00 5.546801e+00 4.002802e+00 
1.187149e+00 7.392190e-01 1.231189e+00 9.435693e-01 1.182160e+00 1.067563e+00 1.175442e+00 8.654318e-01 1.223978e+00 1.236955e+00 1.112962e+00 1.122712e+00 1.578782e+00 1.018247e+00 1.147085e+00 1.067563e+00 1.223978e+00 1.182160e+00 9.014138e-01 1.067563e+00 1.182160e+00 1.164610e+00 9.029703e-01 1.164610e+00 1.429654e+00 1.164610e+00 1.085445e+00 1.056136e+00 1.299757e+00 1.182160e+00 
9.235222e-02 9.381544e-02 7.648938e-02 1.119276e-01 9.718737e-02 7.844781e-02 1.190546e-01 5.998156e-02 1.233311e-01 9.478627e-02 1.030044e-01 8.785910e-02 1.331814e-01 6.822410e-02 1.086626e-01 7.844781e-02 1.233311e-01 9.718737e-02 8.453825e-02 7.844781e-02 9.718737e-02 7.692920e-02 1.134190e-01 7.692920e-02 9.478301e-02 7.692920e-02 9.064483e-02 1.040986e-01 1.289457e-01 9.718737e-02 
8.171333e-04 1.043236e-03 1.174172e-03 1.237485e-03 2.078072e-03 1.687121e-03 1.420264e-03 1.444037e-03 1.027928e-03 1.432999e-03 1.327529e-03 1.404347e-03 2.181584e-03 1.148862e-03 1.412605e-03 1.687121e-03 1.027928e-03 2.078072e-03 6.520638e-04 1.687121e-03 2.078072e-03 1.565139e-03 7.902379e-04 1.565139e-03 9.678366e-04 1.565139e-03 1.649177e-03 1.990484e-03 1.517881e-03 2.078072e-03 
3.394290e-07 2.987756e-07 5.419062e-07 4.515883e-07 9.114586e-07 4.168484e-07 3.511009e-07 3.757367e-07 3.391261e-07 4.458846e-07 2.564535e-07 3.972295e-07 4.969555e-07 3.738829e-07 2.632846e-07 4.168484e-07 3.391261e-07 9.114586e-07 1.886291e-07 4.168484e-07 9.114586e-07 4.295588e-07 2.086082e-07 4.295588e-07 5.054201e-07 4.295588e-07 4.308755e-07 3.937827e-07 4.266673e-07 9.114586e-07 
0.000000e+00 0.000000e+00 0.000000e+00 0.000000e+00 0.000000e+00 0.000000e+00 0.000000e+00 0.000000e+00 0.000000e+00 0.000000e+00 0.000000e+00 0.000000e+00 0.000000e+00 0.000000e+00 0.000000e+00 0.000000e+00 0.000000e+00 0.000000e+00 0.000000e+00 0.000000e+00 0.000000e+00 0.000000e+00 0.000000e+00 0.000000e+00 0.000000e+00 0.000000e+00 0.000000e+00 0.000000e+00 0.000000e+00 0.000000e+00 
0.000000e+00 0.000000e+00 0.000000e+00 0.000000e+00 0.000000e+00 0.000000e+00 0.000000e+00 0.000000e+00 0.000000e+00 0.000000e+00 0.000000e+00 0.000000e+00 0.000000e+00 0.000000e+00 0.000000e+00 0.000000e+00 0.000000e+00 0.000000e+00 0.000000e+00 0.000000e+00 0.000000e+00 0.000000e+00 0.000000e+00 0.000000e+00 0.000000e+00 0.000000e+00 0.000000e+00 0.000000e+00 0.000000e+00 0.000000e+00 