3.267195e+03 6.640564e+03 4.696976e+03 5.117965e+03 4.696976e+03 4.508918e+03 6.193233e+03 4.496851e+03 2.226917e+03 6.245179e+03 4.893338e+03 5.404620e+03 4.893338e+03 4.160565e+03 2.700538e+03 4.508918e+03 3.266851e+03 3.380848e+03 2.833487e+03 3.124657e+03 4.696976e+03 4.496851e+03 3.424400e+03 4.048573e+03 4.083591e+03 4.496851e+03 3.410134e+03 5.958120e+03 4.510501e+03 4.696976e+03 
3.267195e+03 6.640564e+03 4.696976e+03 5.117965e+03 4.696976e+03 4.508918e+03 6.193233e+03 4.496851e+03 2.226917e+03 6.245179e+03 4.893338e+03 5.404620e+03 4.893338e+03 4.160565e+03 2.700538e+03 4.508918e+03 3.266851e+03 3.380848e+03 2.833487e+03 3.124657e+03 4.696976e+03 4.496851e+03 3.424400e+03 4.048573e+03 4.083591e+03 4.496851e+03 3.410134e+03 5.958120e+03 4.510501e+03 4.696976e+03 
3.267195e+03 6.640564e+03 4.696976e+03 5.117965e+03 4.696976e+03 4.508918e+03 6.193233e+03 4.496851e+03 2.226917e+03 6.245179e+03 4.893338e+03 5.404620e+03 4.893338e+03 4.160565e+03 2.700538e+03 4.508918e+03 3.266851e+03 3.380848e+03 2.833487e+03 3.124657e+03 4.696976e+03 4.496851e+03 3.424400e+03 4.048573e+03 4.083591e+03 4.496851e+03 3.410134e+03 5.958120e+03 4.510501e+03 4.696976e+03 
3.267195e+03 5.169922e+03 4.696976e+03 5.117965e+03 4.696976e+03 2.790416e+03 4.904246e+03 3.830726e+03 2.226917e+03 6.245179e+03 4.893338e+03 5.404620e+03 4.893338e+03 4.160565e+03 2.700538e+03 2.790416e+03 3.266851e+03 3.380848e+03 2.833487e+03 3.083939e+03 4.696976e+03 3.830726e+03 3.210046e+03 4.048573e+03 2.269104e+03 3.830726e+03 3.016932e+03 5.952984e+03 4.510501e+03 4.696976e+03 
3.162830e+03 3.174562e+03 4.696976e+03 5.117965e+03 4.696976e+03 1.972163e+03 4.904246e+03 3.830726e+03 2.226917e+03 3.341276e+03 4.743102e+03 4.954699e+03 4.743102e+03 3.597661e+03 2.700538e+03 1.972163e+03 3.266851e+03 3.380848e+03 2.751930e+03 2.383691e+03 4.696976e+03 3.830726e+03 3.210046e+03 4.048573e+03 1.708685e+03 3.830726e+03 3.016932e+03 5.777523e+03 3.653611e+03 4.696976e+03 
3.045544e+03 3.174562e+03 4.075868e+03 3.897909e+03 4.075868e+03 1.972163e+03 3.825940e+03 3.521695e+03 2.053908e+03 2.833978e+03 3.106638e+03 2.536692e+03 3.106638e+03 3.597661e+03 2.467370e+03 1.972163e+03 3.266851e+03 2.515622e+03 2.751930e+03 2.007507e+03 4.075868e+03 3.521695e+03 3.210046e+03 3.900058e+03 1.708685e+03 3.521695e+03 3.016932e+03 4.751000e+03 2.773576e+03 4.075868e+03 
2.749787e+03 1.941097e+03 3.476184e+03 2.698492e+03 3.476184e+03 1.645754e+03 3.779829e+03 3.332241e+03 1.841130e+03 2.457008e+03 1.970584e+03 2.536692e+03 1.970584e+03 2.986911e+03 2.212538e+03 1.645754e+03 2.299242e+03 2.269872e+03 2.589100e+03 9.548493e+02 3.476184e+03 3.332241e+03 1.160646e+03 2.422550e+03 1.645445e+03 3.332241e+03 2.137412e+03 2.423048e+03 1.224429e+03 3.476184e+03 
1.943862e+03 1.202957e+03 1.673188e+03 1.225866e+03 1.673188e+03 1.062846e+03 1.890761e+03 6.715710e+02 1.391416e+03 1.600636e+03 1.100683e+03 1.052068e+03 1.100683e+03 1.703887e+03 1.257923e+03 1.062846e+03 1.109348e+03 1.489584e+03 1.339861e+03 9.047773e+02 1.673188e+03 6.715710e+02 1.137266e+03 1.534346e+03 1.462930e+03 6.715710e+02 1.240296e+03 1.247632e+03 1.224429e+03 1.673188e+03 
4.912672e+02 5.432323e+02 7.322040e+02 3.880666e+02 7.322040e+02 4.687455e+02 6.026755e+02 5.337498e+02 9.755879e+02 6.027962e+02 4.783159e+02 6.543554e+02 4.783159e+02 3.370845e+02 6.102624e+02 4.687455e+02 5.456354e+02 7.879098e+02 7.819402e+02 7.159825e+02 7.322040e+02 5.337498e+02 6.011334e+02 8.527872e+02 5.561609e+02 5.337498e+02 6.549591e+02 7.354438e+02 7.944091e+02 7.322040e+02 
2.995381e+02 2.827842e+02 3.465987e+02 2.579470e+02 3.465987e+02 3.253354e+02 2.776850e+02 3.678527e+02 3.533772e+02 3.078092e+02 2.799788e+02 3.476448e+02 2.799788e+02 2.675340e+02 3.038619e+02 3.253354e+02 2.441430e+02 3.201365e+02 3.010529e+02 3.457966e+02 3.465987e+02 3.678527e+02 2.690870e+02 3.306387e+02 3.294254e+02 3.678527e+02 3.356871e+02 4.093965e+02 2.991807e+02 3.465987e+02 
1.257129e+02 1.240895e+02 1.354332e+02 1.221517e+02 1.354332e+02 9.112155e+01 1.123416e+02 1.105806e+02 1.440585e+02 1.325046e+02 1.419632e+02 1.375512e+02 1.419632e+02 1.287399e+02 1.461591e+02 9.112155e+01 1.193475e+02 1.385919e+02 1.390208e+02 1.247760e+02 1.354332e+02 1.105806e+02 1.226848e+02 9.748459e+01 1.251027e+02 1.105806e+02 1.315131e+02 1.594660e+02 1.316826e+02 1.354332e+02 
6.672976e+01 8.101472e+01 7.900223e+01 6.801090e+01 7.900223e+01 7.407442e+01 7.163169e+01 7.079781e+01 7.544801e+01 7.356455e+01 7.884728e+01 8.561804e+01 7.884728e+01 7.370876e+01 7.833588e+01 7.407442e+01 7.527453e+01 6.968534e+01 7.282772e+01 8.049250e+01 7.900223e+01 7.079781e+01 7.062787e+01 7.657652e+01 7.604647e+01 7.079781e+01 7.648301e+01 7.655569e+01 7.222046e+01 7.900223e+01 
5.125031e+01 5.137593e+01 5.358443e+01 5.085460e+01 5.358443e+01 5.496929e+01 5.209505e+01 5.286632e+01 5.369407e+01 5.126599e+01 5.181740e+01 5.561412e+01 5.181740e+01 5.307451e+01 5.240616e+01 5.496929e+01 5.080286e+01 5.144095e+01 5.101435e+01 5.672539e+01 5.358443e+01 5.286632e+01 5.106665e+01 5.126067e+01 5.185149e+01 5.286632e+01 5.250984e+01 5.190037e+01 5.282546e+01 5.358443e+01 
4.908978e+01 4.908944e+01 4.909459e+01 4.908834e+01 4.909459e+01 4.909576e+01 4.909153e+01 4.908839e+01 4.909120e+01 4.908701e+01 4.909281e+01 4.909898e+01 4.909281e+01 4.908945e+01 4.908921e+01 4.909576e+01 4.908828e+01 4.909059e+01 4.908993e+01 4.910812e+01 4.909459e+01 4.908839e+01 4.908910e+01 4.909153e+01 4.909082e+01 4.908839e+01 4.908927e+01 4.909238e+01 4.909394e+01 4.909459e+01 
4.908448e+01 4.908448e+01 4.908448e+01 4.908448e+01 4.908448e+01 4.908448e+01 4.908448e+01 3.992139e+01 4.908448e+01 4.908448e+01 4.908448e+01 4.908448e+01 4.908448e+01 4.908448e+01 4.908448e+01 4.908448e+01 4.908448e+01 4.908448e+01 3.348193e+01 4.908448e+01 4.908448e+01 3.992139e+01 4.908448e+01 4.908448e+01 4.908448e+01 3.992139e+01 4.908448e+01 4.908448e+01 4.908448e+01 4.908448e+01 
4.908448e+01 4.489547e+01 4.908448e+01 6.215267e-02 4.908448e+01 4.030260e+00 4.908448e+01 2.893561e+01 4.908448e+01 9.854188e-03 4.489547e+01 6.769421e-04 4.489547e+01 1.316058e-05 4.489547e+01 4.030260e+00 4.908448e+01 4.908448e+01 4.030260e+00 2.599845e-01 4.908448e+01 2.893561e+01 4.908448e+01 4.908448e+01 4.489547e+01 2.893561e+01 4.908448e+01 4.908448e+01 4.489547e+01 4.908448e+01 
0.000000e+00 0.000000e+00 0.000000e+00 0.000000e+00 0.000000e+00 0.000000e+00 0.000000e+00 0.000000e+00 0.000000e+00 0.000000e+00 0.000000e+00 0.000000e+00 0.000000e+00 0.000000e+00 0.000000e+00 0.000000e+00 0.000000e+00 0.000000e+00 0.000000e+00 0.000000e+00 0.000000e+00 0.000000e+00 0.000000e+00 0.000000e+00 0.000000e+00 0.000000e+00 0.000000e+00 0.000000e+00 0.000000e+00 0.000000e+00 