   8.0440225e+01   3.4553331e+02   2.0208734e+02   1.2448917e+02   1.8065090e+02   6.6541135e+01   4.7299345e+01   2.2954567e+02   4.2032721e+02   1.1429547e+02   6.0733769e+01   8.7487973e+01   6.0733769e+01   4.0377443e+02   8.6311039e+01   6.6541135e+01   7.6670307e+01   1.4472300e+02   2.3849104e+02   6.3959097e+01   1.8065090e+02   2.2954567e+02   1.2229516e+02   3.6083587e+01   1.8040337e+02   6.6582845e+01   8.6976889e+01   6.0542226e+01   8.1795553e+01   1.8065090e+02
   8.0440225e+01   3.4553331e+02   2.0208734e+02   9.2525313e+01   1.5829222e+02   6.6541135e+01   4.6781748e+01   2.2954567e+02   2.7132551e+02   1.0255698e+02   6.0733769e+01   6.2208999e+01   6.0733769e+01   1.0519357e+02   8.6311039e+01   6.6541135e+01   7.6670307e+01   1.4472300e+02   8.5656817e+01   6.3959097e+01   1.5829222e+02   2.2954567e+02   1.2229516e+02   3.6083587e+01   1.3213105e+02   6.6582845e+01   8.6976889e+01   6.0542226e+01   8.1795553e+01   1.5829222e+02
   8.0440225e+01   3.4553331e+02   2.0208734e+02   9.2525313e+01   1.5829222e+02   6.6541135e+01   4.6781748e+01   2.2954567e+02   2.7132551e+02   1.0255698e+02   6.0733769e+01   6.2208999e+01   6.0733769e+01   1.0519357e+02   8.6311039e+01   6.6541135e+01   7.6670307e+01   1.4472300e+02   8.5656817e+01   6.3959097e+01   1.5829222e+02   2.2954567e+02   1.2229516e+02   3.6083587e+01   1.3213105e+02   6.6582845e+01   8.6976889e+01   6.0542226e+01   8.1795553e+01   1.5829222e+02
   6.1577478e+01   5.5890482e+01   1.6131026e+02   9.2525313e+01   1.5829222e+02   6.6541135e+01   4.6781748e+01   2.0839972e+02   1.8525753e+02   5.8434062e+01   6.0378928e+01   5.6869300e+01   6.0378928e+01   1.0519357e+02   8.5862318e+01   6.6541135e+01   6.0117380e+01   1.3984520e+02   8.5656817e+01   3.4384861e+01   1.5829222e+02   2.0839972e+02   6.7380303e+01   3.6083587e+01   1.3213105e+02   6.6582845e+01   4.9114530e+01   6.0542226e+01   8.1795553e+01   1.5829222e+02
   6.0610297e+01   4.8630857e+01   9.2887344e+01   8.8444867e+01   1.4228171e+02   5.9158489e+01   4.6628445e+01   1.0237485e+02   8.0458196e+01   4.4100168e+01   6.0378928e+01   5.6869300e+01   6.0378928e+01   7.0779846e+01   8.5862318e+01   5.9158489e+01   6.0117380e+01   1.3392440e+02   6.5493604e+01   3.4384861e+01   1.4228171e+02   1.0237485e+02   5.7843806e+01   3.5149102e+01   6.1972525e+01   5.2630079e+01   4.6912580e+01   6.0542226e+01   7.4715523e+01   1.4228171e+02
   5.8016478e+01   4.7970104e+01   4.9421998e+01   4.8358746e+01   4.4977765e+01   4.1016176e+01   4.1819045e+01   3.9090132e+01   8.0458196e+01   4.4100168e+01   4.4654613e+01   4.7585655e+01   4.4654613e+01   5.6777305e+01   5.9016808e+01   4.1016176e+01   6.0117380e+01   5.0013634e+01   5.3887730e+01   3.4384861e+01   4.4977765e+01   3.9090132e+01   5.7843806e+01   3.2523243e+01   6.1972525e+01   5.2172246e+01   4.6090419e+01   6.0542226e+01   3.3228034e+01   4.4977765e+01
   2.6610001e+01   4.5387214e+01   4.4807842e+01   4.6809479e+01   4.4977765e+01   4.1016176e+01   4.1819045e+01   3.8407391e+01   5.4110586e+01   4.4100168e+01   4.4654613e+01   3.6589363e+01   4.4654613e+01   5.2880608e+01   4.5011241e+01   4.1016176e+01   6.0117380e+01   5.0013634e+01   5.3862744e+01   3.4384861e+01   4.4977765e+01   3.8407391e+01   5.7843806e+01   3.2523243e+01   3.5130629e+01   4.0625118e+01   4.6090419e+01   5.8213275e+01   3.3228034e+01   4.4977765e+01
   2.6610001e+01   3.5544303e+01   4.2810808e+01   3.1116393e+01   4.1772889e+01   3.9943751e+01   3.9452106e+01   3.8407391e+01   4.5043775e+01   3.4994837e+01   3.3091208e+01   2.7262499e+01   3.3091208e+01   3.7494020e+01   3.8523762e+01   3.9943751e+01   3.9716273e+01   4.0152628e+01   3.7392453e+01   2.9927239e+01   4.1772889e+01   3.8407391e+01   4.3649709e+01   3.1932342e+01   3.4812166e+01   3.6895906e+01   4.1428523e+01   4.3219837e+01   3.0118132e+01   4.1772889e+01
   2.5390377e+01   3.0455561e+01   3.6298632e+01   3.1116393e+01   3.9463746e+01   3.3715837e+01   3.3910754e+01   3.5052678e+01   3.5430465e+01   3.1231278e+01   3.2165705e+01   2.7262499e+01   3.2165705e+01   3.3377218e+01   3.1092973e+01   3.3715837e+01   3.8352725e+01   2.8992393e+01   3.5079656e+01   2.9927239e+01   3.9463746e+01   3.5052678e+01   4.0029622e+01   2.7482812e+01   3.0223462e+01   3.0998147e+01   2.7560622e+01   3.2257665e+01   2.8683028e+01   3.9463746e+01
   2.2039844e+01   2.7546812e+01   2.9386900e+01   2.6759691e+01   2.4203094e+01   2.7575051e+01   2.8415406e+01   2.5651548e+01   3.0191880e+01   2.7467504e+01   2.8352108e+01   2.7262499e+01   2.8352108e+01   2.7606041e+01   2.8268936e+01   2.7575051e+01   2.1531947e+01   2.6611858e+01   3.0618904e+01   2.6263661e+01   2.4203094e+01   2.5651548e+01   3.1021146e+01   2.6442246e+01   2.8832493e+01   2.7942327e+01   2.7560622e+01   2.7170525e+01   2.8683028e+01   2.4203094e+01
   2.0400814e+01   2.6120108e+01   2.3693231e+01   2.3403505e+01   1.5951994e+01   2.5769341e+01   2.5775402e+01   2.3047486e+01   2.4674713e+01   2.6389483e+01   2.1628521e+01   2.5322680e+01   2.1628521e+01   2.2082345e+01   2.5696604e+01   2.5769341e+01   2.0555459e+01   2.6154880e+01   2.1448713e+01   2.4975348e+01   1.5951994e+01   2.3047486e+01   2.6042472e+01   2.6154162e+01   2.6747415e+01   2.5742554e+01   2.6003052e+01   2.5184946e+01   2.5356688e+01   1.5951994e+01
   1.2664246e+01   2.3822414e+01   2.3094755e+01   2.1736249e+01   1.4550667e+01   2.4709941e+01   2.3876310e+01   1.8518455e+01   2.2044584e+01   1.9596527e+01   1.6802249e+01   2.1151460e+01   1.6802249e+01   1.9890590e+01   2.2595519e+01   2.4709941e+01   1.9488044e+01   1.9740741e+01   8.1428771e+00   2.4277738e+01   1.4550667e+01   1.8518455e+01   2.0565852e+01   2.0234971e+01   2.1950638e+01   2.0905842e+01   2.1856945e+01   2.0878209e+01   2.3105683e+01   1.4550667e+01
   1.1600512e+01   2.3092119e+01   1.8997933e+01   1.3258753e+01   1.3028944e+01   1.4347109e+01   1.9221148e+01   1.4633373e+01   1.1232158e+01   1.4586371e+01   1.5858665e+01   1.9440954e+01   1.5858665e+01   1.8406163e+01   1.7028080e+01   1.4347109e+01   1.7664328e+01   1.1155596e+01   7.5132604e+00   1.7495212e+01   1.3028944e+01   1.4633373e+01   1.6831662e+01   1.3811560e+01   1.8299786e+01   2.0198892e+01   1.6598730e+01   1.7546939e+01   2.1848668e+01   1.3028944e+01
   1.1364080e+01   1.5475735e+01   7.1792744e+00   1.0362990e+01   1.2201108e+01   7.6894553e+00   1.5325927e+01   1.2157535e+01   5.4402564e+00   1.0234720e+01   1.0445951e+01   1.3458484e+01   1.0445951e+01   1.7853202e+01   1.3932444e+01   7.6894553e+00   1.0176958e+01   9.3147541e+00   7.4444866e+00   1.2396676e+01   1.2201108e+01   1.2157535e+01   9.1266096e+00   1.0698398e+01   8.3173602e+00   1.0704159e+01   1.1064714e+01   1.1907749e+01   2.0973526e+01   1.2201108e+01
   9.5302797e+00   7.4670470e+00   5.2731275e+00   6.7096985e+00   6.8851641e+00   6.7577154e+00   7.8112526e+00   7.7561369e+00   2.1893999e+00   7.7541809e+00   4.3171883e+00   1.0450553e+01   4.3171883e+00   6.9180195e+00   6.8634257e+00   6.7577154e+00   6.6159387e+00   6.4689003e+00   6.3479599e+00   1.0162688e+01   6.8851641e+00   7.7561369e+00   6.1514198e+00   7.1692727e+00   6.7328332e+00   7.5938786e+00   8.6856726e+00   4.9479202e+00   8.5204718e+00   6.8851641e+00
   8.2977393e-02   3.0560113e-01   3.2694519e-01   1.0980996e-01   8.1980031e-02   2.2614186e-02   6.6533803e-01   1.5089551e-01   3.6518066e-01   7.4335692e-01   1.2675786e-01   6.7546017e-01   1.2675786e-01   2.0207352e-01   3.4018438e-01   2.2614186e-02   1.0952254e-01   6.3555865e-02   2.6211840e-01   7.5559498e-01   8.1980031e-02   1.5089551e-01   7.0371571e-01   1.9306638e-01   6.2295329e-01   1.9870609e-01   2.5213909e-01   1.6658804e-01   1.8662830e-01   8.1980031e-02
