   2.3363186e+02   2.4550204e+02   2.7478056e+02   2.6980737e+02   2.9903042e+02   2.3915027e+02   2.7315249e+02   2.8856301e+02   2.6480755e+02   2.9004524e+02   2.5569661e+02   2.7970548e+02   2.5569661e+02   2.3702694e+02   2.2979912e+02   2.3915027e+02   2.4275442e+02   2.6975588e+02   2.6298194e+02   2.7352996e+02   2.9903042e+02   2.8856301e+02   2.6190744e+02   2.7487104e+02   2.6433099e+02   2.8153772e+02   2.6131917e+02   2.1495594e+02   2.8186548e+02   2.9903042e+02
   2.3363186e+02   2.4550204e+02   2.7478056e+02   2.6980737e+02   2.9903042e+02   2.3915027e+02   2.7315249e+02   2.8856301e+02   2.6480755e+02   2.9004524e+02   2.5569661e+02   2.7970548e+02   2.5569661e+02   2.3702694e+02   2.2979912e+02   2.3915027e+02   2.4275442e+02   2.6975588e+02   2.6298194e+02   2.7352996e+02   2.9903042e+02   2.8856301e+02   2.6190744e+02   2.7487104e+02   2.6433099e+02   2.8153772e+02   2.6131917e+02   2.1495594e+02   2.8186548e+02   2.9903042e+02
   2.3363186e+02   2.4550204e+02   2.7478056e+02   2.6980737e+02   2.9903042e+02   2.3915027e+02   2.7315249e+02   2.8856301e+02   2.6480755e+02   2.9004524e+02   2.5569661e+02   2.7970548e+02   2.5569661e+02   2.3702694e+02   2.2979912e+02   2.3915027e+02   2.4275442e+02   2.6975588e+02   2.6298194e+02   2.7352996e+02   2.9903042e+02   2.8856301e+02   2.6190744e+02   2.7487104e+02   2.6433099e+02   2.8153772e+02   2.6131917e+02   2.1495594e+02   2.8186548e+02   2.9903042e+02
   2.3363186e+02   2.4550204e+02   2.7478056e+02   2.6980737e+02   2.5838851e+02   2.3915027e+02   2.0411999e+02   2.8856301e+02   2.4050264e+02   2.7453337e+02   2.5569661e+02   2.5642875e+02   2.5569661e+02   2.3702694e+02   2.2979912e+02   2.3915027e+02   2.4275442e+02   2.6872504e+02   2.5985862e+02   2.4702902e+02   2.5838851e+02   2.8856301e+02   2.6190744e+02   2.5168514e+02   2.6433099e+02   2.6480296e+02   2.6131917e+02   2.1495594e+02   2.6448188e+02   2.5838851e+02
   2.3363186e+02   2.4550204e+02   2.4050415e+02   2.4362969e+02   2.5581971e+02   2.3915027e+02   2.0411999e+02   2.6291115e+02   2.4050264e+02   2.6549077e+02   2.5569661e+02   2.3374097e+02   2.5569661e+02   2.3702694e+02   2.2979912e+02   2.3915027e+02   2.4275442e+02   2.6288100e+02   2.2942428e+02   2.4702902e+02   2.5581971e+02   2.6291115e+02   2.6190744e+02   2.5168514e+02   2.5785324e+02   2.6406904e+02   2.5900745e+02   2.1495594e+02   2.2746312e+02   2.5581971e+02
   2.3363186e+02   2.4550204e+02   2.4050415e+02   2.4362969e+02   2.2303994e+02   2.0547002e+02   2.0411999e+02   2.6291115e+02   2.2932599e+02   2.5660108e+02   2.3553152e+02   2.2716286e+02   2.3553152e+02   2.3186128e+02   1.8884077e+02   2.0547002e+02   2.4164742e+02   2.5923415e+02   2.2942428e+02   2.0422019e+02   2.2303994e+02   2.6291115e+02   2.4692478e+02   2.4222885e+02   2.1525991e+02   2.4897865e+02   2.4535195e+02   2.1495594e+02   2.2746312e+02   2.2303994e+02
   2.2885744e+02   2.1681610e+02   2.3386874e+02   2.1348701e+02   2.2303994e+02   2.0547002e+02   2.0396414e+02   2.5880077e+02   2.2547304e+02   1.9271623e+02   2.2256189e+02   2.1014298e+02   2.2256189e+02   2.2671635e+02   1.8884077e+02   2.0547002e+02   2.0934809e+02   2.1617943e+02   2.2942428e+02   2.0422019e+02   2.2303994e+02   2.5880077e+02   2.3735029e+02   2.1512448e+02   2.0396689e+02   2.2639474e+02   2.2790323e+02   2.1495594e+02   2.1418984e+02   2.2303994e+02
   1.7621303e+02   2.1200718e+02   2.0734036e+02   2.1348701e+02   2.1140689e+02   1.9456292e+02   1.8749221e+02   2.1056367e+02   2.1008070e+02   1.7711759e+02   2.2256189e+02   2.0399941e+02   2.2256189e+02   2.0241758e+02   1.8884077e+02   1.9456292e+02   2.0286750e+02   2.0281711e+02   2.0891110e+02   1.9544031e+02   2.1140689e+02   2.1056367e+02   1.9592971e+02   1.8571136e+02   2.0393097e+02   2.1879535e+02   1.9963020e+02   2.0558703e+02   1.9114298e+02   2.1140689e+02
   1.6518784e+02   1.9704447e+02   1.6870145e+02   1.8154872e+02   1.8340272e+02   1.8088416e+02   1.8600689e+02   1.8473870e+02   1.5845356e+02   1.5688536e+02   1.7590718e+02   1.6694083e+02   1.7590718e+02   1.7239777e+02   1.6599033e+02   1.8088416e+02   1.7562607e+02   1.9555371e+02   1.8552756e+02   1.7660788e+02   1.8340272e+02   1.8473870e+02   1.8142280e+02   1.6147691e+02   1.7986872e+02   1.6167894e+02   1.8475181e+02   1.8369773e+02   1.6996991e+02   1.8340272e+02
   1.5078618e+02   1.7648037e+02   1.5378533e+02   1.7373625e+02   1.5579857e+02   1.6035710e+02   1.5166495e+02   1.5648683e+02   1.5845356e+02   1.4615336e+02   1.6318349e+02   1.5050163e+02   1.6318349e+02   1.5845515e+02   1.5679475e+02   1.6035710e+02   1.5137194e+02   1.5976260e+02   1.6741045e+02   1.6054985e+02   1.5579857e+02   1.5648683e+02   1.4021712e+02   1.6147691e+02   1.4634513e+02   1.5545150e+02   1.5153897e+02   1.4546199e+02   1.3225587e+02   1.5579857e+02
   1.4095230e+02   1.3511983e+02   1.3319007e+02   1.3302701e+02   1.2043797e+02   1.1996049e+02   1.2913694e+02   1.2667293e+02   1.0654665e+02   1.2911115e+02   1.2320758e+02   1.1197886e+02   1.2320758e+02   1.1708025e+02   1.2132198e+02   1.1996049e+02   1.2467868e+02   1.3352210e+02   1.1045740e+02   1.3383701e+02   1.2043797e+02   1.2667293e+02   1.3055722e+02   1.3187439e+02   1.2918171e+02   1.3611286e+02   1.1518338e+02   1.1635025e+02   1.0538700e+02   1.2043797e+02
   1.0151375e+02   1.2629730e+02   1.1861879e+02   1.0423225e+02   1.0508408e+02   1.0222599e+02   8.7883517e+01   1.0964442e+02   9.8995849e+01   1.0720925e+02   1.0556185e+02   1.0512910e+02   1.0556185e+02   9.8021705e+01   1.1183457e+02   1.0222599e+02   1.1491633e+02   1.1425702e+02   8.8451506e+01   1.0021442e+02   1.0508408e+02   1.0964442e+02   9.1784105e+01   9.0469754e+01   1.0959370e+02   1.0064438e+02   1.0276115e+02   7.9577463e+01   8.3186965e+01   1.0508408e+02
   8.3783142e+01   7.3444245e+01   8.6749752e+01   7.1502754e+01   7.7163854e+01   7.4611294e+01   7.2279581e+01   7.5995925e+01   7.7288584e+01   7.3881404e+01   7.2801138e+01   7.7771903e+01   7.2801138e+01   6.7306160e+01   7.6264393e+01   7.4611294e+01   7.8521947e+01   8.0228072e+01   7.2469765e+01   8.1673898e+01   7.7163854e+01   7.5995925e+01   7.0557455e+01   4.6455029e+01   7.8281374e+01   7.8117846e+01   7.2476985e+01   6.5952952e+01   6.9177639e+01   7.7163854e+01
   4.2180531e+01   3.1401915e+01   4.3830490e+01   5.3641409e+01   4.8249468e+01   5.9471120e+01   4.4301118e+01   4.9390886e+01   4.4926021e+01   5.4764736e+01   5.5925028e+01   4.6961273e+01   5.5925028e+01   3.5930532e+01   3.0163441e+01   5.9471120e+01   4.1084199e+01   5.6720502e+01   4.0624041e+01   5.2553108e+01   4.8249468e+01   4.9390886e+01   4.0627487e+01   3.4959492e+01   4.4535114e+01   4.8010070e+01   3.9074607e+01   4.6887456e+01   4.3963195e+01   4.8249468e+01
   3.3678236e+01   2.1687066e+01   2.3261503e+01   2.8585889e+01   3.2668764e+01   3.4115251e+01   2.9019634e+01   2.7242634e+01   3.4220616e+01   2.6526215e+01   2.5841836e+01   3.4215676e+01   2.5841836e+01   2.7540830e+01   2.3210245e+01   3.4115251e+01   2.3412810e+01   3.3067839e+01   2.6020444e+01   3.3528302e+01   3.2668764e+01   2.7242634e+01   3.2359616e+01   2.7356199e+01   2.9443018e+01   2.5976593e+01   3.0042307e+01   2.1169525e+01   1.8482985e+01   3.2668764e+01
   2.2884023e+01   1.9899166e+01   2.1889084e+01   2.2884043e+01   1.9899171e+01   2.2884038e+01   1.8904212e+01   2.3878997e+01   2.7858828e+01   2.2884043e+01   2.1889069e+01   2.5507652e+01   2.1889069e+01   2.6863874e+01   2.0894125e+01   2.2884038e+01   1.9899166e+01   2.7858833e+01   2.0894130e+01   2.9848731e+01   1.9899171e+01   2.3878997e+01   2.8853767e+01   2.3878997e+01   2.2884038e+01   2.4100403e+01   2.7858813e+01   1.7909253e+01   1.5919340e+01   1.9899171e+01
