1.014385e+03 1.362073e+03 1.395491e+03 1.470713e+03 1.268318e+03 1.466754e+03 7.907929e+02 1.282647e+03 8.201056e+02 1.012309e+03 1.092410e+03 8.941806e+02 9.682289e+02 1.264175e+03 1.604423e+03 1.466754e+03 1.238663e+03 8.128929e+02 1.110836e+03 1.160355e+03 8.245522e+02 8.098260e+02 9.356703e+02 9.217130e+02 1.191108e+03 1.008369e+03 7.720326e+02 8.115378e+02 1.060572e+03 8.245522e+02 
1.014385e+03 1.362073e+03 1.395491e+03 1.470713e+03 1.268318e+03 1.466754e+03 7.907929e+02 1.282647e+03 8.201056e+02 1.012309e+03 1.092410e+03 8.941806e+02 9.682289e+02 1.264175e+03 1.604423e+03 1.466754e+03 1.238663e+03 8.128929e+02 1.110836e+03 1.160355e+03 8.245522e+02 8.098260e+02 9.356703e+02 9.217130e+02 1.191108e+03 1.008369e+03 7.720326e+02 8.115378e+02 1.060572e+03 8.245522e+02 
1.014385e+03 1.362073e+03 1.395491e+03 1.470713e+03 1.268318e+03 1.466754e+03 7.907929e+02 1.282647e+03 8.201056e+02 1.012309e+03 1.092410e+03 8.941806e+02 9.682289e+02 1.264175e+03 1.604423e+03 1.466754e+03 1.238663e+03 8.128929e+02 1.110836e+03 1.160355e+03 8.245522e+02 8.098260e+02 9.356703e+02 9.217130e+02 1.191108e+03 1.008369e+03 7.720326e+02 8.115378e+02 1.060572e+03 8.245522e+02 
9.956117e+02 1.232811e+03 1.395491e+03 1.470713e+03 8.614653e+02 1.466754e+03 7.907929e+02 1.268989e+03 7.829486e+02 1.005154e+03 1.092410e+03 8.941806e+02 9.682289e+02 1.264175e+03 1.072991e+03 1.466754e+03 1.238663e+03 8.128929e+02 1.110836e+03 1.008932e+03 8.245522e+02 8.098260e+02 9.183380e+02 8.284710e+02 9.606705e+02 9.055840e+02 7.720326e+02 7.636386e+02 7.975035e+02 8.245522e+02 
9.956117e+02 1.073963e+03 1.313050e+03 1.381017e+03 8.095639e+02 1.421995e+03 7.874442e+02 1.268989e+03 7.829486e+02 1.005154e+03 1.037482e+03 8.878652e+02 9.682289e+02 1.096936e+03 1.072991e+03 1.421995e+03 1.226543e+03 6.318135e+02 1.110836e+03 9.975791e+02 8.245522e+02 7.648576e+02 8.995681e+02 8.284710e+02 9.606705e+02 8.933235e+02 7.406538e+02 7.636386e+02 7.975035e+02 8.245522e+02 
9.833870e+02 8.895385e+02 1.076923e+03 1.290507e+03 6.936539e+02 1.353243e+03 7.289047e+02 8.573080e+02 7.759016e+02 9.554444e+02 7.014212e+02 7.076125e+02 9.670685e+02 9.310934e+02 9.653592e+02 1.353243e+03 1.001278e+03 6.318135e+02 6.444890e+02 9.740732e+02 8.245522e+02 7.648576e+02 7.226473e+02 7.671101e+02 6.313251e+02 8.258653e+02 6.439568e+02 7.577304e+02 6.838403e+02 8.245522e+02 
7.691599e+02 8.381748e+02 9.714494e+02 1.005266e+03 4.784884e+02 5.541541e+02 6.727398e+02 6.779654e+02 5.926265e+02 8.272209e+02 6.821796e+02 7.076125e+02 8.663359e+02 8.953464e+02 7.698867e+02 5.541541e+02 7.599243e+02 6.318135e+02 5.876432e+02 6.928920e+02 7.963137e+02 7.648576e+02 5.941159e+02 5.950845e+02 3.451553e+02 7.138105e+02 5.880564e+02 7.575357e+02 6.838403e+02 7.963137e+02 
5.091778e+02 5.051187e+02 6.875394e+02 6.308966e+02 4.509322e+02 5.541541e+02 4.880730e+02 4.623375e+02 5.136214e+02 5.512884e+02 5.800172e+02 5.171503e+02 6.021292e+02 5.100715e+02 5.159124e+02 5.541541e+02 5.589064e+02 5.016142e+02 4.865810e+02 4.917847e+02 6.270659e+02 7.057952e+02 4.198360e+02 5.113854e+02 3.155196e+02 6.022842e+02 5.226185e+02 4.885573e+02 5.461502e+02 6.270659e+02 
3.810203e+02 3.825240e+02 4.301661e+02 3.522752e+02 3.995331e+02 4.925828e+02 3.162089e+02 3.670478e+02 3.197751e+02 3.962636e+02 4.116993e+02 3.481839e+02 3.993067e+02 3.844925e+02 3.341400e+02 4.925828e+02 3.102897e+02 3.980511e+02 4.099408e+02 3.732514e+02 3.276149e+02 4.262998e+02 4.074129e+02 4.052923e+02 3.012301e+02 3.834599e+02 3.029375e+02 4.447296e+02 4.271912e+02 3.276149e+02 
2.759316e+02 2.553718e+02 2.632937e+02 2.573209e+02 2.657416e+02 2.618281e+02 2.487565e+02 2.590455e+02 2.542640e+02 2.764941e+02 2.473210e+02 2.569309e+02 2.529062e+02 2.757719e+02 2.624036e+02 2.618281e+02 2.723623e+02 2.795269e+02 2.592555e+02 2.424294e+02 2.751844e+02 2.590839e+02 2.621069e+02 2.663759e+02 2.498815e+02 2.609950e+02 2.541828e+02 2.607977e+02 2.803164e+02 2.751844e+02 
2.002217e+02 2.037455e+02 2.034371e+02 2.008571e+02 1.981154e+02 1.955999e+02 2.014395e+02 1.976725e+02 1.950804e+02 1.954424e+02 2.005441e+02 2.048027e+02 1.967078e+02 2.029231e+02 1.993277e+02 1.955999e+02 1.990258e+02 1.968471e+02 1.976059e+02 1.995364e+02 2.034248e+02 1.987397e+02 1.964394e+02 1.980513e+02 2.018206e+02 1.991094e+02 2.048797e+02 2.003418e+02 2.008211e+02 2.034248e+02 
1.853150e+02 1.857616e+02 1.849129e+02 1.845324e+02 1.838926e+02 1.851775e+02 1.843250e+02 1.834180e+02 1.828180e+02 1.843408e+02 1.837247e+02 1.856348e+02 1.849605e+02 1.830683e+02 1.835927e+02 1.851775e+02 1.842046e+02 1.842873e+02 1.841888e+02 1.829704e+02 1.854568e+02 1.845540e+02 1.846131e+02 1.842302e+02 1.846073e+02 1.845324e+02 1.834024e+02 1.842360e+02 1.841867e+02 1.854568e+02 
1.813262e+02 1.813907e+02 1.812875e+02 1.812412e+02 1.812756e+02 1.811570e+02 1.812164e+02 1.811755e+02 1.811411e+02 1.812241e+02 1.811259e+02 1.811177e+02 1.812505e+02 1.810820e+02 1.812841e+02 1.811570e+02 1.812733e+02 1.815388e+02 1.812802e+02 1.811459e+02 1.809671e+02 1.811089e+02 1.813407e+02 1.811902e+02 1.811497e+02 1.812846e+02 1.810938e+02 1.810623e+02 1.810079e+02 1.809671e+02 
1.807943e+02 1.808006e+02 1.807974e+02 1.807952e+02 1.807923e+02 1.807935e+02 1.807955e+02 1.807939e+02 1.807934e+02 1.807893e+02 1.807994e+02 1.807895e+02 1.807960e+02 1.807903e+02 1.807946e+02 1.807935e+02 1.807986e+02 1.807921e+02 1.807993e+02 1.807962e+02 1.807890e+02 1.807915e+02 1.808083e+02 1.808052e+02 1.807907e+02 1.807953e+02 1.807953e+02 1.807905e+02 1.807897e+02 1.807890e+02 
1.807813e+02 1.807813e+02 1.807813e+02 1.807813e+02 1.807813e+02 1.807813e+02 1.807813e+02 1.807813e+02 1.807813e+02 1.807813e+02 1.807813e+02 1.807813e+02 1.807813e+02 1.807813e+02 1.807813e+02 1.807813e+02 1.807813e+02 1.807813e+02 1.807813e+02 1.807813e+02 1.807813e+02 1.807813e+02 1.807813e+02 1.807813e+02 1.807813e+02 1.807813e+02 1.807813e+02 1.807813e+02 1.807813e+02 1.807813e+02 
1.807813e+02 1.807813e+02 1.807813e+02 1.807813e+02 1.807813e+02 1.807813e+02 1.807813e+02 1.807813e+02 1.807813e+02 1.807813e+02 1.807813e+02 1.807813e+02 1.807813e+02 1.807813e+02 1.807813e+02 1.807813e+02 1.807813e+02 1.807813e+02 1.807813e+02 1.807813e+02 1.807813e+02 1.807813e+02 1.807813e+02 1.807813e+02 1.807813e+02 1.807813e+02 1.807813e+02 1.807813e+02 1.807813e+02 1.807813e+02 
0.000000e+00 0.000000e+00 0.000000e+00 0.000000e+00 0.000000e+00 0.000000e+00 0.000000e+00 0.000000e+00 0.000000e+00 0.000000e+00 0.000000e+00 0.000000e+00 0.000000e+00 0.000000e+00 0.000000e+00 0.000000e+00 0.000000e+00 0.000000e+00 0.000000e+00 0.000000e+00 0.000000e+00 0.000000e+00 0.000000e+00 0.000000e+00 0.000000e+00 0.000000e+00 0.000000e+00 0.000000e+00 0.000000e+00 0.000000e+00 