   2.5283254e+03   3.2430359e+03   2.7875159e+03   3.6227951e+03   3.4099057e+03   2.5737155e+03   3.0348115e+03   2.9541792e+03   2.8757904e+03   2.6063057e+03   2.7413013e+03   2.6782035e+03   2.7413013e+03   2.7150835e+03   2.7393687e+03   2.5737155e+03   2.7980542e+03   2.6800878e+03   2.5777212e+03   2.8257338e+03   3.4099057e+03   4.1271657e+03   2.5463927e+03   2.6081883e+03   3.0360832e+03   3.0361096e+03   2.6265400e+03   2.8058409e+03   2.9961867e+03   2.8100530e+03
   2.5283254e+03   3.1333894e+03   2.6420475e+03   3.0563184e+03   3.1777041e+03   2.5737155e+03   2.6793173e+03   2.7519316e+03   2.8757904e+03   2.6063057e+03   2.7413013e+03   2.6194303e+03   2.7413013e+03   2.7150835e+03   2.7393687e+03   2.5737155e+03   2.6878862e+03   2.6649725e+03   2.5777212e+03   2.8099365e+03   3.1777041e+03   3.0082003e+03   2.5463927e+03   2.6081883e+03   2.5733899e+03   2.5522415e+03   2.6265400e+03   2.6806658e+03   2.6722996e+03   2.5515045e+03
   2.5283254e+03   3.1333894e+03   2.6420475e+03   3.0563184e+03   3.1777041e+03   2.5737155e+03   2.6793173e+03   2.7519316e+03   2.8757904e+03   2.6063057e+03   2.7413013e+03   2.6194303e+03   2.7413013e+03   2.7150835e+03   2.7393687e+03   2.5737155e+03   2.6878862e+03   2.6649725e+03   2.5777212e+03   2.8099365e+03   3.1777041e+03   3.0082003e+03   2.5463927e+03   2.6081883e+03   2.5733899e+03   2.5522415e+03   2.6265400e+03   2.6806658e+03   2.6722996e+03   2.5515045e+03
   2.5231644e+03   2.9909360e+03   2.5640421e+03   2.8688538e+03   3.1332533e+03   2.5612135e+03   2.6708915e+03   2.7519316e+03   2.8757904e+03   2.6063057e+03   2.7413013e+03   2.6194303e+03   2.7413013e+03   2.6280652e+03   2.7393687e+03   2.5612135e+03   2.6655116e+03   2.6381867e+03   2.5777212e+03   2.6854601e+03   3.1332533e+03   2.7540108e+03   2.5458676e+03   2.5998219e+03   2.5471774e+03   2.5522415e+03   2.6265400e+03   2.6326131e+03   2.6640729e+03   2.5515045e+03
   2.5231644e+03   2.7448684e+03   2.5640421e+03   2.7478052e+03   2.5486115e+03   2.5591479e+03   2.6610728e+03   2.7516582e+03   2.6214529e+03   2.5891817e+03   2.5356976e+03   2.5819304e+03   2.5356976e+03   2.6032518e+03   2.5567864e+03   2.5591479e+03   2.6655116e+03   2.6082485e+03   2.5777212e+03   2.6461571e+03   2.5486115e+03   2.6548933e+03   2.5425112e+03   2.5591289e+03   2.5471774e+03   2.5522415e+03   2.5881177e+03   2.5390738e+03   2.6640729e+03   2.5515045e+03
   2.5230368e+03   2.6458952e+03   2.5640421e+03   2.6041348e+03   2.5317795e+03   2.5531611e+03   2.5584543e+03   2.6195451e+03   2.5949871e+03   2.5891817e+03   2.5356976e+03   2.5434349e+03   2.5356976e+03   2.5339418e+03   2.5567864e+03   2.5531611e+03   2.5392167e+03   2.5389665e+03   2.5568740e+03   2.6210148e+03   2.5317795e+03   2.5727931e+03   2.5424253e+03   2.5591289e+03   2.5471774e+03   2.5522415e+03   2.5863549e+03   2.5390738e+03   2.6506860e+03   2.5285611e+03
   2.5167469e+03   2.6200785e+03   2.5209851e+03   2.5548642e+03   2.5142105e+03   2.5333587e+03   2.5263819e+03   2.5358093e+03   2.5728715e+03   2.5833075e+03   2.5280667e+03   2.5298441e+03   2.5280667e+03   2.5292819e+03   2.5267100e+03   2.5333587e+03   2.5240963e+03   2.5380981e+03   2.5568740e+03   2.5508948e+03   2.5142105e+03   2.5348665e+03   2.5203126e+03   2.5341772e+03   2.5197069e+03   2.5227932e+03   2.5238127e+03   2.5390738e+03   2.5694891e+03   2.5144241e+03
   2.5115835e+03   2.5531618e+03   2.5198035e+03   2.5169504e+03   2.5141657e+03   2.5208766e+03   2.5221998e+03   2.5071881e+03   2.5465033e+03   2.5192074e+03   2.5115830e+03   2.5067120e+03   2.5115830e+03   2.5130654e+03   2.5162842e+03   2.5208766e+03   2.5240963e+03   2.5268597e+03   2.5121975e+03   2.5129481e+03   2.5141657e+03   2.5286648e+03   2.5152817e+03   2.5189006e+03   2.5162020e+03   2.5207200e+03   2.5162636e+03   2.5321812e+03   2.5161075e+03   2.5139781e+03
   2.5112940e+03   2.5189967e+03   2.5166318e+03   2.5070475e+03   2.5072056e+03   2.5087694e+03   2.5125301e+03   2.5071881e+03   2.5102814e+03   2.5097911e+03   2.5115535e+03   2.5065062e+03   2.5115535e+03   2.5051517e+03   2.5111020e+03   2.5087694e+03   2.5173331e+03   2.5088377e+03   2.5100225e+03   2.5048179e+03   2.5072056e+03   2.5065691e+03   2.5080393e+03   2.5052856e+03   2.5088148e+03   2.5052125e+03   2.5058523e+03   2.5114440e+03   2.5120195e+03   2.5082985e+03
   2.5037537e+03   2.5029233e+03   2.5088826e+03   2.5050447e+03   2.5027457e+03   2.5026617e+03   2.5036619e+03   2.5026215e+03   2.5060093e+03   2.5041237e+03   2.5018235e+03   2.5037224e+03   2.5018235e+03   2.5025321e+03   2.5031715e+03   2.5026617e+03   2.5084659e+03   2.5063848e+03   2.5039597e+03   2.5028790e+03   2.5027457e+03   2.5035603e+03   2.5058849e+03   2.5046152e+03   2.5051987e+03   2.5032394e+03   2.5033330e+03   2.5067921e+03   2.5077256e+03   2.5029981e+03
   2.5013805e+03   2.5014319e+03   2.5016432e+03   2.5016888e+03   2.5015162e+03   2.5014329e+03   2.5013585e+03   2.5010978e+03   2.5009449e+03   2.5010849e+03   2.5012749e+03   2.5012151e+03   2.5012749e+03   2.5007649e+03   2.5012895e+03   2.5014329e+03   2.5019009e+03   2.5010841e+03   2.5011394e+03   2.5011404e+03   2.5015162e+03   2.5012211e+03   2.5014159e+03   2.5018717e+03   2.5014914e+03   2.5007303e+03   2.5014339e+03   2.5013945e+03   2.5013147e+03   2.5011328e+03
   2.5003769e+03   2.5009796e+03   2.5010692e+03   2.5006458e+03   2.5007531e+03   2.5008417e+03   2.5006293e+03   2.5008282e+03   2.5003749e+03   2.5008735e+03   2.5005141e+03   2.5005370e+03   2.5005141e+03   2.5005859e+03   2.5005216e+03   2.5008417e+03   2.5007132e+03   2.5009324e+03   2.5007876e+03   2.5008437e+03   2.5007531e+03   2.5006755e+03   2.5008765e+03   2.5009798e+03   2.5005627e+03   2.5007303e+03   2.5007687e+03   2.5009560e+03   2.5008387e+03   2.5006267e+03
   2.5003769e+03   2.5005049e+03   2.5005540e+03   2.5004614e+03   2.5003364e+03   2.5005134e+03   2.5006293e+03   2.5005898e+03   2.5003749e+03   2.5005699e+03   2.5005043e+03   2.5004880e+03   2.5005043e+03   2.5005249e+03   2.5005216e+03   2.5005134e+03   2.5006425e+03   2.5005203e+03   2.5005543e+03   2.5005698e+03   2.5003364e+03   2.5005142e+03   2.5005274e+03   2.5003921e+03   2.5005627e+03   2.5005801e+03   2.5005006e+03   2.5006549e+03   2.5004165e+03   2.5005691e+03
   2.5003256e+03   2.5003543e+03   2.5004084e+03   2.5004580e+03   2.5003364e+03   2.5004706e+03   2.5004032e+03   2.5003292e+03   2.5003657e+03   2.5004589e+03   2.5004418e+03   2.5003145e+03   2.5004418e+03   2.5002779e+03   2.5004468e+03   2.5004706e+03   2.5004173e+03   2.5003473e+03   2.5004342e+03   2.5004168e+03   2.5003364e+03   2.5004038e+03   2.5004732e+03   2.5003921e+03   2.5004770e+03   2.5004621e+03   2.5004718e+03   2.5004638e+03   2.5004165e+03   2.5004708e+03
   2.5002507e+03   2.5003535e+03   2.5003235e+03   2.5003874e+03   2.5002701e+03   2.5003418e+03   2.5003452e+03   2.5003187e+03   2.5003160e+03   2.5002890e+03   2.5003491e+03   2.5002687e+03   2.5003491e+03   2.5001714e+03   2.5003241e+03   2.5003418e+03   2.5002227e+03   2.5002508e+03   2.5003531e+03   2.5002781e+03   2.5002701e+03   2.5003219e+03   2.5002657e+03   2.5003093e+03   2.5002524e+03   2.5003211e+03   2.5003448e+03   2.5003392e+03   2.5003019e+03   2.5003437e+03
   2.5001421e+03   2.5002832e+03   2.5002749e+03   2.5002560e+03   2.5002059e+03   2.5002223e+03   2.5002631e+03   2.5002266e+03   2.5002484e+03   2.5002170e+03   2.5002588e+03   2.5002019e+03   2.5002588e+03   2.5001664e+03   2.5002659e+03   2.5002223e+03   2.5001952e+03   2.5002036e+03   2.5002129e+03   2.5002533e+03   2.5002059e+03   2.5002440e+03   2.5002505e+03   2.5002905e+03   2.5002299e+03   2.5002376e+03   2.5002551e+03   2.5002879e+03   2.5002373e+03   2.5002141e+03
