4.013207e+03 4.752349e+03 1.381863e+03 3.727066e+03 4.985899e+03 2.015077e+03 5.181888e+03 1.246266e+03 5.375360e+03 5.249431e+03 4.907888e+03 2.554822e+03 3.412636e+03 1.036626e+03 5.440536e+03 5.291322e+03 4.499928e+03 4.636912e+03 5.030274e+03 3.928982e+03 4.985899e+03 4.474702e+03 4.793375e+03 3.450453e+03 5.270547e+03 2.757044e+02 5.503344e+03 3.846160e+02 2.653369e+03 4.504370e+03 
4.013207e+03 4.752349e+03 1.381863e+03 3.727066e+03 4.985899e+03 2.015077e+03 5.181888e+03 1.246266e+03 5.375360e+03 5.249431e+03 4.907888e+03 2.554822e+03 3.412636e+03 1.036626e+03 5.440536e+03 5.291322e+03 4.499928e+03 4.636912e+03 5.030274e+03 3.928982e+03 4.985899e+03 4.474702e+03 4.793375e+03 3.450453e+03 5.270547e+03 2.757044e+02 5.503344e+03 3.846160e+02 2.653369e+03 4.504370e+03 
4.013207e+03 4.752349e+03 1.381863e+03 3.727066e+03 4.985899e+03 2.015077e+03 5.181888e+03 1.246266e+03 5.375360e+03 5.249431e+03 4.907888e+03 2.554822e+03 3.412636e+03 1.036626e+03 5.440536e+03 5.291322e+03 4.499928e+03 4.636912e+03 5.030274e+03 3.928982e+03 4.985899e+03 4.474702e+03 4.793375e+03 3.450453e+03 5.270547e+03 2.757044e+02 5.503344e+03 3.846160e+02 2.653369e+03 4.504370e+03 
4.013207e+03 3.762689e+03 1.381863e+03 2.263653e+03 3.782990e+03 2.015077e+03 5.072418e+03 1.246266e+03 5.180227e+03 5.249431e+03 4.644655e+03 2.461092e+03 3.412636e+03 8.601316e+02 5.384697e+03 4.862530e+03 3.734150e+03 3.283822e+03 5.030274e+03 2.114009e+03 3.782990e+03 4.474702e+03 4.793375e+03 3.450453e+03 5.270547e+03 2.237403e+02 5.409840e+03 3.846160e+02 2.653369e+03 4.335616e+03 
4.013207e+03 1.127827e+03 1.381863e+03 2.263653e+03 3.782990e+03 1.731181e+03 3.816419e+03 1.206889e+03 5.043560e+03 5.076020e+03 4.644655e+03 2.461092e+03 2.978864e+03 6.225506e+02 5.043614e+03 5.117043e+02 3.701850e+03 3.283822e+03 5.030274e+03 2.114009e+03 3.782990e+03 4.474702e+03 4.793375e+03 3.450453e+03 5.270547e+03 2.114059e+02 5.156399e+03 3.798173e+02 2.586077e+03 3.921185e+03 
4.013207e+03 7.164383e+02 5.879043e+02 4.292298e+02 2.844316e+03 1.538281e+03 2.867290e+03 6.252656e+02 3.358883e+03 5.056454e+03 4.551850e+03 2.461092e+03 2.577499e+03 5.353136e+02 4.490856e+03 5.117043e+02 3.701850e+03 3.283822e+03 3.809868e+03 2.114009e+03 2.844316e+03 2.339350e+03 1.624727e+03 1.571019e+03 2.821711e+03 2.106224e+02 4.842302e+03 3.460095e+02 2.586077e+03 3.921185e+03 
3.961261e+03 7.164383e+02 5.879043e+02 4.292298e+02 7.982387e+02 7.343966e+02 1.665502e+03 3.641283e+02 3.358883e+03 1.137097e+03 1.262214e+03 3.312917e+02 7.207378e+02 4.406254e+02 3.633844e+03 4.365738e+02 9.033344e+02 3.168576e+03 2.573279e+03 2.114009e+03 7.982387e+02 1.812493e+03 1.020599e+03 2.543376e+02 1.974792e+03 1.996126e+02 1.279466e+03 3.130432e+02 6.758515e+02 4.439238e+02 
7.063565e+02 4.550652e+02 4.592897e+02 3.873605e+02 6.911281e+02 2.842192e+02 5.444221e+02 2.732619e+02 6.378640e+02 6.628993e+02 6.651975e+02 3.293503e+02 5.916836e+02 4.406254e+02 1.161502e+03 4.320004e+02 3.704615e+02 1.261105e+03 3.211244e+02 3.219028e+02 6.911281e+02 8.696040e+02 5.538154e+02 2.541924e+02 3.573505e+02 1.996126e+02 3.559617e+02 3.010792e+02 6.758515e+02 3.700079e+02 
3.267559e+02 2.366590e+02 1.952888e+02 1.940620e+02 2.079168e+02 1.580266e+02 2.021913e+02 1.885552e+02 2.266304e+02 2.567511e+02 2.235031e+02 1.516987e+02 2.212670e+02 2.489328e+02 2.745403e+02 2.067568e+02 2.610542e+02 4.744852e+02 2.364445e+02 2.096915e+02 2.079168e+02 2.003886e+02 1.818352e+02 1.839350e+02 2.426596e+02 1.686750e+02 2.552379e+02 2.148477e+02 2.916064e+02 2.143113e+02 
1.619246e+02 1.587710e+02 1.628562e+02 1.677214e+02 1.615464e+02 1.436797e+02 1.610792e+02 1.594597e+02 1.755801e+02 1.600878e+02 1.752928e+02 1.398749e+02 1.897110e+02 1.488330e+02 1.679018e+02 1.322931e+02 1.516413e+02 1.918076e+02 1.798720e+02 1.561531e+02 1.615464e+02 1.563256e+02 1.446179e+02 1.340522e+02 1.421825e+02 1.570513e+02 1.596215e+02 1.522233e+02 1.454406e+02 1.279461e+02 
1.269740e+02 1.273026e+02 1.211259e+02 1.287396e+02 1.221208e+02 1.192247e+02 1.170616e+02 1.147256e+02 1.254246e+02 1.122379e+02 1.136228e+02 1.279860e+02 1.178004e+02 1.247490e+02 1.238112e+02 1.152001e+02 1.166959e+02 1.203751e+02 1.219556e+02 1.195367e+02 1.221208e+02 1.222217e+02 1.164795e+02 1.103650e+02 1.185742e+02 1.200562e+02 1.264886e+02 1.258379e+02 1.229231e+02 1.157227e+02 
1.102425e+02 1.051711e+02 1.071434e+02 1.089312e+02 1.080576e+02 1.026697e+02 1.043720e+02 1.073645e+02 1.079334e+02 1.015993e+02 1.053042e+02 1.092483e+02 1.049692e+02 1.089178e+02 1.024753e+02 1.041348e+02 1.067937e+02 1.035917e+02 1.032428e+02 1.088900e+02 1.080576e+02 1.078546e+02 1.012172e+02 1.020541e+02 1.077616e+02 1.068662e+02 1.071996e+02 1.089560e+02 1.034302e+02 1.030154e+02 
1.018833e+02 1.012719e+02 1.012629e+02 1.011315e+02 1.013269e+02 1.009661e+02 1.015079e+02 1.013330e+02 1.016329e+02 1.010565e+02 1.008760e+02 1.010873e+02 1.010653e+02 1.010498e+02 1.016465e+02 1.011139e+02 1.011076e+02 1.016742e+02 1.012083e+02 1.009883e+02 1.013269e+02 1.013183e+02 1.011943e+02 1.013429e+02 1.013491e+02 1.012316e+02 1.013897e+02 1.017011e+02 1.012783e+02 1.011574e+02 
1.008196e+02 1.007639e+02 1.004837e+02 1.006010e+02 1.006386e+02 1.006684e+02 1.007421e+02 1.008709e+02 1.010116e+02 1.005409e+02 1.006381e+02 1.008838e+02 1.006975e+02 1.008073e+02 1.008428e+02 1.006998e+02 1.008708e+02 1.006258e+02 1.007561e+02 1.009123e+02 1.006386e+02 1.008112e+02 1.005911e+02 1.007825e+02 1.007334e+02 1.006440e+02 1.008604e+02 1.011468e+02 1.005560e+02 1.006695e+02 
1.004314e+02 1.004996e+02 1.003784e+02 1.004942e+02 1.005177e+02 1.005001e+02 1.005514e+02 1.004714e+02 1.004946e+02 1.004147e+02 1.004637e+02 1.004554e+02 1.005277e+02 1.005119e+02 1.004509e+02 1.005057e+02 1.004952e+02 1.005889e+02 1.004704e+02 1.007059e+02 1.005177e+02 1.004868e+02 1.002610e+02 1.002906e+02 1.005449e+02 1.004201e+02 1.004618e+02 1.004936e+02 1.003819e+02 1.004762e+02 
1.003415e+02 1.003307e+02 1.003274e+02 1.002996e+02 1.003604e+02 1.004133e+02 1.003809e+02 1.003196e+02 1.003350e+02 1.002662e+02 1.003245e+02 1.003599e+02 1.004700e+02 1.004210e+02 1.002915e+02 1.003593e+02 1.003187e+02 1.002813e+02 1.003039e+02 1.003274e+02 1.003604e+02 1.003114e+02 1.002497e+02 1.002742e+02 1.003688e+02 1.002925e+02 1.003373e+02 1.003637e+02 1.003432e+02 1.003165e+02 
0.000000e+00 0.000000e+00 0.000000e+00 0.000000e+00 0.000000e+00 0.000000e+00 0.000000e+00 0.000000e+00 0.000000e+00 0.000000e+00 0.000000e+00 0.000000e+00 0.000000e+00 0.000000e+00 0.000000e+00 0.000000e+00 0.000000e+00 0.000000e+00 0.000000e+00 0.000000e+00 0.000000e+00 0.000000e+00 0.000000e+00 0.000000e+00 0.000000e+00 0.000000e+00 0.000000e+00 0.000000e+00 0.000000e+00 0.000000e+00 