   2.2203750e+03   2.1540199e+03   2.1512845e+03   2.1253270e+03   2.2174625e+03   2.1383411e+03   2.1831095e+03   2.1430411e+03   2.1936699e+03   2.1655927e+03   2.1378424e+03   2.2044723e+03   2.1378424e+03   2.1741675e+03   2.1899024e+03   2.1383411e+03   2.1936699e+03   2.1277459e+03   2.1499311e+03   2.1721806e+03   2.1512845e+03   2.2115703e+03   2.1522002e+03   2.1871280e+03   2.1574555e+03   2.2115703e+03   2.1824107e+03   2.1628329e+03   2.2063808e+03   2.1512845e+03
   2.1815175e+03   2.1079803e+03   2.1406261e+03   2.1253270e+03   2.2113919e+03   2.1316278e+03   2.1831095e+03   2.1430411e+03   2.1936699e+03   2.1384104e+03   2.1262521e+03   2.1934612e+03   2.1262521e+03   2.1511686e+03   2.1899024e+03   2.1316278e+03   2.1936699e+03   2.1277459e+03   2.1395117e+03   2.1547973e+03   2.1406261e+03   2.1179770e+03   2.1454041e+03   2.1871280e+03   2.0940940e+03   2.1179770e+03   2.1550876e+03   2.1572707e+03   2.2063808e+03   2.1406261e+03
   2.1815175e+03   2.1079803e+03   2.1406261e+03   2.1253270e+03   2.2113919e+03   2.1316278e+03   2.1831095e+03   2.1430411e+03   2.1936699e+03   2.1384104e+03   2.1262521e+03   2.1934612e+03   2.1262521e+03   2.1511686e+03   2.1899024e+03   2.1316278e+03   2.1936699e+03   2.1277459e+03   2.1395117e+03   2.1547973e+03   2.1406261e+03   2.1179770e+03   2.1454041e+03   2.1871280e+03   2.0940940e+03   2.1179770e+03   2.1550876e+03   2.1572707e+03   2.2063808e+03   2.1406261e+03
   2.1126052e+03   2.1079803e+03   2.1406261e+03   2.1253270e+03   2.1349483e+03   2.1316278e+03   2.1831095e+03   2.1430411e+03   2.1786673e+03   2.1384104e+03   2.1207067e+03   2.1676620e+03   2.1207067e+03   2.1511686e+03   2.1755660e+03   2.1316278e+03   2.1786673e+03   2.1277459e+03   2.1395117e+03   2.1547973e+03   2.1406261e+03   2.1179770e+03   2.1445874e+03   2.1871280e+03   2.0940940e+03   2.1179770e+03   2.1449852e+03   2.1535533e+03   2.2063808e+03   2.1406261e+03
   2.0824131e+03   2.0570781e+03   2.1205669e+03   2.1253270e+03   2.1349483e+03   2.1316278e+03   2.1460421e+03   2.1430411e+03   2.1085474e+03   2.1246552e+03   2.1207067e+03   2.1490276e+03   2.1207067e+03   2.1102922e+03   2.1376202e+03   2.1316278e+03   2.1085474e+03   2.1277459e+03   2.1167681e+03   2.1547973e+03   2.1205669e+03   2.1179770e+03   2.1256706e+03   2.1624774e+03   2.0940940e+03   2.1179770e+03   2.1449852e+03   2.1105367e+03   2.1437922e+03   2.1205669e+03
   2.0824131e+03   2.0570781e+03   2.1205669e+03   2.1144142e+03   2.0963792e+03   2.1316278e+03   2.1336620e+03   2.1125256e+03   2.1085474e+03   2.1246552e+03   2.1089473e+03   2.0720947e+03   2.1089473e+03   2.0846296e+03   2.1346267e+03   2.1316278e+03   2.1085474e+03   2.1043866e+03   2.1167681e+03   2.1273722e+03   2.1205669e+03   2.0840061e+03   2.0940157e+03   2.1135510e+03   2.0940940e+03   2.0840061e+03   2.1306193e+03   2.0746685e+03   2.0966839e+03   2.1205669e+03
   2.0798031e+03   2.0570781e+03   2.0934829e+03   2.0870569e+03   2.0655596e+03   2.1194223e+03   2.1068247e+03   2.0932644e+03   2.0977700e+03   2.0911913e+03   2.1056126e+03   2.0557174e+03   2.1056126e+03   2.0846296e+03   2.0906615e+03   2.1194223e+03   2.0977700e+03   2.1043866e+03   2.0995420e+03   2.0823970e+03   2.0934829e+03   2.0820729e+03   2.0940157e+03   2.0829602e+03   2.0940940e+03   2.0820729e+03   2.0952861e+03   2.0681246e+03   2.0966839e+03   2.0934829e+03
   2.0616079e+03   2.0570781e+03   2.0768202e+03   2.0790943e+03   2.0655596e+03   2.0839710e+03   2.0895253e+03   2.0658477e+03   2.0598538e+03   2.0669753e+03   2.0857612e+03   2.0557174e+03   2.0857612e+03   2.0732458e+03   2.0785983e+03   2.0839710e+03   2.0598538e+03   2.0887923e+03   2.0940082e+03   2.0700536e+03   2.0768202e+03   2.0730886e+03   2.0714458e+03   2.0829602e+03   2.0790118e+03   2.0730886e+03   2.0732297e+03   2.0560622e+03   2.0792917e+03   2.0768202e+03
   2.0521559e+03   2.0510027e+03   2.0563198e+03   2.0465806e+03   2.0605587e+03   2.0543056e+03   2.0469728e+03   2.0467615e+03   2.0598538e+03   2.0511299e+03   2.0646762e+03   2.0557174e+03   2.0646762e+03   2.0498893e+03   2.0642952e+03   2.0543056e+03   2.0598538e+03   2.0738407e+03   2.0473532e+03   2.0589686e+03   2.0563198e+03   2.0626814e+03   2.0638382e+03   2.0694616e+03   2.0536611e+03   2.0626814e+03   2.0601138e+03   2.0552618e+03   2.0648254e+03   2.0563198e+03
   2.0455862e+03   2.0425966e+03   2.0398718e+03   2.0427466e+03   2.0418770e+03   2.0497460e+03   2.0435618e+03   2.0389822e+03   2.0400255e+03   2.0424958e+03   2.0395216e+03   2.0413049e+03   2.0395216e+03   2.0442482e+03   2.0399634e+03   2.0497460e+03   2.0400255e+03   2.0541302e+03   2.0473532e+03   2.0560450e+03   2.0398718e+03   2.0309572e+03   2.0415209e+03   2.0510115e+03   2.0451425e+03   2.0309572e+03   2.0425274e+03   2.0533853e+03   2.0450596e+03   2.0398718e+03
   2.0232087e+03   2.0289169e+03   2.0302740e+03   2.0295663e+03   2.0326551e+03   2.0370170e+03   2.0318231e+03   2.0371268e+03   2.0209446e+03   2.0293647e+03   2.0322076e+03   2.0326151e+03   2.0322076e+03   2.0327312e+03   2.0238389e+03   2.0370170e+03   2.0209446e+03   2.0309280e+03   2.0302503e+03   2.0332781e+03   2.0302740e+03   2.0299089e+03   2.0314596e+03   2.0332004e+03   2.0348986e+03   2.0299089e+03   2.0311874e+03   2.0358436e+03   2.0305228e+03   2.0302740e+03
   2.0123063e+03   2.0226830e+03   2.0232381e+03   2.0113152e+03   2.0254234e+03   2.0198888e+03   2.0246361e+03   2.0259406e+03   2.0112469e+03   2.0249404e+03   2.0200070e+03   2.0238591e+03   2.0200070e+03   2.0212958e+03   2.0137372e+03   2.0198888e+03   2.0112469e+03   2.0255288e+03   2.0192734e+03   2.0205288e+03   2.0232381e+03   2.0164641e+03   2.0145567e+03   2.0241843e+03   2.0195143e+03   2.0164641e+03   2.0104988e+03   2.0141744e+03   2.0214770e+03   2.0232381e+03
   2.0070437e+03   2.0030552e+03   2.0089905e+03   2.0099812e+03   2.0119506e+03   2.0102728e+03   2.0145328e+03   2.0115694e+03   2.0076030e+03   2.0115376e+03   2.0135222e+03   2.0155284e+03   2.0135222e+03   2.0103565e+03   2.0093461e+03   2.0102728e+03   2.0076030e+03   2.0069765e+03   2.0082201e+03   2.0098381e+03   2.0089905e+03   2.0062124e+03   2.0078972e+03   2.0072331e+03   2.0081009e+03   2.0062124e+03   2.0063404e+03   2.0109480e+03   2.0119979e+03   2.0089905e+03
   2.0029527e+03   2.0017374e+03   2.0045021e+03   2.0032210e+03   2.0036508e+03   2.0040194e+03   2.0033774e+03   2.0035750e+03   2.0042065e+03   2.0049510e+03   2.0084601e+03   2.0052237e+03   2.0084601e+03   2.0040695e+03   2.0047582e+03   2.0040194e+03   2.0042065e+03   2.0039643e+03   2.0033431e+03   2.0048016e+03   2.0045021e+03   2.0018888e+03   2.0046074e+03   2.0041767e+03   2.0045770e+03   2.0018888e+03   2.0047925e+03   2.0035381e+03   2.0072892e+03   2.0045021e+03
   2.0000576e+03   2.0000908e+03   2.0001387e+03   2.0000588e+03   2.0001235e+03   2.0000268e+03   2.0000639e+03   2.0001709e+03   2.0001401e+03   2.0001157e+03   2.0001817e+03   2.0001068e+03   2.0001817e+03   2.0001077e+03   2.0000818e+03   2.0000268e+03   2.0001401e+03   2.0000271e+03   2.0000778e+03   2.0000890e+03   2.0001387e+03   2.0001197e+03   2.0000870e+03   2.0001119e+03   2.0000686e+03   2.0001197e+03   2.0001287e+03   2.0000802e+03   2.0001207e+03   2.0001387e+03
   2.0000000e+03   2.0000000e+03   2.0000000e+03   2.0000000e+03   2.0000000e+03   2.0000000e+03   2.0000000e+03   2.0000000e+03   2.0000000e+03   2.0000000e+03   2.0000000e+03   2.0000000e+03   2.0000000e+03   2.0000000e+03   2.0000000e+03   2.0000000e+03   2.0000000e+03   2.0000000e+03   2.0000000e+03   2.0000000e+03   2.0000000e+03   2.0000000e+03   2.0000000e+03   2.0000000e+03   2.0000000e+03   2.0000000e+03   2.0000000e+03   2.0000000e+03   2.0000000e+03   2.0000000e+03
