   1.0010905e+02   9.5708745e+01   9.0129691e+01   9.6204638e+01   9.0129691e+01   9.4710681e+01   8.3678212e+01   1.0538929e+02   9.4702076e+01   9.5980207e+01   9.1573198e+01   9.3691354e+01   9.1573198e+01   9.9828963e+01   1.1010445e+02   9.4710681e+01   7.1022764e+01   1.0468914e+02   1.1160209e+02   1.1626230e+02   9.0129691e+01   1.0538929e+02   1.0811640e+02   1.2333062e+02   1.1030304e+02   1.0538929e+02   7.8529687e+01   8.0209881e+01   1.1118502e+02   9.0129691e+01
   9.7338160e+01   9.5708745e+01   9.0129691e+01   9.5177577e+01   9.0129691e+01   9.4710681e+01   8.3678212e+01   1.0538929e+02   9.4702076e+01   8.7109972e+01   9.1573198e+01   9.3691354e+01   9.1573198e+01   9.9692023e+01   1.1010445e+02   9.4710681e+01   7.1022764e+01   8.6307789e+01   9.3654455e+01   7.5351926e+01   9.0129691e+01   1.0538929e+02   1.0811640e+02   8.2694598e+01   1.0344948e+02   1.0538929e+02   7.8529687e+01   8.0209881e+01   1.1118502e+02   9.0129691e+01
   9.7338160e+01   9.5708745e+01   9.0129691e+01   9.5177577e+01   9.0129691e+01   9.4710681e+01   8.3678212e+01   1.0538929e+02   9.4702076e+01   8.7109972e+01   9.1573198e+01   9.3691354e+01   9.1573198e+01   9.9692023e+01   1.1010445e+02   9.4710681e+01   7.1022764e+01   8.6307789e+01   9.3654455e+01   7.5351926e+01   9.0129691e+01   1.0538929e+02   1.0811640e+02   8.2694598e+01   1.0344948e+02   1.0538929e+02   7.8529687e+01   8.0209881e+01   1.1118502e+02   9.0129691e+01
   9.7338160e+01   9.4704159e+01   9.0129691e+01   9.5177577e+01   9.0129691e+01   9.3844451e+01   8.3678212e+01   1.0538929e+02   7.7487415e+01   8.7109972e+01   9.1573198e+01   9.3691354e+01   9.1573198e+01   9.4514712e+01   8.4406511e+01   9.3844451e+01   7.1022764e+01   8.6307789e+01   9.3654455e+01   7.5351926e+01   9.0129691e+01   1.0538929e+02   9.8104654e+01   8.2694598e+01   9.5893253e+01   1.0538929e+02   7.8529687e+01   8.0209881e+01   1.0087774e+02   9.0129691e+01
   9.7338160e+01   9.0706054e+01   9.0129691e+01   9.5177577e+01   9.0129691e+01   7.3249671e+01   6.9614646e+01   9.3016108e+01   5.9927967e+01   8.3616306e+01   8.3199362e+01   8.3349963e+01   8.3199362e+01   8.1735647e+01   8.4406511e+01   7.3249671e+01   6.8946261e+01   8.5238010e+01   9.3654455e+01   7.5351926e+01   9.0129691e+01   9.3016108e+01   7.6821244e+01   7.9647877e+01   6.3107557e+01   9.3016108e+01   7.8529687e+01   8.0209881e+01   7.7114872e+01   9.0129691e+01
   9.0515020e+01   7.3609463e+01   7.7453829e+01   6.3629924e+01   7.7453829e+01   7.3249671e+01   6.9614646e+01   7.7149817e+01   5.9927967e+01   8.3616306e+01   8.3199362e+01   8.3349963e+01   8.3199362e+01   8.1735647e+01   8.4406511e+01   7.3249671e+01   6.8946261e+01   8.5199822e+01   8.6296635e+01   7.5351926e+01   7.7453829e+01   7.7149817e+01   7.6821244e+01   7.9647877e+01   6.3107557e+01   7.7149817e+01   7.8529687e+01   6.7486978e+01   6.4375133e+01   7.7453829e+01
   6.4642085e+01   5.8232888e+01   7.3861177e+01   5.5343368e+01   7.3861177e+01   7.3249671e+01   6.6619698e+01   3.8709026e+01   5.9927967e+01   6.5963627e+01   6.8709806e+01   7.9964768e+01   6.8709806e+01   7.5294518e+01   6.0830480e+01   7.3249671e+01   6.8946261e+01   7.3023141e+01   7.4088692e+01   7.3391070e+01   7.3861177e+01   3.8709026e+01   7.6772298e+01   7.4011191e+01   6.3107557e+01   3.8709026e+01   7.2134327e+01   5.4449018e+01   6.4375133e+01   7.3861177e+01
   6.2210312e+01   4.4052297e+01   5.0473334e+01   5.3496380e+01   5.0473334e+01   5.4255918e+01   6.3891384e+01   3.8709026e+01   5.9927967e+01   6.0979907e+01   6.1100559e+01   6.3695858e+01   6.1100559e+01   5.1777194e+01   5.2222101e+01   5.4255918e+01   5.6834068e+01   5.6862761e+01   6.2611391e+01   5.2330193e+01   5.0473334e+01   3.8709026e+01   6.7085426e+01   6.5303994e+01   6.3107557e+01   3.8709026e+01   5.3514064e+01   5.1288289e+01   6.4375133e+01   5.0473334e+01
   4.5913204e+01   4.4052297e+01   5.0473334e+01   4.7018882e+01   5.0473334e+01   5.1499876e+01   6.3027029e+01   3.7382076e+01   4.6456881e+01   4.9275462e+01   5.3159332e+01   4.2823805e+01   5.3159332e+01   4.5990801e+01   5.2222101e+01   5.1499876e+01   4.9534988e+01   5.6862761e+01   4.2191310e+01   5.1384215e+01   5.0473334e+01   3.7382076e+01   5.2731097e+01   4.9300937e+01   5.3181620e+01   3.7382076e+01   5.3514064e+01   4.8323842e+01   4.1591783e+01   5.0473334e+01
   4.4803078e+01   4.4052297e+01   3.8003860e+01   4.5857951e+01   3.8003860e+01   4.6079388e+01   5.2504266e+01   3.7382076e+01   4.6456881e+01   3.7611071e+01   3.7596808e+01   3.0913995e+01   3.7596808e+01   3.9081626e+01   4.5471613e+01   4.6079388e+01   4.3766777e+01   4.1589430e+01   3.8510197e+01   4.5955626e+01   3.8003860e+01   3.7382076e+01   5.0517551e+01   4.8787335e+01   4.9052014e+01   3.7382076e+01   4.8074470e+01   4.3427493e+01   4.1591783e+01   3.8003860e+01
   3.8213847e+01   2.9622575e+01   2.6926837e+01   3.3976027e+01   2.6926837e+01   3.2923708e+01   3.8938376e+01   3.6726721e+01   4.3418989e+01   2.9204644e+01   3.2543369e+01   2.8358759e+01   3.2543369e+01   3.1726282e+01   3.6196120e+01   3.2923708e+01   2.9313380e+01   3.1406015e+01   3.5259614e+01   3.7374950e+01   2.6926837e+01   3.6726721e+01   3.9211741e+01   3.1322802e+01   2.3212118e+01   3.6726721e+01   3.8414340e+01   3.3102364e+01   3.8789914e+01   2.6926837e+01
   2.6055790e+01   2.5607482e+01   2.1922241e+01   2.1564088e+01   2.1922241e+01   2.8626953e+01   3.3170289e+01   2.9187181e+01   2.3650352e+01   2.2104331e+01   2.7505250e+01   2.7016343e+01   2.7505250e+01   2.6583562e+01   2.3265748e+01   2.8626953e+01   1.4384355e+01   2.9202534e+01   1.8769287e+01   3.2205677e+01   2.1922241e+01   2.9187181e+01   3.0559086e+01   2.7062791e+01   2.0862674e+01   2.9187181e+01   2.3030981e+01   2.3549332e+01   2.4903438e+01   2.1922241e+01
   1.4609455e+01   2.3005608e+01   1.3373264e+01   1.7115959e+01   1.3373264e+01   2.4318185e+01   1.3573801e+01   2.2305379e+01   1.4221543e+01   1.7591135e+01   1.7559897e+01   1.9022674e+01   1.7559897e+01   2.1923358e+01   2.2160444e+01   2.4318185e+01   1.2588164e+01   2.1487376e+01   1.3667768e+01   2.4711104e+01   1.3373264e+01   2.2305379e+01   2.3110553e+01   2.0160041e+01   1.2865454e+01   2.2305379e+01   1.5667122e+01   1.4206293e+01   2.0922587e+01   1.3373264e+01
   9.0806603e+00   1.6433662e+01   6.3609757e+00   1.4049795e+01   6.3609757e+00   1.2086838e+01   8.8235431e+00   1.4209915e+01   1.2848320e+01   1.1508577e+01   9.2783081e+00   1.3625035e+01   9.2783081e+00   1.8755155e+01   1.2625933e+01   1.2086838e+01   6.7174555e+00   1.6875148e+01   8.4925949e+00   1.2600734e+01   6.3609757e+00   1.4209915e+01   1.8675836e+01   1.0416482e+01   9.7340343e+00   1.4209915e+01   1.2040594e+01   7.8366568e+00   1.2759430e+01   6.3609757e+00
   4.9327398e+00   7.7673099e+00   4.6776887e+00   7.8147457e+00   4.6776887e+00   5.3897310e+00   5.5007249e+00   6.0183004e+00   6.3292515e+00   5.7839444e+00   2.7721975e+00   5.6607211e+00   2.7721975e+00   6.5030025e+00   1.0021006e+01   5.3897310e+00   6.0686663e+00   7.4768553e+00   6.2633686e+00   6.8691287e+00   4.6776887e+00   6.0183004e+00   9.6728043e+00   6.8774230e+00   6.1703322e+00   6.0183004e+00   4.3289927e+00   6.3962126e+00   5.7736146e+00   4.6776887e+00
   2.9848772e+00   5.9697543e+00   2.9848772e+00   4.9747953e+00   2.9848772e+00   2.9848772e+00   4.9747953e+00   3.9798362e+00   4.9747953e+00   4.9747953e+00   1.9899181e+00   2.9848772e+00   1.9899181e+00   3.9798362e+00   5.9700320e+00   2.9848772e+00   3.9798362e+00   4.9747953e+00   9.9495906e-01   3.9798362e+00   2.9848772e+00   3.9798362e+00   4.9747953e+00   4.9747953e+00   5.9697543e+00   3.9798362e+00   3.9798362e+00   4.9747953e+00   4.9747953e+00   2.9848772e+00
