   2.2037501e+02   1.5401987e+02   1.5128452e+02   1.2532695e+02   2.1746255e+02   1.3834111e+02   1.8310955e+02   1.4304106e+02   1.9366989e+02   1.6559270e+02   1.3784236e+02   2.0447231e+02   1.3784236e+02   1.7416746e+02   1.8990238e+02   1.3834111e+02   1.9366989e+02   1.2774588e+02   1.4993108e+02   1.7218061e+02   1.5128452e+02   2.1157026e+02   1.5220021e+02   1.8712795e+02   1.5745551e+02   2.1157026e+02   1.8241068e+02   1.6283290e+02   2.0638078e+02   1.5128452e+02
   1.8151753e+02   1.0798034e+02   1.4062614e+02   1.2532695e+02   2.1139191e+02   1.3162779e+02   1.8310955e+02   1.4304106e+02   1.9366989e+02   1.3841039e+02   1.2625211e+02   1.9346124e+02   1.2625211e+02   1.5116864e+02   1.8990238e+02   1.3162779e+02   1.9366989e+02   1.2774588e+02   1.3951171e+02   1.5479734e+02   1.4062614e+02   1.1797703e+02   1.4540409e+02   1.8712795e+02   9.4093986e+01   1.1797703e+02   1.5508764e+02   1.5727073e+02   2.0638078e+02   1.4062614e+02
   1.8151753e+02   1.0798034e+02   1.4062614e+02   1.2532695e+02   2.1139191e+02   1.3162779e+02   1.8310955e+02   1.4304106e+02   1.9366989e+02   1.3841039e+02   1.2625211e+02   1.9346124e+02   1.2625211e+02   1.5116864e+02   1.8990238e+02   1.3162779e+02   1.9366989e+02   1.2774588e+02   1.3951171e+02   1.5479734e+02   1.4062614e+02   1.1797703e+02   1.4540409e+02   1.8712795e+02   9.4093986e+01   1.1797703e+02   1.5508764e+02   1.5727073e+02   2.0638078e+02   1.4062614e+02
   1.1260525e+02   1.0798034e+02   1.4062614e+02   1.2532695e+02   1.3494834e+02   1.3162779e+02   1.8310955e+02   1.4304106e+02   1.7866733e+02   1.3841039e+02   1.2070666e+02   1.6766197e+02   1.2070666e+02   1.5116864e+02   1.7556600e+02   1.3162779e+02   1.7866733e+02   1.2774588e+02   1.3951171e+02   1.5479734e+02   1.4062614e+02   1.1797703e+02   1.4458739e+02   1.8712795e+02   9.4093986e+01   1.1797703e+02   1.4498517e+02   1.5355328e+02   2.0638078e+02   1.4062614e+02
   8.2413055e+01   5.7078138e+01   1.2056687e+02   1.2532695e+02   1.3494834e+02   1.3162779e+02   1.4604214e+02   1.4304106e+02   1.0854742e+02   1.2465520e+02   1.2070666e+02   1.4902756e+02   1.2070666e+02   1.1029220e+02   1.3762023e+02   1.3162779e+02   1.0854742e+02   1.2774588e+02   1.1676808e+02   1.5479734e+02   1.2056687e+02   1.1797703e+02   1.2567061e+02   1.6247742e+02   9.4093986e+01   1.1797703e+02   1.4498517e+02   1.1053674e+02   1.4379223e+02   1.2056687e+02
   8.2413055e+01   5.7078138e+01   1.2056687e+02   1.1441421e+02   9.6379195e+01   1.3162779e+02   1.3366195e+02   1.1252556e+02   1.0854742e+02   1.2465520e+02   1.0894725e+02   7.2094684e+01   1.0894725e+02   8.4629566e+01   1.3462672e+02   1.3162779e+02   1.0854742e+02   1.0438656e+02   1.1676808e+02   1.2737218e+02   1.2056687e+02   8.4006111e+01   9.4015665e+01   1.1355098e+02   9.4093986e+01   8.4006111e+01   1.3061928e+02   7.4668508e+01   9.6683920e+01   1.2056687e+02
   7.9803063e+01   5.7078138e+01   9.3482902e+01   8.7056868e+01   6.5559606e+01   1.1942232e+02   1.0682473e+02   9.3264404e+01   9.7770002e+01   9.1191302e+01   1.0561265e+02   5.5717433e+01   1.0561265e+02   8.4629566e+01   9.0661520e+01   1.1942232e+02   9.7770002e+01   1.0438656e+02   9.9541951e+01   8.2396974e+01   9.3482902e+01   8.2072863e+01   9.4015665e+01   8.2960245e+01   9.4093986e+01   8.2072863e+01   9.5286059e+01   6.8124609e+01   9.6683920e+01   9.3482902e+01
   6.1607887e+01   5.7078138e+01   7.6820232e+01   7.9094332e+01   6.5559606e+01   8.3971028e+01   8.9525338e+01   6.5847690e+01   5.9853800e+01   6.6975292e+01   8.5761226e+01   5.5717433e+01   8.5761226e+01   7.3245848e+01   7.8598270e+01   8.3971028e+01   5.9853800e+01   8.8792261e+01   9.4008240e+01   7.0053569e+01   7.6820232e+01   7.3088610e+01   7.1445841e+01   8.2960245e+01   7.9011807e+01   7.3088610e+01   7.3229717e+01   5.6062231e+01   7.9291674e+01   7.6820232e+01
   5.2155899e+01   5.1002733e+01   5.6319789e+01   4.6580551e+01   6.0558699e+01   5.4305643e+01   4.6972780e+01   4.6761494e+01   5.9853800e+01   5.1129890e+01   6.4676224e+01   5.5717433e+01   6.4676224e+01   4.9889333e+01   6.4295173e+01   5.4305643e+01   5.9853800e+01   7.3840705e+01   4.7353245e+01   5.8968630e+01   5.6319789e+01   6.2681429e+01   6.3838181e+01   6.9461588e+01   5.3661139e+01   6.2681429e+01   6.0113789e+01   5.5261815e+01   6.4825434e+01   5.6319789e+01
   4.5586240e+01   4.2596629e+01   3.9871848e+01   4.2746578e+01   4.1876972e+01   4.9746012e+01   4.3561763e+01   3.8982214e+01   4.0025462e+01   4.2495769e+01   3.9521629e+01   4.1304891e+01   3.9521629e+01   4.4248213e+01   3.9963392e+01   4.9746012e+01   4.0025462e+01   5.4130208e+01   4.7353245e+01   5.6045030e+01   3.9871848e+01   3.0957187e+01   4.1520887e+01   5.1011518e+01   4.5142467e+01   3.0957187e+01   4.2527435e+01   5.3385340e+01   4.5059644e+01   3.9871848e+01
   2.3208704e+01   2.8916884e+01   3.0273972e+01   2.9566272e+01   3.2655108e+01   3.7016990e+01   3.1823067e+01   3.7126779e+01   2.0944599e+01   2.9364667e+01   3.2207636e+01   3.2615071e+01   3.2207636e+01   3.2731159e+01   2.3838908e+01   3.7016990e+01   2.0944599e+01   3.0928037e+01   3.0250290e+01   3.3278105e+01   3.0273972e+01   2.9908933e+01   3.1459644e+01   3.3200399e+01   3.4898614e+01   2.9908933e+01   3.1187396e+01   3.5843572e+01   3.0522771e+01   3.0273972e+01
   1.2306263e+01   2.2683040e+01   2.3238051e+01   1.1315212e+01   2.5423377e+01   1.9888819e+01   2.4636126e+01   2.5940637e+01   1.1246930e+01   2.4940416e+01   2.0007035e+01   2.3859098e+01   2.0007035e+01   2.1295833e+01   1.3737239e+01   1.9888819e+01   1.1246930e+01   2.5528801e+01   1.9273372e+01   2.0528805e+01   2.3238051e+01   1.6464130e+01   1.4556720e+01   2.4184350e+01   1.9514329e+01   1.6464130e+01   1.0498831e+01   1.4174445e+01   2.1477049e+01   2.3238051e+01
   7.0436980e+00   3.0551601e+00   8.9905283e+00   9.9811592e+00   1.1950644e+01   1.0272836e+01   1.4532756e+01   1.1569365e+01   7.6029701e+00   1.1537604e+01   1.3522206e+01   1.5528380e+01   1.3522206e+01   1.0356477e+01   9.3460946e+00   1.0272836e+01   7.6029701e+00   6.9764836e+00   8.2200962e+00   9.8381060e+00   8.9905283e+00   6.2123989e+00   7.8972477e+00   7.2331489e+00   8.1008892e+00   6.2123989e+00   6.3404260e+00   1.0948010e+01   1.1997867e+01   8.9905283e+00
   2.9526548e+00   1.7374452e+00   4.5021097e+00   3.2210164e+00   3.6508226e+00   4.0194222e+00   3.3774319e+00   3.5749650e+00   4.2065081e+00   4.9509726e+00   8.4600950e+00   5.2236925e+00   8.4600950e+00   4.0695102e+00   4.7581544e+00   4.0194222e+00   4.2065081e+00   3.9643389e+00   3.3431339e+00   4.8015655e+00   4.5021097e+00   1.8887549e+00   4.6074029e+00   4.1767457e+00   4.5769769e+00   1.8887549e+00   4.7924993e+00   3.5380827e+00   7.2892493e+00   4.5021097e+00
   5.7583271e-02   9.0795485e-02   1.3874354e-01   5.8804096e-02   1.2349312e-01   2.6811599e-02   6.3944070e-02   1.7093593e-01   1.4006535e-01   1.1566176e-01   1.8170777e-01   1.0684249e-01   1.8170777e-01   1.0773228e-01   8.1754843e-02   2.6811599e-02   1.4006535e-01   2.7056959e-02   7.7775036e-02   8.9035234e-02   1.3874354e-01   1.1971239e-01   8.7007915e-02   1.1185237e-01   6.8572956e-02   1.1971239e-01   1.2869202e-01   8.0231731e-02   1.2071246e-01   1.3874354e-01
   0.0000000e+00   0.0000000e+00   0.0000000e+00   0.0000000e+00   0.0000000e+00   0.0000000e+00   0.0000000e+00   0.0000000e+00   0.0000000e+00   0.0000000e+00   0.0000000e+00   0.0000000e+00   0.0000000e+00   0.0000000e+00   0.0000000e+00   0.0000000e+00   0.0000000e+00   0.0000000e+00   0.0000000e+00   0.0000000e+00   0.0000000e+00   0.0000000e+00   0.0000000e+00   0.0000000e+00   0.0000000e+00   0.0000000e+00   0.0000000e+00   0.0000000e+00   0.0000000e+00   0.0000000e+00
