2.751210e+04 1.776687e+04 2.262385e+04 2.762094e+04 2.262385e+04 2.017920e+04 2.262385e+04 1.291299e+05 5.185316e+04 2.444108e+04 2.762094e+04 1.776687e+04 2.762094e+04 2.444108e+04 1.291299e+05 2.017920e+04 5.185316e+04 2.262385e+04 2.017920e+04 2.017920e+04 2.262385e+04 1.291299e+05 3.078912e+04 1.291299e+05 5.410698e+04 1.291299e+05 5.185316e+04 3.078912e+04 1.776687e+04 2.262385e+04 
2.751210e+04 1.776687e+04 2.262385e+04 2.689528e+04 2.262385e+04 2.017920e+04 2.262385e+04 2.179927e+04 2.213990e+04 2.444108e+04 2.689528e+04 1.776687e+04 2.689528e+04 2.444108e+04 2.179927e+04 2.017920e+04 2.213990e+04 2.262385e+04 2.017920e+04 2.017920e+04 2.262385e+04 2.179927e+04 2.499748e+04 2.179927e+04 4.096417e+04 2.179927e+04 2.213990e+04 2.499748e+04 1.776687e+04 2.262385e+04 
2.751210e+04 1.776687e+04 2.262385e+04 2.689528e+04 2.262385e+04 2.017920e+04 2.262385e+04 2.179927e+04 2.213990e+04 2.444108e+04 2.689528e+04 1.776687e+04 2.689528e+04 2.444108e+04 2.179927e+04 2.017920e+04 2.213990e+04 2.262385e+04 2.017920e+04 2.017920e+04 2.262385e+04 2.179927e+04 2.499748e+04 2.179927e+04 4.096417e+04 2.179927e+04 2.213990e+04 2.499748e+04 1.776687e+04 2.262385e+04 
2.488386e+04 1.776687e+04 2.262385e+04 1.287281e+04 2.262385e+04 2.017920e+04 2.262385e+04 2.179927e+04 2.213990e+04 2.311348e+04 1.287281e+04 1.776687e+04 1.287281e+04 2.311348e+04 2.179927e+04 2.017920e+04 2.213990e+04 2.262385e+04 2.017920e+04 2.017920e+04 2.262385e+04 2.179927e+04 2.499748e+04 2.179927e+04 4.096417e+04 2.179927e+04 2.213990e+04 2.499748e+04 1.776687e+04 2.262385e+04 
1.153371e+04 1.535852e+04 2.262385e+04 1.199127e+04 2.262385e+04 2.017920e+04 2.262385e+04 2.179927e+04 2.213990e+04 1.900141e+04 1.199127e+04 1.535852e+04 1.199127e+04 1.900141e+04 2.179927e+04 2.017920e+04 2.213990e+04 2.262385e+04 2.017920e+04 2.017920e+04 2.262385e+04 2.179927e+04 1.647707e+04 2.179927e+04 2.312359e+04 2.179927e+04 2.213990e+04 1.647707e+04 1.535852e+04 2.262385e+04 
9.384480e+03 1.535852e+04 2.262385e+04 1.199127e+04 2.262385e+04 1.623389e+04 2.262385e+04 1.595042e+04 2.213990e+04 9.129339e+03 1.199127e+04 1.535852e+04 1.199127e+04 9.129339e+03 1.595042e+04 1.623389e+04 2.213990e+04 2.262385e+04 1.623389e+04 1.623389e+04 2.262385e+04 1.595042e+04 1.389321e+04 1.595042e+04 1.164637e+04 1.595042e+04 2.213990e+04 1.389321e+04 1.535852e+04 2.262385e+04 
9.384480e+03 1.535852e+04 1.572851e+04 1.199127e+04 1.572851e+04 1.077051e+04 1.572851e+04 1.299281e+04 1.134009e+04 9.129339e+03 1.199127e+04 1.535852e+04 1.199127e+04 9.129339e+03 1.299281e+04 1.077051e+04 1.134009e+04 1.572851e+04 1.077051e+04 1.077051e+04 1.572851e+04 1.299281e+04 1.152800e+04 1.299281e+04 1.164637e+04 1.299281e+04 1.134009e+04 1.152800e+04 1.535852e+04 1.572851e+04 
8.073401e+03 1.053727e+04 1.317355e+04 5.844602e+03 1.317355e+04 9.993380e+03 1.317355e+04 1.135798e+04 1.134009e+04 9.129339e+03 5.844602e+03 1.053727e+04 5.844602e+03 9.129339e+03 1.135798e+04 9.993380e+03 1.134009e+04 1.317355e+04 9.993380e+03 9.993380e+03 1.317355e+04 1.135798e+04 1.152800e+04 1.135798e+04 1.164637e+04 1.135798e+04 1.134009e+04 1.152800e+04 1.053727e+04 1.317355e+04 
7.104991e+03 1.053727e+04 9.161435e+03 5.467407e+03 9.161435e+03 8.792271e+03 9.161435e+03 1.135798e+04 5.299488e+03 9.129339e+03 5.467407e+03 1.053727e+04 5.467407e+03 9.129339e+03 1.135798e+04 8.792271e+03 5.299488e+03 9.161435e+03 8.792271e+03 8.792271e+03 9.161435e+03 1.135798e+04 6.027090e+03 1.135798e+04 6.292257e+03 1.135798e+04 5.299488e+03 6.027090e+03 1.053727e+04 9.161435e+03 
7.104515e+03 5.104019e+03 7.810493e+03 5.467407e+03 7.810493e+03 8.089527e+03 7.810493e+03 7.315080e+03 5.000603e+03 9.129339e+03 5.467407e+03 5.104019e+03 5.467407e+03 9.129339e+03 7.315080e+03 8.089527e+03 5.000603e+03 7.810493e+03 8.089527e+03 8.089527e+03 7.810493e+03 7.315080e+03 3.243388e+03 7.315080e+03 3.553321e+03 7.315080e+03 5.000603e+03 3.243388e+03 5.104019e+03 7.810493e+03 
7.104515e+03 4.074868e+03 7.521640e+03 5.467407e+03 7.521640e+03 6.789957e+03 7.521640e+03 7.093192e+03 4.876173e+03 5.547041e+03 5.467407e+03 4.074868e+03 5.467407e+03 5.547041e+03 7.093192e+03 6.789957e+03 4.876173e+03 7.521640e+03 6.789957e+03 6.789957e+03 7.521640e+03 7.093192e+03 3.243388e+03 7.093192e+03 3.549702e+03 7.093192e+03 4.876173e+03 3.243388e+03 4.074868e+03 7.521640e+03 
4.278200e+03 1.746925e+03 5.916622e+03 4.621574e+03 5.916622e+03 4.028232e+03 5.916622e+03 3.824061e+03 2.455288e+03 4.427196e+03 4.621574e+03 1.746925e+03 4.621574e+03 4.427196e+03 3.824061e+03 4.028232e+03 2.455288e+03 5.916622e+03 4.028232e+03 4.028232e+03 5.916622e+03 3.824061e+03 2.871936e+03 3.824061e+03 3.340749e+03 3.824061e+03 2.455288e+03 2.871936e+03 1.746925e+03 5.916622e+03 
9.334200e+02 8.309747e+02 9.564055e+02 7.975197e+02 9.564055e+02 1.068251e+03 9.564055e+02 1.290057e+03 2.254294e+03 1.067681e+03 7.975197e+02 8.309747e+02 7.975197e+02 1.067681e+03 1.290057e+03 1.068251e+03 2.254294e+03 9.564055e+02 1.068251e+03 1.068251e+03 9.564055e+02 1.290057e+03 1.962604e+03 1.290057e+03 1.451496e+03 1.290057e+03 2.254294e+03 1.962604e+03 8.309747e+02 9.564055e+02 
1.277872e+01 6.100747e+01 2.069791e+01 5.610433e+00 2.069791e+01 3.371350e+01 2.069791e+01 1.719373e+01 1.060580e+02 1.635287e+01 5.610433e+00 6.100747e+01 5.610433e+00 1.635287e+01 1.719373e+01 3.371350e+01 1.060580e+02 2.069791e+01 3.371350e+01 3.371350e+01 2.069791e+01 1.719373e+01 1.431823e+01 1.719373e+01 1.551218e+01 1.719373e+01 1.060580e+02 1.431823e+01 6.100747e+01 2.069791e+01 
4.415148e-07 9.728246e-07 7.142718e-07 6.198874e-07 7.142718e-07 3.788999e-07 7.142718e-07 6.716519e-07 2.703469e-05 3.003703e-07 6.198874e-07 9.728246e-07 6.198874e-07 3.003703e-07 6.716519e-07 3.788999e-07 2.703469e-05 7.142718e-07 3.788999e-07 3.788999e-07 7.142718e-07 6.716519e-07 2.135670e-06 6.716519e-07 2.866895e-07 6.716519e-07 2.703469e-05 2.135670e-06 9.728246e-07 7.142718e-07 
0.000000e+00 0.000000e+00 0.000000e+00 0.000000e+00 0.000000e+00 0.000000e+00 0.000000e+00 0.000000e+00 0.000000e+00 0.000000e+00 0.000000e+00 0.000000e+00 0.000000e+00 0.000000e+00 0.000000e+00 0.000000e+00 0.000000e+00 0.000000e+00 0.000000e+00 0.000000e+00 0.000000e+00 0.000000e+00 0.000000e+00 0.000000e+00 0.000000e+00 0.000000e+00 0.000000e+00 0.000000e+00 0.000000e+00 0.000000e+00 
0.000000e+00 0.000000e+00 0.000000e+00 0.000000e+00 0.000000e+00 0.000000e+00 0.000000e+00 0.000000e+00 0.000000e+00 0.000000e+00 0.000000e+00 0.000000e+00 0.000000e+00 0.000000e+00 0.000000e+00 0.000000e+00 0.000000e+00 0.000000e+00 0.000000e+00 0.000000e+00 0.000000e+00 0.000000e+00 0.000000e+00 0.000000e+00 0.000000e+00 0.000000e+00 0.000000e+00 0.000000e+00 0.000000e+00 0.000000e+00 