5.044712e+02 5.968339e+02 4.412582e+02 5.065376e+02 6.618539e+02 5.033614e+02 6.106411e+02 5.790241e+02 5.935641e+02 4.743417e+02 6.491284e+02 5.407215e+02 4.679846e+02 4.667235e+02 7.629107e+02 5.033614e+02 5.935641e+02 6.337112e+02 5.513276e+02 6.237926e+02 6.618539e+02 6.642261e+02 5.939187e+02 5.946823e+02 4.822327e+02 6.642261e+02 6.115505e+02 4.385723e+02 5.297463e+02 6.618539e+02 
5.044712e+02 5.812559e+02 4.412582e+02 5.065376e+02 4.808000e+02 5.033614e+02 6.106411e+02 5.790241e+02 5.382841e+02 4.741574e+02 5.846283e+02 5.407215e+02 4.679846e+02 4.620043e+02 6.291598e+02 5.033614e+02 5.382841e+02 5.088575e+02 5.513276e+02 5.038563e+02 4.808000e+02 6.642261e+02 5.939187e+02 5.946823e+02 4.822327e+02 6.642261e+02 5.311083e+02 3.677182e+02 4.647745e+02 4.808000e+02 
5.044712e+02 5.812559e+02 4.412582e+02 5.065376e+02 4.808000e+02 5.033614e+02 6.106411e+02 5.790241e+02 5.382841e+02 4.741574e+02 5.846283e+02 5.407215e+02 4.679846e+02 4.620043e+02 6.291598e+02 5.033614e+02 5.382841e+02 5.088575e+02 5.513276e+02 5.038563e+02 4.808000e+02 6.642261e+02 5.939187e+02 5.946823e+02 4.822327e+02 6.642261e+02 5.311083e+02 3.677182e+02 4.647745e+02 4.808000e+02 
4.556898e+02 5.216623e+02 4.412582e+02 5.065376e+02 4.807176e+02 4.835381e+02 5.200692e+02 5.790241e+02 4.887368e+02 4.741574e+02 5.846283e+02 5.363818e+02 4.605782e+02 4.620043e+02 5.494814e+02 4.835381e+02 4.887368e+02 5.088575e+02 4.607801e+02 5.038563e+02 4.807176e+02 6.135511e+02 5.939187e+02 5.933674e+02 4.602446e+02 6.135511e+02 4.644122e+02 3.677182e+02 4.647745e+02 4.807176e+02 
4.310250e+02 4.563558e+02 4.230049e+02 5.065376e+02 4.531186e+02 4.410051e+02 5.174050e+02 4.991214e+02 4.619033e+02 4.250420e+02 4.661830e+02 4.405915e+02 3.393651e+02 4.620043e+02 4.700639e+02 4.410051e+02 4.619033e+02 4.954298e+02 4.607801e+02 5.038563e+02 4.531186e+02 6.119239e+02 4.509819e+02 5.008325e+02 4.350134e+02 6.119239e+02 4.324457e+02 3.677182e+02 4.333076e+02 4.531186e+02 
4.054198e+02 4.203838e+02 4.230049e+02 4.345491e+02 3.552841e+02 4.410051e+02 5.156369e+02 4.398227e+02 4.506871e+02 4.250420e+02 4.647030e+02 4.388814e+02 3.333507e+02 4.106448e+02 4.700639e+02 4.410051e+02 4.506871e+02 4.327593e+02 4.473654e+02 4.949649e+02 3.552841e+02 3.820064e+02 4.312447e+02 4.789212e+02 4.323687e+02 3.820064e+02 4.324457e+02 3.476926e+02 4.179703e+02 3.552841e+02 
3.787162e+02 4.102613e+02 3.887249e+02 3.886473e+02 3.470554e+02 4.400788e+02 4.383970e+02 3.771129e+02 3.891904e+02 3.840355e+02 4.145773e+02 3.700276e+02 3.333507e+02 4.088773e+02 3.926803e+02 4.400788e+02 3.891904e+02 3.190997e+02 3.956550e+02 3.724313e+02 3.470554e+02 3.644697e+02 4.171274e+02 3.565634e+02 3.793678e+02 3.644697e+02 4.225254e+02 3.434472e+02 3.302210e+02 3.470554e+02 
3.622882e+02 3.348994e+02 3.499426e+02 3.437725e+02 3.264481e+02 3.549480e+02 3.617675e+02 3.608481e+02 3.449897e+02 3.675052e+02 3.754943e+02 3.410846e+02 3.333507e+02 3.613933e+02 3.303033e+02 3.549480e+02 3.449897e+02 3.190997e+02 3.744112e+02 3.430709e+02 3.264481e+02 3.005729e+02 3.413506e+02 3.373888e+02 3.490630e+02 3.005729e+02 3.532013e+02 3.241578e+02 3.256376e+02 3.264481e+02 
2.999525e+02 2.980400e+02 2.755831e+02 3.217337e+02 3.197946e+02 3.001547e+02 3.074186e+02 3.068840e+02 2.837976e+02 3.064800e+02 3.037876e+02 2.954762e+02 3.077947e+02 2.998136e+02 3.067077e+02 3.001547e+02 2.837976e+02 2.981823e+02 2.932795e+02 2.988938e+02 3.197946e+02 2.728254e+02 3.231944e+02 3.009527e+02 3.160344e+02 2.728254e+02 3.028532e+02 2.935600e+02 3.114432e+02 3.197946e+02 
2.678314e+02 2.545207e+02 2.556548e+02 2.613842e+02 2.708491e+02 2.660310e+02 2.530461e+02 2.681579e+02 2.624156e+02 2.606079e+02 2.647737e+02 2.710497e+02 2.619790e+02 2.808604e+02 2.568449e+02 2.660310e+02 2.624156e+02 2.608488e+02 2.633267e+02 2.485267e+02 2.708491e+02 2.579554e+02 2.661808e+02 2.569642e+02 2.691683e+02 2.579554e+02 2.689661e+02 2.538672e+02 2.653174e+02 2.708491e+02 
2.430035e+02 2.427571e+02 2.405286e+02 2.427524e+02 2.429503e+02 2.370426e+02 2.393360e+02 2.457320e+02 2.404643e+02 2.436295e+02 2.398005e+02 2.426311e+02 2.383000e+02 2.413843e+02 2.417217e+02 2.370426e+02 2.404643e+02 2.372416e+02 2.409808e+02 2.352624e+02 2.429503e+02 2.405230e+02 2.384477e+02 2.439115e+02 2.479541e+02 2.405230e+02 2.409214e+02 2.383725e+02 2.354521e+02 2.429503e+02 
2.327796e+02 2.329476e+02 2.321180e+02 2.342530e+02 2.335458e+02 2.310406e+02 2.312863e+02 2.322900e+02 2.309585e+02 2.339400e+02 2.314338e+02 2.331689e+02 2.316571e+02 2.319178e+02 2.299592e+02 2.310406e+02 2.309585e+02 2.316520e+02 2.325219e+02 2.327621e+02 2.335458e+02 2.319868e+02 2.310770e+02 2.318660e+02 2.330316e+02 2.319868e+02 2.331396e+02 2.315935e+02 2.321407e+02 2.335458e+02 
2.296830e+02 2.297858e+02 2.296994e+02 2.297367e+02 2.296115e+02 2.296412e+02 2.294961e+02 2.294703e+02 2.294181e+02 2.297590e+02 2.296446e+02 2.295177e+02 2.297205e+02 2.295867e+02 2.294515e+02 2.296412e+02 2.294181e+02 2.293606e+02 2.296397e+02 2.299409e+02 2.296115e+02 2.295201e+02 2.296009e+02 2.296306e+02 2.297822e+02 2.295201e+02 2.296087e+02 2.295830e+02 2.296073e+02 2.296115e+02 
2.292844e+02 2.292847e+02 2.292848e+02 2.292845e+02 2.292846e+02 2.292845e+02 2.292845e+02 2.292844e+02 2.292844e+02 2.292847e+02 2.292845e+02 2.292846e+02 2.292845e+02 2.292846e+02 2.292845e+02 2.292845e+02 2.292844e+02 2.292844e+02 2.292844e+02 2.292845e+02 2.292846e+02 2.292845e+02 2.292845e+02 2.292845e+02 2.292849e+02 2.292845e+02 2.292845e+02 2.292845e+02 2.292845e+02 2.292846e+02 
2.292844e+02 2.292844e+02 2.292844e+02 2.292844e+02 2.292844e+02 2.292844e+02 2.292844e+02 2.292844e+02 2.292844e+02 2.292844e+02 2.292844e+02 2.292844e+02 2.292844e+02 2.292844e+02 2.292844e+02 2.292844e+02 2.292844e+02 2.292844e+02 2.292844e+02 2.292844e+02 2.292844e+02 2.292844e+02 2.292844e+02 2.292844e+02 2.292844e+02 2.292844e+02 2.292844e+02 2.292844e+02 2.292844e+02 2.292844e+02 
2.292844e+02 2.292844e+02 2.292844e+02 2.292844e+02 2.292844e+02 2.292844e+02 2.292844e+02 2.292844e+02 2.292844e+02 2.292844e+02 2.292844e+02 2.292844e+02 2.292844e+02 2.292844e+02 2.292844e+02 2.292844e+02 2.292844e+02 2.292844e+02 2.292844e+02 2.292844e+02 2.292844e+02 2.292844e+02 2.292844e+02 2.292844e+02 2.292844e+02 2.292844e+02 2.292844e+02 2.292844e+02 2.292844e+02 2.292844e+02 
0.000000e+00 0.000000e+00 0.000000e+00 0.000000e+00 0.000000e+00 0.000000e+00 0.000000e+00 0.000000e+00 0.000000e+00 0.000000e+00 0.000000e+00 0.000000e+00 0.000000e+00 0.000000e+00 0.000000e+00 0.000000e+00 0.000000e+00 0.000000e+00 0.000000e+00 0.000000e+00 0.000000e+00 0.000000e+00 0.000000e+00 0.000000e+00 0.000000e+00 0.000000e+00 0.000000e+00 0.000000e+00 0.000000e+00 0.000000e+00 