   9.3175331e+03   9.5954605e+03   5.4328280e+03   8.3406942e+03   7.9751674e+03   8.4677040e+03   9.8620848e+03   7.5221148e+03   7.2114542e+03   8.9808532e+03   8.4905754e+03   9.8613704e+03   8.4905754e+03   9.6246151e+03   9.2897132e+03   8.4677040e+03   6.9063491e+03   7.1734484e+03   8.5023183e+03   8.6708756e+03   7.9751674e+03   9.2308613e+03   9.0417388e+03   8.5070590e+03   1.0149817e+04   8.3172500e+03   6.4955447e+03   9.6968235e+03   9.8084440e+03   6.8782376e+03
   9.3175331e+03   9.5954605e+03   5.4328280e+03   8.3406942e+03   7.9751674e+03   8.4677040e+03   9.8620848e+03   7.5221148e+03   7.2114542e+03   8.9808532e+03   8.4905754e+03   9.8613704e+03   8.4905754e+03   9.6246151e+03   9.2897132e+03   8.4677040e+03   6.9063491e+03   7.1734484e+03   8.5023183e+03   8.6708756e+03   7.9751674e+03   9.2308613e+03   9.0417388e+03   8.5070590e+03   1.0149817e+04   8.3172500e+03   6.4955447e+03   9.6968235e+03   9.8084440e+03   6.8782376e+03
   9.3175331e+03   9.5954605e+03   5.4328280e+03   8.3406942e+03   7.9751674e+03   8.4677040e+03   9.8620848e+03   7.5221148e+03   7.2114542e+03   8.9808532e+03   8.4905754e+03   9.8613704e+03   8.4905754e+03   9.6246151e+03   9.2897132e+03   8.4677040e+03   6.9063491e+03   7.1734484e+03   8.5023183e+03   8.6708756e+03   7.9751674e+03   9.2308613e+03   9.0417388e+03   8.5070590e+03   1.0149817e+04   8.3172500e+03   6.4955447e+03   9.6968235e+03   9.8084440e+03   6.8782376e+03
   8.8383364e+03   9.5954605e+03   5.4328280e+03   7.7385758e+03   7.9751674e+03   8.4677040e+03   7.2931454e+03   7.5221148e+03   7.2114542e+03   8.9808532e+03   8.2576299e+03   7.5559933e+03   8.2576299e+03   9.6246151e+03   9.2897132e+03   8.4677040e+03   6.9063491e+03   7.1734484e+03   7.4809300e+03   6.9420314e+03   7.9751674e+03   9.2308613e+03   9.0417388e+03   8.5070590e+03   7.4639449e+03   8.3172500e+03   6.3903950e+03   8.6884144e+03   9.8084440e+03   6.8782376e+03
   7.8770733e+03   9.5954605e+03   5.4328280e+03   7.7385758e+03   7.4667376e+03   8.4677040e+03   7.2931454e+03   7.5221148e+03   7.2114542e+03   7.9469786e+03   7.6953480e+03   7.5559933e+03   7.6953480e+03   8.8763539e+03   7.0685731e+03   8.4677040e+03   6.9063491e+03   7.1470929e+03   6.3916198e+03   6.9420314e+03   7.4667376e+03   9.2308613e+03   7.8134918e+03   5.4784095e+03   7.4639449e+03   8.3172500e+03   6.3903950e+03   8.4150273e+03   9.8084440e+03   6.8782376e+03
   7.7580519e+03   7.4518016e+03   5.4153746e+03   7.7385758e+03   6.5594165e+03   5.4614920e+03   4.4339660e+03   6.7621241e+03   7.2114542e+03   7.0064195e+03   7.5235473e+03   6.9696644e+03   7.5235473e+03   8.2932198e+03   6.9578754e+03   5.4614920e+03   6.8579982e+03   7.1470929e+03   6.3916198e+03   6.9420314e+03   6.5594165e+03   8.2118772e+03   7.8134918e+03   5.4784095e+03   7.3557060e+03   8.1820113e+03   6.3903950e+03   5.6718676e+03   6.4878237e+03   6.4629277e+03
   6.2643016e+03   6.8056351e+03   5.4153746e+03   6.7256801e+03   6.3388715e+03   4.6718549e+03   4.4339660e+03   6.4620859e+03   7.2114542e+03   6.5799757e+03   4.0863412e+03   5.7679815e+03   4.0863412e+03   6.7821135e+03   6.0808503e+03   4.6718549e+03   6.1854576e+03   5.5596813e+03   6.2436854e+03   6.3302937e+03   6.3388715e+03   6.2182329e+03   6.6956529e+03   5.4784095e+03   5.2605764e+03   5.0063730e+03   6.3903950e+03   5.6718676e+03   6.2737163e+03   5.3550141e+03
   5.3370238e+03   6.7204055e+03   3.5160856e+03   5.2536299e+03   4.1364746e+03   4.5565369e+03   4.1693499e+03   4.6113449e+03   5.0766798e+03   5.6942209e+03   4.0863412e+03   4.7509024e+03   4.0863412e+03   4.9129652e+03   5.3930009e+03   4.5565369e+03   4.8528954e+03   4.7784057e+03   3.9250285e+03   4.8115444e+03   4.1364746e+03   5.1023659e+03   4.1845670e+03   4.6670856e+03   2.6569984e+03   4.6390285e+03   4.1471408e+03   3.9560807e+03   3.5398419e+03   5.3550141e+03
   3.1915422e+03   2.8951654e+03   3.5160856e+03   4.8183359e+03   4.0989492e+03   3.1401838e+03   3.2451121e+03   2.2463354e+03   2.5669408e+03   3.4218407e+03   4.0863412e+03   3.5237950e+03   4.0863412e+03   4.0879904e+03   3.0632941e+03   3.1401838e+03   2.0673306e+03   3.3284684e+03   3.8878337e+03   2.5604165e+03   4.0989492e+03   3.7108319e+03   4.1583526e+03   2.1591198e+03   2.6569984e+03   2.2598057e+03   4.1471408e+03   2.8621608e+03   2.6823577e+03   4.2287726e+03
   3.1543836e+03   1.6883248e+03   2.7973493e+03   2.2937754e+03   2.1418080e+03   1.8746041e+03   2.5241576e+03   2.2463354e+03   2.3238077e+03   2.0720102e+03   2.5846972e+03   1.4572444e+03   2.5846972e+03   2.6484961e+03   1.9946505e+03   1.8746041e+03   2.0548555e+03   2.6182276e+03   1.5887793e+03   2.3577440e+03   2.1418080e+03   1.8823611e+03   2.3720349e+03   2.1591198e+03   1.9798463e+03   2.0361101e+03   1.6850124e+03   2.6391105e+03   1.9588937e+03   1.4736169e+03
   1.5015073e+03   1.1076048e+03   1.5740272e+03   1.1445538e+03   1.2528950e+03   1.4685948e+03   8.3724039e+02   1.7048701e+03   1.6928347e+03   1.2744445e+03   1.2484219e+03   8.5237517e+02   1.2484219e+03   1.5127281e+03   1.1872514e+03   1.4685948e+03   1.1443718e+03   1.0794912e+03   8.8695139e+02   1.1399097e+03   1.2528950e+03   1.1811649e+03   1.5821523e+03   1.2566862e+03   1.6768443e+03   1.2420363e+03   9.4202266e+02   9.6305065e+02   9.8999746e+02   1.2454895e+03
   7.4940758e+02   9.3376740e+02   6.9505569e+02   5.7876427e+02   5.7832272e+02   7.3717369e+02   5.6581149e+02   9.0204993e+02   9.1077455e+02   6.8828169e+02   7.8233562e+02   6.4092549e+02   7.8233562e+02   5.8036931e+02   9.6475144e+02   7.3717369e+02   6.4369879e+02   4.7219088e+02   4.3306342e+02   8.4248071e+02   5.7832272e+02   9.3962026e+02   7.8896608e+02   6.1673343e+02   1.0963070e+03   7.7079109e+02   9.2452731e+02   4.5865836e+02   6.2502234e+02   8.2586632e+02
   1.6769302e+02   3.8655643e+02   3.3759223e+02   4.4238856e+02   3.1414469e+02   4.4302495e+02   1.9608417e+02   4.4261819e+02   3.1655417e+02   3.1231463e+02   1.9935098e+02   2.8540198e+02   1.9935098e+02   3.1105098e+02   2.2958141e+02   4.4302495e+02   2.0071163e+02   2.7208811e+02   3.0150073e+02   2.5342567e+02   3.1414469e+02   3.6737817e+02   2.2009697e+02   2.2674147e+02   3.1353072e+02   3.7760106e+02   3.0477496e+02   2.8431882e+02   3.4352409e+02   3.7669994e+02
   5.6331063e+01   4.2695889e+01   8.9710388e+01   8.4187673e+01   6.6205315e+01   4.9137946e+01   4.6587473e+01   3.7076026e+01   9.4951967e+01   4.0713498e+01   2.4531091e+01   3.5029190e+01   2.4531091e+01   5.8260010e+01   2.4968686e+01   4.9137946e+01   5.6504669e+01   3.3461176e+01   8.0080142e+01   3.8660372e+01   6.6205315e+01   4.8439463e+01   7.6594908e+01   2.6899472e+01   4.5154647e+01   7.6857177e+01   3.2811552e+01   6.7860358e+01   7.2793714e+01   4.2676184e+01
   0.0000000e+00   0.0000000e+00   0.0000000e+00   4.2703277e-08   0.0000000e+00   0.0000000e+00   0.0000000e+00   0.0000000e+00   0.0000000e+00   0.0000000e+00   0.0000000e+00   0.0000000e+00   0.0000000e+00   0.0000000e+00   0.0000000e+00   0.0000000e+00   0.0000000e+00   0.0000000e+00   0.0000000e+00   0.0000000e+00   0.0000000e+00   0.0000000e+00   0.0000000e+00   0.0000000e+00   0.0000000e+00   0.0000000e+00   0.0000000e+00   0.0000000e+00   0.0000000e+00   0.0000000e+00
   0.0000000e+00   0.0000000e+00   0.0000000e+00   0.0000000e+00   0.0000000e+00   0.0000000e+00   0.0000000e+00   0.0000000e+00   0.0000000e+00   0.0000000e+00   0.0000000e+00   0.0000000e+00   0.0000000e+00   0.0000000e+00   0.0000000e+00   0.0000000e+00   0.0000000e+00   0.0000000e+00   0.0000000e+00   0.0000000e+00   0.0000000e+00   0.0000000e+00   0.0000000e+00   0.0000000e+00   0.0000000e+00   0.0000000e+00   0.0000000e+00   0.0000000e+00   0.0000000e+00   0.0000000e+00
