   1.3042698e+03   1.2414533e+03   1.0276635e+03   8.8250805e+02   1.1637610e+03   9.7569153e+02   1.2183995e+03   9.7350512e+02   1.1759893e+03   1.2434118e+03   1.0843799e+03   9.4745052e+02   1.4869973e+03   1.1721456e+03   1.0917014e+03   1.4096309e+03   1.3394423e+03   8.4672405e+02   1.1480069e+03   1.1106350e+03   1.2387977e+03   1.3623502e+03   1.0318607e+03   9.2311919e+02   1.1656148e+03   9.0058698e+02   1.0987223e+03   9.4430121e+02   8.8176062e+02   1.2387977e+03
   1.3042698e+03   1.2414533e+03   1.0276635e+03   8.8250805e+02   1.1637610e+03   9.7569153e+02   1.2183995e+03   9.7350512e+02   1.1759893e+03   1.2434118e+03   1.0843799e+03   9.4745052e+02   1.4869973e+03   1.1721456e+03   1.0917014e+03   1.4096309e+03   1.3394423e+03   8.4672405e+02   1.1480069e+03   1.1106350e+03   1.2387977e+03   1.3623502e+03   1.0318607e+03   9.2311919e+02   1.1656148e+03   9.0058698e+02   1.0987223e+03   9.4430121e+02   8.8176062e+02   1.2387977e+03
   1.3042698e+03   1.2414533e+03   1.0276635e+03   8.8250805e+02   1.1637610e+03   9.7569153e+02   1.2183995e+03   9.7350512e+02   1.1759893e+03   1.2434118e+03   1.0843799e+03   9.4745052e+02   1.4869973e+03   1.1721456e+03   1.0917014e+03   1.4096309e+03   1.3394423e+03   8.4672405e+02   1.1480069e+03   1.1106350e+03   1.2387977e+03   1.3623502e+03   1.0318607e+03   9.2311919e+02   1.1656148e+03   9.0058698e+02   1.0987223e+03   9.4430121e+02   8.8176062e+02   1.2387977e+03
   1.3042698e+03   1.2414533e+03   9.8365041e+02   8.8250805e+02   1.1637610e+03   9.4932079e+02   1.2183995e+03   9.7350512e+02   1.0581181e+03   1.2018366e+03   1.0843799e+03   7.8226149e+02   1.4643568e+03   1.1721456e+03   1.0917014e+03   1.2077825e+03   1.2442937e+03   8.4672405e+02   1.1480069e+03   1.1106350e+03   9.3218894e+02   1.1723500e+03   1.0318607e+03   8.9920122e+02   8.8966567e+02   9.0058698e+02   1.0987223e+03   9.4430121e+02   7.1703263e+02   9.3218894e+02
   1.1227616e+03   1.2313529e+03   9.8365041e+02   7.9037531e+02   1.1637610e+03   9.4932079e+02   1.2183995e+03   9.7350512e+02   1.0581181e+03   1.2018366e+03   1.0843799e+03   7.8226149e+02   1.2529283e+03   1.0152238e+03   1.0917014e+03   1.2077825e+03   1.2442937e+03   8.4672405e+02   9.7397259e+02   1.1066289e+03   9.3218894e+02   1.1723500e+03   9.8121249e+02   8.6501670e+02   7.5513825e+02   9.0058698e+02   8.8572618e+02   9.4430121e+02   7.1703263e+02   9.3218894e+02
   8.3971546e+02   1.1368224e+03   9.7616565e+02   7.9037531e+02   9.7851866e+02   7.1632981e+02   1.0209143e+03   9.7350512e+02   1.0467169e+03   1.1496557e+03   9.3977816e+02   7.4772477e+02   1.1711751e+03   9.8877954e+02   9.0824219e+02   1.0420423e+03   9.1858577e+02   8.2341222e+02   8.2163902e+02   8.7709626e+02   8.9127445e+02   1.1303566e+03   9.7570665e+02   7.5289339e+02   7.5513825e+02   7.5923742e+02   8.8450218e+02   8.1047269e+02   7.1703263e+02   8.9127445e+02
   8.2763933e+02   9.8260482e+02   7.8674567e+02   7.5770432e+02   8.4463271e+02   7.1021045e+02   8.8202793e+02   7.8962619e+02   8.9631645e+02   8.5638178e+02   8.2433276e+02   7.4772477e+02   9.8306820e+02   9.8877954e+02   8.9995372e+02   8.9816687e+02   8.6383389e+02   7.4126710e+02   8.1416484e+02   8.0956214e+02   8.0513498e+02   9.2543035e+02   9.6455646e+02   7.4903034e+02   7.4184622e+02   6.5662671e+02   7.7325152e+02   8.1047269e+02   7.1703263e+02   8.0513498e+02
   8.0840094e+02   7.2775927e+02   7.2624817e+02   6.0810421e+02   7.0795172e+02   5.9470888e+02   7.7924398e+02   7.7319711e+02   7.2027206e+02   8.2324843e+02   5.8888871e+02   7.1512651e+02   6.4899621e+02   7.9202780e+02   7.2024569e+02   7.7425184e+02   7.1330487e+02   6.7517776e+02   6.9577797e+02   6.3421692e+02   6.9641722e+02   8.4186451e+02   7.2036210e+02   6.9076249e+02   7.0868402e+02   5.6047901e+02   7.0992858e+02   6.0558201e+02   7.1703263e+02   6.9641722e+02
   5.4695773e+02   5.9582971e+02   4.4630367e+02   5.7911923e+02   5.8158974e+02   5.3247633e+02   5.4072524e+02   6.1182627e+02   5.9421140e+02   5.4968962e+02   5.0035207e+02   5.6772415e+02   5.6818010e+02   5.9834866e+02   5.9416660e+02   6.0400868e+02   5.7482427e+02   5.3589529e+02   5.8130087e+02   6.0105306e+02   6.1128069e+02   6.3142184e+02   5.0141049e+02   5.2122277e+02   5.7937288e+02   5.1279659e+02   5.9635627e+02   5.5963118e+02   4.8684683e+02   6.1128069e+02
   4.8359826e+02   4.8519069e+02   3.9875745e+02   4.5889476e+02   4.3968646e+02   4.7087396e+02   4.1772532e+02   4.2848543e+02   4.5592757e+02   4.4051719e+02   4.2978214e+02   4.1747723e+02   4.4997504e+02   4.2692746e+02   4.0818328e+02   4.3271135e+02   4.3070310e+02   4.2129423e+02   4.6184913e+02   3.9847169e+02   3.8966128e+02   4.1438376e+02   3.9621338e+02   4.5918896e+02   4.5337187e+02   4.2717976e+02   3.6878245e+02   3.9878959e+02   4.5736517e+02   3.8966128e+02
   3.3949078e+02   3.4096417e+02   3.4015430e+02   3.3835742e+02   3.2313686e+02   3.2769587e+02   3.4647474e+02   3.3405003e+02   3.4271343e+02   3.4156853e+02   3.1448063e+02   3.2638707e+02   3.2694625e+02   3.3346043e+02   3.6771563e+02   3.2278550e+02   3.4716379e+02   3.6586290e+02   3.3364466e+02   3.3076260e+02   3.3551444e+02   3.2060534e+02   3.1481730e+02   3.3922746e+02   3.4027199e+02   3.0980601e+02   3.3351187e+02   3.2060558e+02   3.2377304e+02   3.3551444e+02
   2.9473682e+02   2.8173284e+02   2.9296375e+02   2.7585920e+02   2.8102087e+02   2.9720597e+02   2.8715049e+02   2.6936831e+02   2.7465801e+02   2.8062028e+02   2.7408867e+02   2.9079045e+02   2.6902263e+02   2.7141209e+02   2.9063536e+02   2.9486226e+02   2.8787218e+02   2.9543452e+02   2.8295031e+02   2.9396253e+02   2.8634999e+02   2.7466375e+02   2.7360914e+02   2.7070858e+02   2.8674997e+02   2.7347977e+02   2.7926856e+02   2.8212101e+02   2.7570836e+02   2.8634999e+02
   2.6833453e+02   2.6505127e+02   2.5905732e+02   2.5582445e+02   2.6988548e+02   2.6058457e+02   2.5796573e+02   2.6041196e+02   2.6432557e+02   2.6923207e+02   2.6101854e+02   2.6517901e+02   2.6362961e+02   2.5942116e+02   2.6739204e+02   2.6396311e+02   2.6054047e+02   2.6517301e+02   2.6407271e+02   2.6267079e+02   2.6482942e+02   2.6785789e+02   2.6959415e+02   2.5919511e+02   2.5670358e+02   2.5775468e+02   2.6142850e+02   2.6744963e+02   2.5926853e+02   2.6482942e+02
   2.4700884e+02   2.4711934e+02   2.4939018e+02   2.4652552e+02   2.4998080e+02   2.5129906e+02   2.4305077e+02   2.4691794e+02   2.4982162e+02   2.4790240e+02   2.4914617e+02   2.4577839e+02   2.4804420e+02   2.4538665e+02   2.4870869e+02   2.4987855e+02   2.5038186e+02   2.4650714e+02   2.5068015e+02   2.4632389e+02   2.4934198e+02   2.4820443e+02   2.4724445e+02   2.5337961e+02   2.4550001e+02   2.5032344e+02   2.4511621e+02   2.5187792e+02   2.4324446e+02   2.4934198e+02
   2.3806795e+02   2.3731907e+02   2.4256855e+02   2.3796726e+02   2.4051050e+02   2.3570538e+02   2.3785479e+02   2.3704736e+02   2.3874276e+02   2.4254676e+02   2.3536176e+02   2.3644308e+02   2.3165530e+02   2.4231327e+02   2.3711815e+02   2.3745817e+02   2.4027765e+02   2.3831427e+02   2.4007842e+02   2.3347963e+02   2.3985183e+02   2.3672316e+02   2.3791528e+02   2.3617248e+02   2.3976581e+02   2.3740728e+02   2.3550583e+02   2.3995841e+02   2.4044269e+02   2.3985183e+02
   2.3166813e+02   2.3472463e+02   2.3272795e+02   2.3505119e+02   2.3216899e+02   2.3279462e+02   2.3186401e+02   2.3229116e+02   2.3287760e+02   2.3369435e+02   2.3306533e+02   2.3286104e+02   2.2977397e+02   2.3301813e+02   2.3505741e+02   2.3254352e+02   2.3282057e+02   2.3157798e+02   2.3438521e+02   2.3305545e+02   2.3415609e+02   2.3334691e+02   2.3257615e+02   2.3321558e+02   2.3197580e+02   2.3290387e+02   2.3240087e+02   2.3163018e+02   2.3162592e+02   2.3415609e+02
