4.050252e+09 3.373765e+09 5.392435e+09 2.636523e+09 6.451301e+09 3.139570e+09 3.235238e+09 3.694607e+09 4.445055e+09 4.019284e+09 3.878259e+09 4.146768e+09 3.287130e+09 4.345730e+09 4.677791e+09 3.139570e+09 4.432895e+09 1.942289e+09 3.093167e+09 3.017442e+09 6.451301e+09 4.783646e+09 3.812322e+09 5.049515e+09 4.353559e+09 4.783646e+09 3.814586e+09 2.614519e+09 2.580276e+09 6.451301e+09 
4.050252e+09 3.373765e+09 5.392435e+09 2.636523e+09 6.451301e+09 3.139570e+09 3.235238e+09 3.694607e+09 4.445055e+09 4.019284e+09 3.878259e+09 4.146768e+09 3.287130e+09 4.345730e+09 4.677791e+09 3.139570e+09 4.432895e+09 1.942289e+09 3.093167e+09 3.017442e+09 6.451301e+09 4.783646e+09 3.812322e+09 5.049515e+09 4.353559e+09 4.783646e+09 3.814586e+09 2.614519e+09 2.580276e+09 6.451301e+09 
4.050252e+09 3.373765e+09 5.392435e+09 2.636523e+09 6.451301e+09 3.139570e+09 3.235238e+09 3.694607e+09 4.445055e+09 4.019284e+09 3.878259e+09 4.146768e+09 3.287130e+09 4.345730e+09 4.677791e+09 3.139570e+09 4.432895e+09 1.942289e+09 3.093167e+09 3.017442e+09 6.451301e+09 4.783646e+09 3.812322e+09 5.049515e+09 4.353559e+09 4.783646e+09 3.814586e+09 2.614519e+09 2.580276e+09 6.451301e+09 
4.050252e+09 2.994310e+09 4.838846e+09 2.636523e+09 4.500113e+09 3.139570e+09 3.235238e+09 3.694607e+09 4.445055e+09 4.019284e+09 2.978424e+09 3.267979e+09 3.287130e+09 3.746013e+09 2.252493e+09 3.139570e+09 2.496516e+09 1.942289e+09 3.093167e+09 2.989859e+09 4.500113e+09 4.783646e+09 3.812322e+09 2.621100e+09 1.176156e+09 4.783646e+09 3.814586e+09 2.614519e+09 2.580276e+09 4.500113e+09 
4.050252e+09 2.994310e+09 4.838846e+09 2.636523e+09 4.500113e+09 1.713937e+09 3.209770e+09 1.883784e+09 2.640843e+09 1.818146e+09 2.978424e+09 3.267979e+09 2.611234e+09 1.488393e+09 2.252493e+09 1.713937e+09 2.496516e+09 1.942289e+09 3.093167e+09 2.989859e+09 4.500113e+09 4.316994e+09 3.812322e+09 2.049762e+09 1.164403e+09 4.316994e+09 2.611782e+09 2.468849e+09 2.580276e+09 4.500113e+09 
3.129499e+09 2.994310e+09 1.438365e+09 2.636523e+09 1.809804e+09 1.713937e+09 2.579409e+09 1.883784e+09 2.281233e+09 1.818146e+09 2.978424e+09 2.920328e+09 1.998955e+09 1.488393e+09 1.773527e+09 1.713937e+09 2.049044e+09 1.942289e+09 2.651375e+09 2.123438e+09 1.809804e+09 1.892939e+09 1.871772e+09 2.044777e+09 1.164403e+09 1.892939e+09 1.138602e+09 2.203550e+09 2.267840e+09 1.809804e+09 
1.632545e+09 8.454761e+08 1.274626e+09 1.020464e+09 1.809804e+09 1.201473e+09 2.579409e+09 1.853637e+09 8.631834e+08 1.818146e+09 1.981949e+09 2.269325e+09 1.621601e+09 6.695438e+08 1.662383e+09 1.201473e+09 6.559509e+08 1.942289e+09 1.586480e+09 1.251158e+09 1.809804e+09 1.369463e+09 9.201005e+08 2.044777e+09 9.194661e+08 1.369463e+09 6.459917e+08 2.065928e+09 2.003873e+09 1.809804e+09 
1.115124e+09 4.903404e+08 3.310156e+08 4.933204e+08 1.113703e+09 9.310794e+08 1.690673e+09 1.063937e+09 8.631834e+08 1.441785e+09 7.845837e+08 1.004012e+09 1.350642e+09 5.079372e+08 5.669962e+08 9.310794e+08 5.782719e+08 5.035930e+08 1.147437e+09 6.114956e+08 1.113703e+09 9.332809e+08 9.201005e+08 2.433649e+08 5.014495e+08 9.332809e+08 3.478999e+08 8.186036e+08 4.273083e+08 1.113703e+09 
1.841440e+08 3.103312e+08 2.735315e+08 2.451142e+08 3.471704e+08 3.237427e+08 1.660996e+08 3.447470e+08 2.960970e+08 4.369477e+08 2.129406e+08 1.527834e+08 1.567824e+08 2.176336e+08 2.884911e+08 3.237427e+08 2.336174e+08 3.071689e+08 3.788328e+08 2.477716e+08 3.471704e+08 2.257777e+08 2.199891e+08 1.944722e+08 4.498545e+08 2.257777e+08 2.127273e+08 3.281326e+08 2.514821e+08 3.471704e+08 
1.026646e+08 1.060186e+08 7.765460e+07 2.810648e+07 5.279061e+07 3.691560e+07 1.012565e+08 3.675609e+07 4.413035e+07 2.597349e+07 4.810436e+07 5.131116e+07 1.091274e+08 5.787191e+07 7.102512e+07 3.691560e+07 8.009240e+07 6.692871e+07 7.985626e+07 9.836799e+07 5.279061e+07 2.206847e+07 5.427078e+07 5.056644e+07 8.382948e+07 2.206847e+07 3.770320e+07 4.993392e+07 6.637474e+07 5.279061e+07 
6.406580e+06 4.245280e+06 1.773807e+06 6.267191e+06 1.385000e+07 5.114181e+06 1.457860e+07 1.756852e+07 1.048476e+07 1.014766e+07 1.101628e+07 7.516324e+06 1.225727e+07 7.204552e+06 1.046415e+07 5.114181e+06 8.077026e+06 1.757799e+07 9.990568e+06 8.757396e+06 1.385000e+07 1.425452e+07 1.107616e+07 2.925847e+06 1.258284e+07 1.425452e+07 1.328454e+07 6.885924e+06 1.174121e+07 1.385000e+07 
2.737636e+06 2.043237e+06 1.471244e+06 1.337973e+06 1.671219e+06 2.104161e+06 3.721431e+06 1.751669e+06 1.942014e+06 1.174501e+06 1.417594e+06 2.232175e+06 1.325300e+06 1.667994e+06 2.403676e+06 2.104161e+06 1.755404e+06 1.585018e+06 2.352275e+06 2.343449e+06 1.671219e+06 1.243321e+06 1.478937e+06 1.631542e+06 2.377477e+06 1.243321e+06 1.642667e+06 2.133645e+06 3.258058e+06 1.671219e+06 
3.761108e+04 2.303851e+05 4.173803e+04 3.190102e+04 5.132655e+05 3.555922e+05 2.129188e+05 8.954507e+04 1.727643e+05 1.473910e+05 3.749247e+05 4.981705e+05 6.603196e+04 1.208267e+05 2.253372e+05 3.555922e+05 2.298680e+05 1.152968e+05 5.096634e+04 4.914021e+04 5.132655e+05 1.652612e+05 3.116353e+05 3.802835e+04 1.183894e+05 1.652612e+05 1.958350e+05 9.955232e+04 5.075904e+05 5.132655e+05 
2.374061e+03 3.084585e+04 4.587104e+03 4.232717e+03 6.717282e+04 3.326373e+04 6.316046e+03 7.040452e+03 4.676989e+03 5.232040e+03 2.946311e+04 2.411971e+04 1.239746e+04 7.242904e+03 1.216057e+04 3.326373e+04 9.769019e+03 1.494557e+04 3.854898e+03 8.546981e+03 6.717282e+04 1.300589e+04 3.503058e+04 3.282763e+03 5.903324e+03 1.300589e+04 2.567149e+03 9.739979e+03 9.383096e+03 6.717282e+04 
8.130028e+02 1.228428e+03 2.085487e+03 1.611592e+03 2.667952e+02 2.889591e+02 5.034679e+02 1.415008e+03 1.853003e+03 1.050819e+03 3.382759e+02 8.931487e+02 2.895911e+02 1.602067e+03 1.805245e+03 2.889591e+02 1.456930e+03 1.268339e+03 1.293468e+03 1.380643e+03 2.667952e+02 9.081085e+02 7.052626e+02 1.384668e+03 5.889956e+02 9.081085e+02 1.055198e+03 1.333176e+03 1.459648e+03 2.667952e+02 
2.030236e+01 3.648689e+00 1.686210e+00 5.321221e+00 9.319915e+00 1.791673e+01 7.372240e+00 1.603981e+01 9.703489e+00 3.406691e+01 2.222052e+00 2.726152e+00 1.488395e+00 1.960206e+01 5.254883e+00 1.791673e+01 2.770634e+00 9.085973e+00 9.280806e+00 1.206816e+01 9.319915e+00 8.520323e+00 7.145565e+00 7.839441e+00 1.199597e+00 8.520323e+00 7.215515e+00 9.886868e+00 7.183202e+00 9.319915e+00 
0.000000e+00 0.000000e+00 0.000000e+00 0.000000e+00 0.000000e+00 0.000000e+00 0.000000e+00 0.000000e+00 0.000000e+00 0.000000e+00 0.000000e+00 0.000000e+00 0.000000e+00 0.000000e+00 0.000000e+00 0.000000e+00 0.000000e+00 0.000000e+00 0.000000e+00 0.000000e+00 0.000000e+00 0.000000e+00 0.000000e+00 0.000000e+00 0.000000e+00 0.000000e+00 0.000000e+00 0.000000e+00 0.000000e+00 0.000000e+00 