   2.7812096e+04   1.8066870e+04   2.2923854e+04   2.7920936e+04   2.2923854e+04   2.0479200e+04   2.2923854e+04   1.2942993e+05   5.2153159e+04   2.4741080e+04   2.7920936e+04   1.8066870e+04   2.7920936e+04   2.4741080e+04   1.2942993e+05   2.0479200e+04   5.2153159e+04   2.2923854e+04   2.0479200e+04   2.0479200e+04   2.2923854e+04   1.2942993e+05   3.1089123e+04   1.2942993e+05   5.4406978e+04   1.2942993e+05   5.2153159e+04   3.1089123e+04   1.8066870e+04   2.2923854e+04
   2.7812096e+04   1.8066870e+04   2.2923854e+04   2.7195275e+04   2.2923854e+04   2.0479200e+04   2.2923854e+04   2.2099272e+04   2.2439903e+04   2.4741080e+04   2.7195275e+04   1.8066870e+04   2.7195275e+04   2.4741080e+04   2.2099272e+04   2.0479200e+04   2.2439903e+04   2.2923854e+04   2.0479200e+04   2.0479200e+04   2.2923854e+04   2.2099272e+04   2.5297484e+04   2.2099272e+04   4.1264165e+04   2.2099272e+04   2.2439903e+04   2.5297484e+04   1.8066870e+04   2.2923854e+04
   2.7812096e+04   1.8066870e+04   2.2923854e+04   2.7195275e+04   2.2923854e+04   2.0479200e+04   2.2923854e+04   2.2099272e+04   2.2439903e+04   2.4741080e+04   2.7195275e+04   1.8066870e+04   2.7195275e+04   2.4741080e+04   2.2099272e+04   2.0479200e+04   2.2439903e+04   2.2923854e+04   2.0479200e+04   2.0479200e+04   2.2923854e+04   2.2099272e+04   2.5297484e+04   2.2099272e+04   4.1264165e+04   2.2099272e+04   2.2439903e+04   2.5297484e+04   1.8066870e+04   2.2923854e+04
   2.5183861e+04   1.8066870e+04   2.2923854e+04   1.3172805e+04   2.2923854e+04   2.0479200e+04   2.2923854e+04   2.2099272e+04   2.2439903e+04   2.3413482e+04   1.3172805e+04   1.8066870e+04   1.3172805e+04   2.3413482e+04   2.2099272e+04   2.0479200e+04   2.2439903e+04   2.2923854e+04   2.0479200e+04   2.0479200e+04   2.2923854e+04   2.2099272e+04   2.5297484e+04   2.2099272e+04   4.1264165e+04   2.2099272e+04   2.2439903e+04   2.5297484e+04   1.8066870e+04   2.2923854e+04
   1.1833714e+04   1.5658522e+04   2.2923854e+04   1.2291268e+04   2.2923854e+04   2.0479200e+04   2.2923854e+04   2.2099272e+04   2.2439903e+04   1.9301413e+04   1.2291268e+04   1.5658522e+04   1.2291268e+04   1.9301413e+04   2.2099272e+04   2.0479200e+04   2.2439903e+04   2.2923854e+04   2.0479200e+04   2.0479200e+04   2.2923854e+04   2.2099272e+04   1.6777074e+04   2.2099272e+04   2.3423588e+04   2.2099272e+04   2.2439903e+04   1.6777074e+04   1.5658522e+04   2.2923854e+04
   9.6844800e+03   1.5658522e+04   2.2923854e+04   1.2291268e+04   2.2923854e+04   1.6533892e+04   2.2923854e+04   1.6250418e+04   2.2439903e+04   9.4293394e+03   1.2291268e+04   1.5658522e+04   1.2291268e+04   9.4293394e+03   1.6250418e+04   1.6533892e+04   2.2439903e+04   2.2923854e+04   1.6533892e+04   1.6533892e+04   2.2923854e+04   1.6250418e+04   1.4193210e+04   1.6250418e+04   1.1946371e+04   1.6250418e+04   2.2439903e+04   1.4193210e+04   1.5658522e+04   2.2923854e+04
   9.6844800e+03   1.5658522e+04   1.6028508e+04   1.2291268e+04   1.6028508e+04   1.1070515e+04   1.6028508e+04   1.3292806e+04   1.1640092e+04   9.4293394e+03   1.2291268e+04   1.5658522e+04   1.2291268e+04   9.4293394e+03   1.3292806e+04   1.1070515e+04   1.1640092e+04   1.6028508e+04   1.1070515e+04   1.1070515e+04   1.6028508e+04   1.3292806e+04   1.1828004e+04   1.3292806e+04   1.1946371e+04   1.3292806e+04   1.1640092e+04   1.1828004e+04   1.5658522e+04   1.6028508e+04
   8.3734015e+03   1.0837275e+04   1.3473552e+04   6.1446017e+03   1.3473552e+04   1.0293381e+04   1.3473552e+04   1.1657984e+04   1.1640092e+04   9.4293394e+03   6.1446017e+03   1.0837275e+04   6.1446017e+03   9.4293394e+03   1.1657984e+04   1.0293381e+04   1.1640092e+04   1.3473552e+04   1.0293381e+04   1.0293381e+04   1.3473552e+04   1.1657984e+04   1.1828004e+04   1.1657984e+04   1.1946371e+04   1.1657984e+04   1.1640092e+04   1.1828004e+04   1.0837275e+04   1.3473552e+04
   7.4049906e+03   1.0837275e+04   9.4614354e+03   5.7674066e+03   9.4614354e+03   9.0922709e+03   9.4614354e+03   1.1657984e+04   5.5994879e+03   9.4293394e+03   5.7674066e+03   1.0837275e+04   5.7674066e+03   9.4293394e+03   1.1657984e+04   9.0922709e+03   5.5994879e+03   9.4614354e+03   9.0922709e+03   9.0922709e+03   9.4614354e+03   1.1657984e+04   6.3270903e+03   1.1657984e+04   6.5922570e+03   1.1657984e+04   5.5994879e+03   6.3270903e+03   1.0837275e+04   9.4614354e+03
   7.4045146e+03   5.4040187e+03   8.1104932e+03   5.7674066e+03   8.1104932e+03   8.3895267e+03   8.1104932e+03   7.6150797e+03   5.3006034e+03   9.4293394e+03   5.7674066e+03   5.4040187e+03   5.7674066e+03   9.4293394e+03   7.6150797e+03   8.3895267e+03   5.3006034e+03   8.1104932e+03   8.3895267e+03   8.3895267e+03   8.1104932e+03   7.6150797e+03   3.5433879e+03   7.6150797e+03   3.8533213e+03   7.6150797e+03   5.3006034e+03   3.5433879e+03   5.4040187e+03   8.1104932e+03
   7.4045146e+03   4.3748680e+03   7.8216395e+03   5.7674066e+03   7.8216395e+03   7.0899573e+03   7.8216395e+03   7.3931921e+03   5.1761731e+03   5.8470406e+03   5.7674066e+03   4.3748680e+03   5.7674066e+03   5.8470406e+03   7.3931921e+03   7.0899573e+03   5.1761731e+03   7.8216395e+03   7.0899573e+03   7.0899573e+03   7.8216395e+03   7.3931921e+03   3.5433879e+03   7.3931921e+03   3.8497024e+03   7.3931921e+03   5.1761731e+03   3.5433879e+03   4.3748680e+03   7.8216395e+03
   4.5782004e+03   2.0469254e+03   6.2166219e+03   4.9215736e+03   6.2166219e+03   4.3282319e+03   6.2166219e+03   4.1240605e+03   2.7552883e+03   4.7271964e+03   4.9215736e+03   2.0469254e+03   4.9215736e+03   4.7271964e+03   4.1240605e+03   4.3282319e+03   2.7552883e+03   6.2166219e+03   4.3282319e+03   4.3282319e+03   6.2166219e+03   4.1240605e+03   3.1719362e+03   4.1240605e+03   3.6407486e+03   4.1240605e+03   2.7552883e+03   3.1719362e+03   2.0469254e+03   6.2166219e+03
   1.2334200e+03   1.1309747e+03   1.2564055e+03   1.0975197e+03   1.2564055e+03   1.3682510e+03   1.2564055e+03   1.5900573e+03   2.5542937e+03   1.3676813e+03   1.0975197e+03   1.1309747e+03   1.0975197e+03   1.3676813e+03   1.5900573e+03   1.3682510e+03   2.5542937e+03   1.2564055e+03   1.3682510e+03   1.3682510e+03   1.2564055e+03   1.5900573e+03   2.2626036e+03   1.5900573e+03   1.7514960e+03   1.5900573e+03   2.5542937e+03   2.2626036e+03   1.1309747e+03   1.2564055e+03
   3.1277872e+02   3.6100747e+02   3.2069791e+02   3.0561043e+02   3.2069791e+02   3.3371350e+02   3.2069791e+02   3.1719373e+02   4.0605804e+02   3.1635287e+02   3.0561043e+02   3.6100747e+02   3.0561043e+02   3.1635287e+02   3.1719373e+02   3.3371350e+02   4.0605804e+02   3.2069791e+02   3.3371350e+02   3.3371350e+02   3.2069791e+02   3.1719373e+02   3.1431823e+02   3.1719373e+02   3.1551218e+02   3.1719373e+02   4.0605804e+02   3.1431823e+02   3.6100747e+02   3.2069791e+02
   3.0000000e+02   3.0000000e+02   3.0000000e+02   3.0000000e+02   3.0000000e+02   3.0000000e+02   3.0000000e+02   3.0000000e+02   3.0000003e+02   3.0000000e+02   3.0000000e+02   3.0000000e+02   3.0000000e+02   3.0000000e+02   3.0000000e+02   3.0000000e+02   3.0000003e+02   3.0000000e+02   3.0000000e+02   3.0000000e+02   3.0000000e+02   3.0000000e+02   3.0000000e+02   3.0000000e+02   3.0000000e+02   3.0000000e+02   3.0000003e+02   3.0000000e+02   3.0000000e+02   3.0000000e+02
   3.0000000e+02   3.0000000e+02   3.0000000e+02   3.0000000e+02   3.0000000e+02   3.0000000e+02   3.0000000e+02   3.0000000e+02   3.0000000e+02   3.0000000e+02   3.0000000e+02   3.0000000e+02   3.0000000e+02   3.0000000e+02   3.0000000e+02   3.0000000e+02   3.0000000e+02   3.0000000e+02   3.0000000e+02   3.0000000e+02   3.0000000e+02   3.0000000e+02   3.0000000e+02   3.0000000e+02   3.0000000e+02   3.0000000e+02   3.0000000e+02   3.0000000e+02   3.0000000e+02   3.0000000e+02
