   1.2832537e+02   8.4303589e+02   3.8751592e+02   1.2227951e+03   1.0099057e+03   1.7371553e+02   6.3481152e+02   5.5417918e+02   4.7579037e+02   2.0630567e+02   3.4130135e+02   2.7820348e+02   3.4130135e+02   3.1508346e+02   3.3936870e+02   1.7371553e+02   3.9805425e+02   2.8008776e+02   1.7772125e+02   4.2573376e+02   1.0099057e+03   1.7271657e+03   1.4639270e+02   2.0818826e+02   6.3608318e+02   6.3610961e+02   2.2654003e+02   4.0584086e+02   5.9618669e+02   4.1005300e+02
   1.2832537e+02   7.3338944e+02   2.4204752e+02   6.5631838e+02   7.7770406e+02   1.7371553e+02   2.7931734e+02   3.5193165e+02   4.7579037e+02   2.0630567e+02   3.4130135e+02   2.1943034e+02   3.4130135e+02   3.1508346e+02   3.3936870e+02   1.7371553e+02   2.8788621e+02   2.6497245e+02   1.7772125e+02   4.0993647e+02   7.7770406e+02   6.0820035e+02   1.4639270e+02   2.0818826e+02   1.7338993e+02   1.5224152e+02   2.2654003e+02   2.8066583e+02   2.7229956e+02   1.5150445e+02
   1.2832537e+02   7.3338944e+02   2.4204752e+02   6.5631838e+02   7.7770406e+02   1.7371553e+02   2.7931734e+02   3.5193165e+02   4.7579037e+02   2.0630567e+02   3.4130135e+02   2.1943034e+02   3.4130135e+02   3.1508346e+02   3.3936870e+02   1.7371553e+02   2.8788621e+02   2.6497245e+02   1.7772125e+02   4.0993647e+02   7.7770406e+02   6.0820035e+02   1.4639270e+02   2.0818826e+02   1.7338993e+02   1.5224152e+02   2.2654003e+02   2.8066583e+02   2.7229956e+02   1.5150445e+02
   1.2316443e+02   5.9093598e+02   1.6404214e+02   4.6885384e+02   7.3325326e+02   1.6121351e+02   2.7089145e+02   3.5193165e+02   4.7579037e+02   2.0630567e+02   3.4130135e+02   2.1943034e+02   3.4130135e+02   2.2806523e+02   3.3936870e+02   1.6121351e+02   2.6551161e+02   2.3818669e+02   1.7772125e+02   2.8546010e+02   7.3325326e+02   3.5401085e+02   1.4586764e+02   1.9982195e+02   1.4717743e+02   1.5224152e+02   2.2654003e+02   2.3261306e+02   2.6407293e+02   1.5150445e+02
   1.2316443e+02   3.4486838e+02   1.6404214e+02   3.4780522e+02   1.4861151e+02   1.5914793e+02   2.6107276e+02   3.5165823e+02   2.2145288e+02   1.8918174e+02   1.3569762e+02   1.8193037e+02   1.3569762e+02   2.0325179e+02   1.5678637e+02   1.5914793e+02   2.6551161e+02   2.0824853e+02   1.7772125e+02   2.4615712e+02   1.4861151e+02   2.5489328e+02   1.4251119e+02   1.5912892e+02   1.4717743e+02   1.5224152e+02   1.8811772e+02   1.3907385e+02   2.6407293e+02   1.5150445e+02
   1.2303683e+02   2.4589523e+02   1.6404214e+02   2.0413481e+02   1.3177948e+02   1.5316108e+02   1.5845428e+02   2.1954514e+02   1.9498712e+02   1.8918174e+02   1.3569762e+02   1.4343493e+02   1.3569762e+02   1.3394183e+02   1.5678637e+02   1.5316108e+02   1.3921673e+02   1.3896648e+02   1.5687403e+02   2.2101481e+02   1.3177948e+02   1.7279313e+02   1.4242529e+02   1.5912892e+02   1.4717743e+02   1.5224152e+02   1.8635490e+02   1.3907385e+02   2.5068602e+02   1.2856108e+02
   1.1674694e+02   2.2007853e+02   1.2098509e+02   1.5486424e+02   1.1421047e+02   1.3335875e+02   1.2638189e+02   1.3580930e+02   1.7287146e+02   1.8330751e+02   1.2806674e+02   1.2984411e+02   1.2806674e+02   1.2928190e+02   1.2671002e+02   1.3335875e+02   1.2409633e+02   1.3809806e+02   1.5687403e+02   1.5089483e+02   1.1421047e+02   1.3486653e+02   1.2031259e+02   1.3417721e+02   1.1970686e+02   1.2279319e+02   1.2381266e+02   1.3907385e+02   1.6948915e+02   1.1442412e+02
   1.1158348e+02   1.5316181e+02   1.1980349e+02   1.1695037e+02   1.1416575e+02   1.2087664e+02   1.2219979e+02   1.0718812e+02   1.4650325e+02   1.1920740e+02   1.1158297e+02   1.0671201e+02   1.1158297e+02   1.1306542e+02   1.1628422e+02   1.2087664e+02   1.2409633e+02   1.2685972e+02   1.1219750e+02   1.1294812e+02   1.1416575e+02   1.2866478e+02   1.1528166e+02   1.1890062e+02   1.1620199e+02   1.2071996e+02   1.1626361e+02   1.3218119e+02   1.1610750e+02   1.1397810e+02
   1.1129402e+02   1.1899666e+02   1.1663182e+02   1.0704748e+02   1.0720558e+02   1.0876936e+02   1.1253007e+02   1.0718812e+02   1.1028136e+02   1.0979107e+02   1.1155349e+02   1.0650617e+02   1.1155349e+02   1.0515175e+02   1.1110201e+02   1.0876936e+02   1.1733308e+02   1.0883766e+02   1.1002253e+02   1.0481789e+02   1.0720558e+02   1.0656913e+02   1.0803931e+02   1.0528559e+02   1.0881483e+02   1.0521251e+02   1.0585226e+02   1.1144399e+02   1.1201954e+02   1.0829853e+02
   1.0375370e+02   1.0292334e+02   1.0888257e+02   1.0504474e+02   1.0274574e+02   1.0266174e+02   1.0366187e+02   1.0262152e+02   1.0600930e+02   1.0412372e+02   1.0182350e+02   1.0372244e+02   1.0182350e+02   1.0253212e+02   1.0317146e+02   1.0266174e+02   1.0846587e+02   1.0638485e+02   1.0395971e+02   1.0287897e+02   1.0274574e+02   1.0356032e+02   1.0588493e+02   1.0461524e+02   1.0519869e+02   1.0323937e+02   1.0333303e+02   1.0679213e+02   1.0772562e+02   1.0299811e+02
   1.0138051e+02   1.0143192e+02   1.0164323e+02   1.0168880e+02   1.0151620e+02   1.0143287e+02   1.0135850e+02   1.0109783e+02   1.0094494e+02   1.0108486e+02   1.0127493e+02   1.0121507e+02   1.0127493e+02   1.0076495e+02   1.0128955e+02   1.0143287e+02   1.0190085e+02   1.0108414e+02   1.0113941e+02   1.0114045e+02   1.0151620e+02   1.0122115e+02   1.0141592e+02   1.0187173e+02   1.0149144e+02   1.0073026e+02   1.0143385e+02   1.0139446e+02   1.0131468e+02   1.0113283e+02
   1.0037693e+02   1.0097963e+02   1.0106922e+02   1.0064582e+02   1.0075309e+02   1.0084175e+02   1.0062928e+02   1.0082819e+02   1.0037486e+02   1.0087349e+02   1.0051407e+02   1.0053698e+02   1.0051407e+02   1.0058593e+02   1.0052162e+02   1.0084175e+02   1.0071322e+02   1.0093237e+02   1.0078758e+02   1.0084369e+02   1.0075309e+02   1.0067549e+02   1.0087648e+02   1.0097982e+02   1.0056267e+02   1.0073026e+02   1.0076874e+02   1.0095601e+02   1.0083875e+02   1.0062675e+02
   1.0037693e+02   1.0050493e+02   1.0055401e+02   1.0046140e+02   1.0033644e+02   1.0051339e+02   1.0062928e+02   1.0058980e+02   1.0037486e+02   1.0056989e+02   1.0050427e+02   1.0048804e+02   1.0050427e+02   1.0052490e+02   1.0052162e+02   1.0051339e+02   1.0064248e+02   1.0052033e+02   1.0055433e+02   1.0056976e+02   1.0033644e+02   1.0051422e+02   1.0052737e+02   1.0039213e+02   1.0056267e+02   1.0058013e+02   1.0050061e+02   1.0065491e+02   1.0041647e+02   1.0056913e+02
   1.0032558e+02   1.0035427e+02   1.0040840e+02   1.0045803e+02   1.0033644e+02   1.0047064e+02   1.0040315e+02   1.0032924e+02   1.0036573e+02   1.0045893e+02   1.0044177e+02   1.0031452e+02   1.0044177e+02   1.0027786e+02   1.0044684e+02   1.0047064e+02   1.0041734e+02   1.0034729e+02   1.0043419e+02   1.0041680e+02   1.0033644e+02   1.0040382e+02   1.0047317e+02   1.0039213e+02   1.0047704e+02   1.0046212e+02   1.0047180e+02   1.0046378e+02   1.0041647e+02   1.0047076e+02
   1.0025067e+02   1.0035346e+02   1.0032353e+02   1.0038741e+02   1.0027013e+02   1.0034178e+02   1.0034516e+02   1.0031866e+02   1.0031598e+02   1.0028901e+02   1.0034909e+02   1.0026871e+02   1.0034909e+02   1.0017143e+02   1.0032413e+02   1.0034178e+02   1.0022270e+02   1.0025076e+02   1.0035313e+02   1.0027810e+02   1.0027013e+02   1.0032194e+02   1.0026565e+02   1.0030932e+02   1.0025240e+02   1.0032111e+02   1.0034480e+02   1.0033916e+02   1.0030188e+02   1.0034371e+02
   1.0014210e+02   1.0028316e+02   1.0027494e+02   1.0025601e+02   1.0020587e+02   1.0022226e+02   1.0026308e+02   1.0022665e+02   1.0024842e+02   1.0021696e+02   1.0025885e+02   1.0020192e+02   1.0025885e+02   1.0016635e+02   1.0026593e+02   1.0022226e+02   1.0019520e+02   1.0020362e+02   1.0021290e+02   1.0025329e+02   1.0020587e+02   1.0024396e+02   1.0025051e+02   1.0029053e+02   1.0022987e+02   1.0023756e+02   1.0025510e+02   1.0028795e+02   1.0023732e+02   1.0021414e+02
