   5.3399854e+08   4.2136351e+08   1.1662099e+08   2.1179374e+08   2.5251106e+08   5.5487221e+08   2.3527150e+08   3.5672568e+08   3.2149875e+08   5.0306187e+08   6.7400796e+08   2.9681247e+08   2.2398617e+08   5.3862774e+08   3.5575958e+08   5.5487221e+08   4.6216999e+08   2.5507565e+08   2.6171898e+08   5.4731078e+08   2.5251106e+08   4.3397628e+07   2.5382947e+08   7.1626020e+08   2.7901993e+08   4.3397628e+07   1.1152761e+09   3.1995180e+08   2.2570949e+08   2.5251106e+08
   5.3399854e+08   1.7481587e+08   1.1662099e+08   2.1179374e+08   2.5251106e+08   2.8283190e+08   2.3527150e+08   3.1128648e+08   8.6326489e+07   5.0306187e+08   6.2018337e+08   2.9681247e+08   2.2398617e+08   5.3862774e+08   3.5575958e+08   2.8283190e+08   4.6216999e+08   2.5507565e+08   2.2456063e+08   2.7393976e+08   2.5251106e+08   4.3397616e+07   2.5382947e+08   7.1626018e+08   2.7901993e+08   4.3397616e+07   3.0853643e+08   4.2837325e+07   2.2570949e+08   2.5251106e+08
   5.3399854e+08   1.7481587e+08   1.1662099e+08   2.1179374e+08   2.5251106e+08   2.8283190e+08   2.3527150e+08   3.1128648e+08   8.6326489e+07   5.0306187e+08   6.2018337e+08   2.9681247e+08   2.2398617e+08   5.3862774e+08   3.5575958e+08   2.8283190e+08   4.6216999e+08   2.5507565e+08   2.2456063e+08   2.7393976e+08   2.5251106e+08   4.3397616e+07   2.5382947e+08   7.1626018e+08   2.7901993e+08   4.3397616e+07   3.0853643e+08   4.2837325e+07   2.2570949e+08   2.5251106e+08
   5.3399854e+08   1.7481587e+08   1.1662099e+08   4.6980116e+06   2.5251106e+08   2.6022620e+08   2.0832639e+08   3.1128648e+08   8.6326489e+07   1.9678305e+08   1.8347256e+08   2.9681247e+08   1.2770393e+08   5.3862774e+08   3.5575958e+08   2.6022620e+08   7.0375844e+06   2.5507565e+08   2.2456063e+08   2.7393976e+08   2.5251106e+08   4.3397616e+07   2.5382941e+08   3.1638617e+08   2.7901993e+08   4.3397616e+07   3.0853643e+08   4.2837325e+07   1.4991560e+08   2.5251106e+08
   3.9181239e+08   1.5477142e+08   1.1556409e+08   4.6980116e+06   2.2661097e+08   2.6022620e+08   1.1559425e+08   2.4454066e+08   4.6781447e+07   1.5275022e+08   1.4406764e+08   4.2409905e+07   1.0632300e+08   5.3862774e+08   2.0275832e+08   2.6022620e+08   1.4457007e+06   1.1133170e+08   1.6134213e+08   1.5498685e+08   2.2661097e+08   4.3397616e+07   2.5382940e+08   2.3095211e+08   7.2487940e+07   4.3397616e+07   5.7554486e+07   4.2837325e+07   1.1121189e+08   2.2661097e+08
   2.9168414e+08   5.2453838e+07   1.1461288e+08   4.6979739e+06   1.9738264e+08   6.0391088e+07   7.4126804e+07   1.9190045e+08   1.5583778e+07   1.7439851e+07   2.7815506e+07   3.0589394e+07   5.0494125e+07   1.1215184e+08   1.8598358e+08   6.0391088e+07   1.4457007e+06   1.1133167e+08   1.6026326e+08   3.8576189e+07   1.9738264e+08   4.3397616e+07   1.8170564e+08   7.9546292e+07   3.6088997e+07   4.3397616e+07   4.8642474e+07   4.2837325e+07   1.1121189e+08   1.9738264e+08
   1.6651336e+07   5.2453838e+07   1.9151077e+07   4.6979498e+06   3.4542938e+06   1.4975468e+07   6.4653356e+06   1.4754233e+07   1.5583778e+07   1.7439817e+07   2.7773830e+07   3.0589365e+07   5.0494124e+07   1.1215183e+08   1.9064861e+07   1.4975468e+07   1.4286361e+06   4.3511607e+06   2.4720339e+07   3.8576189e+07   3.4542938e+06   4.3397616e+07   2.7687404e+07   1.6045521e+07   8.2801272e+06   4.3397616e+07   1.9651774e+06   3.2307194e+07   1.2327476e+07   3.4542938e+06
   4.3453555e+06   8.3983587e+06   8.1671016e+06   4.6979287e+06   3.4542938e+06   1.4975367e+07   6.4653356e+06   5.1013244e+06   1.5583778e+07   4.2864927e+06   4.8083085e+06   5.0316684e+06   1.2448472e+07   3.5691378e+06   6.1279230e+06   1.4975367e+07   1.4199508e+06   4.3511577e+06   2.4526234e+06   2.2763661e+07   3.4542938e+06   2.9417119e+07   7.4270251e+06   1.6045521e+07   8.2801145e+06   2.9417119e+07   1.9651625e+06   8.9570105e+06   1.1144959e+07   3.4542938e+06
   1.2081642e+06   5.7146696e+05   1.9861956e+06   2.2385742e+06   7.3153662e+05   1.0325332e+06   2.3204099e+06   3.0452698e+06   6.9270192e+05   3.6278070e+05   3.4857722e+06   2.4983704e+06   1.0399687e+06   2.1872523e+06   1.7149276e+06   1.0325332e+06   1.4111476e+06   6.5185292e+05   7.8674192e+05   1.5279144e+06   7.3153662e+05   3.1508075e+05   4.3671800e+05   2.4595618e+06   3.5823686e+06   3.1508075e+05   1.9651625e+06   5.9406051e+05   4.2444528e+06   7.3153662e+05
   7.2434349e+05   1.7753842e+05   1.5826536e+05   1.1949083e+06   1.3104017e+05   1.7249259e+05   6.7395478e+05   2.9457926e+05   1.6982129e+05   8.7360491e+04   2.8809932e+05   4.7626557e+04   3.6935262e+05   3.1041551e+05   3.0568231e+04   1.7249259e+05   1.4649107e+04   5.9899428e+05   1.2968337e+05   4.6443191e+05   1.3104017e+05   1.6084993e+05   3.7799961e+05   6.3633744e+05   2.6578669e+05   1.6084993e+05   7.8661476e+05   8.9113693e+04   1.6821265e+05   1.3104017e+05
   4.2326332e+04   1.8152141e+04   1.0695923e+05   8.5470785e+04   8.3587879e+03   2.4497993e+04   1.9180394e+04   3.2188854e+04   4.2471115e+04   5.9914268e+04   7.2324006e+04   4.5188197e+04   2.9218234e+04   9.8616444e+03   3.6397153e+03   2.4497993e+04   7.4864287e+03   1.1784368e+05   1.5169359e+04   2.6305842e+04   8.3587879e+03   1.2032106e+04   8.0575534e+04   7.9248677e+03   9.2873981e+04   1.2032106e+04   2.7900508e+04   2.2672538e+04   6.1632386e+04   8.3587879e+03
   7.9812547e+03   8.7865295e+03   2.8813310e+03   7.0874045e+03   5.9566083e+03   4.0089697e+03   4.7342591e+03   6.0801993e+03   3.8021099e+03   5.9310219e+03   7.2140355e+03   7.7162722e+03   7.4564164e+03   3.7203327e+03   2.9844211e+03   4.0089697e+03   5.5791811e+03   5.0492956e+03   4.8199915e+03   3.3528248e+03   5.9566083e+03   5.3530795e+03   1.1966370e+04   3.9920964e+03   8.9251689e+03   5.3530795e+03   3.3326208e+03   4.4045942e+03   4.1519141e+03   5.9566083e+03
   2.8324091e+03   2.5627895e+03   1.9072178e+03   2.1729948e+03   2.0017179e+03   1.9558635e+03   2.0593267e+03   2.3351813e+03   1.9895792e+03   2.0012245e+03   2.1803644e+03   2.1283289e+03   2.2775397e+03   2.5161650e+03   2.1472396e+03   1.9558635e+03   2.4489513e+03   2.0660665e+03   2.1714218e+03   2.0639792e+03   2.0017179e+03   2.1077269e+03   2.1471318e+03   2.2582260e+03   2.4913694e+03   2.1077269e+03   2.7363697e+03   2.1871138e+03   2.2258528e+03   2.0017179e+03
   1.8207525e+03   1.8136996e+03   1.8089812e+03   1.8084842e+03   1.8219444e+03   1.8091380e+03   1.8096073e+03   1.8109063e+03   1.8131991e+03   1.8101525e+03   1.8044970e+03   1.8082707e+03   1.8096534e+03   1.8150643e+03   1.8092375e+03   1.8091380e+03   1.8101961e+03   1.8152305e+03   1.8084289e+03   1.8129823e+03   1.8219444e+03   1.8098332e+03   1.8096724e+03   1.8091515e+03   1.8089000e+03   1.8098332e+03   1.8068096e+03   1.8100056e+03   1.8125431e+03   1.8219444e+03
   1.8013186e+03   1.8014737e+03   1.8014015e+03   1.8019841e+03   1.8017656e+03   1.8013090e+03   1.8015463e+03   1.8018683e+03   1.8018532e+03   1.8023836e+03   1.8021702e+03   1.8020439e+03   1.8008022e+03   1.8015408e+03   1.8011925e+03   1.8013090e+03   1.8021435e+03   1.8015573e+03   1.8019050e+03   1.8013324e+03   1.8017656e+03   1.8021087e+03   1.8013231e+03   1.8014921e+03   1.8013618e+03   1.8021087e+03   1.8009336e+03   1.8015341e+03   1.8009983e+03   1.8017656e+03
   1.8001488e+03   1.8000349e+03   1.8001556e+03   1.8004076e+03   1.8000804e+03   1.8000578e+03   1.8000769e+03   1.8001678e+03   1.8001873e+03   1.8002696e+03   1.8001490e+03   1.8000684e+03   1.8001734e+03   1.8000567e+03   1.8001054e+03   1.8000578e+03   1.8002855e+03   1.8003396e+03   1.8001106e+03   1.8002869e+03   1.8000804e+03   1.8001090e+03   1.8003163e+03   1.8000997e+03   1.8000559e+03   1.8001090e+03   1.8001243e+03   1.8001073e+03   1.8000961e+03   1.8000804e+03
