1.022376e+03 1.109190e+03 1.647195e+03 1.101045e+03 9.035168e+02 1.469385e+03 7.665291e+02 2.008115e+03 8.626612e+02 2.010282e+03 1.737397e+03 1.084972e+03 1.369810e+03 4.878301e+02 1.080851e+03 1.166359e+03 8.626612e+02 1.769752e+03 2.006424e+03 8.872771e+02 9.033920e+02 2.008115e+03 1.674955e+03 1.257599e+03 1.097605e+03 1.266297e+03 1.205001e+03 1.338549e+03 5.487734e+02 9.033920e+02 
9.858624e+02 1.109190e+03 1.085861e+03 9.420088e+02 5.288801e+02 1.363645e+03 7.665291e+02 1.112085e+03 8.626612e+02 1.970716e+03 1.737397e+03 7.683651e+02 1.369810e+03 4.878301e+02 1.080851e+03 1.166359e+03 8.626612e+02 1.769752e+03 1.430976e+03 8.872771e+02 9.033920e+02 1.112085e+03 1.054221e+03 8.867344e+02 1.097605e+03 7.309199e+02 1.205001e+03 1.270077e+03 5.487734e+02 9.033920e+02 
9.858624e+02 1.109190e+03 1.085861e+03 9.420088e+02 5.288801e+02 1.363645e+03 7.665291e+02 1.112085e+03 8.626612e+02 1.970716e+03 1.737397e+03 7.683651e+02 1.369810e+03 4.878301e+02 1.080851e+03 1.166359e+03 8.626612e+02 1.769752e+03 1.430976e+03 8.872771e+02 9.033920e+02 1.112085e+03 1.054221e+03 8.867344e+02 1.097605e+03 7.309199e+02 1.205001e+03 1.270077e+03 5.487734e+02 9.033920e+02 
9.858624e+02 7.802428e+02 1.085861e+03 9.420088e+02 5.288801e+02 8.483957e+02 7.665291e+02 1.044091e+03 5.148732e+02 1.324424e+03 5.679443e+02 7.683651e+02 7.802034e+02 4.878301e+02 8.181081e+02 1.166359e+03 5.148732e+02 1.184772e+03 1.064777e+03 8.872771e+02 9.033920e+02 1.044091e+03 7.168157e+02 8.867344e+02 1.097605e+03 7.309199e+02 1.064932e+03 1.270077e+03 5.487734e+02 9.033920e+02 
8.932684e+02 5.033509e+02 9.297702e+02 8.397678e+02 5.288801e+02 8.404112e+02 6.836785e+02 5.818522e+02 5.125206e+02 7.926270e+02 4.945757e+02 6.201731e+02 7.562360e+02 2.911179e+02 8.181081e+02 8.725313e+02 5.125206e+02 1.004600e+03 3.871498e+02 8.872771e+02 6.127812e+02 5.818522e+02 7.057950e+02 8.867344e+02 8.135636e+02 5.294291e+02 1.064932e+03 4.440795e+02 4.861113e+02 6.127812e+02 
8.020246e+02 5.033509e+02 8.762889e+02 7.448631e+02 5.288801e+02 3.206190e+02 6.836785e+02 5.818522e+02 5.125206e+02 7.926270e+02 4.945757e+02 4.116691e+02 3.845469e+02 2.901954e+02 8.181081e+02 7.953740e+02 5.125206e+02 8.387120e+02 3.844178e+02 6.982173e+02 4.116668e+02 5.818522e+02 4.815849e+02 8.867344e+02 4.547308e+02 5.294291e+02 8.136797e+02 3.337980e+02 4.861113e+02 4.116668e+02 
2.351878e+02 4.138446e+02 4.208047e+02 5.713746e+02 3.570768e+02 3.185234e+02 5.861300e+02 4.496141e+02 4.147388e+02 4.993616e+02 4.847290e+02 4.116691e+02 2.377409e+02 2.837099e+02 4.345519e+02 4.687404e+02 4.147388e+02 7.697255e+02 3.827920e+02 4.401281e+02 3.141676e+02 4.496141e+02 3.077014e+02 3.567820e+02 4.547308e+02 2.552941e+02 7.609699e+02 3.337980e+02 4.861113e+02 3.141676e+02 
2.337264e+02 3.044277e+02 3.813350e+02 3.892963e+02 3.479182e+02 2.479532e+02 3.634242e+02 2.990722e+02 2.162197e+02 2.445431e+02 3.340438e+02 2.763083e+02 2.142177e+02 2.668949e+02 2.817175e+02 2.967880e+02 2.162197e+02 3.569011e+02 1.848645e+02 2.780074e+02 3.141676e+02 2.990722e+02 3.024594e+02 2.968065e+02 4.101262e+02 2.459592e+02 3.794022e+02 2.715489e+02 2.440707e+02 3.141676e+02 
2.223085e+02 2.144486e+02 2.303566e+02 2.100777e+02 2.123013e+02 1.731698e+02 1.860211e+02 1.867854e+02 2.051597e+02 2.213444e+02 1.998032e+02 1.938753e+02 1.874487e+02 1.866801e+02 2.042554e+02 2.570568e+02 2.051597e+02 2.479706e+02 1.651432e+02 2.087041e+02 1.958469e+02 1.867854e+02 1.862203e+02 1.903418e+02 2.145178e+02 1.934830e+02 2.439238e+02 1.968516e+02 1.977465e+02 1.958469e+02 
1.761721e+02 1.798930e+02 1.783900e+02 1.791089e+02 1.834540e+02 1.530222e+02 1.693825e+02 1.717560e+02 1.692146e+02 1.600269e+02 1.760774e+02 1.671644e+02 1.485946e+02 1.649831e+02 1.720941e+02 1.706224e+02 1.692146e+02 1.920868e+02 1.604585e+02 1.754600e+02 1.649014e+02 1.717560e+02 1.669888e+02 1.654885e+02 1.672575e+02 1.744243e+02 1.668259e+02 1.719701e+02 1.641598e+02 1.649014e+02 
1.484656e+02 1.514853e+02 1.494375e+02 1.502060e+02 1.581528e+02 1.373518e+02 1.483939e+02 1.522845e+02 1.512055e+02 1.427048e+02 1.504624e+02 1.492006e+02 1.326801e+02 1.457184e+02 1.417535e+02 1.514105e+02 1.512055e+02 1.532659e+02 1.500127e+02 1.571394e+02 1.511059e+02 1.522845e+02 1.427826e+02 1.460667e+02 1.369690e+02 1.413800e+02 1.464955e+02 1.468302e+02 1.528835e+02 1.511059e+02 
1.215410e+02 1.226469e+02 1.090386e+02 1.158480e+02 1.235594e+02 6.251361e+01 7.080755e+01 1.078077e+02 1.024956e+02 8.932553e+01 1.126102e+02 8.821180e+01 6.476581e+01 9.670148e+01 9.769855e+01 1.248168e+02 1.024956e+02 1.164426e+02 1.114458e+02 1.239873e+02 9.983006e+01 1.078077e+02 6.106599e+01 6.897132e+01 8.721003e+01 1.044337e+02 1.165954e+02 1.329695e+02 1.044500e+02 9.983006e+01 
1.018812e+01 3.285260e+00 6.616485e+00 3.602070e+00 1.536288e+01 1.924297e+00 1.839222e+00 4.553937e+00 5.916720e+00 3.498828e+00 5.625375e+00 2.234431e+00 2.317925e+00 2.791433e+00 3.775329e+00 9.727070e+00 5.916720e+00 1.712566e+01 6.321658e+00 1.391148e+01 4.944548e+00 4.553937e+00 1.241809e+00 2.731579e+00 3.599388e+00 5.294644e+00 5.115954e+00 8.416746e+00 5.264046e+00 4.944548e+00 
1.234934e-02 2.885205e-03 8.129002e-03 3.140383e-03 1.591151e-02 1.751150e-03 2.651252e-03 9.146759e-03 4.647377e-03 3.425131e-03 6.022904e-03 1.819853e-03 1.922638e-03 1.970647e-03 3.324076e-03 1.399372e-02 4.647377e-03 1.751082e-02 5.879654e-03 1.819382e-02 3.913587e-03 9.146759e-03 1.787203e-03 3.440315e-03 2.199912e-03 7.375430e-03 2.288684e-03 8.656457e-03 6.176344e-03 3.913587e-03 
0.000000e+00 0.000000e+00 0.000000e+00 0.000000e+00 1.294393e-08 0.000000e+00 0.000000e+00 0.000000e+00 0.000000e+00 0.000000e+00 0.000000e+00 0.000000e+00 0.000000e+00 0.000000e+00 0.000000e+00 0.000000e+00 0.000000e+00 0.000000e+00 0.000000e+00 0.000000e+00 0.000000e+00 0.000000e+00 0.000000e+00 0.000000e+00 0.000000e+00 0.000000e+00 0.000000e+00 0.000000e+00 0.000000e+00 0.000000e+00 
0.000000e+00 0.000000e+00 0.000000e+00 0.000000e+00 0.000000e+00 0.000000e+00 0.000000e+00 0.000000e+00 0.000000e+00 0.000000e+00 0.000000e+00 0.000000e+00 0.000000e+00 0.000000e+00 0.000000e+00 0.000000e+00 0.000000e+00 0.000000e+00 0.000000e+00 0.000000e+00 0.000000e+00 0.000000e+00 0.000000e+00 0.000000e+00 0.000000e+00 0.000000e+00 0.000000e+00 0.000000e+00 0.000000e+00 0.000000e+00 
0.000000e+00 0.000000e+00 0.000000e+00 0.000000e+00 0.000000e+00 0.000000e+00 0.000000e+00 0.000000e+00 0.000000e+00 0.000000e+00 0.000000e+00 0.000000e+00 0.000000e+00 0.000000e+00 0.000000e+00 0.000000e+00 0.000000e+00 0.000000e+00 0.000000e+00 0.000000e+00 0.000000e+00 0.000000e+00 0.000000e+00 0.000000e+00 0.000000e+00 0.000000e+00 0.000000e+00 0.000000e+00 0.000000e+00 0.000000e+00 