   3.2309174e+03   2.9261418e+03   3.0467838e+03   3.6834857e+03   4.1134813e+03   2.6148290e+03   3.8624487e+03   2.5672980e+03   3.4129835e+03   3.7209503e+03   2.9088147e+03   2.4963818e+03   2.9088147e+03   3.5834196e+03   4.1381373e+03   2.6148290e+03   3.4129835e+03   3.1760946e+03   3.1278089e+03   2.9095590e+03   4.1134813e+03   2.5672980e+03   3.5660464e+03   2.9711650e+03   2.7654296e+03   4.6748733e+03   2.4321800e+03   3.5160814e+03   2.6979777e+03   4.1134813e+03
   3.1658916e+03   2.9261418e+03   2.9950186e+03   3.6834857e+03   3.0366531e+03   2.6148290e+03   2.8503819e+03   2.5672980e+03   3.4129835e+03   3.2868850e+03   2.9088147e+03   2.4963818e+03   2.9088147e+03   3.5834196e+03   4.1381373e+03   2.6148290e+03   3.4129835e+03   3.1760946e+03   2.0235301e+03   2.9095590e+03   3.0366531e+03   2.5672980e+03   3.2191681e+03   2.5491985e+03   2.6351926e+03   2.5405402e+03   2.2362114e+03   3.1890132e+03   2.6979777e+03   3.0366531e+03
   3.1658916e+03   2.9261418e+03   2.9950186e+03   3.6834857e+03   3.0366531e+03   2.6148290e+03   2.8503819e+03   2.5672980e+03   3.4129835e+03   3.2868850e+03   2.9088147e+03   2.4963818e+03   2.9088147e+03   3.5834196e+03   4.1381373e+03   2.6148290e+03   3.4129835e+03   3.1760946e+03   2.0235301e+03   2.9095590e+03   3.0366531e+03   2.5672980e+03   3.2191681e+03   2.5491985e+03   2.6351926e+03   2.5405402e+03   2.2362114e+03   3.1890132e+03   2.6979777e+03   3.0366531e+03
   2.7135528e+03   2.9261418e+03   2.8048048e+03   2.0443647e+03   3.0366531e+03   2.4578067e+03   2.8315739e+03   2.4781000e+03   3.4129835e+03   2.4680187e+03   2.9088147e+03   2.4963818e+03   2.9088147e+03   2.5774024e+03   3.7142710e+03   2.4578067e+03   3.4129835e+03   3.1760946e+03   2.0235301e+03   2.9095590e+03   3.0366531e+03   2.4781000e+03   2.7610373e+03   2.5491985e+03   2.6351926e+03   2.2730592e+03   2.2362114e+03   2.1509513e+03   2.6979777e+03   3.0366531e+03
   1.9501173e+03   2.0935997e+03   2.0790665e+03   2.0443647e+03   2.5069627e+03   2.4578067e+03   2.1080366e+03   2.4781000e+03   2.9893889e+03   2.4680187e+03   2.0111866e+03   2.4934446e+03   2.0111866e+03   1.5196801e+03   3.1406522e+03   2.4578067e+03   2.9893889e+03   2.2571932e+03   1.6766660e+03   2.4577316e+03   2.5069627e+03   2.4781000e+03   2.6637192e+03   2.2057778e+03   2.4707332e+03   2.2246771e+03   2.2362114e+03   2.1509513e+03   1.9114778e+03   2.5069627e+03
   1.9501173e+03   1.9771983e+03   1.9987882e+03   2.0443647e+03   2.4670733e+03   1.6236259e+03   1.6586757e+03   1.8041368e+03   1.8416177e+03   2.1509290e+03   1.7114482e+03   1.7954369e+03   1.7114482e+03   1.4674342e+03   2.3393210e+03   1.6236259e+03   1.8416177e+03   1.8300081e+03   1.6766660e+03   1.8112913e+03   2.4670733e+03   1.8041368e+03   2.3599468e+03   2.2057778e+03   2.2061642e+03   2.1924927e+03   2.2362114e+03   2.1206003e+03   1.6585811e+03   2.4670733e+03
   1.5103255e+03   1.4278959e+03   1.8170645e+03   2.0443647e+03   2.0193375e+03   1.6236259e+03   1.6586757e+03   1.6629393e+03   1.5935317e+03   1.7396186e+03   1.4153828e+03   1.7954369e+03   1.4153828e+03   1.4674342e+03   2.3393210e+03   1.6236259e+03   1.5935317e+03   1.8300081e+03   1.3463480e+03   1.4617270e+03   2.0193375e+03   1.6629393e+03   2.0642273e+03   1.8648156e+03   1.9011738e+03   1.6054609e+03   1.7383192e+03   1.6750127e+03   1.6585811e+03   2.0193375e+03
   1.5103255e+03   1.4250555e+03   1.7594210e+03   1.4469035e+03   1.7096969e+03   1.2493950e+03   1.2071899e+03   1.5387969e+03   1.4270628e+03   1.6443031e+03   1.4153828e+03   1.6036378e+03   1.4153828e+03   1.3600535e+03   1.5988414e+03   1.2493950e+03   1.4270628e+03   1.7062435e+03   1.2415943e+03   1.4617270e+03   1.7096969e+03   1.5387969e+03   1.5505271e+03   1.7806741e+03   1.7714315e+03   1.5048956e+03   1.3862024e+03   1.6750127e+03   1.6118221e+03   1.7096969e+03
   1.1338601e+03   1.3047865e+03   1.2929065e+03   1.2922238e+03   1.3422270e+03   1.0958282e+03   1.1539222e+03   1.3076037e+03   1.3836659e+03   1.2861553e+03   1.1904567e+03   1.2717312e+03   1.1904567e+03   1.2622800e+03   1.2910204e+03   1.0958282e+03   1.3836659e+03   1.1143735e+03   1.2415943e+03   1.4617270e+03   1.3422270e+03   1.3076037e+03   1.4936145e+03   1.3173139e+03   1.1746924e+03   1.3484142e+03   1.1799875e+03   1.2188327e+03   1.2093572e+03   1.3422270e+03
   1.0053177e+03   1.0886889e+03   1.0243025e+03   1.0927162e+03   1.1766358e+03   1.0376077e+03   1.1539222e+03   1.1438339e+03   1.0524623e+03   1.1753795e+03   1.1012021e+03   1.0753183e+03   1.1012021e+03   1.0877286e+03   1.0960782e+03   1.0376077e+03   1.0524623e+03   1.0928383e+03   1.0725615e+03   1.1561997e+03   1.1766358e+03   1.1438339e+03   1.1749207e+03   1.1651358e+03   1.0794536e+03   1.2061617e+03   1.1093470e+03   1.1551904e+03   1.0805423e+03   1.1766358e+03
   9.8268243e+02   1.0190951e+03   9.8578185e+02   9.8821750e+02   9.9752693e+02   9.8876593e+02   9.9045381e+02   9.8005549e+02   9.1953327e+02   1.0319872e+03   9.7210681e+02   9.9166789e+02   9.7210681e+02   9.4478746e+02   9.5227195e+02   9.8876593e+02   9.1953327e+02   9.9517374e+02   9.7142473e+02   1.0127268e+03   9.9752693e+02   9.8005549e+02   9.7614131e+02   9.4844811e+02   9.7823222e+02   9.8617830e+02   1.0229865e+03   9.7323739e+02   9.6813302e+02   9.9752693e+02
   9.1970016e+02   9.2307617e+02   9.3809323e+02   9.2935967e+02   9.4360858e+02   9.3478944e+02   9.2902228e+02   9.4008858e+02   9.1158848e+02   9.2470894e+02   9.2319507e+02   9.3541265e+02   9.2319507e+02   9.1953298e+02   9.1879796e+02   9.3478944e+02   9.1158848e+02   9.3482684e+02   9.2600863e+02   9.4200160e+02   9.4360858e+02   9.4008858e+02   9.2296838e+02   9.2784262e+02   9.2282852e+02   9.3070190e+02   9.1446856e+02   9.3379201e+02   9.4144556e+02   9.4360858e+02
   9.0210257e+02   9.0391510e+02   9.1063494e+02   9.0435099e+02   9.0245792e+02   9.0472837e+02   9.1079954e+02   9.0455936e+02   9.0717177e+02   9.0627379e+02   9.0431986e+02   9.0474193e+02   9.0431986e+02   9.0359967e+02   9.0698468e+02   9.0472837e+02   9.0717177e+02   9.0702010e+02   9.0294672e+02   9.0324836e+02   9.0245792e+02   9.0455936e+02   9.0423883e+02   9.0469843e+02   9.0877711e+02   9.0270194e+02   9.0757572e+02   9.0525147e+02   9.0687760e+02   9.0245792e+02
   9.0004280e+02   9.0005997e+02   9.0006639e+02   9.0007755e+02   9.0003567e+02   9.0006580e+02   9.0001721e+02   9.0005674e+02   9.0005367e+02   9.0003480e+02   9.0001953e+02   9.0006728e+02   9.0001953e+02   9.0006849e+02   9.0002989e+02   9.0006580e+02   9.0005367e+02   9.0004249e+02   9.0005521e+02   9.0002465e+02   9.0003567e+02   9.0005674e+02   9.0002601e+02   9.0001578e+02   9.0005493e+02   9.0001103e+02   9.0003747e+02   9.0002175e+02   9.0005885e+02   9.0003567e+02
   9.0000000e+02   9.0000000e+02   9.0000000e+02   9.0000000e+02   9.0000000e+02   9.0000000e+02   9.0000000e+02   9.0000000e+02   9.0000000e+02   9.0000000e+02   9.0000000e+02   9.0000000e+02   9.0000000e+02   9.0000000e+02   9.0000000e+02   9.0000000e+02   9.0000000e+02   9.0000000e+02   9.0000000e+02   9.0000000e+02   9.0000000e+02   9.0000000e+02   9.0000000e+02   9.0000000e+02   9.0000000e+02   9.0000000e+02   9.0000000e+02   9.0000000e+02   9.0000000e+02   9.0000000e+02
   9.0000000e+02   9.0000000e+02   9.0000000e+02   9.0000000e+02   9.0000000e+02   9.0000000e+02   9.0000000e+02   9.0000000e+02   9.0000000e+02   9.0000000e+02   9.0000000e+02   9.0000000e+02   9.0000000e+02   9.0000000e+02   9.0000000e+02   9.0000000e+02   9.0000000e+02   9.0000000e+02   9.0000000e+02   9.0000000e+02   9.0000000e+02   9.0000000e+02   9.0000000e+02   9.0000000e+02   9.0000000e+02   9.0000000e+02   9.0000000e+02   9.0000000e+02   9.0000000e+02   9.0000000e+02
