   5.3399674e+08   4.2136171e+08   1.1661919e+08   2.1179194e+08   2.5250926e+08   5.5487041e+08   2.3526970e+08   3.5672388e+08   3.2149695e+08   5.0306007e+08   6.7400616e+08   2.9681067e+08   2.2398437e+08   5.3862594e+08   3.5575778e+08   5.5487041e+08   4.6216819e+08   2.5507385e+08   2.6171718e+08   5.4730898e+08   2.5250926e+08   4.3395828e+07   2.5382767e+08   7.1625840e+08   2.7901813e+08   4.3395828e+07   1.1152743e+09   3.1995000e+08   2.2570769e+08   2.5250926e+08
   5.3399674e+08   1.7481407e+08   1.1661919e+08   2.1179194e+08   2.5250926e+08   2.8283010e+08   2.3526970e+08   3.1128468e+08   8.6324689e+07   5.0306007e+08   6.2018157e+08   2.9681067e+08   2.2398437e+08   5.3862594e+08   3.5575778e+08   2.8283010e+08   4.6216819e+08   2.5507385e+08   2.2455883e+08   2.7393796e+08   2.5250926e+08   4.3395816e+07   2.5382767e+08   7.1625838e+08   2.7901813e+08   4.3395816e+07   3.0853463e+08   4.2835525e+07   2.2570769e+08   2.5250926e+08
   5.3399674e+08   1.7481407e+08   1.1661919e+08   2.1179194e+08   2.5250926e+08   2.8283010e+08   2.3526970e+08   3.1128468e+08   8.6324689e+07   5.0306007e+08   6.2018157e+08   2.9681067e+08   2.2398437e+08   5.3862594e+08   3.5575778e+08   2.8283010e+08   4.6216819e+08   2.5507385e+08   2.2455883e+08   2.7393796e+08   2.5250926e+08   4.3395816e+07   2.5382767e+08   7.1625838e+08   2.7901813e+08   4.3395816e+07   3.0853463e+08   4.2835525e+07   2.2570769e+08   2.5250926e+08
   5.3399674e+08   1.7481407e+08   1.1661919e+08   4.6962116e+06   2.5250926e+08   2.6022440e+08   2.0832459e+08   3.1128468e+08   8.6324689e+07   1.9678125e+08   1.8347076e+08   2.9681067e+08   1.2770213e+08   5.3862594e+08   3.5575778e+08   2.6022440e+08   7.0357844e+06   2.5507385e+08   2.2455883e+08   2.7393796e+08   2.5250926e+08   4.3395816e+07   2.5382761e+08   3.1638437e+08   2.7901813e+08   4.3395816e+07   3.0853463e+08   4.2835525e+07   1.4991380e+08   2.5250926e+08
   3.9181059e+08   1.5476962e+08   1.1556229e+08   4.6962116e+06   2.2660917e+08   2.6022440e+08   1.1559245e+08   2.4453886e+08   4.6779647e+07   1.5274842e+08   1.4406584e+08   4.2408105e+07   1.0632120e+08   5.3862594e+08   2.0275652e+08   2.6022440e+08   1.4439007e+06   1.1132990e+08   1.6134033e+08   1.5498505e+08   2.2660917e+08   4.3395816e+07   2.5382760e+08   2.3095031e+08   7.2486140e+07   4.3395816e+07   5.7552686e+07   4.2835525e+07   1.1121009e+08   2.2660917e+08
   2.9168234e+08   5.2452038e+07   1.1461108e+08   4.6961739e+06   1.9738084e+08   6.0389288e+07   7.4125004e+07   1.9189865e+08   1.5581978e+07   1.7438051e+07   2.7813706e+07   3.0587594e+07   5.0492325e+07   1.1215004e+08   1.8598178e+08   6.0389288e+07   1.4439007e+06   1.1132987e+08   1.6026146e+08   3.8574389e+07   1.9738084e+08   4.3395816e+07   1.8170384e+08   7.9544492e+07   3.6087197e+07   4.3395816e+07   4.8640674e+07   4.2835525e+07   1.1121009e+08   1.9738084e+08
   1.6649536e+07   5.2452038e+07   1.9149277e+07   4.6961498e+06   3.4524938e+06   1.4973668e+07   6.4635356e+06   1.4752433e+07   1.5581978e+07   1.7438017e+07   2.7772030e+07   3.0587565e+07   5.0492324e+07   1.1215003e+08   1.9063061e+07   1.4973668e+07   1.4268361e+06   4.3493607e+06   2.4718539e+07   3.8574389e+07   3.4524938e+06   4.3395816e+07   2.7685604e+07   1.6043721e+07   8.2783272e+06   4.3395816e+07   1.9633774e+06   3.2305394e+07   1.2325676e+07   3.4524938e+06
   4.3435555e+06   8.3965587e+06   8.1653016e+06   4.6961287e+06   3.4524938e+06   1.4973567e+07   6.4635356e+06   5.0995244e+06   1.5581978e+07   4.2846927e+06   4.8065085e+06   5.0298684e+06   1.2446672e+07   3.5673378e+06   6.1261230e+06   1.4973567e+07   1.4181508e+06   4.3493577e+06   2.4508234e+06   2.2761861e+07   3.4524938e+06   2.9415319e+07   7.4252251e+06   1.6043721e+07   8.2783145e+06   2.9415319e+07   1.9633625e+06   8.9552105e+06   1.1143159e+07   3.4524938e+06
   1.2063642e+06   5.6966696e+05   1.9843956e+06   2.2367742e+06   7.2973662e+05   1.0307332e+06   2.3186099e+06   3.0434698e+06   6.9090192e+05   3.6098070e+05   3.4839722e+06   2.4965704e+06   1.0381687e+06   2.1854523e+06   1.7131276e+06   1.0307332e+06   1.4093476e+06   6.5005292e+05   7.8494192e+05   1.5261144e+06   7.2973662e+05   3.1328075e+05   4.3491800e+05   2.4577618e+06   3.5805686e+06   3.1328075e+05   1.9633625e+06   5.9226051e+05   4.2426528e+06   7.2973662e+05
   7.2254349e+05   1.7573842e+05   1.5646536e+05   1.1931083e+06   1.2924017e+05   1.7069259e+05   6.7215478e+05   2.9277926e+05   1.6802129e+05   8.5560491e+04   2.8629932e+05   4.5826557e+04   3.6755262e+05   3.0861551e+05   2.8768231e+04   1.7069259e+05   1.2849107e+04   5.9719428e+05   1.2788337e+05   4.6263191e+05   1.2924017e+05   1.5904993e+05   3.7619961e+05   6.3453744e+05   2.6398669e+05   1.5904993e+05   7.8481476e+05   8.7313693e+04   1.6641265e+05   1.2924017e+05
   4.0526332e+04   1.6352141e+04   1.0515923e+05   8.3670785e+04   6.5587879e+03   2.2697993e+04   1.7380394e+04   3.0388854e+04   4.0671115e+04   5.8114268e+04   7.0524006e+04   4.3388197e+04   2.7418234e+04   8.0616444e+03   1.8397153e+03   2.2697993e+04   5.6864287e+03   1.1604368e+05   1.3369359e+04   2.4505842e+04   6.5587879e+03   1.0232106e+04   7.8775534e+04   6.1248677e+03   9.1073981e+04   1.0232106e+04   2.6100508e+04   2.0872538e+04   5.9832386e+04   6.5587879e+03
   6.1812547e+03   6.9865295e+03   1.0813310e+03   5.2874045e+03   4.1566083e+03   2.2089697e+03   2.9342591e+03   4.2801993e+03   2.0021099e+03   4.1310219e+03   5.4140355e+03   5.9162722e+03   5.6564164e+03   1.9203327e+03   1.1844211e+03   2.2089697e+03   3.7791811e+03   3.2492956e+03   3.0199915e+03   1.5528248e+03   4.1566083e+03   3.5530795e+03   1.0166370e+04   2.1920964e+03   7.1251689e+03   3.5530795e+03   1.5326208e+03   2.6045942e+03   2.3519141e+03   4.1566083e+03
   1.0324091e+03   7.6278947e+02   1.0721782e+02   3.7299480e+02   2.0171785e+02   1.5586353e+02   2.5932669e+02   5.3518128e+02   1.8957916e+02   2.0122454e+02   3.8036442e+02   3.2832891e+02   4.7753971e+02   7.1616505e+02   3.4723956e+02   1.5586353e+02   6.4895135e+02   2.6606652e+02   3.7142178e+02   2.6397924e+02   2.0171785e+02   3.0772695e+02   3.4713182e+02   4.5822605e+02   6.9136940e+02   3.0772695e+02   9.3636967e+02   3.8711378e+02   4.2585276e+02   2.0171785e+02
   2.0752498e+01   1.3699628e+01   8.9811905e+00   8.4842487e+00   2.1944397e+01   9.1379996e+00   9.6073478e+00   1.0906282e+01   1.3199114e+01   1.0152499e+01   4.4969721e+00   8.2706604e+00   9.6533653e+00   1.5064341e+01   9.2374879e+00   9.1379996e+00   1.0196076e+01   1.5230511e+01   8.4289371e+00   1.2982335e+01   2.1944397e+01   9.8332351e+00   9.6724078e+00   9.1515186e+00   8.8999694e+00   9.8332351e+00   6.8096170e+00   1.0005598e+01   1.2543111e+01   2.1944397e+01
   1.3186043e+00   1.4737204e+00   1.4015402e+00   1.9840532e+00   1.7655654e+00   1.3089876e+00   1.5462561e+00   1.8682728e+00   1.8531958e+00   2.3835507e+00   2.1702165e+00   2.0438730e+00   8.0219610e-01   1.5407662e+00   1.1924878e+00   1.3089876e+00   2.1434799e+00   1.5572641e+00   1.9049666e+00   1.3324057e+00   1.7655654e+00   2.1086737e+00   1.3231052e+00   1.4920623e+00   1.3617720e+00   2.1086737e+00   9.3364662e-01   1.5340824e+00   9.9825534e-01   1.7655654e+00
   1.4877966e-01   3.4888303e-02   1.5556854e-01   4.0756368e-01   8.0412147e-02   5.7838727e-02   7.6874995e-02   1.6776580e-01   1.8727891e-01   2.6956446e-01   1.4903660e-01   6.8358643e-02   1.7337915e-01   5.6724417e-02   1.0537671e-01   5.7838727e-02   2.8553544e-01   3.3959141e-01   1.1061067e-01   2.8686520e-01   8.0412147e-02   1.0897173e-01   3.1634200e-01   9.9741275e-02   5.5856381e-02   1.0897173e-01   1.2433631e-01   1.0732203e-01   9.6147457e-02   8.0412147e-02
