   5.2098042e+02   8.1645865e+02   9.5584881e+02   1.0843502e+03   2.7826290e+02   4.6702659e+02   1.0109308e+03   5.6245462e+02   8.8100631e+02   1.6951167e+02   1.0222603e+03   1.0495805e+03   1.0222603e+03   8.3301277e+02   8.0041655e+02   4.6702659e+02   7.6151082e+02   5.1475953e+02   8.5325341e+02   4.1488020e+02   2.7826290e+02   2.6214204e+02   8.3282949e+02   4.0022336e+02   6.0207477e+02   6.1296300e+02   1.1305610e+03   8.1950854e+02   7.6827386e+02   8.1101848e+02
   5.2098042e+02   8.1645865e+02   9.5584881e+02   1.0843502e+03   2.7826290e+02   4.6702659e+02   1.0109308e+03   5.6245462e+02   8.8100631e+02   1.6951167e+02   1.0222603e+03   1.0495805e+03   1.0222603e+03   8.3301277e+02   8.0041655e+02   4.6702659e+02   7.6151082e+02   5.1475953e+02   8.5325341e+02   4.1488020e+02   2.7826290e+02   2.6214204e+02   8.3282949e+02   4.0022336e+02   6.0207477e+02   6.1296300e+02   1.1305610e+03   8.1950854e+02   7.6827386e+02   8.1101848e+02
   5.2098042e+02   8.1645865e+02   9.5584881e+02   1.0843502e+03   2.7826290e+02   4.6702659e+02   1.0109308e+03   5.6245462e+02   8.8100631e+02   1.6951167e+02   1.0222603e+03   1.0495805e+03   1.0222603e+03   8.3301277e+02   8.0041655e+02   4.6702659e+02   7.6151082e+02   5.1475953e+02   8.5325341e+02   4.1488020e+02   2.7826290e+02   2.6214204e+02   8.3282949e+02   4.0022336e+02   6.0207477e+02   6.1296300e+02   1.1305610e+03   8.1950854e+02   7.6827386e+02   8.1101848e+02
   5.2098042e+02   8.1645865e+02   9.5584881e+02   1.0843502e+03   2.7826290e+02   4.6702659e+02   7.0528286e+02   5.3602420e+02   8.8059931e+02   1.6951167e+02   8.5275539e+02   1.0495805e+03   8.5275539e+02   8.3301277e+02   3.6817300e+02   4.6702659e+02   7.1447820e+02   5.1022390e+02   8.2205597e+02   4.1488020e+02   2.7826290e+02   2.6214204e+02   8.3282949e+02   4.0022336e+02   6.0207477e+02   6.1296300e+02   9.0250618e+02   4.1140657e+02   7.6827386e+02   8.1101848e+02
   5.2098042e+02   7.7125974e+02   7.9478225e+02   1.0514968e+03   2.7826290e+02   4.6702659e+02   7.0528286e+02   5.3602420e+02   8.8059931e+02   1.6951167e+02   7.9139503e+02   9.4993649e+02   7.9139503e+02   8.2609861e+02   3.6817300e+02   4.6702659e+02   2.4982108e+02   5.1022390e+02   8.2205597e+02   4.1488020e+02   2.7826290e+02   2.6214204e+02   6.1443888e+02   4.0022336e+02   5.8479016e+02   4.4112617e+02   4.3266466e+02   4.1140657e+02   2.5754341e+02   8.0468975e+02
   5.2098042e+02   5.0602822e+02   6.4109477e+02   5.6194171e+02   2.7826290e+02   2.5667562e+02   7.0528286e+02   5.1443061e+02   3.4477198e+02   1.6654444e+02   2.4019439e+02   4.5260371e+02   2.4019439e+02   4.7721539e+02   3.5682850e+02   2.5667562e+02   2.4982108e+02   5.0084115e+02   2.1328422e+02   4.1488020e+02   2.7826290e+02   2.6214204e+02   2.3815339e+02   4.0022336e+02   4.4834764e+02   4.4112617e+02   4.3266466e+02   3.7409344e+02   2.5754341e+02   4.7535476e+02
   1.6830276e+02   3.5001619e+02   4.7910061e+02   4.3186874e+02   2.7826290e+02   2.5643009e+02   4.9301861e+02   4.9263183e+02   3.4477198e+02   1.6654444e+02   7.4294679e+01   3.2423001e+02   7.4294679e+01   3.3438930e+02   1.3546103e+02   2.5643009e+02   2.4982108e+02   4.7684317e+02   2.1326378e+02   4.1488020e+02   2.7826290e+02   2.6214204e+02   2.3815339e+02   2.8873990e+02   4.4832109e+02   4.4112617e+02   2.9897194e+02   2.8445505e+02   1.2467346e+02   4.6120651e+02
   1.6622078e+02   1.8648649e+02   1.7550797e+02   3.0552569e+02   1.2861569e+02   1.6129610e+02   8.9304131e+01   2.2817686e+02   2.3515533e+02   1.6534299e+02   7.0915226e+01   2.7634835e+02   7.0915226e+01   2.7466475e+02   1.3546103e+02   1.6129610e+02   2.3854433e+02   2.1178985e+02   2.0117707e+02   3.6646826e+02   1.2861569e+02   1.6913921e+02   2.3815339e+02   2.3723547e+02   2.0182321e+02   2.8126669e+02   2.6126956e+02   1.9950229e+02   9.7861079e+01   2.4240052e+02
   1.3898004e+02   1.4139298e+02   8.3356196e+01   5.1213406e+01   7.6823579e+01   1.4250766e+02   7.5854378e+01   9.7940477e+01   1.6576282e+02   1.4771308e+02   5.5889914e+01   9.5898048e+01   5.5889914e+01   1.5600755e+02   8.4476339e+01   1.4250766e+02   9.2027218e+01   1.8559646e+02   1.1458223e+02   2.4015410e+02   7.6823579e+01   1.5300078e+02   1.2011977e+02   1.5255426e+02   1.1462688e+02   2.1419891e+02   7.6956897e+01   1.0167492e+02   7.1037228e+01   5.2619543e+01
   7.6970289e+01   4.1643032e+01   3.8651618e+01   4.8111070e+01   5.6313059e+01   5.3065525e+01   4.5283687e+01   5.7806553e+01   5.5098806e+01   6.2494751e+01   3.9496716e+01   5.8370009e+01   3.9496716e+01   7.2955953e+01   7.0364243e+01   5.3065525e+01   4.8910796e+01   4.4242356e+01   4.0301230e+01   7.2492411e+01   5.6313059e+01   4.4152233e+01   3.9033170e+01   4.8537982e+01   6.4595642e+01   7.6503879e+01   6.9218675e+01   5.1638629e+01   5.0690727e+01   4.4802376e+01
   3.2961807e+01   3.4966283e+01   2.9219307e+01   3.8529409e+01   3.6181887e+01   3.6348519e+01   3.4839778e+01   3.7561352e+01   3.5056224e+01   3.4647336e+01   3.4659147e+01   3.7587356e+01   3.4659147e+01   3.7967644e+01   3.6612871e+01   3.6348519e+01   3.7703031e+01   3.3672928e+01   3.1363286e+01   3.9225219e+01   3.6181887e+01   3.0031391e+01   2.7661620e+01   3.0514143e+01   2.9595652e+01   3.5443146e+01   3.9702853e+01   3.2979216e+01   3.2260239e+01   3.4730350e+01
   2.7632568e+01   2.9274920e+01   2.8840566e+01   2.8113480e+01   3.0865593e+01   2.7668387e+01   2.8234899e+01   2.8590842e+01   3.0002467e+01   2.9065927e+01   2.9817533e+01   3.0983859e+01   2.9817533e+01   2.9774757e+01   2.7810688e+01   2.7668387e+01   2.8728999e+01   2.9458151e+01   2.8302589e+01   3.0041701e+01   3.0865593e+01   2.7054483e+01   2.7267382e+01   2.8378255e+01   2.7424367e+01   3.1888443e+01   3.0791013e+01   2.7446891e+01   2.9626227e+01   3.0420557e+01
   2.6690496e+01   2.6524934e+01   2.5142599e+01   2.5470554e+01   2.6702322e+01   2.6852559e+01   2.5099251e+01   2.6180877e+01   2.7632741e+01   2.6182852e+01   2.6613741e+01   2.6177837e+01   2.6613741e+01   2.6288767e+01   2.5505836e+01   2.6852559e+01   2.5616127e+01   2.7156696e+01   2.7223493e+01   2.8086599e+01   2.6702322e+01   2.6553617e+01   2.7055428e+01   2.6366571e+01   2.5151943e+01   2.7541566e+01   2.6433923e+01   2.6309949e+01   2.6615033e+01   2.6566473e+01
   2.4423406e+01   2.5109469e+01   2.2976164e+01   2.2887788e+01   2.3748367e+01   2.4650668e+01   2.4647622e+01   2.4645518e+01   2.5555447e+01   2.4615495e+01   2.4579829e+01   2.4516971e+01   2.4579829e+01   2.5731150e+01   2.3199914e+01   2.4650668e+01   2.4646714e+01   2.4704500e+01   2.4817486e+01   2.5332852e+01   2.3748367e+01   2.4401689e+01   2.5053983e+01   2.5098344e+01   2.4212406e+01   2.5070931e+01   2.4307308e+01   2.4594571e+01   2.4530798e+01   2.4790650e+01
   2.2735416e+01   2.3904833e+01   2.1953701e+01   2.1647354e+01   2.2869406e+01   2.2844385e+01   2.3422932e+01   2.2811556e+01   2.3286702e+01   2.3031677e+01   2.2714421e+01   2.3331780e+01   2.2714421e+01   1.7697820e+01   1.7930927e+01   2.2844385e+01   2.3261347e+01   2.2561499e+01   2.3684714e+01   2.3451647e+01   2.2869406e+01   2.3075776e+01   2.3286672e+01   2.3560619e+01   2.3282340e+01   2.3321413e+01   2.3336919e+01   2.3470971e+01   2.3048687e+01   2.3246444e+01
   2.0334355e+01   2.0377064e+01   1.8010977e+01   1.8911039e+01   2.0706524e+01   2.0311372e+01   2.0921895e+01   2.0490069e+01   2.0305036e+01   2.0778953e+01   2.1160518e+01   2.0616003e+01   2.1160518e+01   1.3155071e+01   1.3037081e+01   2.0311372e+01   2.0578633e+01   2.0434138e+01   2.0693876e+01   2.0428261e+01   2.0706524e+01   2.0645328e+01   2.0679692e+01   2.0298708e+01   2.0758254e+01   2.0355749e+01   2.0621424e+01   2.0665237e+01   2.0764549e+01   2.0774887e+01
