   9.4098348e+03   7.5893736e+03   8.4878842e+03   9.9184838e+03   8.2192461e+03   9.2994185e+03   9.0423732e+03   5.2923657e+03   7.8278540e+03   8.0442743e+03   1.1665129e+04   6.7694661e+03   9.0800415e+03   6.9948643e+03   7.7059876e+03   8.0329966e+03   8.1463477e+03   7.3956538e+03   8.4267741e+03   8.4902547e+03   7.9654683e+03   8.4285079e+03   8.0348896e+03   7.7248880e+03   1.0363266e+04   9.5633324e+03   7.4287727e+03   9.5033838e+03   7.2829033e+03   9.5706500e+03
   9.4098348e+03   7.5893736e+03   8.4878842e+03   9.9184838e+03   8.2192461e+03   9.2994185e+03   9.0423732e+03   5.2923657e+03   7.8278540e+03   8.0442743e+03   1.1665129e+04   6.7694661e+03   9.0800415e+03   6.9948643e+03   7.7059876e+03   8.0329966e+03   8.1463477e+03   7.3956538e+03   8.4267741e+03   8.4902547e+03   7.9654683e+03   8.4285079e+03   8.0348896e+03   7.7248880e+03   1.0363266e+04   9.5633324e+03   7.4287727e+03   9.5033838e+03   7.2829033e+03   9.5706500e+03
   9.4098348e+03   7.5893736e+03   8.4878842e+03   9.9184838e+03   8.2192461e+03   9.2994185e+03   9.0423732e+03   5.2923657e+03   7.8278540e+03   8.0442743e+03   1.1665129e+04   6.7694661e+03   9.0800415e+03   6.9948643e+03   7.7059876e+03   8.0329966e+03   8.1463477e+03   7.3956538e+03   8.4267741e+03   8.4902547e+03   7.9654683e+03   8.4285079e+03   8.0348896e+03   7.7248880e+03   1.0363266e+04   9.5633324e+03   7.4287727e+03   9.5033838e+03   7.2829033e+03   9.5706500e+03
   8.7456912e+03   7.2607413e+03   8.4878842e+03   6.7243228e+03   8.2192461e+03   7.0227414e+03   8.5685398e+03   4.9445131e+03   7.8028799e+03   8.0442743e+03   8.0605879e+03   6.7694661e+03   6.7075592e+03   6.8942599e+03   7.0901994e+03   6.8185953e+03   7.7778799e+03   7.3956538e+03   7.7009672e+03   8.4902547e+03   7.9654683e+03   8.4285079e+03   8.0348896e+03   7.7248880e+03   1.0341219e+04   9.5616418e+03   7.4287727e+03   8.6744224e+03   7.2829033e+03   8.8865903e+03
   8.7456912e+03   7.2607413e+03   8.4878842e+03   6.7243228e+03   8.2192461e+03   6.3960088e+03   8.4872982e+03   4.9445131e+03   7.8028799e+03   8.0442743e+03   7.4934397e+03   6.5440259e+03   6.7075592e+03   6.8856367e+03   7.0901994e+03   6.8185953e+03   7.7778799e+03   6.1445605e+03   6.6954915e+03   7.9034130e+03   7.9654683e+03   8.2726821e+03   7.0337976e+03   7.7248880e+03   9.7034921e+03   7.1716460e+03   5.7961643e+03   6.7138400e+03   6.3636398e+03   8.8865903e+03
   6.1904537e+03   5.9591841e+03   7.4352160e+03   6.4962390e+03   7.9826546e+03   6.1170940e+03   7.9883882e+03   3.4278198e+03   5.7681020e+03   7.1853962e+03   5.2149305e+03   6.4336045e+03   6.4966491e+03   6.1629094e+03   6.8241135e+03   5.7800631e+03   7.0873459e+03   4.2188090e+03   5.6186503e+03   6.2906793e+03   6.2501869e+03   7.4489753e+03   7.0337976e+03   7.1472686e+03   8.9053563e+03   6.7591456e+03   5.4476633e+03   6.7138400e+03   5.0950462e+03   6.7041651e+03
   6.0166491e+03   5.4846604e+03   6.9041700e+03   5.9447917e+03   5.4667039e+03   6.0500815e+03   5.5351604e+03   3.4278198e+03   4.1386851e+03   6.1409980e+03   4.7243821e+03   6.2491307e+03   6.4050719e+03   5.8441767e+03   6.8241135e+03   5.2405369e+03   5.5106747e+03   4.2188090e+03   5.6186503e+03   5.2149043e+03   5.3835784e+03   5.8804685e+03   6.6268508e+03   5.5930810e+03   6.9369613e+03   6.3398579e+03   5.4476633e+03   6.3933745e+03   4.4269656e+03   6.7041651e+03
   4.7319508e+03   5.0140151e+03   4.1038557e+03   4.5531621e+03   4.5064492e+03   5.1859290e+03   4.5995838e+03   3.2125097e+03   4.1386851e+03   4.1698193e+03   3.6466637e+03   4.5099691e+03   5.2436305e+03   5.0525288e+03   4.4091765e+03   4.3392735e+03   3.5761257e+03   3.0978635e+03   3.6745700e+03   4.2802564e+03   5.3835784e+03   5.6060955e+03   4.0232198e+03   4.4791075e+03   5.2017519e+03   5.6310013e+03   4.2340112e+03   3.6154329e+03   4.2284232e+03   4.2449252e+03
   3.1786930e+03   3.6136097e+03   3.4756120e+03   3.4838533e+03   2.7788754e+03   2.9386486e+03   3.1051820e+03   3.0243901e+03   2.6817393e+03   3.0038941e+03   3.1486603e+03   3.2891577e+03   3.1448373e+03   2.8903751e+03   3.3659245e+03   3.0385229e+03   2.6604431e+03   2.9158823e+03   2.6074147e+03   3.2970181e+03   3.4822748e+03   3.4288720e+03   2.9202480e+03   3.6890046e+03   3.2443465e+03   3.6750769e+03   2.2794416e+03   3.0293458e+03   3.1724640e+03   3.6842222e+03
   2.1313169e+03   1.8591187e+03   2.1563532e+03   1.8042961e+03   2.2400103e+03   2.1570245e+03   2.2927261e+03   2.2117045e+03   2.1812624e+03   2.4352094e+03   2.0221601e+03   2.0105616e+03   2.4333947e+03   1.6638564e+03   1.8332243e+03   2.2716129e+03   1.8729649e+03   2.0831314e+03   2.3113313e+03   2.2243114e+03   1.8847168e+03   2.4070338e+03   1.7282766e+03   2.1359641e+03   1.9249467e+03   2.2961748e+03   1.8472745e+03   1.9717774e+03   2.1006062e+03   1.7053426e+03
   1.1435004e+03   1.0909629e+03   9.2321644e+02   1.1841621e+03   9.3913390e+02   1.0098008e+03   1.0712376e+03   1.1907800e+03   9.4192374e+02   1.1058564e+03   1.0387772e+03   1.0671055e+03   1.1906270e+03   1.2993471e+03   1.0421823e+03   1.0093371e+03   9.9273382e+02   1.0876050e+03   1.1663831e+03   1.2762700e+03   1.1163936e+03   1.1805636e+03   1.0498511e+03   1.0053577e+03   1.0715133e+03   8.4818483e+02   1.0829960e+03   1.1240325e+03   1.2448929e+03   1.2296861e+03
   5.0022576e+02   5.1473612e+02   4.7796455e+02   5.3435594e+02   4.7666397e+02   5.1039459e+02   5.9426854e+02   5.6508535e+02   4.3120292e+02   4.8190650e+02   4.7518597e+02   5.3452513e+02   6.3400067e+02   5.6250694e+02   4.7979279e+02   5.0112586e+02   5.0565566e+02   5.0677936e+02   5.7834382e+02   5.9267494e+02   5.0024341e+02   6.0328674e+02   5.0976395e+02   4.7622671e+02   5.1347752e+02   5.5146924e+02   5.2430304e+02   5.3182729e+02   5.6415045e+02   5.8507293e+02
   3.0914977e+02   3.0726796e+02   3.0693796e+02   3.1248730e+02   3.0477760e+02   3.0790516e+02   3.1073788e+02   3.2019136e+02   3.0389663e+02   3.0645901e+02   3.0619742e+02   3.1096103e+02   3.2139505e+02   3.0853726e+02   3.0695976e+02   3.1751001e+02   3.0698460e+02   3.1026180e+02   3.2414770e+02   3.1831734e+02   3.0555743e+02   3.1850785e+02   3.0724478e+02   3.0669967e+02   3.1098439e+02   3.1692169e+02   3.0578768e+02   3.0950754e+02   3.1749660e+02   3.1500173e+02
   3.0000289e+02   3.0000299e+02   3.0000276e+02   3.0000475e+02   3.0000169e+02   3.0000322e+02   3.0000381e+02   3.0000982e+02   3.0000112e+02   3.0000242e+02   3.0000215e+02   3.0000431e+02   3.0001046e+02   3.0000315e+02   3.0000333e+02   3.0000837e+02   3.0000273e+02   3.0000356e+02   3.0001196e+02   3.0000720e+02   3.0000228e+02   3.0000979e+02   3.0000288e+02   3.0000212e+02   3.0000499e+02   3.0000738e+02   3.0000255e+02   3.0000345e+02   3.0000978e+02   3.0000521e+02
   3.0000000e+02   3.0000000e+02   3.0000000e+02   3.0000000e+02   3.0000000e+02   3.0000000e+02   3.0000000e+02   3.0000000e+02   3.0000000e+02   3.0000000e+02   3.0000000e+02   3.0000000e+02   3.0000000e+02   2.7053857e+02   3.0000000e+02   3.0000000e+02   3.0000000e+02   3.0000000e+02   3.0000000e+02   3.0000000e+02   3.0000000e+02   3.0000000e+02   3.0000000e+02   2.9422234e+02   3.0000000e+02   3.0000000e+02   3.0000000e+02   3.0000000e+02   3.0000000e+02   3.0000000e+02
   3.0000000e+02   3.0000000e+02   3.0000000e+02   3.0000000e+02   0.0000000e+00   0.0000000e+00   3.0000000e+02   3.0000000e+02   0.0000000e+00   0.0000000e+00   3.0000000e+02   0.0000000e+00   3.0000000e+02   0.0000000e+00   3.0000000e+02   3.0000000e+02   0.0000000e+00   0.0000000e+00   3.0000000e+02   0.0000000e+00   0.0000000e+00   3.0000000e+02   3.0000000e+02   0.0000000e+00   3.0000000e+02   3.0000000e+02   3.0000000e+02   3.0000000e+02   0.0000000e+00   0.0000000e+00
