   4.2835618e+02   3.5430197e+02   3.2978259e+02   4.0405538e+02   3.1292067e+02   2.8645409e+02   3.8424593e+02   3.6611808e+02   3.0578558e+02   3.7335281e+02   3.9029861e+02   4.2215701e+02   3.5384459e+02   3.1250249e+02   4.2378493e+02   2.8645409e+02   3.5131305e+02   3.6671246e+02   4.4903834e+02   3.1090061e+02   3.1292067e+02   3.3381317e+02   4.1625625e+02   3.5947297e+02   3.3762010e+02   3.3381317e+02   3.6045593e+02   3.5663224e+02   3.9783221e+02   3.1292067e+02
   3.9903272e+02   3.5430197e+02   3.0523479e+02   3.7164694e+02   3.1292067e+02   2.7950302e+02   3.8424593e+02   3.6002266e+02   3.0578558e+02   3.7335281e+02   3.0616553e+02   3.9893958e+02   3.3695623e+02   3.1250249e+02   3.7955342e+02   2.7950302e+02   3.5131305e+02   3.0193528e+02   3.8101423e+02   3.1090061e+02   3.1292067e+02   3.3381317e+02   4.1625625e+02   3.2088363e+02   2.8884109e+02   3.3381317e+02   3.4064595e+02   2.9093703e+02   3.9783221e+02   3.1292067e+02
   3.9903272e+02   3.5430197e+02   3.0523479e+02   3.7164694e+02   3.1292067e+02   2.7950302e+02   3.8424593e+02   3.6002266e+02   3.0578558e+02   3.7335281e+02   3.0616553e+02   3.9893958e+02   3.3695623e+02   3.1250249e+02   3.7955342e+02   2.7950302e+02   3.5131305e+02   3.0193528e+02   3.8101423e+02   3.1090061e+02   3.1292067e+02   3.3381317e+02   4.1625625e+02   3.2088363e+02   2.8884109e+02   3.3381317e+02   3.4064595e+02   2.9093703e+02   3.9783221e+02   3.1292067e+02
   3.4508177e+02   2.8992356e+02   3.0523479e+02   2.9136022e+02   2.9282854e+02   2.6813331e+02   3.7172513e+02   3.5698844e+02   3.0578558e+02   2.6313880e+02   3.0616553e+02   3.5326596e+02   3.2279641e+02   3.1250249e+02   3.7955342e+02   2.6813331e+02   3.4715759e+02   2.9653501e+02   3.8101423e+02   3.1090061e+02   2.9282854e+02   3.3381317e+02   3.6299314e+02   2.9862354e+02   2.8884109e+02   3.3381317e+02   3.4064595e+02   2.4198284e+02   3.1103022e+02   2.9282854e+02
   3.2337775e+02   2.7040954e+02   2.7654875e+02   2.8679963e+02   2.9282854e+02   2.4998608e+02   3.5196986e+02   3.1069552e+02   2.9400080e+02   2.4791278e+02   3.0616553e+02   3.5326596e+02   2.3030391e+02   2.4261413e+02   3.4282857e+02   2.4998608e+02   3.1988026e+02   2.3856985e+02   2.9907658e+02   3.1090061e+02   2.9282854e+02   2.4978988e+02   2.8281502e+02   2.7796268e+02   2.8884109e+02   2.4978988e+02   2.6677387e+02   2.4198284e+02   2.2803747e+02   2.9282854e+02
   2.4687253e+02   2.7040954e+02   2.5147884e+02   2.6181223e+02   2.7422374e+02   2.4998608e+02   2.8181463e+02   2.5041958e+02   2.7795001e+02   2.4647886e+02   2.5014022e+02   3.0347863e+02   2.3030391e+02   2.1676377e+02   3.3509884e+02   2.4998608e+02   2.7464053e+02   2.2934520e+02   2.9907658e+02   2.2643750e+02   2.7422374e+02   2.4978988e+02   2.1499611e+02   2.3832087e+02   2.8884109e+02   2.4978988e+02   2.6677387e+02   2.4048908e+02   2.2803747e+02   2.7422374e+02
   2.4687253e+02   2.5053291e+02   2.1966101e+02   2.4561373e+02   2.2220998e+02   2.4998608e+02   2.3944009e+02   2.1988139e+02   2.3420608e+02   2.4233103e+02   1.9899696e+02   2.4139584e+02   2.0900571e+02   2.1676377e+02   3.1935327e+02   2.4998608e+02   2.4307681e+02   2.2291842e+02   2.0468748e+02   2.0574426e+02   2.2220998e+02   2.4658222e+02   2.1389124e+02   2.2614926e+02   2.3887501e+02   2.4658222e+02   2.3845677e+02   2.2752040e+02   2.2690286e+02   2.2220998e+02
   2.1230236e+02   2.1824675e+02   2.1966101e+02   2.3072138e+02   1.9155079e+02   2.1515611e+02   2.2253892e+02   2.0218587e+02   2.1184018e+02   2.1589493e+02   1.9899696e+02   2.0704036e+02   2.0362947e+02   2.1384845e+02   2.3312761e+02   2.1515611e+02   1.9886345e+02   2.1460597e+02   2.0468748e+02   2.0191029e+02   1.9155079e+02   2.2364642e+02   2.0471119e+02   2.0958668e+02   2.1164582e+02   2.2364642e+02   2.0820937e+02   2.0708253e+02   2.2189325e+02   1.9155079e+02
   1.7704180e+02   1.9367753e+02   1.8031473e+02   2.1143167e+02   1.8975170e+02   2.0460427e+02   1.9783426e+02   2.0077723e+02   1.8093038e+02   1.9667468e+02   1.9770059e+02   1.9886488e+02   1.9888736e+02   1.8451327e+02   1.9709806e+02   2.0460427e+02   1.8414570e+02   2.0237381e+02   1.8709978e+02   1.9050982e+02   1.8975170e+02   1.7776214e+02   1.7987909e+02   1.9610500e+02   1.8508705e+02   1.7776214e+02   1.8344859e+02   1.9258023e+02   1.9892913e+02   1.8975170e+02
   1.7295152e+02   1.7949916e+02   1.7795911e+02   1.8135633e+02   1.7694437e+02   1.7801369e+02   1.8357206e+02   1.8248096e+02   1.7577004e+02   1.8492319e+02   1.8024464e+02   1.7942020e+02   1.8750102e+02   1.7537106e+02   1.7080414e+02   1.7801369e+02   1.7512092e+02   1.7659609e+02   1.7618737e+02   1.7624186e+02   1.7694437e+02   1.7055417e+02   1.7403149e+02   1.7331697e+02   1.7450825e+02   1.7055417e+02   1.7734852e+02   1.7878841e+02   1.8796013e+02   1.7694437e+02
   1.7109537e+02   1.7156682e+02   1.7071815e+02   1.7123726e+02   1.6881993e+02   1.7120301e+02   1.7097423e+02   1.7234845e+02   1.6923714e+02   1.7122016e+02   1.7290019e+02   1.7195936e+02   1.7359568e+02   1.6965728e+02   1.6699826e+02   1.7120301e+02   1.7340993e+02   1.7007757e+02   1.6996299e+02   1.6947472e+02   1.6881993e+02   1.7015950e+02   1.7070467e+02   1.7058429e+02   1.6765439e+02   1.7015950e+02   1.7307754e+02   1.7062353e+02   1.7567111e+02   1.6881993e+02
   1.6959139e+02   1.6882740e+02   1.6621954e+02   1.6734619e+02   1.6771545e+02   1.6763459e+02   1.6728328e+02   1.6749509e+02   1.6797796e+02   1.6679217e+02   1.6701954e+02   1.6715882e+02   1.6826404e+02   1.6582808e+02   1.6645392e+02   1.6763459e+02   1.6762560e+02   1.6786513e+02   1.6798694e+02   1.6907486e+02   1.6771545e+02   1.6700463e+02   1.6899395e+02   1.6634857e+02   1.6651790e+02   1.6700463e+02   1.6710875e+02   1.6664109e+02   1.6914569e+02   1.6771545e+02
   1.6567600e+02   1.6603656e+02   1.6534542e+02   1.6553227e+02   1.6572795e+02   1.6572413e+02   1.6439778e+02   1.6561430e+02   1.6587393e+02   1.6537989e+02   1.6547440e+02   1.6534430e+02   1.6562552e+02   1.6561631e+02   1.6543136e+02   1.6572413e+02   1.6597061e+02   1.6547426e+02   1.6455944e+02   1.6662321e+02   1.6572795e+02   1.6383235e+02   1.6629984e+02   1.6457560e+02   1.6368305e+02   1.6383235e+02   1.6564771e+02   1.6492943e+02   1.6479049e+02   1.6572795e+02
   1.6297985e+02   1.6436709e+02   1.6404427e+02   1.6462158e+02   1.6443960e+02   1.6329967e+02   1.6415851e+02   1.6497244e+02   1.6416024e+02   1.6422934e+02   1.6377097e+02   1.6410465e+02   1.6331140e+02   1.6393241e+02   1.6384962e+02   1.6329967e+02   1.6414563e+02   1.6371106e+02   1.6290109e+02   1.6335382e+02   1.6443960e+02   1.6371147e+02   1.6439615e+02   1.6402742e+02   1.6323347e+02   1.6371147e+02   1.6393451e+02   1.6322648e+02   1.6344257e+02   1.6443960e+02
   1.6267812e+02   1.6359269e+02   1.6272015e+02   1.6293040e+02   1.6270311e+02   1.6146506e+02   1.6278284e+02   1.6304684e+02   1.6272178e+02   1.6275677e+02   1.6063046e+02   1.6188639e+02   1.6084788e+02   1.6266855e+02   1.6238139e+02   1.6146506e+02   1.6205325e+02   1.6276175e+02   1.6270436e+02   1.6128263e+02   1.6270311e+02   1.6264827e+02   1.6241984e+02   1.6274875e+02   1.5985258e+02   1.6264827e+02   1.6271168e+02   1.6148726e+02   1.6100454e+02   1.6270311e+02
   1.5936873e+02   1.5936873e+02   1.5861835e+02   1.6256738e+02   1.5954378e+02   1.6140488e+02   1.5936873e+02   1.6270013e+02   1.6270013e+02   1.5936873e+02   1.5936873e+02   1.5936873e+02   1.5936873e+02   1.5954378e+02   1.6218339e+02   1.6140488e+02   1.5861835e+02   1.5936873e+02   1.6270013e+02   1.5861835e+02   1.5954378e+02   1.6140488e+02   1.5936873e+02   1.6068018e+02   1.5861835e+02   1.6140488e+02   1.5936873e+02   1.5861835e+02   1.5936873e+02   1.5954378e+02
