   2.3309174e+03   2.0261418e+03   2.1467838e+03   2.7834857e+03   3.2134813e+03   1.7148290e+03   2.9624487e+03   1.6672980e+03   2.5129835e+03   2.8209503e+03   2.0088147e+03   1.5963818e+03   2.0088147e+03   2.6834196e+03   3.2381373e+03   1.7148290e+03   2.5129835e+03   2.2760946e+03   2.2278089e+03   2.0095590e+03   3.2134813e+03   1.6672980e+03   2.6660464e+03   2.0711650e+03   1.8654296e+03   3.7748733e+03   1.5321800e+03   2.6160814e+03   1.7979777e+03   3.2134813e+03
   2.2658916e+03   2.0261418e+03   2.0950186e+03   2.7834857e+03   2.1366531e+03   1.7148290e+03   1.9503819e+03   1.6672980e+03   2.5129835e+03   2.3868850e+03   2.0088147e+03   1.5963818e+03   2.0088147e+03   2.6834196e+03   3.2381373e+03   1.7148290e+03   2.5129835e+03   2.2760946e+03   1.1235301e+03   2.0095590e+03   2.1366531e+03   1.6672980e+03   2.3191681e+03   1.6491985e+03   1.7351926e+03   1.6405402e+03   1.3362114e+03   2.2890132e+03   1.7979777e+03   2.1366531e+03
   2.2658916e+03   2.0261418e+03   2.0950186e+03   2.7834857e+03   2.1366531e+03   1.7148290e+03   1.9503819e+03   1.6672980e+03   2.5129835e+03   2.3868850e+03   2.0088147e+03   1.5963818e+03   2.0088147e+03   2.6834196e+03   3.2381373e+03   1.7148290e+03   2.5129835e+03   2.2760946e+03   1.1235301e+03   2.0095590e+03   2.1366531e+03   1.6672980e+03   2.3191681e+03   1.6491985e+03   1.7351926e+03   1.6405402e+03   1.3362114e+03   2.2890132e+03   1.7979777e+03   2.1366531e+03
   1.8135528e+03   2.0261418e+03   1.9048048e+03   1.1443647e+03   2.1366531e+03   1.5578067e+03   1.9315739e+03   1.5781000e+03   2.5129835e+03   1.5680187e+03   2.0088147e+03   1.5963818e+03   2.0088147e+03   1.6774024e+03   2.8142710e+03   1.5578067e+03   2.5129835e+03   2.2760946e+03   1.1235301e+03   2.0095590e+03   2.1366531e+03   1.5781000e+03   1.8610373e+03   1.6491985e+03   1.7351926e+03   1.3730592e+03   1.3362114e+03   1.2509513e+03   1.7979777e+03   2.1366531e+03
   1.0501173e+03   1.1935997e+03   1.1790665e+03   1.1443647e+03   1.6069627e+03   1.5578067e+03   1.2080366e+03   1.5781000e+03   2.0893889e+03   1.5680187e+03   1.1111866e+03   1.5934446e+03   1.1111866e+03   6.1968007e+02   2.2406522e+03   1.5578067e+03   2.0893889e+03   1.3571932e+03   7.7666598e+02   1.5577316e+03   1.6069627e+03   1.5781000e+03   1.7637192e+03   1.3057778e+03   1.5707332e+03   1.3246771e+03   1.3362114e+03   1.2509513e+03   1.0114778e+03   1.6069627e+03
   1.0501173e+03   1.0771983e+03   1.0987882e+03   1.1443647e+03   1.5670733e+03   7.2362591e+02   7.5867568e+02   9.0413676e+02   9.4161771e+02   1.2509290e+03   8.1144816e+02   8.9543692e+02   8.1144816e+02   5.6743420e+02   1.4393210e+03   7.2362591e+02   9.4161771e+02   9.3000813e+02   7.7666598e+02   9.1129132e+02   1.5670733e+03   9.0413676e+02   1.4599468e+03   1.3057778e+03   1.3061642e+03   1.2924927e+03   1.3362114e+03   1.2206003e+03   7.5858110e+02   1.5670733e+03
   6.1032545e+02   5.2789588e+02   9.1706454e+02   1.1443647e+03   1.1193375e+03   7.2362591e+02   7.5867568e+02   7.6293932e+02   6.9353174e+02   8.3961857e+02   5.1538275e+02   8.9543692e+02   5.1538275e+02   5.6743420e+02   1.4393210e+03   7.2362591e+02   6.9353174e+02   9.3000813e+02   4.4634800e+02   5.6172701e+02   1.1193375e+03   7.6293932e+02   1.1642273e+03   9.6481564e+02   1.0011738e+03   7.0546092e+02   8.3831924e+02   7.7501267e+02   7.5858110e+02   1.1193375e+03
   6.1032545e+02   5.2505551e+02   8.5942098e+02   5.4690350e+02   8.0969693e+02   3.4939497e+02   3.0718993e+02   6.3879693e+02   5.2706278e+02   7.4430315e+02   5.1538275e+02   7.0363777e+02   5.1538275e+02   4.6005352e+02   6.9884137e+02   3.4939497e+02   5.2706278e+02   8.0624355e+02   3.4159434e+02   5.6172701e+02   8.0969693e+02   6.3879693e+02   6.5052710e+02   8.8067409e+02   8.7143150e+02   6.0489556e+02   4.8620243e+02   7.7501267e+02   7.1182210e+02   8.0969693e+02
   2.3386009e+02   4.0478652e+02   3.9290654e+02   3.9222384e+02   4.4222700e+02   1.9582823e+02   2.5392222e+02   4.0760371e+02   4.8366587e+02   3.8615529e+02   2.9045674e+02   3.7173119e+02   2.9045674e+02   3.6227996e+02   3.9102038e+02   1.9582823e+02   4.8366587e+02   2.1437349e+02   3.4159434e+02   5.6172701e+02   4.4222700e+02   4.0760371e+02   5.9361447e+02   4.1731393e+02   2.7469237e+02   4.4841418e+02   2.7998751e+02   3.1883275e+02   3.0935716e+02   4.4222700e+02
   1.0531773e+02   1.8868893e+02   1.2430252e+02   1.9271621e+02   2.7663575e+02   1.3760772e+02   2.5392222e+02   2.4383390e+02   1.5246226e+02   2.7537950e+02   2.0120214e+02   1.7531831e+02   2.0120214e+02   1.8772858e+02   1.9607823e+02   1.3760772e+02   1.5246226e+02   1.9283830e+02   1.7256150e+02   2.5619965e+02   2.7663575e+02   2.4383390e+02   2.7492074e+02   2.6513584e+02   1.7945359e+02   3.0616171e+02   2.0934695e+02   2.5519043e+02   1.8054233e+02   2.7663575e+02
   8.2682434e+01   1.1909506e+02   8.5781850e+01   8.8217502e+01   9.7526933e+01   8.8765930e+01   9.0453809e+01   8.0055492e+01   1.9533270e+01   1.3198720e+02   7.2106811e+01   9.1667893e+01   7.2106811e+01   4.4787464e+01   5.2271948e+01   8.8765930e+01   1.9533270e+01   9.5173740e+01   7.1424729e+01   1.1272676e+02   9.7526933e+01   8.0055492e+01   7.6141314e+01   4.8448108e+01   7.8232215e+01   8.6178301e+01   1.2298654e+02   7.3237387e+01   6.8133025e+01   9.7526933e+01
   1.9700161e+01   2.3076170e+01   3.8093225e+01   2.9359670e+01   4.3608576e+01   3.4789439e+01   2.9022284e+01   4.0088577e+01   1.1588480e+01   2.4708938e+01   2.3195072e+01   3.5412653e+01   2.3195072e+01   1.9532981e+01   1.8797963e+01   3.4789439e+01   1.1588480e+01   3.4826838e+01   2.6008627e+01   4.2001601e+01   4.3608576e+01   4.0088577e+01   2.2968381e+01   2.7842625e+01   2.2828523e+01   3.0701905e+01   1.4468559e+01   3.3792014e+01   4.1445560e+01   4.3608576e+01
   2.1025724e+00   3.9151045e+00   1.0634944e+01   4.3509870e+00   2.4579240e+00   4.7283675e+00   1.0799540e+01   4.5593617e+00   7.1717714e+00   6.2737881e+00   4.3198561e+00   4.7419318e+00   4.3198561e+00   3.5996658e+00   6.9846788e+00   4.7283675e+00   7.1717714e+00   7.0200964e+00   2.9467188e+00   3.2483638e+00   2.4579240e+00   4.5593617e+00   4.2388345e+00   4.6984316e+00   8.7771134e+00   2.7019422e+00   7.5757151e+00   5.2514666e+00   6.8775988e+00   2.4579240e+00
   4.2798624e-02   5.9972064e-02   6.6386049e-02   7.7547217e-02   3.5665497e-02   6.5796032e-02   1.7214836e-02   5.6741850e-02   5.3671464e-02   3.4802127e-02   1.9529017e-02   6.7277632e-02   1.9529017e-02   6.8492386e-02   2.9888766e-02   6.5796032e-02   5.3671464e-02   4.2491059e-02   5.5209072e-02   2.4647760e-02   3.5665497e-02   5.6741850e-02   2.6012556e-02   1.5779698e-02   5.4927331e-02   1.1027689e-02   3.7465394e-02   2.1750343e-02   5.8846770e-02   3.5665497e-02
   0.0000000e+00   0.0000000e+00   0.0000000e+00   0.0000000e+00   0.0000000e+00   0.0000000e+00   0.0000000e+00   0.0000000e+00   0.0000000e+00   0.0000000e+00   0.0000000e+00   0.0000000e+00   0.0000000e+00   0.0000000e+00   0.0000000e+00   0.0000000e+00   0.0000000e+00   0.0000000e+00   0.0000000e+00   0.0000000e+00   0.0000000e+00   0.0000000e+00   0.0000000e+00   0.0000000e+00   0.0000000e+00   0.0000000e+00   0.0000000e+00   0.0000000e+00   0.0000000e+00   0.0000000e+00
   0.0000000e+00   0.0000000e+00   0.0000000e+00   0.0000000e+00   0.0000000e+00   0.0000000e+00   0.0000000e+00   0.0000000e+00   0.0000000e+00   0.0000000e+00   0.0000000e+00   0.0000000e+00   0.0000000e+00   0.0000000e+00   0.0000000e+00   0.0000000e+00   0.0000000e+00   0.0000000e+00   0.0000000e+00   0.0000000e+00   0.0000000e+00   0.0000000e+00   0.0000000e+00   0.0000000e+00   0.0000000e+00   0.0000000e+00   0.0000000e+00   0.0000000e+00   0.0000000e+00   0.0000000e+00
