8.45926e+009	1.12822e+010	8.65868e+009	1.0572e+010	1.05267e+010	8.47198e+009	8.97248e+009	4.56862e+009	9.03553e+009	8.22414e+009	5.73393e+009	1.36426e+010	9.41137e+009	9.08708e+009	8.95699e+009	1.00286e+010	8.17766e+009	1.10717e+010	1.0821e+010	9.35081e+009	9.22735e+009	6.53823e+009	7.71194e+009	1.2575e+010	5.0345e+009	8.32862e+009	1.02342e+010	8.68193e+009	5.03257e+009	8.54601e+009	
8.45926e+009	1.12822e+010	6.00181e+009	7.40053e+009	1.05267e+010	8.47198e+009	8.97248e+009	4.56862e+009	8.30137e+009	5.53033e+009	5.73392e+009	8.68228e+009	6.52656e+009	8.79542e+009	8.95699e+009	1.00286e+010	6.69507e+009	1.10717e+010	9.60903e+009	9.35081e+009	9.22735e+009	6.53823e+009	7.71194e+009	9.04549e+009	5.0345e+009	8.32862e+009	4.0424e+009	8.68193e+009	5.03257e+009	8.54601e+009	
8.05122e+009	1.12822e+010	6.00181e+009	7.40053e+009	1.01513e+010	8.14384e+009	8.95024e+009	4.56862e+009	8.30137e+009	5.53033e+009	5.73392e+009	8.68228e+009	6.52656e+009	8.50093e+009	7.10525e+009	6.6278e+009	6.69507e+009	9.87141e+009	9.60903e+009	8.91494e+009	8.28705e+009	6.53823e+009	5.87633e+009	9.04549e+009	5.0345e+009	5.94306e+009	4.0424e+009	8.68125e+009	5.03257e+009	8.54601e+009	
7.36696e+009	9.70466e+009	6.00181e+009	5.14088e+009	1.01513e+010	8.14384e+009	6.34665e+009	4.51152e+009	4.32308e+009	3.44447e+009	4.70333e+009	6.84806e+009	6.52656e+009	5.43682e+009	7.10525e+009	6.30853e+009	6.66152e+009	7.10508e+009	8.4213e+009	8.91494e+009	8.28705e+009	6.53823e+009	5.87633e+009	8.8184e+009	5.0345e+009	5.94306e+009	3.46746e+009	8.67469e+009	5.03257e+009	5.33288e+009	
7.36696e+009	8.30237e+009	5.89089e+009	4.94367e+009	6.72902e+009	8.14384e+009	5.9429e+009	4.35916e+009	4.32308e+009	3.44447e+009	4.58879e+009	6.84806e+009	4.79534e+009	5.43682e+009	4.26618e+009	5.40047e+009	5.29635e+009	7.10508e+009	6.95705e+009	3.54536e+009	8.28705e+009	6.41715e+009	5.25677e+009	8.5697e+009	5.0345e+009	5.8872e+009	3.14432e+009	7.9118e+009	4.90071e+009	5.33288e+009	
5.72433e+009	4.43359e+009	5.03483e+009	2.8504e+009	5.54414e+009	7.46436e+009	3.21172e+009	4.35916e+009	4.32308e+009	3.44447e+009	4.24259e+009	6.84806e+009	4.79534e+009	4.19354e+009	4.05408e+009	5.40047e+009	5.29635e+009	6.21659e+009	6.95705e+009	3.26349e+009	6.36476e+009	4.99551e+009	4.70707e+009	5.67937e+009	4.85102e+009	4.49814e+009	3.14432e+009	5.86254e+009	4.90071e+009	4.3727e+009	
4.10575e+009	3.52105e+009	8.62388e+008	2.8504e+009	3.13739e+009	4.71331e+009	2.79743e+009	3.28299e+009	3.27068e+009	3.03486e+009	3.74788e+009	5.1397e+009	4.38235e+009	3.43421e+009	3.6802e+009	4.1883e+009	5.213e+009	1.79039e+009	5.22069e+009	2.60162e+009	3.44671e+009	3.86961e+009	2.99531e+009	5.65481e+009	3.65552e+009	3.02095e+009	2.58874e+009	5.22657e+009	3.35011e+009	3.42052e+009	
1.93916e+009	2.82998e+009	7.8984e+008	9.84776e+008	3.04359e+009	2.39721e+009	2.63077e+009	2.46325e+009	1.54791e+009	1.56911e+009	1.38834e+009	3.02034e+009	2.73473e+009	1.11339e+009	2.74717e+009	1.38713e+009	2.84723e+009	1.33756e+009	3.56902e+009	1.61762e+009	2.56792e+009	1.66285e+009	1.89383e+009	3.4431e+009	1.54135e+009	1.76089e+009	2.45277e+009	2.40465e+009	2.62838e+009	2.10568e+009	
1.56181e+009	1.15947e+009	2.18112e+008	6.15042e+008	1.11287e+009	1.33758e+009	9.50754e+008	4.19223e+008	1.37869e+009	2.90249e+008	6.8924e+008	8.66892e+008	7.94266e+008	4.45737e+008	1.27474e+009	1.29135e+009	5.07346e+008	6.39393e+008	6.88665e+008	9.98702e+008	1.92158e+009	1.29741e+009	1.39304e+009	1.43165e+009	1.10127e+009	1.15151e+009	1.24419e+009	8.22718e+008	1.2978e+009	1.59945e+009	
5.50659e+008	3.60729e+008	1.73775e+008	2.85093e+008	1.36365e+008	3.08502e+008	1.85155e+008	1.14599e+008	3.03301e+008	1.24533e+008	1.47517e+008	2.57029e+008	3.16439e+008	3.71381e+008	4.95618e+008	4.48669e+008	1.43685e+008	6.69763e+007	6.02045e+008	3.56353e+008	3.44774e+008	2.93134e+008	3.56893e+008	3.75299e+008	3.45815e+008	2.3424e+008	5.54579e+007	4.50254e+008	2.0958e+008	2.75687e+008	
3.28565e+007	4.00261e+007	2.32718e+007	2.0575e+007	9.23412e+006	1.8485e+007	4.21849e+007	5.01608e+007	1.46125e+007	3.16358e+007	2.81292e+007	2.84099e+007	2.20238e+007	3.98588e+007	1.56805e+007	6.09201e+007	2.94904e+007	2.67514e+007	3.53489e+007	1.67684e+007	5.81391e+007	5.52664e+007	3.75438e+007	4.20984e+007	4.83269e+007	2.45469e+007	9.55989e+006	2.54324e+007	2.42217e+007	3.68302e+007	
1.90649e+006	1.66009e+006	666740	1.24567e+006	1.0968e+006	2.12015e+006	3.39858e+006	1.97372e+006	1.4079e+006	1.76596e+006	1.39045e+006	922695	1.3694e+006	745811	1.37689e+006	924106	1.65857e+006	1.86059e+006	833751	2.04984e+006	1.4947e+006	1.83524e+006	413971	1.59339e+006	715623	266234	1.18883e+006	1.51256e+006	1.43669e+006	1.99285e+006	
4180.67	4588.12	4126	5286.77	6558.76	5392.94	1898.06	906.179	3624.38	2582.12	5884.06	4431.83	3439.65	6989.51	2868.05	3255.9	5241.14	4403.14	3767.41	2233.8	3348.6	4075.18	1139.42	3580.94	2216.6	4560.12	1968.75	7813.22	4318	4009.6	
0.00398114	0.00431873	0.0105637	0.00946054	0.00700063	0.0103108	0.0134086	0.00783808	0.00982144	0.00865654	0.0045643	0.0101297	0.00836477	0.00200407	0.0128459	0.00329676	0.0088545	0.00874973	0.00989393	0.00413526	0.0142151	0.0055461	0.0230221	0.00763584	0.00652363	0.011817	0.00629334	0.0156947	0.012292	0.0048599	
0	0	0	0	0	0	0	0	0	0	0	0	0	0	0	0	0	0	0	0	0	0	0	0	0	0	0	0	0	0	
0	0	0	0	0	0	0	0	0	0	0	0	0	0	0	0	0	0	0	0	0	0	0	0	0	0	0	0	0	0	
