1.63493e+010	1.77656e+010	1.70705e+010	7.47704e+009	9.87373e+009	1.52783e+010	1.14019e+010	6.84978e+009	1.1684e+010	1.23017e+010	7.6905e+009	6.49695e+009	1.0415e+010	8.27731e+009	1.37186e+010	1.04913e+010	9.57916e+009	1.23426e+010	1.83105e+010	9.64774e+009	1.48533e+010	1.2649e+010	2.41071e+010	1.38341e+010	1.34328e+010	7.73731e+009	2.16834e+010	1.00173e+010	9.14136e+009	1.90833e+010	
1.26397e+010	1.13216e+010	1.3883e+010	7.47704e+009	9.87373e+009	1.52783e+010	1.14019e+010	6.84978e+009	1.1684e+010	1.23017e+010	7.6905e+009	6.49695e+009	1.0415e+010	6.5408e+009	9.73874e+009	1.04913e+010	9.57916e+009	9.26458e+009	1.35942e+010	9.64774e+009	1.48533e+010	1.2649e+010	1.89476e+010	1.38341e+010	1.10407e+010	7.73731e+009	1.15587e+010	1.00173e+010	9.14136e+009	1.37737e+010	
1.26397e+010	1.13216e+010	1.3883e+010	7.47704e+009	9.87373e+009	1.52783e+010	1.05809e+010	6.48632e+009	1.01413e+010	1.23017e+010	7.11703e+009	6.49695e+009	7.87011e+009	6.5408e+009	9.73874e+009	1.04913e+010	9.39335e+009	9.26458e+009	1.19075e+010	9.64774e+009	1.48533e+010	1.2649e+010	1.89476e+010	1.24198e+010	1.10407e+010	7.25461e+009	1.15587e+010	7.78471e+009	8.38709e+009	1.22422e+010	
1.25558e+010	1.10885e+010	1.3883e+010	7.47704e+009	8.44715e+009	1.49165e+010	1.04194e+010	6.08926e+009	9.87649e+009	9.78192e+009	7.11703e+009	6.49695e+009	7.64632e+009	6.5408e+009	9.73874e+009	1.04913e+010	9.39335e+009	7.25744e+009	9.92872e+009	9.33294e+009	1.47519e+010	1.03764e+010	1.78165e+010	1.24198e+010	1.08787e+010	6.79927e+009	1.07353e+010	7.78471e+009	6.9944e+009	1.22422e+010	
1.09873e+010	1.10315e+010	1.3883e+010	7.10354e+009	8.14598e+009	1.35543e+010	1.04194e+010	6.08926e+009	9.87649e+009	9.78192e+009	7.11703e+009	5.84955e+009	7.64632e+009	5.05349e+009	8.95045e+009	9.78122e+009	8.39424e+009	7.12544e+009	9.90482e+009	9.26671e+009	1.47519e+010	1.03764e+010	1.73732e+010	9.41456e+009	1.00179e+010	6.79927e+009	9.65602e+009	6.33382e+009	6.9944e+009	1.22422e+010	
1.08637e+010	1.10114e+010	1.24011e+010	5.67282e+009	8.14598e+009	1.28664e+010	8.36879e+009	6.05572e+009	8.95977e+009	9.78192e+009	6.79143e+009	5.43211e+009	7.64632e+009	4.99017e+009	8.91527e+009	8.74852e+009	5.48737e+009	7.12544e+009	7.89001e+009	7.88242e+009	9.77633e+009	8.51599e+009	1.46931e+010	9.34806e+009	9.07188e+009	6.50944e+009	6.57793e+009	5.72062e+009	6.68753e+009	7.08371e+009	
8.84273e+009	7.97281e+009	1.09326e+010	5.67282e+009	6.62277e+009	1.16629e+010	5.52663e+009	5.13536e+009	6.84475e+009	5.06801e+009	4.69752e+009	4.63147e+009	6.09673e+009	4.23237e+009	7.89922e+009	8.27684e+009	5.37879e+009	6.84212e+009	7.78106e+009	5.15813e+009	8.34512e+009	6.9314e+009	9.65706e+009	8.42502e+009	7.96202e+009	4.98464e+009	5.71229e+009	5.38361e+009	5.75863e+009	4.62236e+009	
4.71197e+009	4.0508e+009	6.77528e+009	2.0798e+009	4.99783e+009	5.7588e+009	2.52984e+009	3.41773e+009	2.72799e+009	3.75982e+009	2.58452e+009	3.01782e+009	5.73695e+009	2.01727e+009	3.01442e+009	5.72718e+009	5.31618e+009	3.62774e+009	4.90417e+009	4.21755e+009	4.02005e+009	1.72551e+009	7.52275e+009	6.77933e+009	3.52364e+009	2.70608e+009	4.33907e+009	4.69361e+009	4.02565e+009	4.15196e+009	
1.97274e+009	2.06679e+009	3.66854e+009	1.8626e+009	2.36051e+009	3.37502e+009	7.283e+008	2.07009e+009	1.35132e+009	1.3418e+009	6.18448e+008	1.61805e+009	1.1094e+009	1.52405e+009	1.74497e+009	2.60682e+009	3.25537e+009	2.17413e+009	2.49151e+009	2.21112e+009	2.56067e+009	1.49977e+009	2.97673e+009	3.71042e+009	2.04612e+009	2.18505e+009	1.68685e+009	2.38151e+009	2.60875e+009	2.34132e+009	
3.94704e+008	1.0948e+009	8.42344e+008	1.25106e+009	8.13991e+008	7.80955e+008	3.2946e+008	8.55753e+008	4.90161e+008	6.04284e+008	4.46945e+008	4.70694e+008	8.58319e+008	5.78677e+008	9.54257e+008	7.77888e+008	6.62382e+008	7.61511e+008	1.01901e+009	7.31612e+008	1.17586e+009	4.64602e+008	9.17201e+008	5.45975e+008	7.39208e+008	5.20821e+008	2.69828e+008	7.6814e+008	6.42469e+008	1.09685e+009	
2.19307e+008	1.30209e+008	7.31768e+007	1.35385e+008	8.00485e+007	1.32074e+008	9.17085e+007	2.72499e+008	3.62546e+007	7.70981e+007	6.06339e+007	2.14081e+007	4.02383e+007	1.49123e+008	1.55431e+008	8.77512e+007	1.08773e+008	2.92062e+008	6.0483e+007	2.07945e+008	1.33043e+008	1.14104e+008	8.48526e+007	9.31786e+007	2.10151e+008	2.18874e+008	6.42693e+007	1.11943e+008	1.63895e+008	1.07196e+008	
1.60298e+007	1.3637e+007	5.22958e+006	2.16199e+007	2.69766e+006	7.7877e+006	4.00676e+006	1.10108e+007	3.99393e+006	7.47538e+006	3.92061e+006	6.71329e+006	1.36095e+007	6.22028e+006	3.50813e+006	3.44522e+006	1.18536e+007	2.16706e+007	1.20519e+007	1.7484e+006	8.98318e+006	1.06528e+007	1.41022e+007	2.69228e+007	1.43022e+007	1.37046e+007	1.01513e+007	1.27179e+007	1.0289e+007	1.56903e+007	
231508	318935	163317	87129.8	179283	359677	243618	417108	310101	249304	321465	168510	163655	180345	121381	234283	177273	194502	116044	91141.1	319826	232161	448974	236312	291432	404255	177194	161809	162233	280436	
308.718	938.616	1648.13	1999.68	750.28	1852.11	1325.54	2593.89	1736.78	1614.32	1191.2	3038.25	755.986	295.661	932.354	2440.52	1412.79	2209.72	1594.58	1375.61	2858.86	2357.74	3338.02	1487.52	516.319	2244.94	2302.86	1877.57	2306.05	779.459	
0.308372	0.386695	0.219835	0.0340816	0.733572	0.0992758	0.261081	0.155337	0.42179	0.117506	0.599603	1.05736	0.422034	0.0961363	0.0861814	2.48495	2.43072	1.8929	2.79263	0.0675478	1.70999	0.140072	1.44851	0.391268	0.383222	0.684656	0.270433	0.0408854	0.313583	0.0771913	
0	0	0	0	0	0	0	0	0	0	0	0	0	0	0	0	0	0	0	0	0	0	0	0	0	0	0	0	0	0	
