5.350857e+03 4.416993e+03 5.314935e+03 6.147713e+03 5.391575e+03 5.950018e+03 5.240984e+03 3.840017e+03 5.473876e+03 5.796763e+03 5.679196e+03 5.330269e+03 5.600656e+03 5.807322e+03 5.592058e+03 4.608180e+03 5.575317e+03 5.501693e+03 5.586986e+03 6.126728e+03 5.083807e+03 5.287923e+03 5.294133e+03 5.934251e+03 5.458589e+03 6.018158e+03 5.210486e+03 5.614810e+03 5.863642e+03 5.495342e+03 
5.350857e+03 3.014959e+03 5.314935e+03 6.051571e+03 5.075314e+03 5.950018e+03 5.120241e+03 3.840017e+03 5.473876e+03 5.796763e+03 5.679196e+03 5.267656e+03 5.600656e+03 5.807322e+03 4.872753e+03 4.464160e+03 2.469274e+03 5.092068e+03 4.861340e+03 5.989676e+03 5.083807e+03 5.287923e+03 5.294133e+03 5.934251e+03 5.241133e+03 5.705195e+03 5.210486e+03 5.614810e+03 5.573253e+03 5.495342e+03 
5.350857e+03 3.014959e+03 4.975139e+03 5.850518e+03 4.681633e+03 5.709681e+03 5.120241e+03 3.194563e+03 5.256893e+03 4.681710e+03 5.612107e+03 4.935350e+03 5.483945e+03 5.666842e+03 4.872753e+03 4.464160e+03 1.921307e+03 5.092068e+03 4.861340e+03 5.805077e+03 4.754926e+03 5.287923e+03 5.294133e+03 5.586698e+03 4.173964e+03 5.634734e+03 5.024444e+03 5.547115e+03 5.564626e+03 5.439393e+03 
3.123105e+03 3.014959e+03 4.846620e+03 5.237386e+03 3.728618e+03 5.315803e+03 5.120241e+03 2.610192e+03 4.905430e+03 4.436798e+03 5.084429e+03 4.680729e+03 5.266041e+03 4.053020e+03 2.299715e+03 2.520414e+03 4.940461e+02 5.092068e+03 3.264684e+03 4.735175e+03 1.657204e+03 1.559565e+03 4.661667e+03 4.085943e+03 3.913429e+03 5.394475e+03 4.932042e+03 5.122976e+03 5.290752e+03 4.832267e+03 
1.784508e+03 1.293432e+03 4.550037e+03 4.700535e+03 5.018884e+02 2.094283e+03 4.338284e+03 1.614362e+03 4.729799e+03 3.609444e+02 2.489616e+03 4.543230e+03 4.802013e+03 4.053020e+03 1.327281e+03 1.099678e+03 2.036763e+02 4.846014e+03 1.088540e+03 4.081211e+03 8.753567e+02 1.555982e+03 6.293612e+02 6.767904e+02 8.155321e+02 1.113853e+03 4.695981e+03 3.272306e+03 4.944017e+03 3.193230e+03 
1.339553e+03 2.348390e+02 4.305996e+03 4.042148e+03 3.177758e+02 4.738752e+02 2.808960e+03 2.520928e+02 9.146230e+02 2.267914e+02 3.211078e+02 3.820223e+03 2.926031e+03 1.808561e+03 7.936927e+02 2.555341e+02 1.926572e+02 3.781681e+03 4.180852e+02 3.674557e+03 2.699713e+02 1.133180e+03 5.092069e+02 2.056928e+02 3.758257e+02 6.607592e+02 3.636721e+03 2.872125e+02 2.575602e+03 1.450522e+03 
2.490293e+02 1.545755e+02 5.255475e+02 2.419706e+02 1.956415e+02 1.619966e+02 2.026911e+02 1.561847e+02 2.459654e+02 1.741066e+02 1.561935e+02 2.910554e+02 2.246971e+02 3.875576e+02 1.801043e+02 1.300966e+02 1.534539e+02 1.863747e+03 2.109625e+02 1.943201e+02 1.610251e+02 1.916960e+02 1.716353e+02 1.584817e+02 2.303254e+02 2.469019e+02 2.745839e+03 1.636103e+02 2.975775e+02 1.839738e+02 
1.388179e+02 1.282232e+02 1.488308e+02 1.565013e+02 1.361943e+02 1.351150e+02 1.358641e+02 1.207616e+02 1.546988e+02 1.492311e+02 1.291211e+02 1.755777e+02 1.370495e+02 1.518146e+02 1.458023e+02 1.163785e+02 1.247459e+02 1.980059e+02 1.410989e+02 1.433606e+02 1.489628e+02 1.605373e+02 1.228444e+02 1.342154e+02 1.467281e+02 1.966435e+02 3.578796e+02 1.190078e+02 1.462337e+02 1.262997e+02 
1.186988e+02 1.091815e+02 1.275264e+02 1.238769e+02 1.317914e+02 1.118389e+02 1.153785e+02 1.073492e+02 1.093859e+02 1.180218e+02 1.103657e+02 1.112879e+02 1.134049e+02 1.185257e+02 1.223765e+02 1.119575e+02 1.092435e+02 1.574887e+02 1.142898e+02 1.144097e+02 1.211287e+02 1.299544e+02 1.117598e+02 1.094685e+02 1.159370e+02 1.261960e+02 1.411384e+02 1.094670e+02 1.110341e+02 1.154637e+02 
1.017095e+02 1.012559e+02 1.028305e+02 1.014486e+02 1.024108e+02 1.017283e+02 1.017183e+02 1.011731e+02 1.017474e+02 1.072215e+02 1.013882e+02 1.032903e+02 1.013768e+02 1.011123e+02 1.020786e+02 1.012507e+02 1.008962e+02 1.022440e+02 1.015656e+02 1.013088e+02 1.017381e+02 1.026403e+02 1.014330e+02 1.013353e+02 1.015143e+02 1.126548e+02 1.061246e+02 1.023135e+02 1.007635e+02 1.025974e+02 
1.008848e+02 1.006742e+02 3.140865e+01 1.011222e+02 1.008147e+02 1.010140e+02 1.010764e+02 1.006651e+02 1.008957e+02 8.779051e+01 1.008963e+02 2.105616e+01 7.554867e+01 1.007640e+02 1.014987e+02 1.008661e+02 1.008956e+02 2.867444e+01 1.010427e+02 1.010038e+02 1.008120e+02 1.012282e+02 1.007930e+02 1.008139e+02 1.006406e+02 3.405786e+01 5.144933e+01 1.009808e+02 1.005495e+02 7.157096e+01 
2.995168e+01 3.372290e+01 2.314379e-02 3.289711e+00 3.597822e-01 2.202752e+01 3.453490e+01 1.617871e+01 4.034032e+01 3.756521e-01 2.097290e+01 2.983871e-02 5.818727e-01 1.272473e+01 5.424299e+00 2.201022e+01 3.282503e+01 3.497227e-02 2.965704e+01 2.228024e+01 1.671705e+01 6.090692e+00 1.160981e+01 4.040537e+01 2.302518e+01 6.116810e-02 1.393063e-01 2.903028e+01 3.712795e+01 5.076844e-01 
9.165812e-03 7.209650e-02 1.000000e-08 1.000000e-08 1.000000e-08 5.431235e-05 2.779259e-04 9.726565e-03 4.147507e-03 1.000000e-08 3.482983e-04 1.000000e-08 1.000000e-08 1.923417e-06 2.989100e-08 1.109839e-02 2.908140e-03 1.000000e-08 3.417736e-07 6.452553e-06 1.919580e-08 3.123124e-02 5.875547e-04 2.488534e-02 7.351791e-05 1.000000e-08 1.000000e-08 3.129301e-02 9.482414e-02 1.000000e-08 
1.000000e-08 1.000000e-08 1.000000e-08 1.000000e-08 1.000000e-08 1.000000e-08 1.000000e-08 1.000000e-08 1.000000e-08 1.000000e-08 1.000000e-08 1.000000e-08 1.000000e-08 1.000000e-08 1.000000e-08 1.000000e-08 1.000000e-08 1.000000e-08 1.000000e-08 1.000000e-08 1.000000e-08 3.123122e-02 1.000000e-08 1.000000e-08 1.000000e-08 1.000000e-08 1.000000e-08 3.123132e-02 1.000000e-08 1.000000e-08 
1.000000e-08 1.000000e-08 1.000000e-08 1.000000e-08 1.000000e-08 1.000000e-08 1.000000e-08 1.000000e-08 1.000000e-08 1.000000e-08 1.000000e-08 1.000000e-08 1.000000e-08 1.000000e-08 1.000000e-08 1.000000e-08 1.000000e-08 1.000000e-08 1.000000e-08 1.000000e-08 1.000000e-08 3.123122e-02 1.000000e-08 1.000000e-08 1.000000e-08 1.000000e-08 1.000000e-08 3.123132e-02 1.000000e-08 1.000000e-08 
1.000000e-08 1.000000e-08 1.000000e-08 1.000000e-08 1.000000e-08 1.000000e-08 1.000000e-08 1.000000e-08 1.000000e-08 1.000000e-08 1.000000e-08 1.000000e-08 1.000000e-08 1.000000e-08 1.000000e-08 1.000000e-08 1.000000e-08 1.000000e-08 1.000000e-08 1.000000e-08 1.000000e-08 3.123122e-02 1.000000e-08 1.000000e-08 1.000000e-08 1.000000e-08 1.000000e-08 3.123132e-02 1.000000e-08 1.000000e-08 
2.108660e+05 2.274460e+05 1.256550e+05 1.588970e+05 1.397140e+05 1.909330e+05 1.962200e+05 2.142180e+05 2.082260e+05 1.432510e+05 1.999460e+05 1.250390e+05 1.428210e+05 1.814100e+05 1.686720e+05 2.083860e+05 2.059060e+05 1.251270e+05 1.743550e+05 1.844550e+05 1.672440e+05 1.000000e+06 2.031860e+05 2.233030e+05 1.962200e+05 1.282070e+05 1.302310e+05 1.000000e+06 2.378530e+05 1.391050e+05 
