1.924668e+03 1.158513e+03 1.591975e+03 4.866429e+02 1.709347e+03 1.047023e+03 1.427207e+03 2.306277e+03 1.415202e+03 2.087377e+03 2.541538e+03 2.472522e+03 1.811181e+03 1.916439e+03 2.166567e+03 2.133237e+03 1.505718e+03 6.897174e+02 2.553296e+03 1.145807e+03 2.671397e+03 1.414174e+03 1.271258e+03 1.719571e+03 5.896116e+02 1.445300e+03 1.591752e+03 1.965014e+03 1.505895e+03 1.337668e+03 
1.663091e+03 1.151380e+03 1.575967e+03 4.866429e+02 1.709347e+03 1.047023e+03 1.170658e+03 1.368350e+03 1.070725e+03 1.079523e+03 2.541538e+03 1.017323e+03 1.546752e+03 1.576520e+03 2.039214e+03 1.912088e+03 1.505718e+03 6.897174e+02 1.681474e+03 7.961512e+02 1.470963e+03 1.141698e+03 1.191749e+03 1.191163e+03 4.389502e+02 1.048905e+03 1.228765e+03 1.965014e+03 1.409461e+03 9.995731e+02 
1.645399e+03 8.221706e+02 1.575967e+03 3.840997e+02 1.709347e+03 1.047023e+03 1.170658e+03 1.175469e+03 8.844608e+02 1.075639e+03 2.416914e+03 1.007225e+03 1.546752e+03 1.576520e+03 1.744979e+03 1.517380e+03 1.128457e+03 6.897174e+02 1.681474e+03 6.840203e+02 1.435879e+03 1.057106e+03 1.191749e+03 1.175575e+03 4.389502e+02 1.048905e+03 9.517586e+02 1.366807e+03 1.378207e+03 7.001241e+02 
1.035943e+03 6.117926e+02 1.423922e+03 3.840997e+02 1.425207e+03 1.047023e+03 1.170658e+03 1.064464e+03 5.729139e+02 4.879947e+02 1.829192e+03 9.057189e+02 1.085736e+03 6.191647e+02 1.511922e+03 9.881290e+02 1.037116e+03 6.897174e+02 1.681474e+03 6.273760e+02 6.148000e+02 8.566966e+02 1.191749e+03 1.175575e+03 4.223036e+02 7.041017e+02 8.847400e+02 1.366807e+03 1.378207e+03 6.710453e+02 
1.035943e+03 3.747922e+02 8.534839e+02 3.051116e+02 7.521470e+02 3.675542e+02 2.640355e+02 6.487461e+02 5.353836e+02 4.879947e+02 1.341740e+03 3.139226e+02 9.230495e+02 5.087017e+02 3.489703e+02 9.591151e+02 5.945330e+02 6.214765e+02 1.142715e+03 5.439868e+02 4.624737e+02 8.431902e+02 7.408668e+02 6.575236e+02 4.223036e+02 4.476140e+02 6.314621e+02 4.873444e+02 5.763374e+02 5.205705e+02 
2.071442e+02 3.062418e+02 3.624394e+02 2.402694e+02 3.791950e+02 3.607414e+02 2.549216e+02 3.271432e+02 2.917145e+02 2.413340e+02 4.371846e+02 3.111426e+02 4.128346e+02 2.519631e+02 3.489703e+02 5.256716e+02 3.257131e+02 3.610747e+02 4.061476e+02 2.859345e+02 3.154305e+02 3.599117e+02 2.971437e+02 2.957208e+02 3.954010e+02 3.670776e+02 3.414394e+02 3.551879e+02 4.645492e+02 4.164234e+02 
2.027022e+02 2.447157e+02 2.230235e+02 2.079661e+02 2.388156e+02 2.616916e+02 2.152566e+02 1.953211e+02 2.180387e+02 2.228233e+02 2.724392e+02 2.405473e+02 2.658162e+02 2.146939e+02 2.505881e+02 2.308715e+02 2.185894e+02 2.500641e+02 2.668460e+02 2.733139e+02 2.267556e+02 2.411023e+02 2.143352e+02 2.037146e+02 2.382171e+02 2.089472e+02 2.338397e+02 2.148192e+02 1.991975e+02 2.500195e+02 
1.624813e+02 1.818593e+02 1.772509e+02 1.774060e+02 2.002960e+02 1.811606e+02 1.704947e+02 1.589977e+02 1.669872e+02 1.692748e+02 1.968677e+02 1.820836e+02 1.702347e+02 1.924870e+02 1.855867e+02 1.651232e+02 1.616687e+02 1.823707e+02 1.758117e+02 1.954918e+02 1.856139e+02 1.867628e+02 1.728826e+02 1.890750e+02 1.889915e+02 1.728883e+02 1.858817e+02 1.740638e+02 1.647475e+02 1.913244e+02 
1.562120e+02 1.644096e+02 1.620935e+02 1.673880e+02 1.767335e+02 1.578253e+02 1.617735e+02 1.538997e+02 1.595036e+02 1.539783e+02 1.636737e+02 1.585874e+02 1.587923e+02 1.614192e+02 1.667096e+02 1.603500e+02 1.616687e+02 1.613050e+02 1.551803e+02 1.654042e+02 1.466214e+02 1.679684e+02 1.633869e+02 1.617491e+02 1.594767e+02 1.581118e+02 1.646137e+02 1.564126e+02 1.580517e+02 1.727449e+02 
1.349518e+02 1.515310e+02 1.480684e+02 1.551300e+02 1.572034e+02 1.520864e+02 1.552554e+02 1.536470e+02 1.538580e+02 1.491735e+02 1.569300e+02 1.130281e+02 1.548320e+02 1.552328e+02 1.425541e+02 1.469327e+02 1.518659e+02 1.473069e+02 1.481178e+02 1.524243e+02 1.380508e+02 1.594176e+02 1.420713e+02 1.343788e+02 1.550245e+02 1.530861e+02 1.532851e+02 1.538364e+02 1.518020e+02 1.541774e+02 
9.310690e+01 1.103649e+02 1.361916e+02 1.468248e+02 1.515411e+02 1.482614e+02 1.504126e+02 1.515649e+02 1.098759e+02 1.249363e+02 1.498571e+02 7.304890e+01 1.368288e+02 1.338953e+02 1.258692e+02 1.240234e+02 1.332103e+02 1.321253e+02 1.414789e+02 1.374028e+02 1.328185e+02 1.488865e+02 1.279425e+02 9.616999e+01 1.469878e+02 1.465134e+02 1.487617e+02 1.325064e+02 1.380619e+02 1.409986e+02 
3.270725e+01 7.125581e+01 1.166495e+02 1.401438e+02 1.386585e+02 1.202328e+02 1.338279e+02 1.238791e+02 7.295318e+01 6.965680e+01 1.455774e+02 4.033635e+01 9.385463e+01 8.964589e+01 3.397541e+01 7.612866e+01 8.027801e+01 4.630389e+01 1.029182e+02 9.981826e+01 8.086709e+01 1.396437e+02 5.677234e+01 4.141705e+01 1.185734e+02 1.227203e+02 1.173108e+02 7.653043e+01 8.197702e+01 1.349000e+02 
1.580924e+01 1.183499e+01 1.833787e+01 5.598561e+01 8.089783e+01 1.475169e+01 3.471542e+01 9.777806e+01 1.680339e+01 7.184996e+00 1.388154e+02 5.178642e+00 5.518024e+00 3.545122e+01 9.961659e+00 1.323156e+01 1.330489e+01 1.364069e+01 1.683790e+01 7.132508e+00 6.594012e+00 9.118953e+01 1.076274e+01 9.628358e+00 1.585773e+01 1.672190e+01 1.393248e+01 1.737378e+01 1.021947e+01 8.211042e+01 
2.253031e-01 1.523293e-01 1.328201e+00 7.264367e-01 9.018543e-01 2.161218e-01 1.243037e+00 1.562564e+00 7.639918e-01 1.126719e-01 3.851205e+01 1.781051e-01 3.221973e-01 7.554242e-01 3.251534e-01 3.124196e-01 6.520701e-01 5.798402e-01 4.893660e-01 2.669445e-01 1.562190e-01 2.661877e+00 4.490827e-01 3.712958e-01 4.065132e-01 1.550936e-01 3.750576e-01 5.565558e-01 5.677424e-01 7.839443e-01 
1.000000e-08 1.000000e-08 1.000000e-08 1.000000e-08 1.000000e-08 1.000000e-08 1.000000e-08 1.000000e-08 1.000000e-08 1.000000e-08 1.000000e-08 1.000000e-08 1.000000e-08 1.000000e-08 1.000000e-08 1.000000e-08 1.000000e-08 1.000000e-08 1.000000e-08 1.000000e-08 1.000000e-08 1.000000e-08 1.000000e-08 1.000000e-08 1.000000e-08 1.000000e-08 1.000000e-08 1.000000e-08 1.000000e-08 1.000000e-08 
1.000000e-08 1.000000e-08 1.000000e-08 1.000000e-08 1.000000e-08 1.000000e-08 1.000000e-08 1.000000e-08 1.000000e-08 1.000000e-08 1.000000e-08 1.000000e-08 1.000000e-08 1.000000e-08 1.000000e-08 1.000000e-08 1.000000e-08 1.000000e-08 1.000000e-08 1.000000e-08 1.000000e-08 1.000000e-08 1.000000e-08 1.000000e-08 1.000000e-08 1.000000e-08 1.000000e-08 1.000000e-08 1.000000e-08 1.000000e-08 
1.139440e+05 1.114680e+05 1.181950e+05 1.178940e+05 1.197430e+05 1.132160e+05 1.190980e+05 1.190550e+05 1.166660e+05 1.132620e+05 1.201650e+05 1.134920e+05 1.150690e+05 1.184100e+05 1.147090e+05 1.148440e+05 1.142140e+05 1.160060e+05 1.147090e+05 1.143040e+05 1.123420e+05 1.193990e+05 1.161820e+05 1.162700e+05 1.157420e+05 1.156090e+05 1.171500e+05 1.157860e+05 1.153840e+05 1.193130e+05 
