2.697141e+02 2.880663e+02 2.962206e+02 2.847690e+02 3.032843e+02 3.139211e+02 2.544338e+02 2.752392e+02 2.805350e+02 2.974295e+02 2.932460e+02 2.959184e+02 3.116832e+02 2.901136e+02 2.840124e+02 3.226403e+02 2.853699e+02 2.661272e+02 3.199979e+02 3.072077e+02 2.591041e+02 2.946955e+02 2.837086e+02 2.876955e+02 2.952568e+02 3.074058e+02 3.157938e+02 2.282993e+02 3.217154e+02 3.155822e+02 
2.697141e+02 2.880663e+02 2.396665e+02 2.847690e+02 2.930839e+02 3.139211e+02 2.544338e+02 2.752392e+02 2.805350e+02 2.973187e+02 2.932460e+02 2.722422e+02 3.079503e+02 2.685205e+02 2.840124e+02 3.226403e+02 2.853699e+02 2.661272e+02 2.422485e+02 3.072077e+02 2.591041e+02 2.946955e+02 2.837086e+02 2.821093e+02 2.705480e+02 3.050178e+02 3.157938e+02 2.282993e+02 2.848190e+02 3.155822e+02 
2.410579e+02 2.845110e+02 2.396665e+02 2.837192e+02 2.565142e+02 2.936286e+02 2.544338e+02 2.707165e+02 2.664157e+02 2.973187e+02 2.789171e+02 2.645365e+02 2.845889e+02 2.685205e+02 2.513377e+02 2.981219e+02 2.644372e+02 2.661272e+02 2.291491e+02 2.654886e+02 2.295207e+02 2.784118e+02 2.179867e+02 2.819104e+02 2.705480e+02 2.766616e+02 2.911827e+02 2.282993e+02 2.848190e+02 3.054620e+02 
2.395482e+02 2.776551e+02 2.396665e+02 2.585374e+02 2.565142e+02 2.632568e+02 2.544338e+02 2.524623e+02 2.664157e+02 2.743485e+02 2.605274e+02 2.645365e+02 2.845889e+02 2.669235e+02 2.513377e+02 2.713612e+02 2.644372e+02 2.632326e+02 2.242723e+02 2.654886e+02 2.295207e+02 2.784118e+02 2.048588e+02 2.757592e+02 2.705480e+02 2.709714e+02 2.900602e+02 2.231845e+02 2.818873e+02 2.696979e+02 
2.395482e+02 2.318295e+02 2.253992e+02 2.242566e+02 2.565142e+02 2.632568e+02 2.539383e+02 2.524623e+02 2.519215e+02 2.743485e+02 2.537440e+02 2.587131e+02 2.695847e+02 2.662090e+02 2.264283e+02 2.488528e+02 2.517484e+02 2.505058e+02 2.242723e+02 2.495475e+02 2.295207e+02 2.505306e+02 2.048588e+02 2.409239e+02 2.581199e+02 2.554472e+02 2.826694e+02 2.231845e+02 2.810012e+02 2.481615e+02 
2.047624e+02 2.318295e+02 2.125661e+02 2.188713e+02 2.369568e+02 2.364431e+02 2.539383e+02 2.315196e+02 2.465433e+02 2.253741e+02 2.242720e+02 2.265544e+02 2.435841e+02 2.241550e+02 2.264283e+02 2.488528e+02 2.517484e+02 2.312579e+02 2.058679e+02 2.291952e+02 2.295207e+02 2.273521e+02 2.048588e+02 2.234880e+02 2.353687e+02 1.925892e+02 2.482280e+02 2.061916e+02 2.678226e+02 2.258759e+02 
2.017791e+02 2.264892e+02 2.118931e+02 2.186935e+02 2.112993e+02 2.022300e+02 2.130878e+02 2.315196e+02 1.896213e+02 1.871637e+02 2.242720e+02 1.993714e+02 2.322383e+02 1.897046e+02 2.107977e+02 2.069990e+02 2.025820e+02 2.111090e+02 2.058679e+02 2.064028e+02 2.044999e+02 1.963123e+02 1.926987e+02 2.020702e+02 1.894666e+02 1.872757e+02 1.860963e+02 2.048652e+02 2.467586e+02 2.026636e+02 
1.327113e+02 1.872966e+02 1.930648e+02 1.909705e+02 2.010772e+02 1.797384e+02 2.078966e+02 2.164985e+02 1.682172e+02 1.794743e+02 1.793150e+02 1.748006e+02 1.750886e+02 1.670288e+02 1.621001e+02 1.663118e+02 1.871200e+02 2.001050e+02 2.049597e+02 1.838626e+02 1.762373e+02 1.952439e+02 1.824038e+02 1.767099e+02 1.775620e+02 1.484870e+02 1.721707e+02 1.960087e+02 2.052911e+02 1.889725e+02 
1.300470e+02 1.675385e+02 1.618721e+02 1.593325e+02 1.571420e+02 1.508276e+02 1.706268e+02 1.758587e+02 1.189297e+02 1.613947e+02 1.485412e+02 1.552623e+02 1.750886e+02 1.524892e+02 1.426288e+02 1.550291e+02 1.610289e+02 1.799942e+02 1.454854e+02 1.629092e+02 1.389441e+02 1.753959e+02 1.634703e+02 1.461127e+02 1.553742e+02 1.344650e+02 1.442642e+02 1.406809e+02 1.880222e+02 1.712389e+02 
1.127259e+02 1.295482e+02 1.419639e+02 1.307106e+02 1.471278e+02 1.408013e+02 1.293807e+02 1.370534e+02 1.070638e+02 1.352759e+02 1.250292e+02 1.176107e+02 1.483467e+02 1.172650e+02 1.009580e+02 1.155745e+02 1.258837e+02 1.173593e+02 1.234649e+02 1.452958e+02 1.013931e+02 1.367569e+02 1.356908e+02 1.273337e+02 1.307345e+02 1.192111e+02 1.389457e+02 1.104246e+02 1.402772e+02 1.257341e+02 
8.856492e+01 1.020303e+02 9.725005e+01 9.042488e+01 1.096696e+02 9.887074e+01 1.112546e+02 1.012645e+02 6.575383e+01 1.050406e+02 9.661357e+01 1.015512e+02 1.044662e+02 8.839865e+01 8.606151e+01 7.658011e+01 9.068470e+01 7.758135e+01 1.141015e+02 1.129019e+02 8.745995e+01 1.045990e+02 1.101706e+02 8.206172e+01 1.029609e+02 8.160464e+01 8.171310e+01 8.852015e+01 1.073085e+02 9.624472e+01 
8.233288e+01 7.617063e+01 7.896611e+01 7.447198e+01 7.269634e+01 7.007658e+01 9.223932e+01 9.284498e+01 4.985561e+01 8.242284e+01 8.411385e+01 8.579716e+01 8.140781e+01 6.806796e+01 7.014902e+01 5.728809e+01 6.770577e+01 5.835877e+01 8.497343e+01 8.928745e+01 5.673877e+01 7.048626e+01 6.499405e+01 6.133730e+01 7.202329e+01 5.927820e+01 6.750978e+01 6.334143e+01 8.098456e+01 6.913513e+01 
6.908142e+01 7.333995e+01 7.419950e+01 6.644895e+01 6.900324e+01 6.601839e+01 7.848991e+01 8.483083e+01 4.667596e+01 7.115592e+01 8.057515e+01 8.233390e+01 7.498341e+01 6.695558e+01 5.874724e+01 4.603550e+01 5.515345e+01 5.219326e+01 7.031335e+01 8.284309e+01 4.923216e+01 6.408109e+01 5.912978e+01 5.701759e+01 6.817063e+01 5.422107e+01 6.416524e+01 5.489932e+01 7.625267e+01 5.503274e+01 
6.868475e+01 7.322481e+01 7.366360e+01 6.575422e+01 6.868299e+01 6.570474e+01 7.765780e+01 8.461265e+01 4.579856e+01 7.066048e+01 7.871779e+01 8.162082e+01 7.466866e+01 6.669685e+01 5.777261e+01 4.580030e+01 5.474202e+01 5.175955e+01 6.971474e+01 8.262473e+01 4.465144e+01 6.368713e+01 5.877167e+01 5.672845e+01 6.769675e+01 5.374521e+01 6.368567e+01 5.474923e+01 7.565954e+01 5.475331e+01 
4.161770e+01 2.239575e+01 2.977813e+01 3.116182e+01 2.554055e+01 3.574686e+01 4.083138e+01 3.261179e+01 3.923708e+01 3.823221e+01 2.945109e+01 2.481654e+01 1.641125e+01 2.715801e+01 3.091161e+01 4.527963e+01 2.609296e+01 4.931511e+01 3.824646e+01 3.925161e+01 2.288564e+01 4.179013e+01 4.729664e+01 3.738539e+01 2.862916e+01 4.162513e+01 2.399687e+01 3.626841e+01 2.574639e+01 3.561338e+01 
1.193950e+01 8.954632e+00 1.392942e+01 5.969754e+00 1.492438e+01 1.392942e+01 1.450582e+01 1.094454e+01 1.591933e+01 1.392942e+01 8.954632e+00 8.954632e+00 1.392943e+01 6.964713e+00 1.492438e+01 1.691429e+01 2.089413e+01 1.989917e+01 1.492438e+01 7.959672e+00 1.591933e+01 1.591933e+01 1.691429e+01 1.492438e+01 1.492438e+01 1.790925e+01 1.790925e+01 1.094454e+01 1.392942e+01 1.691429e+01 
1.000000e+06 1.000000e+06 1.000000e+06 1.000000e+06 1.000000e+06 1.000000e+06 1.000000e+06 1.000000e+06 1.000000e+06 1.000000e+06 1.000000e+06 1.000000e+06 1.000000e+06 1.000000e+06 1.000000e+06 1.000000e+06 1.000000e+06 1.000000e+06 1.000000e+06 1.000000e+06 1.000000e+06 1.000000e+06 1.000000e+06 1.000000e+06 1.000000e+06 1.000000e+06 1.000000e+06 1.000000e+06 1.000000e+06 1.000000e+06 
