1.995431e+02 1.403620e+02 1.665938e+02 2.015545e+02 1.483417e+02 2.282974e+02 1.345766e+02 1.788332e+02 1.645669e+02 1.811712e+02 2.397941e+02 1.808732e+02 1.022272e+02 2.253742e+02 1.904670e+02 1.306526e+02 1.547678e+02 2.050050e+02 2.282815e+02 2.516674e+02 2.392971e+02 1.410462e+02 2.149743e+02 1.983709e+02 2.443848e+02 2.025328e+02 2.248084e+02 1.690676e+02 2.026668e+02 2.114839e+02 
1.995431e+02 1.403620e+02 1.332708e+02 1.894457e+02 1.399450e+02 2.282974e+02 1.345766e+02 1.785549e+02 1.233734e+02 1.811712e+02 2.229919e+02 1.808732e+02 8.745353e+01 2.046800e+02 1.536273e+02 1.306526e+02 1.547678e+02 2.050050e+02 1.537007e+02 2.516674e+02 1.978783e+02 1.209329e+02 2.149743e+02 1.802967e+02 1.841177e+02 1.878083e+02 1.867846e+02 1.690676e+02 2.026668e+02 2.114839e+02 
1.215454e+02 1.247648e+02 1.050355e+02 1.768449e+02 1.399450e+02 1.986939e+02 1.345766e+02 1.785549e+02 1.149810e+02 1.811712e+02 2.229919e+02 1.808732e+02 8.745353e+01 1.283726e+02 1.536273e+02 7.978272e+01 1.278668e+02 1.582969e+02 1.046132e+02 2.455280e+02 1.462718e+02 1.209329e+02 1.866390e+02 1.325963e+02 1.559306e+02 1.800934e+02 1.867846e+02 1.590963e+02 1.549072e+02 1.507648e+02 
1.068982e+02 1.247648e+02 1.050355e+02 1.265559e+02 1.238154e+02 1.312730e+02 1.326996e+02 1.348353e+02 1.121467e+02 1.773505e+02 1.664617e+02 1.797995e+02 8.745353e+01 1.283726e+02 1.407446e+02 7.978272e+01 1.278668e+02 1.008202e+02 1.046132e+02 1.228744e+02 1.284397e+02 1.034146e+02 1.469803e+02 1.325963e+02 1.390579e+02 1.623298e+02 1.673660e+02 1.590963e+02 1.258024e+02 8.572792e+01 
1.068982e+02 9.254254e+01 8.903739e+01 1.265559e+02 1.111544e+02 8.266680e+01 1.301587e+02 1.348353e+02 1.008241e+02 1.358422e+02 1.108455e+02 1.037964e+02 8.745353e+01 1.211384e+02 1.336500e+02 7.325432e+01 1.110327e+02 9.579798e+01 9.833517e+01 1.228744e+02 1.240656e+02 1.034146e+02 8.569581e+01 1.208659e+02 1.341573e+02 1.225111e+02 9.437323e+01 1.352737e+02 9.789906e+01 6.441300e+01 
7.378676e+01 6.937525e+01 7.230546e+01 8.723804e+01 8.453842e+01 7.982641e+01 1.062752e+02 1.144487e+02 6.428555e+01 1.125139e+02 1.093844e+02 1.036006e+02 8.596575e+01 9.507165e+01 1.049165e+02 7.325432e+01 9.640962e+01 8.035347e+01 7.891529e+01 7.380635e+01 9.796206e+01 9.924022e+01 7.774121e+01 6.918154e+01 1.220517e+02 7.642607e+01 9.437323e+01 1.075620e+02 7.391601e+01 6.106909e+01 
7.261566e+01 6.709548e+01 6.942030e+01 6.724448e+01 7.259275e+01 6.498862e+01 6.914059e+01 7.922360e+01 4.599747e+01 7.853114e+01 7.993873e+01 7.166709e+01 7.284936e+01 7.466947e+01 7.791555e+01 4.696764e+01 6.716224e+01 6.590837e+01 5.729285e+01 7.272145e+01 7.388909e+01 6.416121e+01 4.958998e+01 6.143761e+01 7.531255e+01 7.070952e+01 7.064017e+01 7.697366e+01 7.286683e+01 5.184668e+01 
4.804444e+01 3.467567e+01 3.488110e+01 5.328534e+01 4.908778e+01 3.135486e+01 5.513712e+01 6.063999e+01 4.559908e+01 5.316862e+01 5.788447e+01 4.239545e+01 5.021131e+01 4.568643e+01 5.084600e+01 4.146565e+01 4.699181e+01 5.431659e+01 4.954555e+01 3.942067e+01 5.634670e+01 4.459633e+01 4.958998e+01 4.746427e+01 6.200468e+01 6.116735e+01 5.164299e+01 3.741241e+01 4.971772e+01 3.874061e+01 
3.298456e+01 3.467567e+01 2.694544e+01 3.714452e+01 3.792325e+01 3.135486e+01 3.421703e+01 4.184713e+01 3.793658e+01 5.119441e+01 3.299768e+01 3.381392e+01 4.153485e+01 4.070310e+01 3.025886e+01 3.974992e+01 3.579090e+01 3.036838e+01 3.811248e+01 2.904006e+01 3.463955e+01 3.130415e+01 3.778628e+01 3.505306e+01 4.507703e+01 3.643272e+01 3.392124e+01 3.495742e+01 2.988835e+01 3.874061e+01 
2.538671e+01 2.716661e+01 2.530968e+01 2.883278e+01 2.811545e+01 2.710244e+01 2.882992e+01 2.581905e+01 2.530017e+01 3.092435e+01 2.581222e+01 2.803255e+01 2.699742e+01 2.686572e+01 2.589861e+01 2.810761e+01 2.727639e+01 2.954325e+01 2.382493e+01 2.614046e+01 3.215793e+01 2.446399e+01 3.491620e+01 2.739702e+01 2.951833e+01 2.509435e+01 2.784956e+01 2.085252e+01 2.770652e+01 2.784690e+01 
1.564004e+01 1.480972e+01 1.388663e+01 9.282070e+00 1.699955e+01 1.648908e+01 1.375815e+01 1.538362e+01 1.808034e+01 2.115560e+01 1.212514e+01 1.648843e+01 1.973352e+01 8.328534e+00 1.457018e+01 1.889771e+01 1.580084e+01 2.288062e+01 1.367256e+01 2.092661e+01 2.113120e+01 1.428265e+01 2.272657e+01 1.922018e+01 2.113937e+01 1.521249e+01 1.846621e+01 1.672141e+01 1.540286e+01 1.909457e+01 
5.688773e+00 6.158069e+00 7.562990e+00 5.919005e+00 3.692685e+00 7.500508e+00 1.001039e+01 9.817991e+00 5.531790e+00 1.323704e+01 5.330205e+00 4.804808e+00 7.311308e+00 7.270476e+00 8.360800e+00 3.104082e+00 6.326957e+00 7.443634e+00 8.071275e+00 5.763050e+00 9.288151e+00 8.186339e+00 1.149227e+01 1.003682e+01 6.803999e+00 7.630955e+00 9.054551e+00 5.017180e+00 1.144112e+01 7.575620e+00 
5.299692e+00 4.589606e+00 4.531171e+00 4.930559e+00 3.208359e+00 5.512457e+00 4.856941e+00 1.576363e+00 2.575745e+00 5.065882e+00 3.987383e+00 4.594705e+00 4.235214e+00 5.444800e+00 4.719885e+00 2.807498e+00 5.283720e+00 5.388118e+00 5.179223e+00 3.663493e+00 6.742698e+00 4.748643e+00 4.392660e+00 3.585003e+00 5.379346e+00 4.831553e+00 7.712694e+00 4.686536e+00 5.067100e+00 5.144878e+00 
2.384098e+00 9.285630e-01 7.660112e-01 8.912381e-01 3.162275e+00 7.756259e-01 6.801056e-01 1.342895e+00 5.049932e-01 2.499049e+00 1.404266e+00 2.905150e+00 1.930150e+00 3.049274e+00 2.459627e+00 3.629860e-01 3.921467e+00 3.414433e+00 3.714702e+00 2.471549e+00 2.326924e+00 2.822921e+00 1.522650e+00 6.779562e-01 1.464402e+00 2.222354e+00 1.821762e+00 2.217882e+00 2.646992e+00 2.208582e+00 
2.047435e-03 1.218582e-05 2.297530e-03 1.115856e-06 1.238669e-02 1.624744e-03 1.579649e-03 9.016439e-05 3.153715e-03 2.335846e-02 2.872040e-03 5.095616e-03 1.462287e-03 2.108216e-04 1.012936e-03 1.733775e-02 3.720885e-03 1.045886e-02 5.101003e-03 2.631813e-03 1.659437e-06 5.203152e-03 1.769610e-03 1.308056e-03 7.156473e-03 1.341573e-03 3.080832e-03 4.131283e-03 6.137400e-03 1.068870e-03 
1.000000e-08 1.000000e-08 1.000000e-08 1.000000e-08 1.000000e-08 1.000000e-08 1.000000e-08 1.000000e-08 1.000000e-08 1.000000e-08 1.000000e-08 1.000000e-08 1.000000e-08 1.000000e-08 1.000000e-08 1.000000e-08 1.000000e-08 1.000000e-08 1.000000e-08 1.000000e-08 1.000000e-08 1.000000e-08 1.000000e-08 1.000000e-08 1.000000e-08 1.000000e-08 1.000000e-08 1.000000e-08 1.000000e-08 1.000000e-08 
1.393820e+05 1.327600e+05 1.591630e+05 1.301810e+05 1.593790e+05 1.427440e+05 1.566900e+05 1.369560e+05 1.511070e+05 1.642420e+05 1.557410e+05 1.499680e+05 1.464700e+05 1.381450e+05 1.528660e+05 1.428480e+05 1.559410e+05 1.566620e+05 1.505490e+05 1.655140e+05 1.308850e+05 1.404070e+05 1.589670e+05 1.561690e+05 1.496900e+05 1.417280e+05 1.416240e+05 1.468940e+05 1.521050e+05 1.393460e+05 
