8.336883e+03 1.041885e+04 1.000412e+04 9.710784e+03 7.702799e+03 8.456003e+03 1.237803e+04 1.081758e+04 9.394095e+03 7.609641e+03 8.647547e+03 8.995164e+03 5.407797e+03 1.037986e+04 8.515723e+03 7.551844e+03 1.146859e+04 1.199548e+04 1.122228e+04 1.408271e+04 1.178970e+04 9.662254e+03 9.861642e+03 8.707774e+03 1.092699e+04 9.540174e+03 9.104872e+03 8.271745e+03 9.623553e+03 8.476808e+03 
8.336883e+03 1.017829e+04 1.000412e+04 7.570925e+03 4.820553e+03 8.046085e+03 1.227197e+04 1.081758e+04 8.739902e+03 7.609641e+03 8.450762e+03 8.995164e+03 5.407797e+03 1.003403e+04 8.406850e+03 7.551844e+03 1.052607e+04 1.183376e+04 1.122228e+04 1.407300e+04 1.178970e+04 9.662254e+03 9.861642e+03 8.389343e+03 1.092699e+04 9.540174e+03 8.907207e+03 7.624811e+03 9.546734e+03 7.302854e+03 
7.982262e+03 6.483878e+03 7.877270e+03 6.407064e+03 4.820553e+03 8.046085e+03 1.107248e+04 1.040692e+04 8.739902e+03 7.609641e+03 8.039820e+03 7.795245e+03 5.407797e+03 1.002223e+04 8.406850e+03 7.502995e+03 6.823952e+03 1.028773e+04 1.122228e+04 1.327222e+04 1.135105e+04 9.461085e+03 8.535300e+03 8.245958e+03 1.036765e+04 9.461853e+03 8.907207e+03 7.624811e+03 7.786172e+03 6.710154e+03 
5.259981e+03 6.112454e+03 6.842454e+03 6.328877e+03 4.729882e+03 7.625410e+03 7.883113e+03 8.775710e+03 6.793125e+03 5.209290e+03 7.166402e+03 7.768210e+03 5.298769e+03 1.002223e+04 8.406850e+03 7.331078e+03 6.823952e+03 9.885413e+03 8.160168e+03 8.314762e+03 1.015535e+04 7.452510e+03 7.751796e+03 6.979532e+03 9.323597e+03 9.100807e+03 8.907207e+03 7.624811e+03 7.154576e+03 6.102930e+03 
5.100409e+03 5.670489e+03 5.973702e+03 6.328877e+03 4.043680e+03 6.322224e+03 7.107779e+03 5.069677e+03 4.918990e+03 5.091792e+03 6.331558e+03 5.304696e+03 5.215178e+03 7.723793e+03 6.596086e+03 6.472216e+03 4.636340e+03 6.553237e+03 7.741071e+03 8.041474e+03 7.808097e+03 6.074163e+03 5.703150e+03 6.520596e+03 8.060718e+03 7.455048e+03 7.260896e+03 3.977529e+03 5.306820e+03 4.687292e+03 
4.041125e+03 4.244832e+03 5.110742e+03 4.326745e+03 2.772070e+03 4.820391e+03 5.794357e+03 4.360239e+03 3.889968e+03 3.749678e+03 5.339084e+03 3.624474e+03 4.812560e+03 5.218696e+03 4.842213e+03 3.958103e+03 1.982624e+03 5.257813e+03 4.909448e+03 5.180035e+03 6.044116e+03 3.561173e+03 4.399333e+03 3.653559e+03 4.645926e+03 5.233497e+03 5.485430e+03 2.518369e+03 5.235512e+03 4.512243e+03 
3.168188e+03 3.040964e+03 3.146293e+03 2.793943e+03 2.433044e+03 2.778301e+03 3.126227e+03 1.897297e+03 3.144117e+03 1.878580e+03 3.754705e+03 2.633435e+03 3.230465e+03 3.588935e+03 2.448492e+03 3.213953e+03 1.748511e+03 3.054253e+03 2.395956e+03 2.174284e+03 3.086269e+03 2.302061e+03 2.654057e+03 2.475785e+03 2.431418e+03 2.335650e+03 3.131450e+03 2.357713e+03 2.575682e+03 2.684238e+03 
2.189606e+03 1.967149e+03 2.028228e+03 1.479021e+03 1.241781e+03 2.137905e+03 1.531074e+03 1.162842e+03 1.724015e+03 1.580847e+03 1.888751e+03 1.486076e+03 1.167680e+03 1.809368e+03 1.516212e+03 1.887634e+03 1.500530e+03 1.876550e+03 1.250996e+03 1.859370e+03 1.964558e+03 1.715722e+03 1.794986e+03 1.748118e+03 1.591395e+03 1.363317e+03 2.004141e+03 1.398627e+03 1.948701e+03 2.126988e+03 
1.277174e+03 1.174149e+03 1.300342e+03 9.817200e+02 9.016154e+02 1.015108e+03 1.008395e+03 8.967489e+02 1.080977e+03 1.184255e+03 1.119422e+03 1.022768e+03 8.486248e+02 1.070051e+03 1.129738e+03 1.003693e+03 1.223708e+03 1.122736e+03 9.480973e+02 1.092999e+03 1.009522e+03 1.033914e+03 1.063468e+03 1.087864e+03 1.141076e+03 1.063306e+03 1.285524e+03 1.060643e+03 1.215729e+03 1.162413e+03 
6.650828e+02 5.052739e+02 6.640046e+02 6.707300e+02 7.191175e+02 4.623785e+02 7.632336e+02 6.540968e+02 6.774530e+02 5.829301e+02 4.932294e+02 7.256560e+02 7.306113e+02 5.153039e+02 7.750033e+02 7.280775e+02 6.813323e+02 5.182862e+02 6.937745e+02 6.936483e+02 6.576686e+02 7.334994e+02 5.939508e+02 7.520883e+02 5.679060e+02 7.496854e+02 5.889416e+02 6.072173e+02 5.945576e+02 7.396357e+02 
3.317593e+02 3.214168e+02 3.299418e+02 5.354547e+02 5.500557e+02 3.073409e+02 5.694061e+02 5.005934e+02 5.996672e+02 3.129200e+02 3.115902e+02 4.161780e+02 5.805518e+02 3.097290e+02 3.554158e+02 5.542891e+02 2.208774e+02 3.092543e+02 2.647452e+02 4.745140e+02 3.648673e+02 3.460988e+02 3.230235e+02 4.984658e+02 3.194313e+02 3.529279e+02 3.110935e+02 3.176867e+02 3.186017e+02 3.598233e+02 
3.000974e+02 3.000396e+02 3.001068e+02 3.030383e+02 3.050273e+02 3.000244e+02 3.192050e+02 3.098712e+02 1.045193e+02 3.000131e+02 3.000285e+02 4.125348e+01 3.121156e+02 3.000073e+02 2.722433e+01 3.011070e+02 1.195138e+01 3.000060e+02 3.524495e+01 3.013078e+02 3.004643e+02 2.647471e+02 3.000721e+02 3.037148e+02 3.000368e+02 2.842166e+01 3.000129e+02 3.000321e+02 3.000268e+02 3.005528e+02 
3.000000e+02 3.000000e+02 3.149220e+01 1.194775e+02 2.288481e+02 3.000000e+02 6.141732e+01 3.000005e+02 6.287501e-01 3.000000e+02 3.000000e+02 1.411878e-01 2.467707e+02 3.000000e+02 8.888041e-01 1.837737e+02 3.071732e-01 3.000000e+02 1.146587e+00 3.573394e+01 2.651306e+02 2.414545e+01 5.595980e+01 3.000000e+02 3.000000e+02 2.792202e-01 3.000000e+02 3.000000e+02 3.000000e+02 3.000000e+02 
3.000000e+02 3.000000e+02 2.713623e+01 3.683700e+01 2.933419e+01 3.000000e+02 5.093103e-03 3.000000e+02 5.898100e-04 3.000000e+02 3.000000e+02 1.471356e-06 2.405704e+01 3.000000e+02 2.346000e-03 7.467324e+01 1.101944e-03 3.000000e+02 6.688625e-04 2.429639e+01 8.349341e+01 1.089675e+01 5.098690e+01 3.000000e+02 3.000000e+02 4.112270e-04 3.000000e+02 3.000000e+02 3.000000e+02 3.000000e+02 
3.000000e+02 3.000000e+02 1.000000e-08 1.000000e-08 1.000000e-08 3.000000e+02 1.000000e-08 3.000000e+02 1.000000e-08 3.000000e+02 3.000000e+02 1.000000e-08 1.000000e-08 3.000000e+02 1.000000e-08 1.000000e-08 1.000000e-08 3.000000e+02 1.000000e-08 1.000000e-08 1.000000e-08 1.000000e-08 1.000000e-08 3.000000e+02 3.000000e+02 1.000000e-08 3.000000e+02 3.000000e+02 3.000000e+02 3.000000e+02 
3.000000e+02 3.000000e+02 1.000000e-08 1.000000e-08 1.000000e-08 3.000000e+02 1.000000e-08 3.000000e+02 1.000000e-08 3.000000e+02 3.000000e+02 1.000000e-08 1.000000e-08 3.000000e+02 1.000000e-08 1.000000e-08 1.000000e-08 3.000000e+02 1.000000e-08 1.000000e-08 1.000000e-08 1.000000e-08 1.000000e-08 3.000000e+02 3.000000e+02 1.000000e-08 3.000000e+02 3.000000e+02 3.000000e+02 3.000000e+02 
1.000000e+06 1.000000e+06 5.300000e+05 5.378190e+05 5.325120e+05 1.000000e+06 4.654310e+05 1.000000e+06 4.310930e+05 1.000000e+06 1.000000e+06 3.535610e+05 5.332000e+05 1.000000e+06 4.529740e+05 5.332980e+05 4.720860e+05 1.000000e+06 4.232460e+05 5.319690e+05 5.314720e+05 5.311380e+05 5.281950e+05 1.000000e+06 1.000000e+06 4.583530e+05 1.000000e+06 1.000000e+06 1.000000e+06 1.000000e+06 
