5.084591e+08 3.242799e+08 1.031623e+09 3.747583e+08 1.564100e+09 1.086033e+09 1.140064e+08 2.273331e+08 5.237234e+08 7.618139e+08 1.274938e+09 1.312351e+09 7.893692e+08 1.061965e+09 1.193086e+09 1.579117e+09 4.560360e+08 1.096437e+09 4.773497e+08 8.171427e+08 1.244021e+09 3.477738e+08 1.209877e+09 6.750543e+08 5.846798e+08 9.057699e+08 1.521869e+08 1.259470e+08 5.229115e+07 5.127233e+08 
5.084591e+08 3.176886e+08 6.283053e+08 3.747583e+08 4.676875e+08 1.086033e+09 1.140064e+08 1.596708e+08 3.703385e+08 6.854018e+08 3.845514e+08 6.048273e+08 7.893691e+08 1.061965e+09 3.745568e+08 9.576265e+08 1.281654e+08 1.032419e+09 1.319101e+08 2.276247e+08 5.804616e+08 2.467788e+08 1.773307e+08 5.479552e+08 5.846798e+08 8.064979e+08 1.405008e+08 1.259469e+08 3.207591e+07 2.721916e+08 
5.084591e+08 2.899457e+08 6.283053e+08 3.747583e+08 1.335660e+08 3.489124e+08 1.140064e+08 1.596708e+08 6.366919e+07 2.969246e+08 2.872060e+08 6.043193e+08 2.439624e+08 1.195574e+08 3.249267e+08 9.576265e+08 1.281654e+08 8.043900e+08 4.940335e+07 2.276247e+08 1.869408e+08 2.467788e+08 1.773307e+08 1.086608e+08 1.394514e+08 1.848018e+08 1.405008e+08 1.237464e+08 3.207590e+07 2.721916e+08 
5.084590e+08 2.887524e+08 4.877355e+08 1.992404e+08 1.335659e+08 3.489124e+08 1.140064e+08 1.596708e+08 2.757174e+07 2.969246e+08 2.872060e+08 6.022217e+08 4.895532e+07 1.177963e+08 2.217839e+08 1.672180e+07 1.218430e+08 5.673937e+08 4.940335e+07 2.131387e+08 1.072434e+08 1.047640e+08 8.155075e+07 1.436554e+07 8.078643e+07 1.848018e+08 1.405008e+08 1.237464e+08 3.207590e+07 2.721915e+08 
1.299890e+08 8.107539e+07 1.150429e+08 1.920389e+08 5.207818e+07 5.299571e+07 6.703614e+07 1.400051e+08 2.757174e+07 8.717270e+07 7.718770e+06 2.574066e+08 3.159857e+07 1.177963e+08 1.772259e+08 1.155938e+07 7.372238e+07 1.006404e+08 4.940335e+07 8.423919e+07 1.061147e+08 4.505034e+07 8.155075e+07 1.271465e+07 8.078638e+07 2.460642e+07 9.446292e+07 2.654917e+07 3.207588e+07 8.690924e+07 
1.604580e+07 5.497531e+06 3.426362e+07 2.335308e+07 8.081499e+06 1.780193e+07 1.484129e+07 1.826384e+07 2.064063e+07 9.372354e+06 1.982771e+06 1.846161e+07 2.115700e+07 9.970606e+06 7.358445e+07 1.106159e+07 4.910681e+07 5.534458e+07 1.281045e+07 1.110745e+07 5.450115e+07 7.415789e+06 1.615055e+07 1.271460e+07 1.558651e+07 3.023183e+06 4.505084e+06 1.444962e+07 2.444342e+07 1.399456e+07 
2.675202e+06 5.497529e+06 6.104967e+06 1.402919e+07 3.307212e+06 1.717942e+06 2.183398e+06 1.815982e+07 9.692489e+06 8.983784e+06 1.982762e+06 8.328277e+06 9.098882e+05 6.817947e+06 1.630182e+06 3.373153e+06 3.651301e+06 1.730664e+07 9.340448e+06 7.547488e+06 9.385035e+06 2.257150e+06 1.018766e+07 9.708330e+06 9.923337e+06 1.919773e+06 4.375108e+06 4.896722e+06 5.655337e+06 1.121292e+06 
3.992197e+05 3.026522e+06 3.993375e+06 1.001745e+06 6.149481e+05 1.257937e+06 1.698524e+06 9.977068e+05 1.282903e+06 1.215258e+06 1.408779e+06 8.702625e+05 7.196289e+05 1.743150e+06 4.137250e+05 2.825414e+06 1.738669e+06 4.277152e+05 8.195772e+05 3.068629e+06 4.886447e+05 7.307571e+05 2.236855e+06 1.545837e+05 5.920712e+05 2.080741e+04 1.504687e+06 2.496349e+06 1.031361e+06 5.129203e+05 
1.271644e+05 8.133763e+05 6.697490e+05 3.191405e+05 9.873566e+04 6.043280e+04 1.924275e+05 2.635507e+05 1.292257e+05 7.885223e+04 1.288299e+04 2.805038e+05 7.020338e+05 3.806620e+05 2.346121e+05 3.778397e+05 1.663699e+05 1.406113e+05 9.772762e+04 3.778550e+05 3.292248e+05 9.412074e+04 8.258509e+05 1.545608e+05 1.672476e+05 2.078024e+04 7.666199e+04 7.222188e+05 2.986960e+05 5.129054e+05 
5.238652e+04 3.612599e+04 1.015247e+05 3.418063e+04 9.873566e+04 5.326361e+04 6.641579e+03 1.196822e+05 1.541142e+04 2.271570e+04 1.285898e+04 5.431059e+04 5.174457e+04 4.674385e+04 9.682651e+04 8.197390e+04 9.061164e+04 9.188177e+04 7.632132e+04 1.061333e+05 1.913897e+05 3.770943e+04 2.127467e+04 9.156629e+04 5.193006e+04 2.078024e+04 7.531717e+03 5.531083e+04 6.744743e+04 1.371704e+05 
2.726613e+03 1.991183e+03 3.722415e+04 2.349284e+04 1.142363e+04 3.377286e+03 6.639524e+03 1.215631e+04 2.159732e+03 1.019619e+04 1.217085e+04 7.074906e+03 4.582050e+03 4.780739e+03 1.417044e+04 3.781483e+03 3.074606e+03 7.984632e+03 8.706334e+03 4.943914e+03 8.657759e+02 7.619902e+03 3.722548e+03 9.384192e+02 1.422632e+04 6.049788e+03 6.901349e+03 4.526719e+04 1.153258e+04 1.481966e+04 
1.642043e+03 1.816298e+03 1.558108e+03 2.907862e+03 1.740768e+03 1.061828e+03 3.289426e+02 7.979965e+02 8.739690e+02 2.385242e+03 2.435685e+03 1.630012e+03 4.923452e+02 1.862758e+03 6.353310e+02 1.586422e+03 1.458837e+03 5.671076e+02 1.088514e+03 1.315399e+03 8.657479e+02 7.237275e+02 3.077815e+03 6.533299e+02 7.630109e+02 5.953240e+02 1.731965e+03 1.419279e+03 1.560973e+03 3.494264e+03 
2.502174e+02 3.104639e+02 1.191480e+02 2.322412e+02 1.296128e+02 3.394687e+02 4.665162e+01 1.692583e+02 3.594580e+01 6.968788e+01 1.138051e+02 1.573002e+02 1.242810e+02 1.055559e+02 2.318706e+02 2.687004e+02 2.914567e+02 2.694311e+02 1.148686e+02 1.472854e+02 4.215222e+02 1.211016e+02 6.939944e+02 1.211460e+02 1.659185e+02 1.684815e+02 2.669317e+02 3.673528e+02 4.454309e+02 1.653316e+02 
7.743471e+01 2.441134e+02 5.321384e+01 2.597367e+01 1.956032e+01 3.606652e+01 2.548796e+01 5.240526e+01 3.332898e+01 5.975633e+01 6.029399e+01 4.944989e+01 7.093811e+01 4.050408e+01 3.588663e+01 1.615636e+01 1.167870e+02 6.561879e+01 6.125418e+01 1.058357e+02 8.305014e+01 3.358922e+01 1.117643e+02 3.655550e+01 3.078691e+01 5.835362e+01 3.357523e+01 3.609426e+01 2.905985e+01 6.801638e+01 
6.086728e-01 5.828171e-01 1.071640e+00 1.656459e+00 4.633669e-01 1.290541e+00 5.271093e-01 2.101931e-01 1.915967e+00 1.112328e+00 1.123893e+00 1.592133e-01 8.227213e-01 1.201558e+00 1.031984e+00 2.588868e+00 7.718318e-01 5.092476e-01 1.775980e+00 1.495980e+00 5.725006e-01 7.129798e-01 1.670087e+00 6.771763e-01 1.053929e+00 6.363310e-01 5.179493e-01 7.081866e-01 1.086720e+00 7.309867e-01 
3.750650e-01 3.243223e-01 2.605993e-01 3.750896e-01 4.219197e-01 1.166744e-01 4.023567e-01 5.017122e-02 1.782047e-01 1.869580e-01 3.224707e-01 6.214858e-02 3.800686e-01 9.194622e-02 2.581075e-02 1.926936e-01 4.964037e-01 4.952078e-01 3.338063e-01 4.534209e-01 3.513174e-01 4.963409e-01 1.225020e+00 2.545814e-01 4.985545e-01 4.869963e-01 4.334724e-01 4.640824e-01 4.931678e-01 2.138186e-01 
2.000000e+05 2.000000e+05 2.000000e+05 2.000000e+05 2.000000e+05 2.000000e+05 2.000000e+05 2.000000e+05 2.000000e+05 2.000000e+05 2.000000e+05 2.000000e+05 2.000000e+05 2.000000e+05 2.000000e+05 2.000000e+05 2.000000e+05 2.000000e+05 2.000000e+05 2.000000e+05 2.000000e+05 2.000000e+05 2.000000e+05 2.000000e+05 2.000000e+05 2.000000e+05 2.000000e+05 2.000000e+05 2.000000e+05 2.000000e+05 
