5.849487e+04 1.729961e+04 3.103031e+04 9.754837e+04 2.455443e+04 3.086306e+04 2.340313e+04 4.925093e+04 3.496592e+04 3.491099e+04 4.682399e+04 1.055180e+05 2.247938e+04 3.915663e+04 3.623100e+04 2.253469e+04 3.294013e+04 3.194421e+04 2.461496e+05 3.487520e+04 3.048302e+04 7.055187e+04 4.147333e+04 3.156247e+04 4.308325e+04 5.025708e+04 6.238521e+04 2.285482e+04 3.972932e+04 3.520766e+04 
4.028289e+04 1.729961e+04 3.103031e+04 9.763045e+03 2.455443e+04 2.374458e+04 2.340313e+04 2.744252e+04 3.496592e+04 3.491099e+04 1.916455e+04 1.055180e+05 2.247938e+04 2.396197e+04 3.290741e+04 2.253469e+04 3.294013e+04 3.194421e+04 4.700303e+04 3.451202e+04 2.892314e+04 4.613423e+04 3.651323e+04 1.921179e+04 2.922844e+04 3.266600e+04 2.594294e+04 2.285482e+04 3.972932e+04 3.232410e+04 
2.171480e+04 1.513709e+04 3.057488e+04 9.763045e+03 1.950366e+04 2.374458e+04 2.340313e+04 1.518730e+04 1.111331e+04 2.896714e+04 1.916455e+04 1.935035e+04 8.041359e+03 2.396197e+04 2.827680e+04 2.253469e+04 1.933799e+04 2.021887e+04 2.898865e+04 1.814470e+04 2.892314e+04 1.981627e+04 2.799070e+04 1.921179e+04 2.750635e+04 1.403047e+04 2.594294e+04 2.244137e+04 2.851384e+04 2.442288e+04 
2.171480e+04 1.513709e+04 1.363010e+04 9.763045e+03 1.950366e+04 2.374458e+04 2.340313e+04 1.518730e+04 1.111331e+04 2.896714e+04 1.916455e+04 1.886644e+04 8.041359e+03 2.291770e+04 2.827680e+04 2.253469e+04 1.933799e+04 2.021887e+04 1.706379e+04 1.398717e+04 1.405746e+04 1.981627e+04 2.258970e+04 1.921179e+04 1.897455e+04 1.403047e+04 2.594294e+04 1.798096e+04 2.851384e+04 2.428204e+04 
1.789640e+04 1.513709e+04 1.355973e+04 9.763045e+03 1.950366e+04 1.666530e+04 1.891174e+04 1.518730e+04 1.111331e+04 1.490245e+04 1.916455e+04 1.886644e+04 8.041359e+03 1.685267e+04 7.313244e+03 1.692122e+04 1.933799e+04 2.021887e+04 1.706379e+04 1.398717e+04 1.405746e+04 1.981627e+04 2.258970e+04 1.776842e+04 1.897455e+04 1.403047e+04 2.594294e+04 1.579621e+04 2.419903e+04 9.620564e+03 
1.788260e+04 1.056513e+04 1.355973e+04 9.763045e+03 1.744887e+04 1.666530e+04 4.392030e+03 1.312229e+04 1.083167e+04 1.490245e+04 1.310046e+04 1.886644e+04 8.041359e+03 1.601631e+04 7.313244e+03 1.692122e+04 1.933799e+04 2.021887e+04 1.498929e+04 1.209669e+04 1.034270e+04 1.981627e+04 6.059480e+03 1.736887e+04 1.666328e+04 1.403047e+04 1.484911e+04 1.579621e+04 1.847801e+04 9.396809e+03 
1.401635e+04 1.056513e+04 1.355973e+04 9.763045e+03 1.697816e+04 1.221160e+04 4.386461e+03 1.312229e+04 1.083167e+04 1.102803e+04 1.309103e+04 1.551485e+04 8.041359e+03 1.601631e+04 7.313244e+03 9.087253e+03 1.458127e+04 2.021887e+04 9.272550e+03 1.209669e+04 1.034270e+04 7.013765e+03 6.059480e+03 1.690563e+04 1.601310e+04 1.151346e+04 1.429510e+04 1.579621e+04 1.847801e+04 9.396809e+03 
8.535774e+03 8.611390e+03 1.330561e+04 9.763045e+03 1.697816e+04 1.140399e+04 4.343900e+03 1.166644e+04 1.013706e+04 1.102803e+04 1.309103e+04 1.090417e+04 7.895543e+03 1.285602e+04 7.062008e+03 4.075602e+03 1.458127e+04 1.913737e+04 9.272550e+03 1.200845e+04 1.034270e+04 6.252324e+03 6.059480e+03 1.630036e+04 1.601310e+04 1.151346e+04 1.429510e+04 1.579621e+04 1.846169e+04 9.248681e+03 
8.074806e+03 8.497659e+03 1.313629e+04 9.453874e+03 1.541224e+04 1.140399e+04 4.341545e+03 1.163114e+04 1.013706e+04 1.102803e+04 1.309103e+04 9.398890e+03 7.614769e+03 1.204305e+04 7.016067e+03 4.047905e+03 1.437446e+04 1.804367e+04 8.333999e+03 1.016495e+04 1.028892e+04 6.068369e+03 5.879992e+03 1.584734e+04 1.600618e+04 1.144119e+04 1.364957e+04 1.538788e+04 1.745597e+04 9.020642e+03 
7.649292e+03 8.443245e+03 1.262982e+04 9.453874e+03 1.509003e+04 1.139056e+04 4.308885e+03 1.160630e+04 1.002965e+04 1.077785e+04 1.296701e+04 9.112413e+03 6.865946e+03 1.200444e+04 7.016067e+03 3.874991e+03 1.380272e+04 1.748698e+04 8.164623e+03 8.604426e+03 9.629595e+03 6.009047e+03 5.842038e+03 1.565233e+04 1.597997e+04 1.144119e+04 1.358801e+04 1.307308e+04 1.681745e+04 8.706935e+03 
7.509916e+03 6.900333e+03 1.251391e+04 8.931088e+03 1.432695e+04 1.089483e+04 3.881019e+03 1.075510e+04 9.306519e+03 1.024430e+04 1.231341e+04 8.874725e+03 5.455651e+03 1.167433e+04 6.806528e+03 3.371643e+03 1.299909e+04 1.642216e+04 8.124423e+03 8.553419e+03 9.511996e+03 5.834446e+03 5.842038e+03 1.494159e+04 1.589680e+04 1.058921e+04 1.273633e+04 1.307308e+04 1.407050e+04 8.646275e+03 
7.320186e+03 6.219800e+03 1.190964e+04 8.782458e+03 1.309397e+04 8.901961e+03 3.863759e+03 9.490834e+03 8.804342e+03 9.873587e+03 1.160631e+04 8.292501e+03 5.008043e+03 1.109849e+04 6.309641e+03 3.234903e+03 1.118399e+04 1.477714e+04 7.707962e+03 7.847523e+03 8.823859e+03 5.620992e+03 5.706335e+03 1.475157e+04 1.487647e+04 1.011598e+04 1.219969e+04 1.215463e+04 1.184813e+04 8.027449e+03 
6.773243e+03 4.426050e+03 1.087211e+04 8.267708e+03 1.092645e+04 6.674257e+03 2.914517e+03 7.820195e+03 7.066976e+03 9.388447e+03 1.035619e+04 7.521685e+03 4.458431e+03 9.990774e+03 4.937819e+03 2.892136e+03 8.412540e+03 1.167737e+04 6.491455e+03 7.277891e+03 8.205753e+03 5.223986e+03 5.512196e+03 1.304740e+04 1.310968e+04 9.337579e+03 1.169471e+04 1.122578e+04 1.012260e+04 6.665211e+03 
5.901567e+03 4.108510e+03 7.318382e+03 6.460535e+03 9.679771e+03 4.374047e+03 2.118408e+03 6.295881e+03 5.472303e+03 8.560142e+03 6.802966e+03 5.851235e+03 3.682268e+03 8.788064e+03 2.666398e+03 2.321382e+03 5.587045e+03 8.898717e+03 5.360949e+03 6.297598e+03 6.119338e+03 3.468496e+03 5.350180e+03 1.063452e+04 1.064746e+04 8.803881e+03 7.747531e+03 8.617624e+03 6.989492e+03 5.909808e+03 
1.000000e-08 1.000000e-08 1.000000e-08 1.000000e-08 1.000000e-08 1.000000e-08 1.000000e-08 1.000000e-08 1.000000e-08 1.000000e-08 1.000000e-08 1.000000e-08 1.000000e-08 1.000000e-08 1.000000e-08 1.000000e-08 1.000000e-08 1.000000e-08 1.000000e-08 1.000000e-08 1.000000e-08 1.000000e-08 1.000000e-08 1.000000e-08 1.000000e-08 1.000000e-08 1.000000e-08 1.000000e-08 1.000000e-08 1.000000e-08 
1.000000e-08 1.000000e-08 1.000000e-08 1.000000e-08 1.000000e-08 1.000000e-08 1.000000e-08 1.000000e-08 1.000000e-08 1.000000e-08 1.000000e-08 1.000000e-08 1.000000e-08 1.000000e-08 1.000000e-08 1.000000e-08 1.000000e-08 1.000000e-08 1.000000e-08 1.000000e-08 1.000000e-08 1.000000e-08 1.000000e-08 1.000000e-08 1.000000e-08 1.000000e-08 1.000000e-08 1.000000e-08 1.000000e-08 1.000000e-08 
1.221330e+05 1.225840e+05 1.212570e+05 1.216350e+05 1.218450e+05 1.210890e+05 1.204590e+05 1.233220e+05 1.225430e+05 1.216770e+05 1.225020e+05 1.209630e+05 1.212150e+05 1.223380e+05 1.227890e+05 1.221330e+05 1.215510e+05 1.217610e+05 1.225840e+05 1.237320e+05 1.225020e+05 1.212150e+05 1.228710e+05 1.216770e+05 1.225020e+05 1.219690e+05 1.221330e+05 1.210470e+05 1.217190e+05 1.217190e+05 
