3.563158e+02 4.566421e+02 2.884330e+02 2.778160e+02 3.632019e+02 3.144092e+02 3.061316e+02 2.982303e+02 5.485710e+02 3.921811e+02 2.227725e+02 1.627946e+02 1.331879e+02 2.559961e+02 1.105402e+02 3.278620e+02 3.852172e+02 2.682582e+02 3.421455e+02 1.938001e+02 4.453882e+02 9.676935e+01 1.152626e+02 3.020286e+02 2.019036e+02 1.085833e+02 1.833186e+02 2.793677e+02 3.638555e+02 9.468530e+01 
1.091759e+02 3.870893e+02 2.884330e+02 2.097780e+02 1.121298e+02 2.188407e+02 1.753941e+02 2.771292e+02 1.102571e+02 2.483568e+02 2.227725e+02 1.004530e+02 1.331879e+02 2.236127e+02 1.105402e+02 2.620679e+02 3.830066e+02 2.664896e+02 3.312684e+02 1.693190e+02 3.178445e+02 9.676935e+01 7.007102e+01 4.939860e+01 2.019036e+02 8.595270e+01 7.886716e+01 2.793677e+02 2.843812e+02 9.468530e+01 
8.809466e+01 1.890150e+02 1.663812e+02 7.741735e+01 1.039507e+02 7.137065e+01 1.747213e+02 6.174842e+01 1.102571e+02 2.479232e+02 9.344426e+01 1.000324e+02 1.167751e+02 5.416339e+01 1.056922e+02 1.949368e+02 3.830066e+02 8.029807e+01 3.312684e+02 9.692774e+01 2.253644e+02 8.026340e+01 6.420233e+01 4.939860e+01 1.964606e+02 8.595270e+01 5.431789e+01 6.139028e+01 1.779688e+02 6.279509e+01 
8.809466e+01 1.864457e+02 1.397964e+02 7.203999e+01 9.708209e+01 7.137065e+01 1.747213e+02 6.133646e+01 4.295280e+01 2.215539e+02 9.344426e+01 8.299392e+01 1.167751e+02 4.906606e+01 9.205066e+01 9.019360e+01 4.934209e+01 8.029807e+01 3.203019e+02 8.651444e+01 1.758922e+02 8.026340e+01 6.420233e+01 4.745795e+01 1.964606e+02 8.595270e+01 5.431789e+01 5.792729e+01 1.702276e+02 5.957700e+01 
8.563247e+01 8.911923e+01 5.492967e+01 4.142126e+01 4.918297e+01 3.965528e+01 1.747213e+02 6.103978e+01 4.295280e+01 5.359528e+01 6.788801e+01 8.299392e+01 8.231484e+01 4.906606e+01 9.187234e+01 4.208591e+01 4.934209e+01 5.827040e+01 4.186899e+01 4.103367e+01 7.353117e+01 3.588004e+01 3.881213e+01 4.322186e+01 1.036321e+02 4.506275e+01 4.291854e+01 5.240738e+01 1.192623e+02 5.825505e+01 
4.952706e+01 3.670678e+01 4.540783e+01 3.622926e+01 4.918297e+01 3.965528e+01 4.119369e+01 4.301718e+01 3.653375e+01 3.800147e+01 5.527443e+01 3.152512e+01 4.154777e+01 3.753886e+01 3.917306e+01 3.744520e+01 3.578597e+01 3.962845e+01 3.965112e+01 3.072995e+01 5.217387e+01 3.121727e+01 3.581836e+01 4.223026e+01 4.048697e+01 3.066326e+01 3.093840e+01 4.323237e+01 6.483746e+01 4.565114e+01 
2.934663e+01 3.352883e+01 2.884498e+01 3.556945e+01 4.162577e+01 3.012808e+01 3.154994e+01 3.309011e+01 2.691167e+01 3.522815e+01 3.707542e+01 2.747227e+01 3.291766e+01 3.112095e+01 2.637390e+01 2.799984e+01 2.992905e+01 3.962845e+01 3.032847e+01 3.072995e+01 5.113901e+01 3.102641e+01 3.509238e+01 3.121765e+01 2.827872e+01 2.892481e+01 3.038334e+01 3.214174e+01 3.605602e+01 3.308909e+01 
2.424481e+01 2.636742e+01 2.879144e+01 3.140879e+01 3.030245e+01 2.879276e+01 2.999898e+01 2.899455e+01 2.502124e+01 2.741490e+01 3.085764e+01 2.747227e+01 2.762891e+01 2.824185e+01 2.634747e+01 2.799984e+01 2.992905e+01 2.656510e+01 2.779295e+01 2.564215e+01 2.571792e+01 2.623864e+01 2.661329e+01 2.939208e+01 2.724533e+01 2.410783e+01 2.720772e+01 3.052072e+01 2.697612e+01 2.975170e+01 
2.073007e+01 2.476535e+01 2.464327e+01 2.638188e+01 2.618613e+01 2.385006e+01 2.559895e+01 2.428860e+01 2.477178e+01 2.415350e+01 2.633649e+01 2.126471e+01 2.449948e+01 2.467427e+01 2.440703e+01 2.572884e+01 2.574577e+01 2.507822e+01 2.308543e+01 2.478799e+01 2.556294e+01 2.440407e+01 2.397871e+01 2.651894e+01 2.533461e+01 1.974339e+01 2.386330e+01 1.645041e+01 2.632372e+01 2.641673e+01 
1.977185e+01 2.325449e+01 2.366967e+01 2.368881e+01 2.426616e+01 2.355995e+01 2.269214e+01 2.181774e+01 2.401339e+01 2.183210e+01 2.336663e+01 1.996511e+01 2.199055e+01 2.440193e+01 2.420909e+01 2.201345e+01 2.209948e+01 2.144452e+01 2.075731e+01 2.194087e+01 2.417773e+01 2.322617e+01 2.343081e+01 2.129889e+01 2.255742e+01 1.710550e+01 2.180478e+01 1.562286e+01 2.121093e+01 2.308352e+01 
1.776031e+01 2.150145e+01 2.229915e+01 2.322758e+01 2.307348e+01 2.178772e+01 1.539370e+01 2.088865e+01 2.226205e+01 1.353420e+01 2.188342e+01 1.899004e+01 2.097138e+01 2.276656e+01 2.025346e+01 2.139709e+01 2.125332e+01 2.025071e+01 1.830981e+01 2.005414e+01 2.185598e+01 2.060123e+01 1.861029e+01 2.116517e+01 1.912882e+01 1.617507e+01 2.180212e+01 1.536784e+01 1.910610e+01 2.186702e+01 
1.380076e+01 2.104816e+01 1.918846e+01 1.947771e+01 2.201739e+01 2.130889e+01 1.394251e+01 1.882859e+01 1.748707e+01 1.195266e+01 2.184085e+01 1.774496e+01 2.067962e+01 2.242733e+01 1.754120e+01 1.831825e+01 2.057827e+01 2.014730e+01 1.364752e+01 1.778102e+01 2.082510e+01 1.951707e+01 1.860293e+01 1.941976e+01 1.785234e+01 1.258522e+01 2.146981e+01 1.456759e+01 1.527024e+01 1.992581e+01 
1.289014e+01 2.094923e+01 1.818349e+01 9.591850e+00 2.121802e+01 1.967715e+01 1.350279e+01 1.825621e+01 1.433194e+01 9.833013e+00 2.069817e+01 1.231914e+01 1.961072e+01 2.173404e+01 1.394986e+01 1.808616e+01 1.656831e+01 1.856930e+01 7.516781e+00 1.541242e+01 5.418814e+00 1.376708e+01 1.829957e+01 1.941622e+01 1.730507e+01 1.071429e+01 2.135530e+01 1.407474e+01 1.291262e+01 1.892297e+01 
1.097580e+01 2.043024e+01 1.000398e+01 9.180496e+00 2.004381e+01 1.853267e+01 1.179287e+01 1.599917e+01 1.216049e+01 9.131165e+00 4.131847e+00 1.140625e+01 1.845997e+01 2.070371e+01 1.257616e+01 1.596489e+01 7.647797e+00 1.745166e+01 2.908900e+00 1.458700e+01 5.144126e+00 1.189566e+01 1.568922e+01 1.889964e+01 6.467861e+00 9.433264e+00 1.391109e+01 5.836705e+00 6.485496e+00 1.750408e+01 
5.297983e+00 7.658745e+00 2.465094e+00 4.159445e+00 5.886725e+00 7.924749e+00 6.721944e+00 2.796249e+00 5.520717e+00 2.025306e+00 3.785081e+00 3.344761e+00 6.358199e+00 8.162685e+00 5.088451e+00 5.713097e+00 3.723254e+00 5.375608e+00 2.181260e+00 3.235337e+00 4.212068e+00 8.261555e+00 5.911285e+00 1.838580e+00 4.677878e+00 6.219026e+00 2.018363e+00 3.616255e+00 5.611249e+00 3.869424e+00 
1.624518e-03 6.315303e-04 3.728834e-02 1.592816e-03 9.926602e-03 1.272118e-02 1.521420e-05 3.192696e-02 6.244551e-01 1.177572e-02 4.850098e-03 5.900571e-04 1.744457e-01 3.522521e-02 8.423417e-02 2.936740e-04 9.223934e-02 1.477238e-05 2.262173e-02 6.529165e-01 6.789560e-08 6.417710e-01 6.317876e-01 1.735543e-03 4.703279e-02 4.489073e-02 1.698630e-01 1.873110e-02 1.228380e-01 2.015907e-03 
2.000000e+05 2.000000e+05 2.000000e+05 2.000000e+05 2.000000e+05 2.000000e+05 2.000000e+05 2.000000e+05 2.000000e+05 2.000000e+05 2.000000e+05 2.000000e+05 2.000000e+05 2.000000e+05 2.000000e+05 2.000000e+05 2.000000e+05 2.000000e+05 2.000000e+05 2.000000e+05 2.000000e+05 2.000000e+05 2.000000e+05 2.000000e+05 2.000000e+05 2.000000e+05 2.000000e+05 2.000000e+05 2.000000e+05 2.000000e+05 
