3.055988e+03 3.807538e+03 2.174091e+03 2.539054e+03 3.002263e+03 2.133338e+03 3.030999e+03 1.819217e+03 4.488862e+03 3.036654e+03 2.171461e+03 2.775206e+03 1.264412e+03 1.819395e+03 3.553995e+03 2.467722e+03 2.614214e+03 2.101400e+03 2.152364e+03 2.871367e+03 2.379512e+03 3.239114e+03 1.675803e+03 2.463733e+03 4.005764e+03 2.550721e+03 2.288174e+03 3.107684e+03 2.636687e+03 3.626752e+03 
1.243314e+03 2.166023e+03 2.174091e+03 2.539054e+03 2.447736e+03 1.852901e+03 2.250316e+03 1.819217e+03 1.718671e+03 2.584904e+03 2.171461e+03 2.775206e+03 1.264412e+03 1.819395e+03 2.172602e+03 1.653696e+03 2.121936e+03 2.054631e+03 2.152364e+03 2.599394e+03 2.379512e+03 2.989443e+03 1.675803e+03 2.463733e+03 1.920712e+03 2.550721e+03 1.846528e+03 2.396115e+03 1.673601e+03 2.076860e+03 
1.100051e+03 2.166023e+03 1.413892e+03 2.096028e+03 2.162736e+03 1.852901e+03 2.250316e+03 1.819217e+03 1.718671e+03 2.292319e+03 2.171461e+03 2.775206e+03 1.264412e+03 1.599580e+03 2.172602e+03 1.653696e+03 1.851207e+03 1.865363e+03 2.152364e+03 1.772455e+03 2.379512e+03 2.246837e+03 1.675803e+03 2.463733e+03 1.836069e+03 2.550721e+03 1.846528e+03 2.396115e+03 1.673601e+03 2.076860e+03 
1.100051e+03 2.166023e+03 1.413892e+03 1.249636e+03 2.162736e+03 1.852901e+03 2.250316e+03 1.819217e+03 1.718671e+03 1.918638e+03 2.148232e+03 2.086339e+03 1.179850e+03 1.599580e+03 2.115930e+03 1.582488e+03 1.851207e+03 1.865363e+03 2.152364e+03 1.772455e+03 2.236196e+03 2.246837e+03 1.675803e+03 1.457450e+03 1.246572e+03 2.412906e+03 1.846528e+03 2.301843e+03 1.673601e+03 2.076860e+03 
1.100051e+03 2.001596e+03 1.413892e+03 1.224204e+03 1.205029e+03 6.436046e+02 1.602960e+03 1.422997e+03 1.718671e+03 1.684765e+03 1.891666e+03 1.839018e+03 7.394283e+02 1.581409e+03 1.683328e+03 9.478236e+02 1.851207e+03 1.154493e+03 1.175898e+03 1.454820e+03 1.677657e+03 2.246837e+03 1.660856e+03 1.457450e+03 1.246572e+03 1.975669e+03 1.846528e+03 1.146512e+03 1.571847e+03 8.163159e+02 
7.399106e+02 2.001596e+03 9.744003e+02 1.224204e+03 8.923984e+02 6.436046e+02 1.073280e+03 7.255647e+02 1.718671e+03 6.063377e+02 1.216388e+03 1.293360e+03 7.394283e+02 1.153809e+03 1.218674e+03 9.478236e+02 1.591961e+03 1.058885e+03 1.175898e+03 1.239352e+03 1.243585e+03 8.557216e+02 1.109545e+03 1.457450e+03 7.739306e+02 6.508854e+02 1.012709e+03 1.048520e+03 8.435971e+02 7.799529e+02 
4.255526e+02 1.090172e+03 5.653716e+02 5.953749e+02 8.711738e+02 5.469492e+02 3.879208e+02 7.255647e+02 1.587411e+03 6.063377e+02 7.824661e+02 9.238666e+02 7.394283e+02 1.052667e+03 6.630571e+02 7.475563e+02 7.849844e+02 5.685607e+02 9.175599e+02 1.021223e+03 6.582233e+02 8.557216e+02 7.241313e+02 8.284634e+02 7.739306e+02 6.508854e+02 6.825070e+02 1.013694e+03 8.435971e+02 6.877606e+02 
4.255526e+02 5.196090e+02 5.653716e+02 2.946638e+02 8.502008e+02 3.551447e+02 3.000021e+02 3.112088e+02 1.025250e+03 6.063377e+02 5.426233e+02 9.238666e+02 6.612568e+02 4.380803e+02 5.286305e+02 6.087626e+02 4.295933e+02 4.154034e+02 6.061417e+02 4.549654e+02 5.438968e+02 4.533661e+02 4.920806e+02 1.874661e+02 6.378572e+02 6.322880e+02 5.573817e+02 8.197079e+02 7.221807e+02 6.512488e+02 
3.084814e+02 5.196090e+02 4.579247e+02 2.783584e+02 8.115687e+02 2.552254e+02 1.944262e+02 1.948236e+02 2.328879e+02 5.038944e+02 2.456700e+02 7.025215e+02 4.964728e+02 3.297401e+02 5.286305e+02 4.442515e+02 2.874643e+02 4.154034e+02 5.161510e+02 2.447169e+02 5.378051e+02 4.533661e+02 3.808398e+02 1.874661e+02 3.354332e+02 4.903527e+02 3.242269e+02 3.378912e+02 7.074585e+02 4.940025e+02 
3.048162e+02 3.352510e+02 3.375633e+02 1.703109e+02 4.797957e+02 1.398855e+02 1.866221e+02 6.603525e+01 2.328879e+02 3.845039e+02 1.930604e+02 2.786423e+02 3.523192e+02 2.801830e+02 2.206527e+02 2.873481e+02 2.470796e+02 2.442171e+02 1.063789e+02 1.779767e+02 5.013474e+02 1.736440e+02 2.877328e+02 1.597769e+02 3.234409e+02 3.778230e+02 3.242269e+02 3.660666e+01 4.101806e+02 4.564701e+02 
1.394510e+02 1.689760e+02 1.797600e+02 5.794223e+01 1.926353e+02 6.724750e+01 1.345196e+02 6.339955e+01 1.962593e+02 2.077034e+02 1.796559e+02 2.786423e+02 1.066848e+02 8.120255e+01 8.245459e+01 1.123921e+02 1.549459e+02 1.984081e+02 1.063789e+02 1.571060e+02 2.858492e+02 8.619021e+01 1.637166e+02 1.142758e+02 1.291565e+02 1.291882e+02 2.341723e+02 1.290998e+01 3.444040e+02 1.592888e+02 
2.048823e+01 5.648592e+01 1.181626e+02 4.571944e+01 1.926353e+02 3.556154e+01 4.665612e+01 5.728587e+01 1.326819e+02 1.193779e+02 1.111896e+02 7.122089e+01 6.810123e+01 1.875272e+01 4.349968e+01 1.052209e+02 1.129885e+02 1.599299e+02 7.724131e+01 1.120165e+02 1.808231e+02 5.625519e+01 9.995039e+01 5.478500e+01 1.078861e+02 1.007682e+02 8.264187e+01 2.990335e+00 2.222672e+02 1.138774e+02 
1.857060e+01 5.109509e+01 1.097340e+02 3.730676e+01 1.697917e+02 2.896814e+01 3.851279e+01 4.784633e+01 1.275522e+02 9.842524e+01 7.896236e+01 6.702128e+01 5.645185e+01 1.239629e+01 3.255369e+01 9.907384e+01 1.094544e+02 1.242581e+02 4.100603e+01 1.084547e+02 5.618876e+01 4.572437e+01 6.023794e+01 3.227468e+01 6.213967e+01 6.774360e+01 4.267302e+01 2.466505e+00 1.961386e+02 8.942245e+01 
7.175396e+00 4.973108e+01 9.761214e+01 3.377914e+01 1.501840e+02 2.363638e+01 3.804785e+01 4.040535e+01 1.088468e+02 8.837107e+01 7.582442e+01 6.588849e+01 5.464948e+01 1.090275e+01 3.185938e+01 9.112020e+01 1.048932e+02 1.145673e+02 3.740298e+01 1.069376e+02 3.692488e+01 4.276152e+01 5.015272e+01 2.989411e+01 5.937911e+01 5.960338e+01 2.393454e+01 2.385707e+00 1.677342e+02 8.486069e+01 
1.000000e-08 1.000000e-08 1.000000e-08 1.000000e-08 1.000000e-08 1.000000e-08 1.000000e-08 1.000000e-08 1.000000e-08 1.000000e-08 1.000000e-08 1.000000e-08 1.000000e-08 1.000000e-08 1.000000e-08 1.000000e-08 1.000000e-08 1.000000e-08 1.000000e-08 1.000000e-08 1.000000e-08 1.000000e-08 1.000000e-08 1.000000e-08 1.000000e-08 1.000000e-08 1.000000e-08 1.000000e-08 1.000000e-08 1.000000e-08 
1.000000e-08 1.000000e-08 1.000000e-08 1.000000e-08 1.000000e-08 1.000000e-08 1.000000e-08 1.000000e-08 1.000000e-08 1.000000e-08 1.000000e-08 1.000000e-08 1.000000e-08 1.000000e-08 1.000000e-08 1.000000e-08 1.000000e-08 1.000000e-08 1.000000e-08 1.000000e-08 1.000000e-08 1.000000e-08 1.000000e-08 1.000000e-08 1.000000e-08 1.000000e-08 1.000000e-08 1.000000e-08 1.000000e-08 1.000000e-08 
1.172850e+05 1.204370e+05 1.197970e+05 1.185060e+05 1.186860e+05 1.196300e+05 1.182850e+05 1.198390e+05 1.209060e+05 1.215740e+05 1.201440e+05 1.203460e+05 1.188500e+05 1.191910e+05 1.200530e+05 1.195050e+05 1.198760e+05 1.185930e+05 1.201790e+05 1.198420e+05 1.196750e+05 1.176450e+05 1.196680e+05 1.192810e+05 1.186400e+05 1.193240e+05 1.190690e+05 1.199760e+05 1.204330e+05 1.191040e+05 
