7.478877e+01 8.759320e+01 4.563066e+01 8.487578e+01 9.563643e+01 6.551946e+01 7.292166e+01 1.048944e+02 8.873518e+01 7.841064e+01 8.186778e+01 1.012883e+02 8.293341e+01 7.054484e+01 6.896801e+01 7.123996e+01 1.015732e+02 7.784636e+01 7.126183e+01 7.568830e+01 8.426468e+01 8.468061e+01 1.013840e+02 7.604552e+01 7.904069e+01 6.201464e+01 8.064186e+01 8.698015e+01 7.896408e+01 7.349673e+01 
7.420089e+01 6.953011e+01 3.807903e+01 7.120668e+01 8.071283e+01 6.551946e+01 6.925058e+01 8.687785e+01 8.873518e+01 6.822614e+01 8.152643e+01 8.704405e+01 6.704799e+01 6.308090e+01 5.961044e+01 6.731387e+01 8.445124e+01 7.212359e+01 7.126183e+01 6.029783e+01 7.156440e+01 8.468061e+01 7.750302e+01 7.604552e+01 4.030751e+01 5.348375e+01 7.237747e+01 8.016297e+01 7.896408e+01 6.329597e+01 
5.375291e+01 6.953011e+01 3.807903e+01 6.929220e+01 6.344268e+01 6.551946e+01 6.029069e+01 5.314166e+01 8.838192e+01 5.688114e+01 7.726708e+01 7.096919e+01 6.251544e+01 6.022439e+01 5.815979e+01 6.731387e+01 8.319069e+01 7.212359e+01 7.126183e+01 5.959295e+01 6.875368e+01 8.468061e+01 7.010008e+01 7.162784e+01 4.030751e+01 5.264995e+01 6.948371e+01 5.732344e+01 7.392297e+01 5.782105e+01 
5.375291e+01 6.916668e+01 3.807903e+01 6.731077e+01 5.185376e+01 6.551946e+01 4.911544e+01 5.314166e+01 7.840587e+01 4.426136e+01 5.749748e+01 7.096919e+01 6.251544e+01 6.022439e+01 5.063527e+01 6.005307e+01 6.853380e+01 7.212359e+01 6.871669e+01 5.869296e+01 6.479772e+01 7.746864e+01 7.010008e+01 7.162784e+01 4.030751e+01 5.066297e+01 5.661549e+01 5.732344e+01 6.681554e+01 3.263573e+01 
5.375291e+01 4.162504e+01 3.773503e+01 3.798994e+01 4.730766e+01 5.549107e+01 4.198211e+01 4.365577e+01 5.444732e+01 4.353805e+01 5.136839e+01 5.366169e+01 5.937504e+01 5.800160e+01 4.503754e+01 4.987447e+01 5.742130e+01 3.232846e+01 3.753185e+01 4.436509e+01 4.435275e+01 4.635050e+01 5.358832e+01 4.640339e+01 3.449816e+01 3.915940e+01 4.688461e+01 5.320478e+01 5.098853e+01 2.953048e+01 
3.329603e+01 2.916437e+01 3.402811e+01 3.164825e+01 3.333009e+01 4.174678e+01 3.755073e+01 3.285726e+01 3.779943e+01 4.073567e+01 2.595925e+01 3.766710e+01 3.619995e+01 3.419410e+01 2.350794e+01 4.334671e+01 3.403226e+01 2.457589e+01 1.697780e+01 3.489550e+01 3.146571e+01 3.281037e+01 2.494351e+01 3.207863e+01 2.357033e+01 3.139164e+01 1.957759e+01 3.480189e+01 5.098853e+01 2.953048e+01 
2.562612e+01 1.840640e+01 3.402811e+01 2.452816e+01 2.757072e+01 2.169693e+01 2.221348e+01 1.998778e+01 2.773773e+01 2.395951e+01 2.321303e+01 2.868146e+01 2.695638e+01 1.840418e+01 1.943702e+01 2.423327e+01 2.640640e+01 2.346133e+01 1.550436e+01 2.574102e+01 2.867244e+01 2.599458e+01 1.284774e+01 2.652978e+01 1.824038e+01 2.314255e+01 1.644460e+01 2.251114e+01 2.698521e+01 1.885590e+01 
1.362812e+01 1.258425e+01 1.373198e+01 1.402498e+01 1.289345e+01 1.436793e+01 1.719214e+01 1.565949e+01 1.029502e+01 1.429858e+01 1.511800e+01 1.240404e+01 1.587828e+01 1.065266e+01 1.279304e+01 1.742569e+01 1.645147e+01 1.707504e+01 1.470014e+01 1.533364e+01 1.226035e+01 1.414326e+01 1.084367e+01 1.475357e+01 1.291510e+01 8.527659e+00 1.158989e+01 1.578225e+01 1.447568e+01 1.156686e+01 
6.182458e+00 6.793026e+00 7.955642e+00 6.260507e+00 6.462725e+00 8.652227e+00 8.534814e+00 7.261157e+00 7.387215e+00 9.004139e+00 6.235668e+00 6.380300e+00 8.046199e+00 5.668035e+00 5.870199e+00 8.235993e+00 5.861643e+00 5.900326e+00 6.820935e+00 7.157028e+00 6.687845e+00 4.979487e+00 7.203220e+00 7.869868e+00 5.683816e+00 6.665978e+00 8.330341e+00 6.616071e+00 5.528333e+00 6.387417e+00 
1.720524e+00 1.287640e+00 2.991213e+00 2.930017e+00 3.406288e+00 2.449482e+00 2.715280e+00 2.153499e+00 1.820477e+00 2.448846e+00 2.480820e+00 1.995939e+00 1.218225e+00 2.307340e+00 1.611717e+00 2.656748e+00 1.991976e+00 1.922817e+00 2.267720e+00 2.181070e+00 2.180882e+00 2.715515e+00 2.542917e+00 1.740770e+00 2.244726e+00 1.852697e+00 2.001648e+00 2.355547e+00 1.942397e+00 3.021049e+00 
3.894098e-01 4.144457e-01 4.038432e-01 5.491714e-01 4.455306e-01 4.071077e-01 4.721804e-01 4.813384e-01 4.853675e-01 5.585100e-01 5.061149e-01 4.113340e-01 4.086284e-01 2.736018e-01 2.821130e-01 4.445347e-01 5.751024e-01 4.998288e-01 3.377226e-01 4.629528e-01 5.254571e-01 7.592572e-01 5.064213e-01 4.450606e-01 4.061024e-01 3.956822e-01 4.542228e-01 2.976855e-01 4.658560e-01 4.318053e-01 
4.035195e-02 2.114800e-02 3.674109e-02 2.612478e-02 3.292435e-02 4.159236e-02 1.929323e-02 3.043701e-02 2.203738e-02 4.093357e-02 3.866090e-02 4.994388e-02 4.001366e-02 3.533969e-02 3.682056e-02 3.944410e-02 4.226651e-02 3.004343e-02 2.632538e-02 2.940704e-02 4.727976e-02 3.848244e-02 3.101397e-02 2.996841e-02 3.486397e-02 2.493560e-02 3.740014e-02 1.525944e-02 3.651634e-02 1.948993e-02 
3.925766e-04 3.163257e-04 3.719544e-04 2.903306e-04 3.504621e-04 3.105327e-04 5.102246e-04 3.568103e-04 2.450263e-04 3.938992e-04 3.455615e-04 1.931875e-04 4.205488e-04 3.002847e-04 4.606196e-04 3.237705e-04 4.570369e-04 3.436250e-04 3.527675e-04 3.871947e-04 4.688652e-04 2.536143e-04 2.734021e-04 2.676833e-04 3.334221e-04 1.917298e-04 3.042870e-04 4.218278e-04 3.001505e-04 1.909213e-04 
1.000000e-08 1.000000e-08 1.000000e-08 1.000000e-08 1.000000e-08 1.000000e-08 5.972129e-08 1.492606e-08 1.000000e-08 4.744231e-08 1.018157e-08 1.000000e-08 1.000000e-08 1.000000e-08 8.753580e-08 1.000000e-08 2.467027e-08 1.000000e-08 1.000000e-08 2.044123e-08 1.195781e-08 1.000000e-08 1.000000e-08 1.000000e-08 1.000000e-08 1.000000e-08 1.109004e-08 1.000000e-08 1.000000e-08 1.000000e-08 
1.000000e-08 1.000000e-08 1.000000e-08 1.000000e-08 1.000000e-08 1.000000e-08 1.000000e-08 1.000000e-08 1.000000e-08 1.000000e-08 1.000000e-08 1.000000e-08 1.000000e-08 1.000000e-08 1.000000e-08 1.000000e-08 1.000000e-08 1.000000e-08 1.000000e-08 1.000000e-08 1.000000e-08 1.000000e-08 1.000000e-08 1.000000e-08 1.000000e-08 1.000000e-08 1.000000e-08 1.000000e-08 1.000000e-08 1.000000e-08 
1.000000e-08 1.000000e-08 1.000000e-08 1.000000e-08 1.000000e-08 1.000000e-08 1.000000e-08 1.000000e-08 1.000000e-08 1.000000e-08 1.000000e-08 1.000000e-08 1.000000e-08 1.000000e-08 1.000000e-08 1.000000e-08 1.000000e-08 1.000000e-08 1.000000e-08 1.000000e-08 1.000000e-08 1.000000e-08 1.000000e-08 1.000000e-08 1.000000e-08 1.000000e-08 1.000000e-08 1.000000e-08 1.000000e-08 1.000000e-08 
7.887500e+04 7.899900e+04 7.825500e+04 7.737500e+04 7.825500e+04 7.825500e+04 8.261300e+04 7.999100e+04 7.756400e+04 8.213000e+04 7.986700e+04 7.831700e+04 7.825500e+04 7.868900e+04 8.188600e+04 7.813100e+04 8.023900e+04 7.918500e+04 7.850300e+04 8.048300e+04 7.999100e+04 7.844100e+04 7.912300e+04 7.912300e+04 7.961900e+04 7.762700e+04 7.986700e+04 7.949500e+04 7.862700e+04 7.806800e+04 
