2.468188e+03 1.336282e+03 1.789823e+03 1.865893e+03 1.941451e+03 1.744445e+03 1.170432e+03 1.086422e+03 1.903657e+03 1.458832e+03 1.375257e+03 1.394724e+03 1.110858e+03 8.648024e+02 1.182447e+03 1.978431e+03 1.624050e+03 1.615919e+03 1.966868e+03 2.046063e+03 1.700603e+03 9.007797e+02 9.473793e+02 8.808369e+02 1.605466e+03 1.074836e+03 2.101368e+03 1.943200e+03 1.648182e+03 2.051928e+03 
2.350850e+03 1.256302e+03 1.789823e+03 1.415195e+03 1.941451e+03 1.744445e+03 1.142723e+03 1.064464e+03 1.718245e+03 1.433244e+03 1.375257e+03 1.394724e+03 1.105484e+03 8.648024e+02 1.182447e+03 1.971352e+03 1.580588e+03 1.615919e+03 1.966868e+03 2.046063e+03 1.700603e+03 9.007797e+02 9.473793e+02 8.674634e+02 1.605466e+03 1.072061e+03 1.893032e+03 1.943200e+03 1.365462e+03 1.189044e+03 
2.318730e+03 1.218212e+03 1.135446e+03 7.157550e+02 1.941451e+03 1.733617e+03 1.098868e+03 9.509191e+02 1.419138e+03 1.214382e+03 1.293982e+03 1.375314e+03 1.070958e+03 8.648024e+02 1.180844e+03 1.971352e+03 1.530893e+03 1.567799e+03 1.265740e+03 1.796909e+03 1.665143e+03 8.630247e+02 9.348441e+02 7.869471e+02 1.105942e+03 1.042553e+03 1.893032e+03 1.194568e+03 6.750797e+02 6.952313e+02 
8.234671e+02 1.179212e+03 1.112229e+03 7.080943e+02 1.662574e+03 1.067357e+03 1.073734e+03 9.144117e+02 6.794502e+02 1.158889e+03 9.850305e+02 1.316202e+03 9.191493e+02 8.011695e+02 1.180706e+03 1.133948e+03 1.530893e+03 1.199244e+03 1.256063e+03 1.511537e+03 1.234330e+03 8.470822e+02 7.904027e+02 7.125141e+02 9.836818e+02 5.783348e+02 1.551725e+03 1.194568e+03 6.750797e+02 6.952313e+02 
8.142759e+02 9.858336e+02 5.271785e+02 6.669498e+02 5.699044e+02 8.461752e+02 8.188953e+02 6.866749e+02 6.782640e+02 9.365271e+02 8.949288e+02 1.048229e+03 8.815861e+02 6.141091e+02 8.879945e+02 7.723196e+02 9.610745e+02 8.828309e+02 9.230962e+02 1.320273e+03 1.025682e+03 6.761865e+02 7.827771e+02 7.048250e+02 8.448205e+02 5.631137e+02 5.989967e+02 1.190211e+03 6.750797e+02 5.991909e+02 
5.490838e+02 5.925613e+02 5.142617e+02 4.351816e+02 4.646109e+02 7.100306e+02 4.876325e+02 6.562755e+02 5.166937e+02 7.651259e+02 5.757644e+02 7.410970e+02 7.277757e+02 4.023637e+02 6.805128e+02 5.265662e+02 6.252719e+02 6.242197e+02 6.993287e+02 8.295404e+02 6.254319e+02 6.086460e+02 6.112740e+02 5.917929e+02 5.248318e+02 4.074346e+02 5.278918e+02 8.469418e+02 6.512672e+02 5.215296e+02 
4.183525e+02 3.758059e+02 3.216139e+02 3.472530e+02 3.503358e+02 3.979325e+02 2.809823e+02 4.460961e+02 3.838299e+02 4.537077e+02 3.710925e+02 4.220831e+02 3.456797e+02 2.793611e+02 3.692929e+02 3.815136e+02 4.921431e+02 3.533698e+02 3.923967e+02 3.983701e+02 3.305300e+02 4.736121e+02 3.409618e+02 4.397079e+02 3.257987e+02 3.610634e+02 4.286994e+02 5.058155e+02 4.048073e+02 5.161816e+02 
2.266848e+02 2.545300e+02 2.326903e+02 2.437751e+02 2.296114e+02 2.364527e+02 2.341998e+02 2.609886e+02 2.376631e+02 2.310797e+02 2.164577e+02 2.537641e+02 2.164479e+02 2.249336e+02 2.564165e+02 2.582677e+02 2.267876e+02 2.322697e+02 2.429225e+02 2.359477e+02 2.450169e+02 2.560211e+02 2.223245e+02 2.457076e+02 2.319092e+02 2.279199e+02 2.207731e+02 2.759480e+02 2.435836e+02 2.525121e+02 
1.938603e+02 2.044310e+02 1.904908e+02 1.953755e+02 1.937719e+02 1.955237e+02 1.919711e+02 1.978803e+02 1.975321e+02 1.918134e+02 1.913080e+02 1.963057e+02 1.909258e+02 1.969960e+02 1.880973e+02 1.896802e+02 1.916591e+02 1.903694e+02 1.926135e+02 1.906337e+02 1.882456e+02 2.005142e+02 1.946858e+02 1.917534e+02 1.864976e+02 1.940839e+02 1.934699e+02 1.947092e+02 1.973474e+02 1.991645e+02 
1.829642e+02 1.832892e+02 1.820578e+02 1.822283e+02 1.830241e+02 1.824680e+02 1.818790e+02 1.830424e+02 1.821810e+02 1.814258e+02 1.829160e+02 1.828304e+02 1.822148e+02 1.830869e+02 1.827453e+02 1.829203e+02 1.818626e+02 1.823439e+02 1.834086e+02 1.819107e+02 1.818190e+02 1.820234e+02 1.824491e+02 1.829109e+02 1.819920e+02 1.833177e+02 1.827452e+02 1.839321e+02 1.827627e+02 1.829035e+02 
1.817729e+02 1.813701e+02 1.809497e+02 1.810004e+02 1.813101e+02 1.816138e+02 1.810167e+02 1.816695e+02 1.809406e+02 1.810113e+02 1.809164e+02 1.821791e+02 1.808962e+02 1.810047e+02 1.812281e+02 1.810249e+02 1.813142e+02 1.809640e+02 1.811001e+02 1.810657e+02 1.809194e+02 1.808752e+02 1.812599e+02 1.812334e+02 1.809196e+02 1.814086e+02 1.816884e+02 1.823528e+02 1.815394e+02 1.811479e+02 
1.811042e+02 1.811292e+02 1.808500e+02 1.809621e+02 1.808796e+02 1.813948e+02 1.807945e+02 1.811492e+02 1.808302e+02 1.809476e+02 1.808080e+02 1.809218e+02 1.808406e+02 1.809005e+02 1.808100e+02 1.808082e+02 1.811736e+02 1.807925e+02 1.808926e+02 1.808775e+02 1.808829e+02 1.808000e+02 1.809550e+02 1.809176e+02 1.808496e+02 1.810041e+02 1.809250e+02 1.813853e+02 1.814338e+02 1.809998e+02 
1.808086e+02 1.808796e+02 1.808067e+02 1.808625e+02 1.808547e+02 1.813909e+02 1.807829e+02 1.810158e+02 1.807815e+02 1.808421e+02 1.808036e+02 1.808404e+02 1.807914e+02 1.808722e+02 1.808061e+02 1.807958e+02 1.811082e+02 1.807884e+02 1.808424e+02 1.808164e+02 1.808491e+02 1.807894e+02 1.808525e+02 1.808002e+02 1.808050e+02 1.808803e+02 1.809166e+02 1.808080e+02 1.810559e+02 1.808790e+02 
1.807995e+02 1.808130e+02 1.807837e+02 1.807924e+02 1.808055e+02 1.808801e+02 1.807823e+02 1.807827e+02 1.807814e+02 1.807949e+02 1.807886e+02 1.808120e+02 1.807880e+02 1.808122e+02 1.808008e+02 1.807865e+02 1.810929e+02 1.807850e+02 1.808240e+02 1.807967e+02 1.808304e+02 1.807872e+02 1.808475e+02 1.807831e+02 1.807997e+02 1.808522e+02 1.808113e+02 1.808045e+02 1.808633e+02 1.808545e+02 
1.807813e+02 1.807813e+02 1.807813e+02 1.807813e+02 1.807813e+02 1.807813e+02 1.807813e+02 1.807813e+02 1.807813e+02 1.807813e+02 1.807813e+02 1.807813e+02 1.807813e+02 1.807813e+02 1.807813e+02 1.807813e+02 1.807813e+02 1.807813e+02 1.807813e+02 1.807813e+02 1.807813e+02 1.807813e+02 1.807813e+02 1.807813e+02 1.807813e+02 1.807813e+02 1.807813e+02 1.807813e+02 1.807813e+02 1.807813e+02 
1.807813e+02 1.807813e+02 1.807813e+02 1.807813e+02 1.807813e+02 1.807813e+02 1.807813e+02 1.807813e+02 1.807813e+02 1.807813e+02 1.807813e+02 1.807813e+02 1.807813e+02 1.807813e+02 1.807813e+02 1.807813e+02 1.807813e+02 1.807813e+02 1.807813e+02 1.807813e+02 1.807813e+02 1.807813e+02 1.807813e+02 1.807813e+02 1.807813e+02 1.807813e+02 1.807813e+02 1.807813e+02 1.807813e+02 1.807813e+02 
1.000000e+06 1.000000e+06 1.000000e+06 1.000000e+06 1.000000e+06 1.000000e+06 1.000000e+06 1.000000e+06 1.000000e+06 1.000000e+06 1.000000e+06 1.000000e+06 1.000000e+06 1.000000e+06 1.000000e+06 1.000000e+06 1.000000e+06 1.000000e+06 1.000000e+06 1.000000e+06 1.000000e+06 1.000000e+06 1.000000e+06 1.000000e+06 1.000000e+06 1.000000e+06 1.000000e+06 1.000000e+06 1.000000e+06 1.000000e+06 
