2.883127e+02 6.409084e+02 4.735559e+02 3.523607e+02 1.198598e+02 3.588906e+02 1.149229e+02 1.848921e+02 5.919646e+02 6.573375e+02 3.714399e+02 5.499711e+02 5.004458e+02 1.736721e+02 1.517630e+02 9.384525e+02 8.529946e+02 1.584163e+03 2.415293e+02 2.064713e+02 2.875128e+02 2.163911e+02 1.279821e+03 8.068434e+02 5.316032e+02 1.308107e+02 5.367190e+02 1.935369e+03 6.310735e+02 1.229989e+03 
2.249077e+02 4.237024e+02 2.221422e+02 2.761018e+02 1.198598e+02 2.407427e+02 1.086923e+02 1.736000e+02 4.422490e+02 5.552945e+02 3.317947e+02 5.499711e+02 3.297974e+02 1.720739e+02 1.450167e+02 9.384525e+02 3.996087e+02 6.197827e+02 2.415293e+02 2.064713e+02 2.738958e+02 2.163911e+02 1.936921e+02 4.492980e+02 4.679535e+02 1.308107e+02 4.430781e+02 9.427660e+02 3.956587e+02 1.803203e+02 
1.916213e+02 4.237024e+02 1.794946e+02 2.501232e+02 1.198598e+02 1.790787e+02 1.067494e+02 1.736000e+02 3.364456e+02 5.552945e+02 1.527187e+02 4.057746e+02 2.874856e+02 1.674654e+02 1.450167e+02 1.424919e+02 3.996087e+02 5.891180e+02 1.719041e+02 1.668306e+02 2.338378e+02 1.576870e+02 1.936921e+02 4.492980e+02 3.242575e+02 1.275669e+02 4.430781e+02 4.595965e+02 2.659968e+02 1.803203e+02 
1.769032e+02 4.083973e+02 1.794946e+02 1.725601e+02 1.146922e+02 1.790787e+02 1.067494e+02 1.611359e+02 3.364456e+02 5.552945e+02 1.527187e+02 3.163177e+02 1.634215e+02 1.494118e+02 1.450167e+02 1.424919e+02 2.598249e+02 1.630474e+02 1.681362e+02 1.447460e+02 2.312546e+02 1.576870e+02 1.423895e+02 4.164295e+02 1.781377e+02 1.275669e+02 3.560582e+02 1.645395e+02 2.659968e+02 1.803203e+02 
1.270278e+02 2.601610e+02 1.495776e+02 1.403219e+02 1.136997e+02 1.370661e+02 1.055026e+02 1.267922e+02 2.168663e+02 2.136845e+02 1.182342e+02 2.269651e+02 1.170804e+02 1.373812e+02 1.246166e+02 1.424919e+02 1.283177e+02 1.509205e+02 1.426838e+02 1.420184e+02 1.669297e+02 1.151146e+02 1.423895e+02 2.495938e+02 1.441871e+02 1.188759e+02 2.719541e+02 1.319077e+02 1.722517e+02 1.277621e+02 
1.162223e+02 1.528032e+02 1.210699e+02 1.197487e+02 1.128976e+02 1.150740e+02 1.055026e+02 1.133073e+02 1.254841e+02 1.648576e+02 1.099033e+02 1.155925e+02 1.121114e+02 1.146700e+02 1.201295e+02 1.313029e+02 1.252945e+02 1.261991e+02 1.218651e+02 1.077644e+02 1.127591e+02 1.078124e+02 1.333715e+02 1.342261e+02 1.318408e+02 1.083109e+02 1.307224e+02 1.278038e+02 1.357204e+02 1.193863e+02 
1.113962e+02 1.167711e+02 1.072452e+02 1.112769e+02 1.111677e+02 1.070013e+02 1.048957e+02 1.107695e+02 1.108909e+02 1.142867e+02 1.099033e+02 1.104922e+02 1.076275e+02 1.083522e+02 1.144088e+02 1.109257e+02 1.154318e+02 1.156052e+02 1.080316e+02 1.031820e+02 1.119398e+02 1.078105e+02 1.223229e+02 1.114400e+02 1.232593e+02 1.059012e+02 1.175046e+02 1.269196e+02 1.114228e+02 1.147285e+02 
1.041601e+02 1.063800e+02 1.058155e+02 1.035358e+02 1.055646e+02 1.026431e+02 1.025774e+02 1.016158e+02 1.094820e+02 1.087865e+02 1.026235e+02 1.047589e+02 1.024733e+02 1.049899e+02 1.044019e+02 1.079952e+02 1.022281e+02 1.073194e+02 1.033112e+02 1.020353e+02 1.023266e+02 1.056194e+02 1.015325e+02 1.051922e+02 1.051948e+02 1.031065e+02 1.113142e+02 1.058106e+02 1.070664e+02 1.042391e+02 
1.014108e+02 1.015767e+02 1.010295e+02 1.011424e+02 1.012803e+02 1.023918e+02 1.015585e+02 1.007701e+02 1.016666e+02 1.018493e+02 1.016303e+02 1.011138e+02 1.013777e+02 1.016028e+02 1.021873e+02 1.025497e+02 1.012601e+02 1.023577e+02 1.017709e+02 1.017570e+02 1.010516e+02 1.026500e+02 1.015325e+02 1.022091e+02 1.029466e+02 1.019223e+02 1.040682e+02 1.020862e+02 1.015933e+02 1.013044e+02 
1.006287e+02 1.006910e+02 1.010295e+02 1.007366e+02 1.006990e+02 1.006762e+02 1.006430e+02 8.390633e+01 1.011642e+02 1.015320e+02 1.006539e+02 1.011138e+02 1.010302e+02 1.010066e+02 1.009818e+02 1.012330e+02 1.006810e+02 1.013252e+02 1.010988e+02 1.010434e+02 1.010452e+02 1.013131e+02 1.010035e+02 1.011030e+02 1.010150e+02 1.010397e+02 1.011682e+02 1.014842e+02 1.010410e+02 1.012585e+02 
1.006287e+02 1.006910e+02 1.005291e+02 1.004943e+02 5.834466e+01 1.006762e+02 1.006115e+02 8.390633e+01 8.429779e+01 1.010278e+02 8.539867e+01 1.007041e+02 1.006169e+02 1.008094e+02 1.006774e+02 1.008374e+02 1.006209e+02 1.007862e+02 1.005588e+02 1.007419e+02 1.009274e+02 1.006606e+02 9.800047e+01 1.008459e+02 1.008206e+02 1.009620e+02 1.009949e+02 9.016003e+01 1.007009e+02 1.005056e+02 
3.740393e+01 3.267034e+01 1.004977e+02 1.004943e+02 2.559935e+01 7.820970e+01 7.740017e+01 4.020150e+01 8.018846e+01 1.007923e+02 5.410218e+01 1.006076e+02 5.871018e+01 3.728883e+01 7.950935e+01 7.007430e+01 5.144108e+01 1.006453e+02 3.529682e+01 8.998307e+01 1.006397e+02 4.326747e+01 4.648158e+01 5.173543e+01 6.344970e+01 9.205639e+01 5.779857e+01 4.086805e+01 7.480629e+00 7.100005e+01 
1.460808e+01 8.976129e+00 1.004491e+02 4.525725e+01 1.086615e+01 1.506013e+01 4.343680e+01 9.089213e+00 1.560266e+01 2.391436e+01 1.369099e+01 3.568595e+01 1.054134e+01 1.912132e+01 1.709424e+01 1.242584e+01 9.052231e+00 1.469674e+01 1.284583e+01 1.920490e+01 7.783300e+00 2.490507e+01 9.230267e+00 1.017094e+01 1.475123e+01 2.246656e+01 1.133352e+01 8.725761e+00 2.752185e+00 1.072667e+01 
1.747096e+00 5.974293e-01 1.004445e+02 1.649637e+01 5.034717e+00 1.221067e+01 4.482905e+00 7.255953e-01 3.740240e+00 7.006228e-01 4.813368e-01 1.618332e+01 4.590883e+00 9.458776e-01 1.251073e+01 5.018103e+00 2.587653e+00 5.365079e-01 8.012800e+00 1.335258e+01 4.114316e+00 9.298939e+00 1.515962e+00 4.539266e+00 5.873819e+00 3.266671e-01 1.119930e+00 1.239925e+00 3.864300e-01 1.489733e+00 
4.262573e-01 3.694744e-01 1.002757e+02 1.257861e+01 2.009761e-01 3.230654e-01 9.927713e-01 2.613890e-01 7.466787e-01 3.311057e-01 6.245538e-02 1.526150e+01 8.508449e-01 2.953981e-01 1.211220e+01 2.522017e-01 6.050460e-01 2.431125e-01 3.701250e+00 7.727717e+00 1.341304e-01 4.064561e+00 2.911866e-01 4.665101e-01 5.321531e-01 1.001090e-01 1.430366e-01 2.538876e-01 8.123991e-02 6.370767e-01 
4.262573e-01 3.694744e-01 1.001000e+02 1.257861e+01 2.009761e-01 3.230654e-01 9.927713e-01 2.613890e-01 7.466787e-01 3.311057e-01 1.000000e-08 1.526150e+01 8.508449e-01 2.953981e-01 1.211220e+01 2.522017e-01 6.050460e-01 2.431125e-01 3.701250e+00 7.727717e+00 1.341304e-01 4.064561e+00 2.911866e-01 4.665101e-01 5.321531e-01 1.001090e-01 1.430366e-01 2.538876e-01 8.123991e-02 6.370767e-01 
2.000000e+05 2.000000e+05 2.000000e+05 2.000000e+05 2.000000e+05 2.000000e+05 2.000000e+05 2.000000e+05 2.000000e+05 2.000000e+05 1.672250e+05 2.000000e+05 2.000000e+05 2.000000e+05 2.000000e+05 2.000000e+05 2.000000e+05 2.000000e+05 2.000000e+05 2.000000e+05 2.000000e+05 2.000000e+05 2.000000e+05 2.000000e+05 2.000000e+05 2.000000e+05 2.000000e+05 2.000000e+05 2.000000e+05 2.000000e+05 
