1.652614e+05 3.141080e+06 1.054566e+05 1.181807e+05 5.299373e+06 9.016944e+04 5.116130e+06 5.382071e+06 2.041849e+06 7.440057e+04 7.654104e+04 9.115225e+04 2.206909e+05 6.901381e+04 1.164542e+05 5.805136e+04 5.702188e+06 9.121239e+04 1.396436e+07 7.065866e+05 1.242438e+05 1.243940e+05 1.161830e+05 8.732231e+04 7.328797e+06 3.179565e+05 1.050778e+05 6.516679e+06 2.795574e+05 1.203514e+05 
6.803860e+04 1.082625e+05 1.054566e+05 1.041526e+05 8.944608e+04 8.417051e+04 2.688142e+05 1.775915e+05 9.529958e+04 7.440057e+04 7.654104e+04 9.115225e+04 2.206909e+05 6.901381e+04 1.126109e+05 5.805136e+04 1.248594e+05 7.410578e+04 1.396436e+07 7.065866e+05 1.242438e+05 9.480559e+04 1.161830e+05 8.732231e+04 1.444299e+05 2.038594e+05 1.050778e+05 1.229320e+05 2.795574e+05 1.203514e+05 
6.803860e+04 6.259863e+04 1.054566e+05 6.615013e+04 8.944608e+04 8.417051e+04 6.661895e+04 9.097662e+04 9.529958e+04 5.861176e+04 5.840476e+04 8.945134e+04 1.016327e+05 6.901381e+04 8.336072e+04 5.805136e+04 1.248594e+05 7.410578e+04 1.795426e+05 7.879238e+04 8.830340e+04 9.480559e+04 6.087390e+04 8.296103e+04 7.212849e+04 1.250363e+05 7.892590e+04 9.245133e+04 2.795574e+05 7.270961e+04 
5.465089e+04 6.259863e+04 9.794464e+04 6.615013e+04 8.367530e+04 5.709281e+04 6.661895e+04 9.040574e+04 9.529958e+04 5.861176e+04 5.840476e+04 8.049695e+04 8.464555e+04 6.901381e+04 8.336072e+04 5.805136e+04 3.841235e+04 7.410578e+04 8.038896e+04 7.879238e+04 5.431440e+04 5.927389e+04 6.087390e+04 7.063855e+04 7.212849e+04 6.677641e+04 7.515171e+04 8.056817e+04 8.685802e+04 7.221227e+04 
5.465089e+04 6.259863e+04 3.389019e+04 6.615013e+04 6.460076e+04 5.709281e+04 6.303006e+04 6.295906e+04 4.350916e+04 5.861176e+04 5.245356e+04 4.499208e+04 8.172119e+04 5.349837e+04 5.921484e+04 5.805136e+04 3.841235e+04 5.631195e+04 6.037297e+04 6.819345e+04 5.234005e+04 5.643893e+04 6.043391e+04 3.846486e+04 7.212849e+04 6.677641e+04 6.840327e+04 7.374766e+04 5.503528e+04 6.984092e+04 
5.108815e+04 3.960330e+04 3.128207e+04 5.424409e+04 6.460076e+04 5.709281e+04 6.303006e+04 5.534527e+04 4.345921e+04 4.308167e+04 5.245356e+04 4.499208e+04 4.448671e+04 4.505281e+04 5.921484e+04 4.892266e+04 3.841235e+04 4.894862e+04 5.622621e+04 4.001907e+04 3.291047e+04 3.277775e+04 5.787943e+04 3.846486e+04 5.344656e+04 5.553750e+04 4.816823e+04 4.693308e+04 4.069992e+04 5.104633e+04 
5.108815e+04 3.939344e+04 2.906383e+04 4.512459e+04 5.609704e+04 4.557118e+04 5.045340e+04 5.534527e+04 4.100194e+04 3.610213e+04 4.209889e+04 2.939149e+04 3.714171e+04 4.272667e+04 5.913218e+04 3.932945e+04 3.841235e+04 3.949149e+04 4.034258e+04 2.974234e+04 3.291047e+04 3.277775e+04 4.085144e+04 3.536843e+04 4.162841e+04 3.937246e+04 4.813533e+04 4.165008e+04 3.579998e+04 3.963453e+04 
3.822490e+04 3.590819e+04 2.851676e+04 4.509457e+04 5.515678e+04 4.439722e+04 5.020689e+04 5.534527e+04 4.100194e+04 3.610213e+04 3.152601e+04 2.788396e+04 3.327835e+04 4.075741e+04 4.375469e+04 3.657228e+04 3.814107e+04 3.903220e+04 3.674186e+04 2.940619e+04 3.260685e+04 3.277775e+04 4.085144e+04 3.516268e+04 3.244133e+04 3.928374e+04 4.813533e+04 4.147300e+04 3.579998e+04 3.504956e+04 
3.717292e+04 3.565012e+04 2.833228e+04 4.442679e+04 5.296282e+04 4.304747e+04 4.961521e+04 5.335651e+04 4.088917e+04 3.594664e+04 2.918226e+04 2.776209e+04 3.137137e+04 3.986618e+04 4.301397e+04 3.655108e+04 3.806804e+04 3.896082e+04 3.674186e+04 2.893983e+04 3.256522e+04 3.209692e+04 4.031708e+04 3.511504e+04 3.242371e+04 3.926792e+04 4.768141e+04 4.123276e+04 3.156174e+04 3.402670e+04 
3.652107e+04 3.423148e+04 2.829357e+04 4.413362e+04 5.052126e+04 4.176462e+04 4.924850e+04 5.093725e+04 4.062531e+04 3.513939e+04 2.896677e+04 2.726165e+04 2.976128e+04 3.893011e+04 4.290462e+04 3.637784e+04 3.799200e+04 3.841513e+04 3.612737e+04 2.844806e+04 3.239012e+04 3.121271e+04 3.902496e+04 3.475666e+04 3.155158e+04 3.777257e+04 4.665552e+04 3.875206e+04 2.689150e+04 3.398780e+04 
3.571834e+04 3.189077e+04 2.578440e+04 4.235824e+04 4.969822e+04 3.774172e+04 4.823055e+04 4.909701e+04 4.010999e+04 3.446702e+04 2.764793e+04 2.693980e+04 2.864751e+04 3.712690e+04 4.227901e+04 3.509257e+04 3.737753e+04 3.574272e+04 3.556091e+04 2.789576e+04 3.113812e+04 2.980768e+04 3.800478e+04 3.213747e+04 3.076613e+04 3.421189e+04 4.372140e+04 3.645971e+04 2.490023e+04 3.312525e+04 
3.248827e+04 2.911815e+04 1.979846e+04 3.792532e+04 4.494943e+04 3.493929e+04 3.935364e+04 4.603976e+04 3.839124e+04 3.341359e+04 2.504379e+04 2.552743e+04 2.547303e+04 2.989448e+04 4.085958e+04 3.299881e+04 3.442363e+04 3.453151e+04 3.473909e+04 2.616087e+04 3.025178e+04 2.769723e+04 3.589842e+04 2.257908e+04 2.806326e+04 3.014323e+04 3.834205e+04 3.174617e+04 2.346950e+04 3.026504e+04 
2.482100e+04 2.630002e+04 1.864906e+04 3.204027e+04 3.737594e+04 3.362032e+04 3.519231e+04 3.715086e+04 3.718126e+04 3.017850e+04 2.313384e+04 2.408841e+04 2.431924e+04 2.726555e+04 3.923723e+04 3.025130e+04 3.208731e+04 3.267529e+04 3.249020e+04 2.524287e+04 2.936976e+04 2.674622e+04 3.294020e+04 1.601677e+04 2.644629e+04 2.661495e+04 3.505465e+04 2.413543e+04 2.149546e+04 2.551005e+04 
2.128088e+04 2.290696e+04 1.657622e+04 2.827303e+04 2.665630e+04 2.623291e+04 3.051675e+04 3.287574e+04 3.470069e+04 2.608353e+04 2.180248e+04 2.306704e+04 2.150118e+04 2.605516e+04 3.584814e+04 2.750705e+04 2.724768e+04 2.998333e+04 2.731476e+04 2.462627e+04 2.845079e+04 2.507192e+04 2.709243e+04 9.305133e+03 2.341509e+04 2.093175e+04 3.124790e+04 1.793377e+04 2.021818e+04 2.297424e+04 
1.393255e-08 1.000000e-08 2.179513e-08 1.000000e-08 6.862246e-08 3.920456e-08 2.626803e-08 3.979301e-08 1.069458e-08 1.000000e-08 1.000000e-08 9.715114e-08 1.000000e-08 3.315664e-07 1.169576e-08 2.443511e-08 2.260566e-07 7.913457e-08 5.659543e-07 2.299157e-08 4.045847e-08 1.000000e-08 3.463234e-07 1.000000e-08 3.092686e-07 1.000000e-08 6.120786e-08 4.884015e-08 2.799760e-08 1.000000e-08 
1.000000e-08 1.000000e-08 1.000000e-08 1.000000e-08 1.000000e-08 1.000000e-08 1.000000e-08 1.000000e-08 1.000000e-08 1.000000e-08 1.000000e-08 1.000000e-08 1.000000e-08 1.000000e-08 1.000000e-08 1.000000e-08 1.000000e-08 1.000000e-08 1.000000e-08 1.000000e-08 1.000000e-08 1.000000e-08 1.000000e-08 1.000000e-08 1.000000e-08 1.000000e-08 1.000000e-08 1.000000e-08 1.000000e-08 1.000000e-08 
5.502630e+05 5.492290e+05 5.506860e+05 5.488530e+05 5.515320e+05 5.519550e+05 5.504980e+05 5.514380e+05 5.493700e+05 5.488540e+05 5.492290e+05 5.521430e+05 5.488060e+05 5.540230e+05 5.494640e+05 5.509680e+05 5.532240e+05 5.520960e+05 5.544930e+05 5.497460e+05 5.512500e+05 5.484770e+05 5.547750e+05 5.476310e+05 5.531300e+05 5.477720e+05 5.518610e+05 5.510620e+05 5.515320e+05 5.466870e+05 
