1.228851e+02 1.162226e+02 9.441043e+01 1.169455e+02 1.035282e+02 1.178538e+02 8.654397e+01 1.167813e+02 1.186697e+02 1.052748e+02 1.089154e+02 1.228495e+02 1.132184e+02 1.210644e+02 8.590675e+01 1.096477e+02 1.013769e+02 1.090195e+02 1.074885e+02 9.783509e+01 1.253440e+02 9.101139e+01 9.573954e+01 1.089306e+02 1.044607e+02 1.033113e+02 1.198153e+02 9.813219e+01 8.444572e+01 1.123218e+02 
1.004301e+02 1.074101e+02 9.388304e+01 1.042710e+02 1.035282e+02 9.393870e+01 8.161986e+01 7.992346e+01 1.182458e+02 1.052748e+02 1.010013e+02 1.059072e+02 1.058592e+02 1.051558e+02 8.590675e+01 1.096477e+02 1.013769e+02 9.502890e+01 1.006964e+02 9.783509e+01 1.028518e+02 9.101139e+01 8.292676e+01 1.078697e+02 9.484729e+01 1.033113e+02 9.869024e+01 9.813219e+01 8.444572e+01 1.123218e+02 
1.004301e+02 9.199436e+01 9.388304e+01 7.688506e+01 1.035282e+02 9.393870e+01 7.868378e+01 7.992346e+01 9.287550e+01 9.812790e+01 1.010013e+02 1.048285e+02 9.963217e+01 9.727182e+01 8.456700e+01 7.335226e+01 1.013769e+02 6.303008e+01 7.668300e+01 9.783509e+01 9.082998e+01 9.101139e+01 8.292676e+01 1.073803e+02 9.484729e+01 9.224416e+01 9.869024e+01 8.514589e+01 8.444572e+01 1.033970e+02 
9.866439e+01 9.051282e+01 9.388304e+01 7.688506e+01 8.465913e+01 7.001511e+01 7.673124e+01 7.992346e+01 9.287550e+01 9.812790e+01 8.557496e+01 8.146641e+01 8.988886e+01 9.727182e+01 8.456700e+01 7.335226e+01 8.563530e+01 6.303008e+01 7.668300e+01 9.783509e+01 7.649679e+01 8.626317e+01 8.292676e+01 1.073803e+02 9.484729e+01 9.224416e+01 9.387306e+01 8.324018e+01 8.444572e+01 9.218299e+01 
8.729816e+01 9.051282e+01 9.388304e+01 7.688506e+01 8.074849e+01 7.001511e+01 7.615736e+01 7.992346e+01 8.338798e+01 6.469325e+01 7.507556e+01 8.146641e+01 7.052654e+01 8.090172e+01 8.079400e+01 7.335226e+01 8.563530e+01 6.303008e+01 6.433822e+01 7.947674e+01 7.649679e+01 8.373098e+01 8.025254e+01 9.892639e+01 8.074696e+01 9.224416e+01 8.917407e+01 7.056370e+01 7.295187e+01 8.437466e+01 
8.192609e+01 8.195372e+01 8.141896e+01 6.384953e+01 7.276298e+01 4.496482e+01 7.615736e+01 6.699876e+01 6.996981e+01 6.469325e+01 7.507556e+01 8.038799e+01 7.052654e+01 6.059225e+01 7.153121e+01 7.335226e+01 5.536767e+01 6.303008e+01 6.361464e+01 7.947674e+01 5.246560e+01 8.036871e+01 7.997857e+01 7.869513e+01 7.097964e+01 6.431460e+01 7.348663e+01 6.877802e+01 7.295187e+01 8.437466e+01 
6.363794e+01 6.585730e+01 7.287968e+01 5.419256e+01 6.661962e+01 4.496482e+01 7.615736e+01 6.665079e+01 6.996981e+01 5.311639e+01 7.076647e+01 6.508075e+01 5.177841e+01 5.294330e+01 6.137527e+01 6.373785e+01 5.536767e+01 6.303008e+01 6.361464e+01 6.967332e+01 5.246560e+01 6.120002e+01 7.488265e+01 7.091341e+01 6.847066e+01 6.245830e+01 6.490495e+01 6.877802e+01 6.317126e+01 7.701430e+01 
5.923508e+01 3.345719e+01 5.689695e+01 4.862768e+01 5.279618e+01 4.290954e+01 5.729187e+01 4.891092e+01 6.307465e+01 4.597067e+01 5.610131e+01 6.361486e+01 4.826115e+01 5.294330e+01 4.551514e+01 5.454244e+01 5.022950e+01 6.303008e+01 6.361464e+01 4.252966e+01 4.426401e+01 4.901815e+01 4.225599e+01 6.386031e+01 5.524402e+01 5.010769e+01 6.490495e+01 6.562152e+01 5.178443e+01 5.591630e+01 
3.454387e+01 3.308298e+01 4.896664e+01 4.762748e+01 3.766711e+01 4.290954e+01 5.302949e+01 4.605515e+01 4.609590e+01 4.442795e+01 5.300966e+01 5.676574e+01 4.604443e+01 4.102147e+01 4.329796e+01 3.700951e+01 3.858246e+01 4.439157e+01 4.914009e+01 4.252966e+01 3.906485e+01 4.901815e+01 3.772385e+01 5.404368e+01 5.230634e+01 4.219221e+01 5.262834e+01 4.189229e+01 5.154957e+01 5.188545e+01 
3.323496e+01 3.101444e+01 4.125597e+01 4.012188e+01 3.428585e+01 2.473251e+01 3.603047e+01 4.177817e+01 3.499124e+01 4.140187e+01 2.721088e+01 2.355968e+01 3.039478e+01 3.036321e+01 3.673129e+01 3.190837e+01 3.212811e+01 4.398313e+01 4.148093e+01 3.891345e+01 2.772100e+01 4.061817e+01 2.996426e+01 3.334005e+01 4.028949e+01 4.044784e+01 4.133149e+01 2.945879e+01 3.233812e+01 3.762530e+01 
2.977130e+01 2.517496e+01 2.099723e+01 2.453624e+01 2.442014e+01 1.977242e+01 2.813196e+01 2.291854e+01 2.227262e+01 3.145393e+01 2.695342e+01 2.135494e+01 2.984430e+01 2.561774e+01 3.280797e+01 1.334672e+01 3.006515e+01 3.017709e+01 2.295550e+01 2.871412e+01 1.681667e+01 3.298087e+01 2.517436e+01 2.024684e+01 2.760525e+01 2.154990e+01 2.634318e+01 2.365572e+01 2.501070e+01 3.511849e+01 
1.956919e+01 1.804674e+01 1.532727e+01 1.959565e+01 1.350684e+01 1.175890e+01 1.334029e+01 1.362650e+01 1.239035e+01 1.663379e+01 2.116888e+01 1.712428e+01 2.169187e+01 1.669806e+01 2.152293e+01 1.245019e+01 1.490363e+01 1.721682e+01 1.436823e+01 2.300613e+01 9.413830e+00 1.504905e+01 2.011287e+01 1.304548e+01 1.754572e+01 1.364604e+01 1.486449e+01 1.264959e+01 1.474881e+01 1.586262e+01 
1.493277e+01 9.166967e+00 1.204078e+01 1.426153e+01 1.273813e+01 7.347648e+00 8.186777e+00 1.023036e+01 1.065927e+01 9.650385e+00 1.280132e+01 1.024296e+01 1.528330e+01 1.320178e+01 1.606886e+01 1.142438e+01 1.140539e+01 9.070867e+00 1.080081e+01 5.821629e+00 7.852499e+00 1.170297e+01 1.292479e+01 8.725665e+00 1.048262e+01 9.850946e+00 1.045768e+01 1.142772e+01 1.035016e+01 6.872883e+00 
1.413353e+01 6.981691e+00 1.126754e+01 1.403249e+01 1.198511e+01 7.013799e+00 8.008288e+00 1.000510e+01 9.993089e+00 9.032717e+00 9.297614e+00 1.004670e+01 1.303435e+01 1.303462e+01 1.396852e+01 1.098581e+01 1.101672e+01 8.965248e+00 1.001542e+01 5.010137e+00 7.047762e+00 1.103995e+01 1.198814e+01 6.004963e+00 7.302407e+00 9.015556e+00 1.007271e+01 1.103971e+01 9.982154e+00 6.179076e+00 
7.216004e+00 6.969940e+00 8.119631e+00 7.350618e+00 8.478178e+00 3.875497e+00 6.829878e+00 1.000510e+01 6.740378e+00 6.738467e+00 7.989200e+00 8.282042e+00 8.535519e+00 1.007041e+01 6.549471e+00 7.952154e+00 5.524470e+00 8.917877e+00 7.288925e+00 4.984861e+00 6.904576e+00 1.048924e+01 6.484083e+00 5.990826e+00 6.990391e+00 5.804699e+00 6.627930e+00 7.001661e+00 9.651357e+00 5.997176e+00 
5.969754e+00 3.979836e+00 2.984877e+00 3.979836e+00 5.969754e+00 3.875497e+00 1.989918e+00 4.974795e+00 2.984877e+00 3.979836e+00 3.979836e+00 3.979836e+00 2.984877e+00 9.949591e-01 2.984877e+00 3.979836e+00 2.984877e+00 2.984877e+00 5.969754e+00 2.984877e+00 5.969754e+00 3.979836e+00 3.979836e+00 4.342696e+00 4.974795e+00 1.989918e+00 2.984877e+00 6.166245e+00 2.984877e+00 5.969749e+00 
2.000000e+05 2.000000e+05 2.000000e+05 2.000000e+05 2.000000e+05 2.000000e+05 2.000000e+05 2.000000e+05 2.000000e+05 2.000000e+05 2.000000e+05 2.000000e+05 2.000000e+05 2.000000e+05 2.000000e+05 2.000000e+05 2.000000e+05 2.000000e+05 2.000000e+05 2.000000e+05 2.000000e+05 2.000000e+05 2.000000e+05 2.000000e+05 2.000000e+05 2.000000e+05 2.000000e+05 2.000000e+05 2.000000e+05 2.000000e+05 
