1.520543e+03 9.049766e+02 3.599068e+03 5.511891e+03 1.124368e+03 4.314875e+02 2.089232e+03 3.636566e+03 9.118024e+02 1.648955e+03 1.610763e+03 5.630425e+02 9.946939e+02 1.141165e+03 5.138786e+02 1.848415e+03 1.201070e+04 1.227510e+03 1.323475e+03 1.173126e+03 1.713590e+03 1.210449e+03 1.504877e+03 5.344354e+03 6.577173e+02 9.834187e+02 1.981093e+04 1.248126e+03 2.914011e+03 9.890297e+02 
1.506192e+03 9.049766e+02 6.882082e+02 5.503096e+03 1.124368e+03 4.282446e+02 1.639475e+03 3.636566e+03 9.066332e+02 1.647481e+03 1.610763e+03 5.630425e+02 9.946939e+02 1.141165e+03 5.137584e+02 1.847994e+03 1.080999e+04 1.227510e+03 1.117767e+03 1.173126e+03 1.628712e+03 1.210449e+03 9.706130e+02 5.344354e+03 6.577173e+02 6.792368e+02 1.980738e+04 9.199385e+02 2.914011e+03 9.545462e+02 
8.274042e+02 9.049766e+02 5.770270e+02 5.502501e+03 6.493640e+02 4.246543e+02 1.638485e+03 3.622867e+03 8.351181e+02 8.737824e+02 9.224735e+02 5.627176e+02 7.941815e+02 9.249574e+02 5.137584e+02 1.823689e+03 1.080999e+04 1.110242e+03 8.399480e+02 1.169011e+03 1.405215e+03 4.003118e+02 9.700492e+02 5.344354e+03 4.047964e+02 6.784698e+02 1.968270e+04 9.179537e+02 1.622883e+03 9.545462e+02 
8.259470e+02 9.040681e+02 5.709772e+02 7.672760e+02 6.364027e+02 4.221935e+02 1.636940e+03 3.427538e+03 8.351181e+02 6.705238e+02 8.369492e+02 5.612011e+02 7.802073e+02 4.503413e+02 4.653761e+02 8.690552e+02 1.006311e+03 4.129544e+02 8.335474e+02 9.716075e+02 1.129464e+03 3.747503e+02 1.718832e+02 3.262686e+03 4.015402e+02 6.733447e+02 4.536413e+02 9.132826e+02 1.252801e+03 9.545462e+02 
6.203142e+02 5.456791e+02 4.891860e+02 6.828317e+02 5.733468e+02 4.221935e+02 5.774538e+02 1.014419e+03 7.124042e+02 5.784966e+02 4.870379e+02 4.009759e+02 7.718866e+02 2.000446e+02 1.841550e+02 7.630197e+02 3.687027e+02 4.074522e+02 3.471174e+02 9.667296e+02 1.043015e+03 3.270025e+02 1.718832e+02 6.246084e+02 3.982198e+02 5.304078e+02 4.348189e+02 2.937532e+02 1.252801e+03 7.654248e+02 
4.017201e+02 4.815273e+02 4.736898e+02 6.795798e+02 4.367854e+02 2.966919e+02 4.128522e+02 7.529904e+02 2.949455e+02 3.489729e+02 2.067483e+02 1.774117e+02 2.897107e+02 1.981913e+02 1.809076e+02 5.140894e+02 3.309991e+02 2.613697e+02 2.086959e+02 3.864611e+02 4.536503e+02 3.107662e+02 1.712253e+02 6.152618e+02 3.295834e+02 3.507740e+02 1.633904e+02 1.730801e+02 7.807465e+02 2.380344e+02 
1.793686e+02 7.149895e+01 1.409349e+02 2.478030e+02 2.446407e+02 8.896912e+01 1.573012e+02 2.580512e+02 7.553366e+01 2.357778e+02 1.460709e+02 1.712778e+02 1.854573e+02 1.498517e+02 1.213444e+02 2.785497e+02 5.927345e+01 2.071888e+02 1.335314e+02 3.164370e+02 1.044781e+02 2.527914e+02 1.059655e+02 8.377290e+01 7.788301e+01 2.577950e+02 1.540578e+02 1.549252e+02 2.159007e+02 1.264023e+02 
1.114334e+02 4.684223e+01 3.776759e+01 6.052218e+01 5.269235e+01 4.949042e+01 8.434200e+01 3.954111e+01 5.430520e+01 7.361911e+01 4.830757e+01 4.661122e+01 5.264076e+01 9.175530e+01 8.635265e+01 5.082735e+01 4.725108e+01 6.026579e+01 8.726596e+01 9.594128e+01 4.798272e+01 1.066988e+02 1.048866e+02 4.096166e+01 6.947543e+01 3.698934e+01 7.866801e+01 6.196516e+01 8.100939e+01 3.433259e+01 
3.098790e+01 3.173326e+01 3.543552e+01 3.540473e+01 3.574267e+01 3.283185e+01 3.595982e+01 3.124974e+01 3.224063e+01 3.082471e+01 3.858898e+01 3.712753e+01 3.184479e+01 4.003864e+01 2.863030e+01 4.077082e+01 3.376001e+01 3.133220e+01 3.773117e+01 4.314156e+01 3.974386e+01 4.757478e+01 2.853333e+01 3.184751e+01 3.116331e+01 3.186328e+01 3.691399e+01 3.744452e+01 3.326531e+01 2.971028e+01 
2.815452e+01 2.781180e+01 2.647262e+01 2.999568e+01 2.897911e+01 2.946353e+01 2.859847e+01 2.673770e+01 2.733334e+01 2.736858e+01 2.793772e+01 2.742409e+01 2.864600e+01 2.638252e+01 2.575476e+01 2.985086e+01 2.754733e+01 2.689202e+01 2.990226e+01 2.997306e+01 2.718007e+01 2.689500e+01 2.732638e+01 2.878126e+01 2.582454e+01 2.648627e+01 2.781820e+01 2.880020e+01 2.621580e+01 2.671722e+01 
2.418469e+01 2.374960e+01 2.527550e+01 2.504113e+01 2.509824e+01 2.508333e+01 2.407714e+01 2.453626e+01 2.402921e+01 2.383409e+01 2.543005e+01 2.564779e+01 2.486226e+01 2.528818e+01 2.425815e+01 2.508792e+01 2.441607e+01 2.485805e+01 2.438016e+01 2.485437e+01 2.529372e+01 2.401983e+01 2.449311e+01 2.577909e+01 2.383929e+01 2.577331e+01 2.552890e+01 2.499212e+01 2.509015e+01 2.354366e+01 
2.242135e+01 2.250765e+01 2.293587e+01 2.277669e+01 2.229013e+01 2.213365e+01 2.214614e+01 2.303966e+01 2.224795e+01 2.242090e+01 2.272833e+01 2.287373e+01 2.298543e+01 2.286203e+01 2.304094e+01 2.349119e+01 2.298991e+01 2.327806e+01 2.246736e+01 2.290794e+01 2.267781e+01 2.268655e+01 2.363236e+01 2.331034e+01 2.289125e+01 2.320617e+01 2.291745e+01 2.261229e+01 2.342436e+01 2.270822e+01 
2.148164e+01 2.149977e+01 2.154703e+01 2.156751e+01 2.118345e+01 2.129474e+01 2.164289e+01 2.198681e+01 2.139218e+01 2.118380e+01 2.166648e+01 2.166879e+01 2.196213e+01 2.192680e+01 2.185000e+01 2.098646e+01 2.218236e+01 2.201128e+01 2.181556e+01 2.202566e+01 2.185252e+01 2.168311e+01 2.148952e+01 2.160421e+01 2.150646e+01 2.150614e+01 2.185319e+01 2.176557e+01 2.169923e+01 2.136366e+01 
2.092431e+01 2.087592e+01 2.062104e+01 2.087000e+01 2.062349e+01 2.099407e+01 2.103332e+01 2.088743e+01 2.089562e+01 2.078927e+01 2.095012e+01 2.097759e+01 2.113443e+01 2.116463e+01 2.088240e+01 2.068708e+01 2.111263e+01 2.124333e+01 2.114309e+01 2.105418e+01 2.084200e+01 2.095992e+01 2.099723e+01 2.099975e+01 2.097217e+01 2.081321e+01 2.115438e+01 2.054869e+01 2.108846e+01 2.108325e+01 
2.078131e+01 2.064254e+01 2.058018e+01 2.081535e+01 2.059047e+01 2.058176e+01 2.056745e+01 2.069911e+01 2.075726e+01 2.054194e+01 2.050962e+01 2.052723e+01 2.059574e+01 2.090854e+01 2.029602e+01 2.047596e+01 2.070645e+01 2.092032e+01 2.058119e+01 2.058286e+01 2.078170e+01 2.073624e+01 2.078307e+01 2.074082e+01 2.064976e+01 2.073600e+01 2.077888e+01 2.019326e+01 2.085420e+01 2.084879e+01 
8.291923e-01 2.064254e+01 2.058018e+01 2.023120e+01 2.059047e+01 2.032330e+01 7.806380e-01 2.026375e+01 2.045602e+01 2.054194e+01 2.050962e+01 2.052723e+01 2.042497e+01 1.189384e+00 2.029602e+01 2.030102e+01 2.070645e+01 2.785939e+00 2.051453e+01 1.627402e+01 2.078170e+01 2.073624e+01 2.057607e+01 2.072823e+01 2.060203e+01 2.073600e+01 2.028307e+01 2.019326e+01 2.020943e+01 2.084879e+01 
1.000000e+06 1.000000e+06 1.000000e+06 1.000000e+06 1.000000e+06 1.000000e+06 1.000000e+06 1.000000e+06 1.000000e+06 1.000000e+06 1.000000e+06 1.000000e+06 1.000000e+06 1.000000e+06 1.000000e+06 1.000000e+06 1.000000e+06 1.000000e+06 1.000000e+06 1.000000e+06 1.000000e+06 1.000000e+06 1.000000e+06 1.000000e+06 1.000000e+06 1.000000e+06 1.000000e+06 1.000000e+06 1.000000e+06 1.000000e+06 
