1.157622e+02 1.199276e+02 1.096561e+02 1.300784e+02 1.111578e+02 1.356902e+02 1.208187e+02 1.330258e+02 1.075308e+02 1.149954e+02 1.100393e+02 1.216595e+02 1.055883e+02 1.123166e+02 1.230858e+02 1.257073e+02 8.387339e+01 1.309746e+02 1.281962e+02 1.433537e+02 1.211773e+02 1.239762e+02 1.290163e+02 1.273872e+02 1.323332e+02 1.270226e+02 1.152623e+02 1.148685e+02 1.068700e+02 1.180971e+02 
1.099035e+02 1.199276e+02 1.091790e+02 1.257193e+02 1.111578e+02 1.269483e+02 1.173702e+02 1.330258e+02 1.075308e+02 1.091292e+02 1.083520e+02 1.216595e+02 1.051000e+02 1.123166e+02 1.206366e+02 1.230560e+02 8.387339e+01 1.242580e+02 1.281962e+02 1.248973e+02 1.211773e+02 1.239762e+02 1.194652e+02 1.256884e+02 1.323332e+02 1.255690e+02 1.065779e+02 1.133736e+02 1.068700e+02 1.118197e+02 
1.078282e+02 1.112810e+02 9.457931e+01 1.212211e+02 1.032544e+02 1.222448e+02 1.027172e+02 1.280333e+02 1.061822e+02 8.257826e+01 1.080669e+02 1.216595e+02 1.051000e+02 1.123166e+02 1.155984e+02 1.154844e+02 8.345158e+01 1.132772e+02 1.239272e+02 1.197020e+02 1.143557e+02 1.174692e+02 1.194652e+02 1.256884e+02 1.317925e+02 1.180069e+02 1.065779e+02 1.062886e+02 1.055844e+02 1.079861e+02 
1.077983e+02 1.075089e+02 8.369003e+01 1.156315e+02 1.021212e+02 1.175322e+02 9.468332e+01 1.177557e+02 9.890666e+01 8.257826e+01 9.253254e+01 1.025453e+02 9.797926e+01 1.075793e+02 9.925426e+01 9.724739e+01 7.963033e+01 1.097759e+02 1.026492e+02 1.005599e+02 1.138989e+02 1.117299e+02 1.127524e+02 1.119189e+02 1.225481e+02 1.032341e+02 9.942127e+01 1.062886e+02 1.038513e+02 9.743685e+01 
9.394030e+01 8.016525e+01 7.723880e+01 8.270543e+01 9.580428e+01 9.105377e+01 8.696631e+01 9.920942e+01 9.011512e+01 7.842867e+01 9.253254e+01 9.171799e+01 7.451383e+01 9.815708e+01 9.200118e+01 8.266041e+01 7.398665e+01 9.469494e+01 8.846938e+01 9.511800e+01 1.012789e+02 1.027309e+02 8.903976e+01 1.010514e+02 1.020341e+02 9.863591e+01 7.429933e+01 9.160968e+01 8.557531e+01 9.526608e+01 
8.095534e+01 7.351732e+01 7.518675e+01 7.707182e+01 6.561228e+01 7.908411e+01 6.973824e+01 7.320834e+01 7.750562e+01 5.926268e+01 6.769653e+01 6.897089e+01 6.292585e+01 6.848002e+01 7.399128e+01 6.535976e+01 5.995850e+01 7.919106e+01 6.757057e+01 6.289522e+01 7.317139e+01 7.653019e+01 5.713904e+01 6.705036e+01 6.110488e+01 8.437831e+01 6.502211e+01 7.890767e+01 6.918410e+01 6.086002e+01 
4.557033e+01 5.104761e+01 3.841791e+01 3.985024e+01 4.015704e+01 5.048088e+01 4.876443e+01 4.829373e+01 4.653786e+01 4.257030e+01 4.930553e+01 4.351030e+01 4.145731e+01 4.889859e+01 4.475528e+01 4.608822e+01 3.065796e+01 4.176629e+01 4.942466e+01 4.432367e+01 4.897508e+01 4.199270e+01 4.532631e+01 4.746658e+01 4.428324e+01 4.408329e+01 4.544887e+01 4.896347e+01 5.390880e+01 3.762878e+01 
2.076931e+01 2.170173e+01 2.599243e+01 2.595956e+01 2.256726e+01 2.825728e+01 2.583661e+01 2.295254e+01 2.686169e+01 2.682859e+01 2.657427e+01 2.671155e+01 2.120898e+01 2.496706e+01 1.923668e+01 2.383622e+01 1.898188e+01 2.475026e+01 2.492642e+01 3.002175e+01 2.814397e+01 2.345415e+01 2.431595e+01 2.488864e+01 1.907640e+01 2.075743e+01 2.355923e+01 1.845912e+01 2.448348e+01 2.363254e+01 
1.062557e+01 9.905237e+00 1.025821e+01 1.127696e+01 1.245364e+01 1.002097e+01 1.132330e+01 1.063524e+01 1.109510e+01 1.194492e+01 1.023389e+01 1.141321e+01 1.001751e+01 1.153353e+01 1.005614e+01 6.781243e+00 9.973058e+00 1.037005e+01 1.157964e+01 1.101722e+01 1.343404e+01 1.003807e+01 8.661994e+00 8.129431e+00 1.051323e+01 8.487260e+00 9.961034e+00 8.491373e+00 1.200008e+01 9.695646e+00 
2.504632e+00 2.912938e+00 1.954937e+00 2.773767e+00 2.106315e+00 3.030965e+00 2.297461e+00 1.806176e+00 3.049827e+00 3.112623e+00 3.022748e+00 2.402975e+00 2.169467e+00 2.854439e+00 2.385289e+00 2.717291e+00 3.021525e+00 2.310565e+00 2.480161e+00 3.728997e+00 2.465509e+00 2.306185e+00 2.601815e+00 2.633833e+00 2.532653e+00 2.426199e+00 2.870835e+00 2.495123e+00 3.319710e+00 3.214649e+00 
2.156321e-01 2.492364e-01 2.516956e-01 2.463764e-01 1.541685e-01 2.525311e-01 2.068515e-01 2.435927e-01 2.649386e-01 2.766543e-01 2.083651e-01 2.357054e-01 2.092721e-01 2.755417e-01 2.060950e-01 2.484613e-01 2.099234e-01 2.070266e-01 2.542353e-01 2.811395e-01 2.446937e-01 2.024603e-01 2.163831e-01 1.912415e-01 1.871111e-01 1.954261e-01 3.053417e-01 2.011259e-01 2.866192e-01 2.179611e-01 
3.162137e-03 2.241172e-03 2.531148e-03 2.699617e-03 1.900499e-03 3.400737e-03 3.053866e-03 2.316745e-03 4.051231e-03 2.437534e-03 1.758837e-03 1.799917e-03 2.203435e-03 2.893068e-03 2.504199e-03 4.237013e-03 3.213842e-03 3.624253e-03 4.041524e-03 3.285712e-03 2.931782e-03 2.207585e-03 2.812855e-03 2.297390e-03 3.115500e-03 1.600352e-03 3.288048e-03 3.355407e-03 3.010063e-03 2.443475e-03 
3.712636e-07 2.391961e-07 2.698072e-07 2.101895e-07 1.814625e-07 2.655639e-07 4.279545e-07 1.474166e-07 4.481964e-07 1.338661e-07 1.342646e-07 1.857203e-07 1.282637e-07 1.544250e-07 1.400118e-07 4.727542e-07 3.023670e-07 2.101268e-07 4.680533e-07 3.675621e-07 3.229032e-07 2.155148e-07 2.743219e-07 1.149953e-07 8.894222e-08 1.083724e-07 3.103423e-07 3.048627e-07 2.269036e-07 2.475153e-07 
1.000000e-08 1.000000e-08 1.000000e-08 1.000000e-08 1.000000e-08 1.000000e-08 1.000000e-08 1.000000e-08 1.000000e-08 1.000000e-08 1.000000e-08 1.000000e-08 1.000000e-08 1.000000e-08 1.000000e-08 1.000000e-08 1.000000e-08 1.000000e-08 1.000000e-08 1.000000e-08 1.000000e-08 1.000000e-08 1.000000e-08 1.000000e-08 1.000000e-08 1.000000e-08 1.000000e-08 1.000000e-08 1.000000e-08 1.000000e-08 
1.000000e-08 1.000000e-08 1.000000e-08 1.000000e-08 1.000000e-08 1.000000e-08 1.000000e-08 1.000000e-08 1.000000e-08 1.000000e-08 1.000000e-08 1.000000e-08 1.000000e-08 1.000000e-08 1.000000e-08 1.000000e-08 1.000000e-08 1.000000e-08 1.000000e-08 1.000000e-08 1.000000e-08 1.000000e-08 1.000000e-08 1.000000e-08 1.000000e-08 1.000000e-08 1.000000e-08 1.000000e-08 1.000000e-08 1.000000e-08 
1.000000e-08 1.000000e-08 1.000000e-08 1.000000e-08 1.000000e-08 1.000000e-08 1.000000e-08 1.000000e-08 1.000000e-08 1.000000e-08 1.000000e-08 1.000000e-08 1.000000e-08 1.000000e-08 1.000000e-08 1.000000e-08 1.000000e-08 1.000000e-08 1.000000e-08 1.000000e-08 1.000000e-08 1.000000e-08 1.000000e-08 1.000000e-08 1.000000e-08 1.000000e-08 1.000000e-08 1.000000e-08 1.000000e-08 1.000000e-08 
1.819910e+05 1.809950e+05 1.795840e+05 1.783390e+05 1.775920e+05 1.800820e+05 1.817420e+05 1.771770e+05 1.831430e+05 1.763470e+05 1.769280e+05 1.764300e+05 1.760980e+05 1.771770e+05 1.768450e+05 1.845370e+05 1.814100e+05 1.804970e+05 1.832250e+05 1.819080e+05 1.818250e+05 1.785880e+05 1.799160e+05 1.754340e+05 1.728610e+05 1.765130e+05 1.806630e+05 1.808290e+05 1.790860e+05 1.814930e+05 
