7.841336e+03 8.319549e+03 8.943124e+03 9.094905e+03 1.065815e+04 3.973228e+03 6.871594e+03 8.335715e+03 1.015781e+04 7.103637e+03 6.841963e+03 4.959770e+03 6.148703e+03 6.419569e+03 3.237392e+03 6.158101e+03 2.720837e+03 4.857071e+03 6.711265e+03 6.700888e+03 5.902733e+03 6.582488e+03 4.490265e+03 6.754366e+03 3.681235e+03 7.159651e+03 3.995317e+03 7.426200e+03 8.020764e+03 4.264210e+03 
6.015760e+03 8.319549e+03 8.525945e+03 8.639860e+03 1.065815e+04 3.973228e+03 6.484339e+03 8.301991e+03 8.770060e+03 7.103637e+03 6.841963e+03 4.959770e+03 6.148703e+03 6.419569e+03 3.237392e+03 6.158101e+03 2.720837e+03 4.792708e+03 6.013534e+03 6.700888e+03 5.419632e+03 6.492839e+03 4.318965e+03 6.754366e+03 3.681235e+03 7.159651e+03 3.995317e+03 7.426200e+03 5.439573e+03 4.264210e+03 
5.231960e+03 6.352199e+03 7.427149e+03 7.267334e+03 6.944855e+03 3.907752e+03 6.478737e+03 7.303477e+03 5.572843e+03 6.529150e+03 6.777823e+03 4.943554e+03 5.609174e+03 4.789594e+03 3.078768e+03 5.662649e+03 2.720837e+03 4.615566e+03 5.826864e+03 6.402235e+03 5.373888e+03 4.682762e+03 4.295087e+03 3.667948e+03 3.013202e+03 6.840465e+03 3.995317e+03 7.063674e+03 5.439573e+03 4.264210e+03 
4.360169e+03 4.731437e+03 4.660129e+03 5.291215e+03 5.638224e+03 3.907752e+03 5.473802e+03 4.877070e+03 5.572843e+03 4.638745e+03 6.448863e+03 2.852902e+03 5.396951e+03 3.273295e+03 2.939299e+03 4.230236e+03 2.720837e+03 3.421554e+03 2.836599e+03 5.933944e+03 5.373888e+03 3.297581e+03 4.059402e+03 3.494449e+03 2.940281e+03 6.269674e+03 3.776408e+03 6.493874e+03 5.160414e+03 4.264210e+03 
2.733554e+03 2.595160e+03 2.493841e+03 4.076774e+03 4.413221e+03 2.918269e+03 3.347290e+03 4.370579e+03 3.412446e+03 2.754076e+03 5.120592e+03 2.849380e+03 4.588501e+03 2.764940e+03 2.464855e+03 1.105556e+03 2.662754e+03 1.932821e+03 1.851769e+03 5.178171e+03 1.783616e+03 3.202679e+03 3.212019e+03 2.091981e+03 2.168550e+03 2.015116e+03 2.777601e+03 3.784270e+03 3.746617e+03 3.319298e+03 
1.693381e+03 1.425615e+03 2.382210e+03 1.991400e+03 2.414124e+03 1.040303e+03 1.497514e+03 1.635336e+03 2.154775e+03 1.055003e+03 2.489537e+03 1.509957e+03 2.113196e+03 1.148636e+03 7.346001e+02 5.395414e+02 1.709888e+03 1.132816e+03 4.528381e+02 1.822253e+03 1.268028e+03 1.997311e+03 1.345268e+03 1.909569e+03 1.452627e+03 1.019758e+03 1.257085e+03 1.356249e+03 3.003470e+03 1.154969e+03 
6.167637e+02 5.391510e+02 1.011866e+03 4.729300e+02 5.740538e+02 3.960604e+02 5.474114e+02 7.071973e+02 9.168884e+02 7.032244e+02 4.605863e+02 5.484925e+02 6.320344e+02 6.379009e+02 5.823010e+02 4.485042e+02 5.498375e+02 4.948939e+02 4.059308e+02 6.765569e+02 2.747076e+02 8.221623e+02 4.910549e+02 7.468296e+02 5.844750e+02 6.654324e+02 8.279320e+02 7.251186e+02 6.358390e+02 6.391260e+02 
2.640180e+02 2.573950e+02 3.748478e+02 2.047714e+02 1.701786e+02 2.056564e+02 2.704952e+02 2.699172e+02 2.929959e+02 3.006709e+02 2.165047e+02 2.223345e+02 2.992988e+02 2.832361e+02 2.587396e+02 1.701896e+02 2.421228e+02 1.911481e+02 2.541062e+02 2.149488e+02 2.016101e+02 2.209776e+02 2.580503e+02 2.895062e+02 2.679408e+02 3.535291e+02 1.913400e+02 3.844769e+02 2.358423e+02 3.218893e+02 
1.270470e+02 9.959306e+01 9.470885e+01 8.708322e+01 8.881427e+01 1.055429e+02 9.388980e+01 8.934931e+01 8.866234e+01 1.143652e+02 1.341839e+02 1.377072e+02 1.182385e+02 1.202442e+02 1.206047e+02 1.166498e+02 1.398006e+02 9.918494e+01 1.198129e+02 1.546154e+02 1.081339e+02 1.314521e+02 1.205681e+02 1.432503e+02 1.000774e+02 1.489580e+02 9.044524e+01 1.101072e+02 1.286883e+02 1.116773e+02 
6.262031e+01 5.855454e+01 6.491549e+01 6.206003e+01 6.716965e+01 6.348583e+01 6.698292e+01 6.011758e+01 5.851902e+01 6.191312e+01 6.480400e+01 7.922766e+01 6.970957e+01 6.970467e+01 6.444736e+01 5.848652e+01 7.029688e+01 6.000507e+01 7.572694e+01 6.097176e+01 5.758950e+01 7.721605e+01 5.964079e+01 7.311674e+01 6.266467e+01 8.437819e+01 5.772191e+01 6.023921e+01 6.430982e+01 6.788046e+01 
5.217370e+01 5.032002e+01 4.877821e+01 5.127673e+01 5.063688e+01 5.099346e+01 5.198350e+01 5.036341e+01 5.089318e+01 5.127548e+01 5.010438e+01 4.940199e+01 5.056215e+01 5.032118e+01 5.208859e+01 5.076028e+01 5.222675e+01 5.058355e+01 5.055654e+01 5.134455e+01 5.057906e+01 4.152955e+01 5.065833e+01 5.169135e+01 5.378895e+01 5.466752e+01 4.997842e+01 5.058626e+01 5.127630e+01 5.148954e+01 
4.569043e+01 3.615651e+01 3.461333e+01 3.064924e+01 4.645224e+01 4.543941e+01 4.667638e+01 3.245906e+01 4.564435e+01 4.606406e+01 4.380029e+01 3.438655e+01 4.601097e+01 4.589288e+01 4.927975e+01 4.591819e+01 4.545366e+01 3.250625e+01 4.941843e+01 4.707055e+01 4.559074e+01 2.510608e+01 4.833656e+01 4.576348e+01 4.893290e+01 4.793614e+01 4.463106e+01 4.914570e+01 4.563803e+01 3.700849e+01 
3.319980e+01 2.075955e+01 1.555251e+01 2.351858e+01 4.519261e+01 2.242750e+01 4.492653e+01 2.695171e+01 4.491812e+01 2.645031e+01 1.777074e+01 1.460170e+01 4.496894e+01 4.498569e+01 4.569708e+01 4.493315e+01 3.665327e+01 8.523113e+00 3.684435e+01 4.498826e+01 3.824727e+01 1.406385e+01 1.064931e+01 4.497976e+01 4.163510e+01 3.665560e+01 2.086344e+01 3.492547e+01 3.376686e+01 1.393030e+01 
2.041612e+01 1.254997e+01 5.119308e+00 1.372522e+01 2.856278e+01 7.313078e+00 4.489573e+01 1.026063e+01 1.922482e+01 1.955671e+01 8.352979e+00 7.370364e+00 4.489555e+01 2.726966e+01 3.270366e+01 2.880885e+01 2.846337e+01 6.064109e+00 6.913092e+00 3.475265e+01 3.533144e+01 7.686554e+00 7.211307e+00 3.932943e+01 2.282557e+01 1.569439e+01 1.656671e+01 1.193887e+01 1.590869e+01 5.626246e+00 
8.488412e-01 6.170346e+00 1.778869e-02 6.304082e+00 5.572850e+00 8.789110e-03 4.489547e+01 1.068139e-01 8.586717e-02 2.839072e-04 6.002974e+00 1.224593e-02 4.489547e+01 5.639936e+00 5.858438e+00 3.801316e-01 6.226123e+00 4.372614e-02 2.828899e-02 4.995317e+00 7.277982e-01 3.996025e+00 3.415618e+00 2.194626e-01 1.301395e+00 4.469070e+00 4.748221e+00 5.317884e+00 2.669447e-02 1.998139e-02 
1.000000e-08 1.000000e-08 1.000000e-08 1.000000e-08 1.000000e-08 1.000000e-08 4.489547e+01 1.000000e-08 1.000000e-08 1.000000e-08 1.000000e-08 1.000000e-08 4.489547e+01 1.000000e-08 1.000000e-08 1.000000e-08 1.000000e-08 1.000000e-08 1.000000e-08 1.000000e-08 1.000000e-08 1.000000e-08 1.000000e-08 1.000000e-08 1.000000e-08 1.000000e-08 1.000000e-08 1.000000e-08 1.000000e-08 1.000000e-08 
6.049080e+05 6.273360e+05 5.881450e+05 6.387650e+05 6.299410e+05 5.842660e+05 1.000000e+06 5.965430e+05 5.964940e+05 5.710860e+05 6.291760e+05 5.862110e+05 1.000000e+06 6.263540e+05 6.318570e+05 5.996650e+05 6.295820e+05 5.856760e+05 5.898250e+05 6.292610e+05 6.042850e+05 6.208240e+05 6.276820e+05 5.918080e+05 6.109260e+05 6.219250e+05 6.300540e+05 6.237860e+05 5.860750e+05 5.851040e+05 
