1.487951e+03 1.573968e+03 1.124153e+03 1.097755e+03 1.761386e+03 1.312496e+03 1.356269e+03 1.432851e+03 1.748235e+03 1.354249e+03 1.320225e+03 1.663701e+03 1.302868e+03 1.469615e+03 1.675097e+03 1.204108e+03 1.290939e+03 1.097378e+03 1.091193e+03 1.416626e+03 1.395333e+03 1.069819e+03 1.713325e+03 9.826133e+02 1.456551e+03 1.051587e+03 1.101783e+03 1.244988e+03 1.839123e+03 1.695510e+03 
1.451057e+03 1.557382e+03 1.124153e+03 1.097755e+03 1.756120e+03 1.277939e+03 1.181351e+03 1.432851e+03 1.745473e+03 1.354249e+03 1.320225e+03 1.663701e+03 1.302868e+03 1.352740e+03 1.550018e+03 1.042942e+03 1.290939e+03 1.097378e+03 1.033974e+03 1.382632e+03 1.104139e+03 1.057413e+03 1.635629e+03 9.530098e+02 1.415937e+03 9.932661e+02 1.065084e+03 1.244988e+03 1.643024e+03 1.695225e+03 
1.314929e+03 1.549640e+03 1.077830e+03 1.097755e+03 1.624956e+03 9.580513e+02 1.181351e+03 1.429545e+03 1.727331e+03 1.291948e+03 1.292782e+03 1.319604e+03 1.212724e+03 1.249761e+03 1.438287e+03 1.023228e+03 1.290939e+03 1.097378e+03 1.019647e+03 1.382632e+03 1.048575e+03 1.052038e+03 1.593852e+03 9.386349e+02 1.410906e+03 9.932661e+02 1.023784e+03 1.244988e+03 1.315753e+03 1.422447e+03 
1.313537e+03 1.304706e+03 9.159233e+02 7.895184e+02 1.395071e+03 9.580513e+02 1.175966e+03 1.253686e+03 9.458611e+02 1.219998e+03 1.221397e+03 1.310597e+03 1.184411e+03 1.185346e+03 1.225624e+03 7.676836e+02 1.079522e+03 1.071883e+03 1.016661e+03 1.107939e+03 9.606597e+02 1.049780e+03 1.110409e+03 9.134761e+02 9.911221e+02 9.932661e+02 7.638592e+02 9.482800e+02 1.174580e+03 1.413950e+03 
8.905347e+02 1.102525e+03 8.500853e+02 6.493907e+02 7.153086e+02 8.242754e+02 1.046128e+03 1.180976e+03 9.175299e+02 1.135046e+03 9.399157e+02 1.231158e+03 9.007428e+02 1.019912e+03 1.188804e+03 7.676836e+02 1.026891e+03 8.543169e+02 8.627381e+02 1.041203e+03 8.961381e+02 8.349750e+02 8.543604e+02 8.466101e+02 7.582914e+02 8.939146e+02 7.638592e+02 7.250284e+02 9.417121e+02 9.831981e+02 
5.795388e+02 6.033405e+02 6.392967e+02 5.930526e+02 5.486576e+02 7.120697e+02 7.185489e+02 7.293675e+02 7.632400e+02 8.358486e+02 5.575990e+02 6.830087e+02 6.908858e+02 8.330606e+02 6.685990e+02 6.773962e+02 7.189807e+02 6.047758e+02 6.792579e+02 7.327129e+02 5.357079e+02 6.195164e+02 6.575715e+02 6.222187e+02 6.809537e+02 7.195433e+02 5.943793e+02 6.562602e+02 7.790931e+02 6.068058e+02 
4.001279e+02 4.578465e+02 4.051746e+02 4.991268e+02 5.107108e+02 4.384443e+02 5.415405e+02 5.261092e+02 5.929582e+02 5.658741e+02 4.549753e+02 5.101556e+02 4.709272e+02 5.031659e+02 5.570225e+02 4.007648e+02 4.788888e+02 4.330823e+02 5.363428e+02 5.065695e+02 4.401583e+02 4.108605e+02 4.679978e+02 5.188674e+02 5.018163e+02 5.276940e+02 4.598303e+02 4.140095e+02 4.986112e+02 4.262494e+02 
3.488002e+02 3.433547e+02 3.395818e+02 3.763940e+02 3.564664e+02 3.730312e+02 3.557227e+02 3.303405e+02 4.024567e+02 3.413252e+02 3.825295e+02 3.348623e+02 3.516769e+02 3.562753e+02 3.469435e+02 3.396619e+02 3.651606e+02 3.560294e+02 3.450788e+02 3.620569e+02 3.771925e+02 3.099308e+02 3.578147e+02 3.650918e+02 3.440221e+02 3.261628e+02 3.530735e+02 3.647615e+02 3.355177e+02 3.535346e+02 
2.877730e+02 2.558529e+02 2.815293e+02 2.907372e+02 3.033539e+02 2.972198e+02 3.065527e+02 3.006437e+02 2.967348e+02 2.926564e+02 2.844882e+02 2.835377e+02 2.881342e+02 2.708503e+02 2.867354e+02 2.791138e+02 2.889991e+02 2.858456e+02 2.991711e+02 2.943923e+02 2.954034e+02 2.834713e+02 2.974798e+02 2.743693e+02 2.875202e+02 2.888580e+02 2.919011e+02 2.824101e+02 2.931781e+02 2.958540e+02 
2.704225e+02 2.458240e+02 2.566190e+02 2.670818e+02 2.779561e+02 2.651224e+02 2.766525e+02 2.633728e+02 2.675972e+02 2.554773e+02 2.663655e+02 2.614906e+02 2.665992e+02 2.536642e+02 2.664624e+02 2.613455e+02 2.708422e+02 2.595371e+02 2.558690e+02 2.704410e+02 2.696481e+02 2.665124e+02 2.644919e+02 2.618949e+02 2.586158e+02 2.645801e+02 2.613347e+02 2.694079e+02 2.639834e+02 2.620731e+02 
2.507878e+02 2.441133e+02 2.504180e+02 2.509286e+02 2.523302e+02 2.482042e+02 2.608498e+02 2.500221e+02 2.545698e+02 2.432470e+02 2.510434e+02 2.452363e+02 2.555041e+02 2.447356e+02 2.437218e+02 2.526362e+02 2.538283e+02 2.487886e+02 2.487596e+02 2.480825e+02 2.581816e+02 2.557008e+02 2.526709e+02 2.574374e+02 2.497070e+02 2.472820e+02 2.454448e+02 2.455981e+02 2.509135e+02 2.533920e+02 
2.452638e+02 2.425277e+02 2.439109e+02 2.452944e+02 2.482052e+02 2.456414e+02 2.471102e+02 2.418840e+02 2.478753e+02 2.412726e+02 2.452586e+02 2.413069e+02 2.482044e+02 2.427316e+02 2.411646e+02 2.462071e+02 2.499877e+02 2.436203e+02 2.461055e+02 2.424684e+02 2.428469e+02 2.484215e+02 2.413073e+02 2.429578e+02 2.458719e+02 2.444934e+02 2.440018e+02 2.387695e+02 2.457561e+02 2.502294e+02 
2.387054e+02 2.395113e+02 2.385666e+02 2.405005e+02 2.466509e+02 2.369743e+02 2.392478e+02 2.373210e+02 2.371654e+02 2.387467e+02 2.442741e+02 2.381966e+02 2.383076e+02 2.409254e+02 2.385319e+02 2.449035e+02 2.422139e+02 2.399679e+02 2.426035e+02 2.418882e+02 2.379652e+02 2.462969e+02 2.410053e+02 2.376260e+02 2.406805e+02 2.429308e+02 2.406457e+02 2.379157e+02 2.428550e+02 2.465321e+02 
2.382610e+02 2.361130e+02 2.381539e+02 2.399132e+02 2.455421e+02 2.361538e+02 2.382765e+02 2.360491e+02 2.367400e+02 2.385320e+02 2.441315e+02 2.379675e+02 2.379014e+02 2.401692e+02 2.378488e+02 2.436978e+02 2.416392e+02 2.397346e+02 2.422840e+02 2.417180e+02 2.369279e+02 2.435766e+02 2.404424e+02 2.362820e+02 2.394993e+02 2.418660e+02 2.405136e+02 2.376036e+02 2.427866e+02 2.452117e+02 
2.363982e+02 2.339743e+02 2.328443e+02 2.327611e+02 2.318578e+02 2.361086e+02 2.371069e+02 2.360387e+02 2.356858e+02 2.314893e+02 2.411189e+02 2.328447e+02 2.378916e+02 2.335974e+02 2.330188e+02 2.322727e+02 2.374645e+02 2.356964e+02 2.328443e+02 2.372082e+02 2.318480e+02 2.332156e+02 2.328896e+02 2.328489e+02 2.317372e+02 2.318645e+02 2.327859e+02 2.319758e+02 2.387356e+02 2.339840e+02 
2.363982e+02 2.339743e+02 2.328443e+02 2.327389e+02 2.318578e+02 2.361086e+02 2.352151e+02 2.360387e+02 2.356751e+02 2.314893e+02 2.411189e+02 2.328443e+02 2.378916e+02 2.335974e+02 2.328470e+02 2.322727e+02 2.374638e+02 2.356964e+02 2.328443e+02 2.369426e+02 2.318480e+02 2.328472e+02 2.328892e+02 2.328443e+02 2.317372e+02 2.318640e+02 2.327800e+02 2.319758e+02 2.335277e+02 2.339840e+02 
1.000000e+06 1.000000e+06 1.000000e+06 1.000000e+06 1.000000e+06 1.000000e+06 1.000000e+06 1.000000e+06 1.000000e+06 1.000000e+06 1.000000e+06 1.000000e+06 1.000000e+06 1.000000e+06 1.000000e+06 1.000000e+06 1.000000e+06 1.000000e+06 1.000000e+06 1.000000e+06 1.000000e+06 1.000000e+06 1.000000e+06 1.000000e+06 1.000000e+06 1.000000e+06 1.000000e+06 1.000000e+06 1.000000e+06 1.000000e+06 
