5.446530e+09 3.117414e+09 3.885219e+09 3.125767e+09 6.537440e+09 6.099481e+09 6.227958e+09 6.400988e+09 9.117815e+09 7.493010e+09 4.070767e+09 3.228527e+09 3.666521e+09 5.471677e+09 4.114434e+09 5.316661e+09 7.871627e+09 8.438402e+09 5.991308e+09 3.103002e+09 6.039712e+09 6.674520e+09 4.006519e+09 3.690719e+09 5.950659e+09 9.621317e+09 6.479102e+09 7.724033e+09 7.468766e+09 2.921415e+09 
5.446530e+09 3.117414e+09 2.180657e+09 3.125767e+09 6.089077e+09 6.099481e+09 3.830720e+09 6.255753e+09 9.117815e+09 7.493010e+09 4.070767e+09 3.228527e+09 3.577829e+09 5.471677e+09 4.114434e+09 5.316661e+09 7.871627e+09 8.438402e+09 5.991308e+09 3.103002e+09 5.032421e+09 4.844825e+09 4.006519e+09 3.690719e+09 4.078653e+09 8.867964e+09 5.885442e+09 7.724033e+09 6.711169e+09 2.921415e+09 
4.845013e+09 2.912727e+09 2.180657e+09 3.125767e+09 6.089077e+09 3.927880e+09 3.830720e+09 6.237533e+09 9.117815e+09 7.295771e+09 4.070767e+09 3.228527e+09 1.878372e+09 5.471677e+09 4.114434e+09 4.170785e+09 7.871627e+09 3.779774e+09 4.211989e+09 1.778311e+09 5.032421e+09 4.844825e+09 4.006519e+09 2.161015e+09 3.790955e+09 6.086859e+09 5.380610e+09 6.567651e+09 5.759004e+09 2.921415e+09 
2.420744e+09 2.588346e+09 2.180657e+09 3.083537e+09 5.043543e+09 3.760639e+09 3.679778e+09 5.942617e+09 2.493658e+09 6.416510e+09 4.070767e+09 3.228527e+09 1.618805e+09 3.783002e+09 4.114434e+09 4.170785e+09 7.871627e+09 2.997968e+09 4.211989e+09 1.115044e+09 2.163814e+09 4.844825e+09 4.006519e+09 1.858977e+09 2.288886e+09 6.086858e+09 5.380610e+09 4.999912e+09 5.753335e+09 2.921415e+09 
1.689052e+09 2.588346e+09 1.202533e+09 1.503293e+09 3.562199e+09 1.027697e+09 2.522151e+09 5.038959e+09 2.195176e+09 5.544429e+09 2.022744e+09 3.127542e+09 1.618805e+09 3.301540e+09 3.233056e+09 2.771206e+09 6.059174e+09 2.267446e+09 3.143794e+09 1.115044e+09 2.131645e+09 3.869104e+09 2.939331e+09 1.755450e+09 2.263008e+09 6.015646e+09 1.960156e+09 3.490577e+09 3.514703e+09 2.660144e+09 
9.153859e+08 1.665178e+09 8.652308e+08 1.398421e+09 1.261910e+09 1.027697e+09 8.129045e+08 1.190881e+09 6.241202e+08 1.494361e+09 2.743061e+08 1.699949e+09 1.547601e+09 1.768160e+09 9.617995e+08 1.383275e+09 1.041453e+09 1.714586e+09 7.592085e+08 9.243813e+08 2.063685e+09 1.320322e+09 1.936371e+09 1.329096e+09 1.501093e+09 1.543182e+09 1.673648e+09 5.557607e+08 1.407680e+09 6.549397e+08 
1.779795e+08 3.566355e+08 1.811378e+08 4.491905e+08 2.820908e+08 3.707909e+08 4.723078e+08 7.590343e+08 6.241202e+08 5.955728e+08 1.871548e+08 2.521394e+08 9.473958e+08 8.401603e+08 7.236316e+08 5.440521e+08 4.107521e+08 2.831432e+08 5.004101e+08 4.153770e+08 3.401261e+08 1.584088e+08 1.139750e+08 2.899979e+08 4.584125e+08 8.333410e+08 6.319458e+08 1.526210e+08 4.852120e+08 3.764103e+08 
1.046166e+08 8.569638e+07 6.499441e+07 1.450097e+08 1.273616e+08 6.587201e+07 5.158599e+07 1.006250e+08 3.136043e+07 1.269814e+08 1.396620e+08 3.848532e+07 4.582087e+07 1.400375e+08 8.286521e+07 7.971902e+07 1.558880e+08 1.306627e+08 3.482706e+07 2.307014e+08 8.832583e+07 6.186576e+07 5.196465e+07 1.083621e+08 5.384988e+07 7.171864e+07 6.726594e+07 1.511628e+08 8.498944e+07 1.589626e+08 
9.949886e+06 1.752105e+07 4.327573e+07 1.049238e+07 3.900909e+07 2.043338e+07 2.823648e+07 1.555168e+07 6.955373e+06 1.370393e+07 1.040671e+07 3.040437e+07 2.455145e+07 2.231484e+07 1.825329e+07 1.473868e+07 3.117946e+07 2.046623e+07 1.789369e+07 8.619219e+06 3.064543e+07 1.608861e+07 1.798970e+07 2.979151e+07 2.899967e+07 8.101503e+06 2.588432e+07 2.355468e+07 2.205518e+07 1.704665e+07 
2.653460e+06 2.071439e+06 4.844964e+06 2.177218e+06 4.371110e+06 1.936972e+06 1.042089e+06 4.439927e+06 3.226080e+06 3.203115e+06 5.102587e+06 3.423918e+06 1.287850e+06 8.635534e+05 3.720192e+06 3.657775e+06 3.059318e+06 1.523728e+06 3.808884e+06 4.995942e+06 2.872528e+06 2.867027e+06 2.789942e+06 4.002723e+06 3.430546e+06 6.283102e+06 5.549417e+06 4.220258e+06 2.189248e+06 5.627681e+06 
2.534278e+05 2.775575e+05 5.758765e+05 1.748810e+05 3.286395e+04 5.178099e+05 2.379856e+05 1.851240e+05 2.992982e+05 3.334248e+05 7.590228e+05 2.119328e+05 5.370793e+05 1.790259e+05 5.571764e+05 2.612092e+05 4.677302e+05 1.800704e+05 2.921341e+05 4.001475e+05 5.485637e+05 7.931256e+05 4.868685e+05 7.858529e+04 3.021916e+05 3.128409e+05 1.157260e+05 2.885061e+05 3.387024e+05 2.902220e+05 
1.176145e+04 7.951421e+03 3.450223e+04 9.712503e+03 2.115719e+04 2.945722e+04 2.009632e+04 2.681507e+04 7.486512e+03 1.033502e+04 7.696355e+03 2.082269e+04 1.096846e+04 9.015136e+03 9.049794e+03 1.959041e+04 1.605754e+04 2.124565e+04 2.087091e+04 1.366032e+04 1.601148e+04 1.856823e+04 3.102469e+03 1.652346e+04 1.135041e+04 1.631874e+04 2.274049e+04 1.618604e+04 1.519028e+04 2.098027e+04 
1.826848e+03 1.374691e+03 2.276583e+03 2.925407e+03 2.579504e+03 1.927587e+03 1.881766e+03 1.580546e+03 2.468680e+03 1.813352e+03 7.356329e+02 1.979123e+03 2.199526e+03 7.429686e+02 9.052114e+02 1.643911e+03 1.612761e+03 1.097045e+03 2.472856e+03 1.415755e+03 1.525970e+03 1.756233e+03 8.130367e+02 7.295291e+02 1.933085e+03 2.711036e+03 1.225427e+03 7.734201e+02 4.670773e+02 2.202307e+03 
3.006961e+02 2.754034e+02 1.920110e+02 4.954987e+02 3.025903e+02 1.759755e+02 3.393264e+02 3.512192e+02 2.277479e+02 2.006373e+02 2.872793e+02 3.044714e+02 4.436894e+02 2.795599e+02 1.794129e+02 1.647572e+02 2.564839e+02 1.916723e+02 3.249707e+02 2.115365e+02 2.591524e+02 1.706906e+02 2.460245e+02 2.758355e+02 5.138592e+02 4.252525e+02 3.382088e+02 2.137468e+02 2.802464e+02 5.885642e+02 
2.530019e+01 1.090245e+01 1.037937e+01 2.491072e+01 2.852937e+01 2.701625e+01 1.665630e+01 3.663436e+01 3.179582e+01 2.527555e+01 2.427426e+01 2.506545e+01 2.530354e+01 1.306182e+01 2.114296e+01 2.982573e+01 2.060995e+01 1.780150e+01 1.248877e+01 4.606055e+01 2.905332e+01 2.417328e+01 2.267377e+01 2.484140e+01 2.908866e+01 2.048135e+01 2.719821e+01 1.674295e+01 1.452299e+01 2.402024e+01 
4.415683e+00 3.447810e+00 1.499169e+00 7.346307e+00 5.351862e+00 1.432906e+00 3.303025e+00 6.934271e+00 1.128652e+00 2.427246e+00 1.685749e+00 1.852710e+00 1.343783e+00 2.172293e+00 2.847384e+00 3.339838e+00 2.418383e+00 2.444293e+00 2.502889e+00 8.254261e+00 1.401219e+00 5.196101e+00 1.213872e+00 1.393894e+00 2.909004e+00 4.922630e+00 5.151448e+00 3.002910e+00 3.120616e+00 1.895615e+00 
1.000000e+06 1.000000e+06 1.000000e+06 1.000000e+06 1.000000e+06 1.000000e+06 1.000000e+06 1.000000e+06 1.000000e+06 1.000000e+06 1.000000e+06 1.000000e+06 1.000000e+06 1.000000e+06 1.000000e+06 1.000000e+06 1.000000e+06 1.000000e+06 1.000000e+06 1.000000e+06 1.000000e+06 1.000000e+06 1.000000e+06 1.000000e+06 1.000000e+06 1.000000e+06 1.000000e+06 1.000000e+06 1.000000e+06 1.000000e+06 
