1.235319e+04 9.204342e+03 1.024482e+04 1.125725e+04 1.179345e+04 9.065554e+03 1.170208e+04 1.194912e+04 1.151480e+04 1.256316e+04 1.142901e+04 1.072789e+04 1.232051e+04 1.028238e+04 1.090575e+04 9.728953e+03 1.120161e+04 1.241446e+04 1.450829e+04 9.264721e+03 9.335483e+03 9.132136e+03 1.344807e+04 9.435831e+03 9.381155e+03 1.025615e+04 7.908583e+03 1.200073e+04 9.135228e+03 9.119968e+03 
1.235319e+04 9.204342e+03 1.024482e+04 8.620975e+03 1.179345e+04 9.065554e+03 1.170208e+04 1.101322e+04 1.151480e+04 1.198113e+04 1.142901e+04 8.700335e+03 1.232051e+04 1.028238e+04 1.090575e+04 9.728953e+03 1.120161e+04 1.241446e+04 6.362723e+03 9.264721e+03 9.335483e+03 7.545203e+03 1.298599e+04 9.435831e+03 9.381155e+03 1.025615e+04 7.908583e+03 1.104361e+04 9.135228e+03 9.119968e+03 
1.131101e+04 9.204342e+03 7.717623e+03 8.620975e+03 9.128157e+03 7.761152e+03 9.688487e+03 1.095557e+04 1.101380e+04 1.064845e+04 1.110935e+04 7.401397e+03 8.239343e+03 8.749597e+03 1.090575e+04 9.728953e+03 1.120161e+04 8.999613e+03 6.362723e+03 9.264721e+03 9.335483e+03 7.545203e+03 1.254814e+04 9.435831e+03 9.044059e+03 9.663320e+03 7.908583e+03 1.104361e+04 9.135228e+03 9.119968e+03 
7.153658e+03 9.204342e+03 7.717623e+03 8.620975e+03 7.596905e+03 7.761152e+03 9.042243e+03 7.387597e+03 1.025713e+04 9.212240e+03 1.104201e+04 7.401397e+03 8.239343e+03 8.749597e+03 7.981521e+03 9.728953e+03 5.971664e+03 8.999613e+03 6.362723e+03 8.696203e+03 9.335483e+03 7.545203e+03 1.095772e+04 9.269215e+03 8.241154e+03 9.663320e+03 7.908583e+03 1.104361e+04 8.636685e+03 8.255694e+03 
7.153658e+03 8.387118e+03 7.717623e+03 6.793668e+03 7.596905e+03 5.724052e+03 6.104910e+03 7.387597e+03 7.900609e+03 8.059560e+03 8.589668e+03 7.400965e+03 8.239343e+03 6.929846e+03 7.981521e+03 9.728953e+03 5.971664e+03 5.797950e+03 5.972152e+03 8.696203e+03 9.335483e+03 7.154473e+03 1.052542e+04 8.340157e+03 6.808993e+03 7.354469e+03 7.908583e+03 1.036424e+04 7.824558e+03 8.255694e+03 
7.153658e+03 6.228507e+03 6.372955e+03 6.793668e+03 7.166961e+03 5.724052e+03 6.104910e+03 7.387597e+03 7.170000e+03 8.059560e+03 6.603266e+03 7.400965e+03 7.611222e+03 6.465029e+03 7.981521e+03 8.387670e+03 5.971664e+03 5.797950e+03 5.972152e+03 7.819497e+03 8.474735e+03 6.618399e+03 8.959565e+03 4.920323e+03 5.749182e+03 7.354469e+03 6.681684e+03 8.477305e+03 3.847768e+03 7.182395e+03 
4.738182e+03 5.873897e+03 6.006099e+03 5.698542e+03 6.468361e+03 5.724052e+03 4.382576e+03 6.728666e+03 7.122623e+03 6.172075e+03 5.565181e+03 5.686381e+03 6.684357e+03 6.465029e+03 6.266052e+03 6.044054e+03 5.971664e+03 4.831296e+03 5.637958e+03 5.785633e+03 6.491453e+03 5.375346e+03 2.905134e+03 4.334391e+03 5.328036e+03 7.303101e+03 5.823761e+03 8.336487e+03 2.511545e+03 7.182395e+03 
3.883402e+03 3.299054e+03 6.006099e+03 5.600186e+03 3.795306e+03 4.836632e+03 4.382576e+03 3.660943e+03 7.122623e+03 4.109389e+03 4.943957e+03 4.358027e+03 4.893942e+03 4.336590e+03 5.835247e+03 5.949768e+03 4.439145e+03 1.986706e+03 5.410862e+03 2.907072e+03 5.987652e+03 3.322792e+03 2.782538e+03 4.334391e+03 4.770859e+03 5.177312e+03 3.529994e+03 5.572971e+03 1.605770e+03 4.313216e+03 
2.670596e+03 3.119511e+03 2.346591e+03 4.238327e+03 2.636220e+03 3.340457e+03 3.631125e+03 2.231020e+03 5.081175e+03 3.996638e+03 3.580877e+03 4.157645e+03 2.892313e+03 4.059065e+03 4.488659e+03 3.090682e+03 3.506705e+03 1.986706e+03 4.567195e+03 1.461790e+03 4.199241e+03 3.322792e+03 2.318385e+03 2.919569e+03 3.535811e+03 3.803725e+03 3.285631e+03 5.545882e+03 1.589620e+03 4.313216e+03 
2.022707e+03 2.752903e+03 1.958272e+03 2.464868e+03 1.726740e+03 2.656040e+03 2.742145e+03 1.307093e+03 3.135486e+03 2.879862e+03 2.467183e+03 2.707040e+03 1.874761e+03 2.566588e+03 3.540552e+03 2.240557e+03 3.428209e+03 1.769519e+03 2.921620e+03 1.076832e+03 2.303565e+03 2.877299e+03 1.550459e+03 2.666066e+03 2.989091e+03 3.414258e+03 1.940548e+03 3.756411e+03 1.575452e+03 2.491035e+03 
1.915345e+03 1.929268e+03 1.447834e+03 2.184460e+03 1.532062e+03 2.218976e+03 1.877343e+03 1.260791e+03 2.276293e+03 1.871571e+03 2.107021e+03 2.253515e+03 1.601347e+03 1.618962e+03 2.957829e+03 2.055664e+03 2.794696e+03 1.568110e+03 2.339478e+03 8.167609e+02 1.834907e+03 2.642562e+03 1.274570e+03 2.126728e+03 2.203656e+03 3.025900e+03 1.487059e+03 3.478779e+03 1.489754e+03 2.150973e+03 
1.560775e+03 1.663141e+03 1.372202e+03 1.978287e+03 1.236192e+03 1.776496e+03 1.687126e+03 1.152199e+03 1.739363e+03 1.784924e+03 1.914900e+03 1.968794e+03 1.414769e+03 1.498646e+03 2.157895e+03 1.655554e+03 2.489890e+03 1.074216e+03 1.990734e+03 7.764137e+02 1.737232e+03 2.030909e+03 1.231755e+03 1.679012e+03 1.646842e+03 2.337061e+03 1.224827e+03 3.168907e+03 1.365625e+03 1.635528e+03 
1.404419e+03 1.623601e+03 1.033835e+03 1.883952e+03 1.123054e+03 1.659079e+03 1.551352e+03 1.099415e+03 1.523490e+03 1.524502e+03 1.685370e+03 1.911623e+03 1.376172e+03 1.341600e+03 1.707991e+03 1.277319e+03 2.125087e+03 9.804763e+02 1.883884e+03 6.116935e+02 1.674983e+03 1.700834e+03 1.193048e+03 1.493033e+03 1.526321e+03 1.764202e+03 1.125391e+03 2.332035e+03 1.296450e+03 1.388846e+03 
1.150956e+03 1.604222e+03 1.012226e+03 1.538045e+03 1.082632e+03 1.551201e+03 1.443153e+03 9.773362e+02 1.477177e+03 1.476625e+03 1.492727e+03 1.814991e+03 1.313309e+03 1.308564e+03 1.600628e+03 1.175520e+03 1.759016e+03 9.358853e+02 1.868216e+03 5.364775e+02 1.473119e+03 1.594638e+03 1.133946e+03 1.324352e+03 1.490532e+03 1.677440e+03 9.587677e+02 2.252296e+03 1.254568e+03 1.349862e+03 
1.000000e-08 1.000000e-08 1.000000e-08 1.000000e-08 1.000000e-08 1.000000e-08 1.000000e-08 1.000000e-08 1.000000e-08 1.000000e-08 1.000000e-08 1.000000e-08 1.000000e-08 1.000000e-08 1.000000e-08 1.000000e-08 1.000000e-08 1.000000e-08 1.000000e-08 1.000000e-08 1.000000e-08 1.000000e-08 1.000000e-08 1.000000e-08 1.000000e-08 1.000000e-08 1.000000e-08 1.000000e-08 1.000000e-08 1.000000e-08 
1.000000e-08 1.000000e-08 1.000000e-08 1.000000e-08 1.000000e-08 1.000000e-08 1.000000e-08 1.000000e-08 1.000000e-08 1.000000e-08 1.000000e-08 1.000000e-08 1.000000e-08 1.000000e-08 1.000000e-08 1.000000e-08 1.000000e-08 1.000000e-08 1.000000e-08 1.000000e-08 1.000000e-08 1.000000e-08 1.000000e-08 1.000000e-08 1.000000e-08 1.000000e-08 1.000000e-08 1.000000e-08 1.000000e-08 1.000000e-08 
5.289630e+05 5.296970e+05 5.305820e+05 5.297980e+05 5.306300e+05 5.297940e+05 5.292560e+05 5.300420e+05 5.294540e+05 5.298460e+05 5.306300e+05 5.297480e+05 5.298460e+05 5.283270e+05 5.303350e+05 5.317580e+05 5.299450e+05 5.328370e+05 5.296000e+05 5.297460e+05 5.313170e+05 5.289640e+05 5.294050e+05 5.294030e+05 5.291600e+05 5.290630e+05 5.279330e+05 5.298950e+05 5.299430e+05 5.299430e+05 
