4.924046e+02 3.913483e+02 5.489543e+02 4.918354e+02 6.246449e+02 3.857103e+02 3.461338e+02 3.742655e+02 4.475126e+02 3.665872e+02 5.728028e+02 4.168809e+02 6.382632e+02 4.985564e+02 5.202996e+02 6.328954e+02 4.876278e+02 5.800678e+02 5.620480e+02 5.974494e+02 4.014642e+02 2.298666e+02 3.940304e+02 5.166676e+02 5.999218e+02 5.556693e+02 6.216866e+02 5.283761e+02 5.525304e+02 3.580696e+02 
4.924046e+02 3.913483e+02 5.489543e+02 4.918354e+02 6.170389e+02 3.857103e+02 3.461338e+02 3.742655e+02 4.475126e+02 3.665872e+02 3.812510e+02 4.168809e+02 5.604272e+02 4.985564e+02 2.977953e+02 6.328954e+02 4.876278e+02 5.800678e+02 5.327746e+02 5.281097e+02 4.014642e+02 2.213103e+02 2.695616e+02 5.166676e+02 5.999218e+02 5.507515e+02 6.208635e+02 5.283761e+02 3.276364e+02 3.580696e+02 
4.043347e+02 3.913483e+02 4.553847e+02 4.881930e+02 4.017191e+02 3.857103e+02 3.268537e+02 3.742655e+02 4.173721e+02 3.665872e+02 3.635587e+02 4.168809e+02 5.125002e+02 4.985564e+02 2.977953e+02 5.554328e+02 4.731652e+02 5.800678e+02 4.884605e+02 5.281097e+02 2.502798e+02 2.138982e+02 2.695616e+02 5.134538e+02 5.999218e+02 5.444209e+02 6.187662e+02 5.228504e+02 3.227684e+02 3.580696e+02 
4.043347e+02 3.658691e+02 3.469689e+02 4.577635e+02 4.017191e+02 3.726331e+02 3.268537e+02 3.742655e+02 4.060714e+02 2.838870e+02 3.421558e+02 4.141145e+02 3.378196e+02 4.833529e+02 2.952337e+02 5.425606e+02 4.731652e+02 5.773882e+02 4.884605e+02 5.281097e+02 2.502798e+02 2.138982e+02 2.415926e+02 4.237660e+02 4.965057e+02 5.046934e+02 4.962629e+02 4.854879e+02 2.866896e+02 3.580696e+02 
3.877021e+02 2.435587e+02 2.052876e+02 4.457933e+02 3.702057e+02 2.445103e+02 3.250070e+02 3.138480e+02 2.492249e+02 2.797459e+02 3.331085e+02 3.879324e+02 2.958473e+02 3.948805e+02 2.925676e+02 4.229401e+02 3.203835e+02 3.882686e+02 4.523651e+02 3.248253e+02 2.203070e+02 2.138982e+02 2.340884e+02 4.073939e+02 2.891524e+02 4.517497e+02 3.938080e+02 4.628952e+02 2.548019e+02 2.302642e+02 
2.443682e+02 2.383611e+02 2.048200e+02 3.588008e+02 2.793690e+02 2.073087e+02 2.246349e+02 2.795684e+02 2.492249e+02 2.482444e+02 3.097739e+02 2.010641e+02 2.926050e+02 2.742256e+02 2.774711e+02 2.126190e+02 2.333254e+02 2.980058e+02 2.144663e+02 1.866914e+02 2.112646e+02 2.130906e+02 2.136447e+02 3.015993e+02 1.926220e+02 3.223858e+02 3.122090e+02 3.781984e+02 2.491309e+02 2.299352e+02 
2.432704e+02 1.938945e+02 1.422165e+02 2.618555e+02 1.867798e+02 1.918651e+02 1.550571e+02 2.254106e+02 1.644127e+02 2.232590e+02 2.275131e+02 1.162326e+02 2.452060e+02 2.238750e+02 2.293753e+02 2.059987e+02 1.958278e+02 1.757488e+02 1.987770e+02 1.657174e+02 1.741059e+02 1.572160e+02 2.012052e+02 1.751997e+02 1.590040e+02 1.901912e+02 2.325856e+02 2.556134e+02 1.693834e+02 1.850473e+02 
1.155872e+02 1.148866e+02 1.305748e+02 1.937090e+02 1.444713e+02 1.345419e+02 1.328169e+02 1.507527e+02 1.401943e+02 1.046317e+02 1.146331e+02 9.283402e+01 1.354006e+02 1.739417e+02 1.146260e+02 1.654720e+02 1.111022e+02 1.539416e+02 1.213019e+02 1.516875e+02 1.167123e+02 1.058957e+02 1.592947e+02 1.088520e+02 1.103587e+02 1.828354e+02 1.591530e+02 1.259867e+02 1.494791e+02 1.375004e+02 
9.574704e+01 8.941983e+01 8.144850e+01 1.562145e+02 1.287464e+02 1.180482e+02 9.177014e+01 8.072334e+01 1.283496e+02 8.875618e+01 6.745091e+01 8.615408e+01 1.155141e+02 1.098847e+02 8.620098e+01 1.249892e+02 8.162248e+01 1.179277e+02 8.649154e+01 7.498037e+01 9.761085e+01 9.083909e+01 1.187166e+02 7.904930e+01 9.491878e+01 1.225615e+02 1.066106e+02 9.650970e+01 1.097112e+02 1.086093e+02 
7.823643e+01 5.617906e+01 5.510910e+01 7.425854e+01 7.681197e+01 7.369799e+01 6.412644e+01 6.322642e+01 8.244842e+01 6.509488e+01 5.522569e+01 6.785073e+01 5.597615e+01 9.844520e+01 7.151321e+01 8.010995e+01 4.675760e+01 6.983216e+01 7.001425e+01 6.723239e+01 4.891951e+01 5.761376e+01 7.424296e+01 6.087522e+01 6.844910e+01 6.421905e+01 6.433200e+01 7.227615e+01 6.420794e+01 7.386936e+01 
2.951917e+01 3.703045e+01 3.598136e+01 5.999353e+01 4.360212e+01 5.463627e+01 3.910305e+01 5.628364e+01 7.622640e+01 4.503298e+01 4.812149e+01 5.033848e+01 4.845695e+01 3.186651e+01 6.527709e+01 5.230384e+01 4.003540e+01 4.716098e+01 5.899720e+01 5.636517e+01 3.791318e+01 4.415764e+01 3.236255e+01 5.649134e+01 4.662087e+01 4.926497e+01 4.586774e+01 4.982249e+01 4.659569e+01 4.126184e+01 
2.560210e+01 2.850329e+01 3.334078e+01 4.379959e+01 3.390565e+01 3.512374e+01 3.049364e+01 5.241275e+01 5.934712e+01 3.984301e+01 3.622557e+01 3.363310e+01 3.201782e+01 2.622137e+01 3.578723e+01 2.880157e+01 3.543259e+01 3.799141e+01 3.742366e+01 3.452638e+01 3.328825e+01 3.732205e+01 2.804989e+01 3.015232e+01 3.925664e+01 3.284851e+01 3.805187e+01 4.588260e+01 3.866605e+01 3.715150e+01 
2.381216e+01 2.740214e+01 2.784651e+01 2.335158e+01 3.025534e+01 2.836012e+01 2.515632e+01 3.975688e+01 3.155263e+01 2.944047e+01 3.503523e+01 2.508894e+01 2.754794e+01 2.537433e+01 3.153877e+01 2.526775e+01 2.809585e+01 3.312633e+01 2.438117e+01 2.702456e+01 2.994791e+01 2.719228e+01 2.646042e+01 2.456580e+01 3.603358e+01 2.705414e+01 2.754921e+01 3.852983e+01 3.142966e+01 2.827226e+01 
2.255303e+01 2.337209e+01 2.404889e+01 2.087027e+01 2.548488e+01 2.798507e+01 2.276946e+01 3.612316e+01 2.799141e+01 2.781765e+01 3.238645e+01 2.255188e+01 2.625632e+01 2.501611e+01 2.806591e+01 1.901064e+01 2.223062e+01 2.825454e+01 2.367836e+01 2.676803e+01 2.658391e+01 2.504209e+01 2.499588e+01 2.297848e+01 2.224227e+01 2.501129e+01 1.836230e+01 2.413266e+01 2.406841e+01 2.338341e+01 
2.156566e+01 2.274432e+01 2.018134e+01 2.055224e+01 2.428383e+01 2.643237e+01 2.080839e+01 3.031577e+01 2.279085e+01 2.556855e+01 2.578423e+01 2.205888e+01 2.138264e+01 2.423033e+01 2.723647e+01 1.479594e+01 2.178034e+01 2.734800e+01 2.324747e+01 2.388118e+01 2.349101e+01 2.279409e+01 2.419665e+01 2.187603e+01 2.169060e+01 2.248914e+01 1.013545e+01 2.227876e+01 2.192308e+01 2.286056e+01 
3.121733e-01 2.302091e+00 2.018134e+01 2.000000e+01 9.950786e-01 3.121733e-01 8.448808e-07 2.062429e+01 1.619306e+00 1.619319e+00 6.243465e-01 1.999999e+01 2.000001e+01 2.030770e+01 3.121746e-01 1.307132e+00 2.031089e+01 1.841167e+01 2.302211e+00 1.307132e+00 2.000000e+01 3.127530e-01 3.121735e-01 9.949591e-01 1.999995e+01 2.031230e+01 1.000000e-08 2.031181e+01 2.302091e+00 1.360285e+00 
1.000000e+06 1.000000e+06 1.000000e+06 1.000000e+06 1.000000e+06 1.000000e+06 1.000000e+06 1.000000e+06 1.000000e+06 1.000000e+06 1.000000e+06 1.000000e+06 1.000000e+06 1.000000e+06 1.000000e+06 1.000000e+06 1.000000e+06 1.000000e+06 1.000000e+06 1.000000e+06 1.000000e+06 1.000000e+06 1.000000e+06 1.000000e+06 1.000000e+06 1.000000e+06 9.506090e+05 1.000000e+06 1.000000e+06 1.000000e+06 
