1.795487e+03 2.057919e+03 2.092109e+03 1.638727e+03 1.961758e+03 2.715993e+03 3.188183e+03 1.909808e+03 2.715461e+03 2.755046e+03 2.093295e+03 1.108603e+03 2.389261e+03 1.473250e+03 3.358704e+03 3.105647e+03 5.532719e+02 2.055567e+03 1.374595e+03 1.782549e+03 2.235725e+03 1.669644e+03 3.373635e+02 1.013486e+03 2.520856e+03 1.843517e+03 2.602029e+03 2.381674e+03 1.307999e+03 2.189288e+03 
1.784431e+03 2.057919e+03 2.092109e+03 1.568365e+03 1.544150e+03 2.702942e+03 3.179031e+03 1.715887e+03 2.353498e+03 2.297516e+03 1.199169e+03 1.105063e+03 1.196951e+03 3.623065e+02 3.322728e+03 2.668234e+03 4.673134e+02 2.055567e+03 1.374595e+03 7.905582e+02 1.923652e+03 1.669644e+03 3.373635e+02 6.721664e+02 2.488262e+03 1.130533e+03 2.080316e+03 1.869719e+03 1.291440e+03 1.433528e+03 
7.710029e+02 1.828619e+03 1.890736e+03 1.522043e+03 1.304161e+03 1.646435e+03 2.083915e+03 1.610413e+03 1.653453e+03 1.220890e+03 1.190081e+03 1.105063e+03 1.128633e+03 3.067603e+02 2.838680e+03 1.127899e+03 3.693109e+02 1.951660e+03 5.324566e+02 5.877808e+02 1.724869e+03 1.620100e+03 3.373635e+02 6.721664e+02 2.132862e+03 1.035581e+03 1.947136e+03 9.303676e+02 1.291440e+03 1.433528e+03 
7.269615e+02 1.828619e+03 2.224209e+02 1.300666e+03 1.304161e+03 1.372083e+03 1.503755e+03 1.571716e+03 1.476294e+03 9.738501e+02 7.477351e+02 1.105063e+03 7.616902e+02 3.030286e+02 2.838680e+03 1.127899e+03 3.693109e+02 1.951660e+03 4.525693e+02 5.704794e+02 1.724869e+03 1.358749e+03 2.960301e+02 6.231133e+02 2.119285e+03 7.936695e+02 1.947136e+03 4.280096e+02 8.392942e+02 1.433528e+03 
5.307551e+02 1.679821e+03 1.820541e+02 4.362827e+02 1.232004e+03 4.816282e+02 1.224260e+03 8.090780e+02 7.999621e+02 4.060736e+02 6.996734e+02 9.912110e+02 6.732962e+02 1.977998e+02 6.678144e+02 7.478781e+02 3.363888e+02 5.040678e+02 3.537298e+02 5.704794e+02 1.458117e+03 1.125565e+03 2.960301e+02 2.822077e+02 1.245183e+03 5.579230e+02 1.531144e+03 4.268534e+02 8.204495e+02 1.292683e+03 
2.455360e+02 7.176224e+02 1.271943e+02 2.647529e+02 1.006133e+03 3.101993e+02 8.189183e+02 2.794784e+02 2.803326e+02 3.940485e+02 3.410314e+02 3.833406e+02 4.176318e+02 1.396681e+02 3.489111e+02 6.259858e+02 2.780414e+02 1.633813e+02 2.169430e+02 3.646616e+02 6.300028e+02 8.051151e+02 1.513538e+02 2.796010e+02 5.745330e+02 2.472738e+02 4.500616e+02 3.563778e+02 6.751121e+02 7.985665e+02 
1.953220e+02 3.050969e+02 1.226182e+02 2.552651e+02 4.234551e+02 2.037296e+02 1.989943e+02 2.417726e+02 1.771208e+02 2.496299e+02 1.661239e+02 2.434294e+02 1.087892e+02 1.057166e+02 2.345543e+02 3.162286e+02 2.056901e+02 9.278415e+01 1.617227e+02 2.590425e+02 2.992666e+02 3.274647e+02 1.513538e+02 1.050965e+02 1.438604e+02 1.738182e+02 3.279918e+02 2.122396e+02 2.909104e+02 2.404624e+02 
1.353396e+02 1.757687e+02 1.008819e+02 9.733081e+01 1.513059e+02 1.055925e+02 9.048484e+01 1.265932e+02 1.274990e+02 1.494499e+02 1.274337e+02 1.033216e+02 9.475365e+01 2.716902e+01 1.291946e+02 9.378512e+01 1.278738e+02 7.890118e+01 1.277664e+02 9.749933e+01 7.575777e+01 2.054563e+02 1.120088e+02 7.528690e+01 1.018968e+02 1.081758e+02 1.289008e+02 1.275986e+02 1.164338e+02 9.012474e+01 
6.741479e+01 6.288942e+01 6.583992e+01 3.344168e+01 7.242679e+01 6.085123e+01 5.941024e+01 4.867656e+01 4.684173e+01 7.611902e+01 5.671583e+01 3.442670e+01 7.320206e+01 1.909453e+01 7.743149e+01 7.169158e+01 8.109110e+01 5.422472e+01 7.760693e+01 5.471409e+01 4.633562e+01 5.906959e+01 4.552197e+01 1.846056e+01 5.133535e+01 7.995129e+01 5.353128e+01 4.624712e+01 5.032023e+01 4.423869e+01 
3.015880e+01 3.012119e+01 3.565029e+01 1.657489e+01 3.636329e+01 3.720241e+01 1.933853e+01 2.285317e+01 2.060698e+01 4.400367e+01 2.327259e+01 2.043292e+01 2.979673e+01 1.234223e+01 1.959994e+01 3.114166e+01 3.831944e+01 2.040759e+01 2.681142e+01 1.901156e+01 1.890489e+01 2.728557e+01 3.492001e+01 1.289532e+01 3.554654e+01 1.957509e+01 1.589722e+01 2.310476e+01 2.180079e+01 2.083866e+01 
1.272718e+01 1.401691e+01 2.654519e+01 1.165011e+01 6.120681e+00 1.496624e+01 1.054552e+01 6.028950e+00 9.837531e+00 1.527416e+01 1.122734e+01 1.439829e+01 1.931426e+01 7.629347e+00 1.227982e+01 8.939314e+00 1.088065e+01 1.390435e+01 1.413871e+01 9.934991e+00 7.579696e+00 1.134180e+01 1.398884e+01 1.022945e+01 3.980163e+00 1.043915e+01 1.223124e+01 1.201535e+01 1.118264e+01 9.243340e+00 
9.945462e+00 4.622762e+00 3.742057e+00 3.993679e+00 2.330578e+00 4.482055e+00 3.729561e+00 3.996737e+00 5.074627e+00 9.492793e+00 7.545561e+00 5.869226e+00 2.575728e+00 2.880207e+00 5.645178e+00 6.132690e+00 7.090708e+00 5.194839e+00 1.491573e+00 5.556722e+00 1.540058e+00 7.729701e+00 6.285468e+00 2.349851e+00 1.831762e+00 5.273092e+00 6.294258e+00 8.911541e+00 8.171311e+00 4.196614e+00 
2.006727e+00 6.399340e-01 1.137618e+00 1.104974e+00 6.497149e-01 3.490979e-01 2.097251e+00 3.286171e-01 1.724928e+00 2.015540e+00 2.778243e+00 1.597256e+00 1.023946e+00 1.237790e+00 1.310884e+00 9.241669e-01 8.582527e-01 1.062026e+00 5.406402e-01 8.907339e-01 6.769324e-01 1.175269e+00 1.403572e+00 1.345929e+00 1.129300e+00 1.371153e+00 2.341144e+00 3.198422e+00 2.289306e+00 7.793090e-01 
4.977829e-01 6.544281e-02 1.718161e-01 2.014447e-01 5.788005e-02 2.080204e-02 6.449126e-01 1.408972e-01 1.793062e-01 1.562082e-01 4.788422e-01 1.384160e-01 3.154588e-01 2.391630e-01 2.891532e-01 7.197619e-02 1.048409e-01 3.740341e-01 1.763320e-01 1.452604e-01 3.119866e-01 2.819530e-01 1.610616e-01 3.584170e-01 2.045668e-01 2.718101e-01 2.702178e-01 5.447133e-01 9.505824e-01 1.314255e-01 
8.369546e-02 1.357219e-02 2.461821e-02 1.878665e-01 1.596479e-02 6.527030e-03 5.800135e-02 6.889393e-02 4.921311e-02 2.388593e-02 6.383501e-02 1.857043e-02 2.102450e-02 1.611496e-01 4.839395e-02 1.146482e-02 8.175840e-02 6.117714e-02 2.736887e-02 9.708888e-02 7.384841e-02 7.848941e-02 3.675408e-02 1.769874e-01 9.932379e-02 1.383074e-02 5.105246e-02 1.094208e-01 2.878407e-02 1.560178e-02 
1.000000e-08 1.000000e-08 1.000000e-08 1.000000e-08 1.000000e-08 1.000000e-08 1.000000e-08 1.000000e-08 1.000000e-08 1.000000e-08 1.000000e-08 1.000000e-08 1.000000e-08 1.000000e-08 1.000000e-08 1.000000e-08 1.000000e-08 1.000000e-08 1.000000e-08 1.000000e-08 1.000000e-08 1.000000e-08 1.000000e-08 1.000000e-08 1.000000e-08 1.000000e-08 1.000000e-08 1.000000e-08 1.000000e-08 1.000000e-08 
1.797710e+05 1.854360e+05 1.914190e+05 1.756720e+05 1.805500e+05 1.814530e+05 1.794290e+05 1.784980e+05 1.814440e+05 1.927000e+05 1.829020e+05 1.874900e+05 1.798820e+05 1.826360e+05 1.793100e+05 1.801100e+05 1.829970e+05 1.815700e+05 1.809510e+05 1.870890e+05 1.834660e+05 1.812350e+05 1.815610e+05 1.807770e+05 1.923780e+05 1.847960e+05 1.820290e+05 1.848200e+05 1.799960e+05 1.849620e+05 
