9.686263e+01 8.048374e+01 4.563066e+01 8.487578e+01 9.563643e+01 6.323274e+01 7.714031e+01 7.056714e+01 8.846359e+01 8.160838e+01 8.186778e+01 1.089652e+02 7.453869e+01 7.991505e+01 7.793499e+01 7.123996e+01 1.085673e+02 8.196894e+01 9.994578e+01 8.255831e+01 8.599570e+01 9.770492e+01 7.695627e+01 7.604552e+01 7.349366e+01 6.804701e+01 7.861647e+01 9.125736e+01 9.727085e+01 9.340713e+01 
8.983046e+01 7.593993e+01 4.111733e+01 7.218312e+01 9.023951e+01 6.323274e+01 6.780966e+01 7.056714e+01 8.195283e+01 8.073056e+01 8.186778e+01 9.815670e+01 6.708758e+01 7.564452e+01 5.855220e+01 7.123996e+01 9.411098e+01 8.137829e+01 8.357932e+01 8.210065e+01 8.452735e+01 6.959259e+01 7.457808e+01 6.867541e+01 6.846990e+01 6.382347e+01 7.861647e+01 7.032786e+01 9.727085e+01 9.340713e+01 
8.131095e+01 6.474507e+01 4.111733e+01 7.014478e+01 7.457529e+01 5.923776e+01 6.709832e+01 6.234816e+01 8.195283e+01 4.523254e+01 8.142892e+01 8.187022e+01 5.783515e+01 6.275138e+01 5.278780e+01 7.123996e+01 8.684460e+01 8.056725e+01 8.033642e+01 8.210065e+01 7.355177e+01 5.730834e+01 7.457808e+01 6.867541e+01 6.846990e+01 5.782453e+01 6.212342e+01 7.032786e+01 8.755340e+01 6.909797e+01 
8.018672e+01 5.012459e+01 4.111733e+01 6.953841e+01 6.807889e+01 5.146843e+01 6.645655e+01 6.038258e+01 8.195283e+01 4.523254e+01 6.919044e+01 8.187022e+01 5.783515e+01 5.990972e+01 4.799322e+01 6.103658e+01 7.004468e+01 6.537897e+01 7.900044e+01 7.384105e+01 6.608716e+01 5.730834e+01 7.323389e+01 6.867541e+01 6.846990e+01 5.774590e+01 6.212342e+01 5.323068e+01 8.193978e+01 6.909797e+01 
6.957719e+01 3.827102e+01 3.997195e+01 5.237672e+01 4.680275e+01 4.993963e+01 5.477741e+01 5.966345e+01 6.307174e+01 4.523254e+01 4.756529e+01 5.443507e+01 5.764653e+01 5.713939e+01 4.417727e+01 5.156993e+01 6.710962e+01 6.486073e+01 6.410722e+01 6.040850e+01 6.608716e+01 4.819916e+01 6.599995e+01 5.942523e+01 5.397849e+01 4.707424e+01 4.258395e+01 5.323068e+01 6.424338e+01 5.430710e+01 
4.288896e+01 3.291312e+01 3.970719e+01 4.792749e+01 2.747100e+01 4.104416e+01 4.528021e+01 5.195060e+01 4.206038e+01 3.740364e+01 3.591038e+01 4.295640e+01 4.136371e+01 5.713939e+01 3.400407e+01 3.974538e+01 4.796761e+01 5.193790e+01 5.434986e+01 3.380170e+01 3.778970e+01 3.822562e+01 5.205751e+01 3.018710e+01 4.984662e+01 4.342475e+01 3.344115e+01 4.887876e+01 4.377619e+01 5.430710e+01 
3.261140e+01 3.291312e+01 3.959181e+01 3.258655e+01 2.324509e+01 3.624138e+01 2.637430e+01 4.769994e+01 3.682205e+01 2.821908e+01 3.032884e+01 4.227831e+01 2.592681e+01 3.579576e+01 2.556644e+01 2.925657e+01 4.006965e+01 4.177919e+01 2.592860e+01 3.380170e+01 2.993161e+01 2.651505e+01 3.319557e+01 2.198819e+01 3.581502e+01 3.652896e+01 2.844682e+01 2.914634e+01 3.294340e+01 3.865628e+01 
2.280858e+01 2.263684e+01 2.846193e+01 2.398443e+01 2.012300e+01 2.574621e+01 2.042878e+01 2.770979e+01 2.214832e+01 2.306708e+01 2.431700e+01 2.690403e+01 1.693559e+01 2.726005e+01 2.204361e+01 2.670904e+01 2.459678e+01 2.750550e+01 1.858267e+01 2.757324e+01 2.615368e+01 2.605996e+01 2.287951e+01 1.667561e+01 2.148596e+01 2.290973e+01 2.386912e+01 2.631798e+01 1.930659e+01 2.793882e+01 
1.478500e+01 1.371282e+01 1.903252e+01 2.064686e+01 1.286900e+01 1.505212e+01 1.806716e+01 1.656714e+01 1.798139e+01 1.158783e+01 1.368993e+01 1.805112e+01 1.316304e+01 1.568597e+01 1.297273e+01 1.273988e+01 1.117960e+01 9.643630e+00 1.404540e+01 1.508093e+01 1.057990e+01 2.101811e+01 1.626236e+01 8.399513e+00 1.672108e+01 9.964927e+00 1.388812e+01 1.594944e+01 1.017480e+01 1.753805e+01 
7.919442e+00 5.965721e+00 9.868104e+00 9.115849e+00 6.556212e+00 7.208761e+00 5.033503e+00 8.371859e+00 7.107072e+00 8.012492e+00 9.419877e+00 8.440704e+00 8.165345e+00 5.747943e+00 8.267536e+00 8.237061e+00 6.282601e+00 6.470726e+00 8.578807e+00 6.808509e+00 7.324156e+00 1.078048e+01 6.692681e+00 6.898640e+00 9.209269e+00 8.149651e+00 7.207718e+00 8.947043e+00 9.412924e+00 8.930007e+00 
2.181668e+00 3.745415e+00 4.027204e+00 3.063078e+00 3.605437e+00 3.244450e+00 2.632779e+00 4.901576e+00 3.425349e+00 1.394938e+00 1.739489e+00 4.588175e+00 4.568505e+00 3.660607e+00 3.024031e+00 2.827039e+00 3.544051e+00 3.529463e+00 3.827745e+00 4.150626e+00 3.269754e+00 2.902439e+00 2.198752e+00 3.693577e+00 2.376907e+00 2.805651e+00 3.591614e+00 3.386183e+00 3.572402e+00 3.807528e+00 
1.223021e+00 1.328744e+00 1.078354e+00 1.271029e+00 1.582054e+00 1.336619e+00 1.006721e+00 1.551877e+00 9.610764e-01 4.618282e-01 8.969185e-01 1.719222e+00 1.120113e+00 1.324026e+00 7.639049e-01 9.283670e-01 1.029858e+00 7.928754e-01 1.210454e+00 1.239104e+00 7.415870e-01 2.086085e+00 7.004029e-01 1.145373e+00 1.423060e+00 6.452289e-01 1.111695e+00 8.645676e-01 1.078947e+00 1.151861e+00 
2.295147e-01 3.106616e-01 2.366562e-01 3.247768e-01 2.535063e-01 2.403050e-01 1.222085e-01 3.160092e-01 2.584387e-01 1.057071e-01 2.482646e-01 2.114293e-01 2.491163e-01 3.703985e-01 2.337363e-01 1.322861e-01 3.583574e-01 2.120505e-01 3.031736e-01 1.631856e-01 1.904197e-01 2.108792e-01 2.729263e-01 2.851183e-01 2.910795e-01 1.536509e-01 1.598411e-01 2.514312e-01 1.574329e-01 1.728253e-01 
1.006812e-02 1.596940e-02 1.888075e-02 7.082680e-03 1.988566e-02 2.178811e-02 1.989531e-02 1.909594e-02 2.421357e-02 1.197177e-02 1.819282e-02 1.888324e-02 1.386207e-02 1.420353e-02 1.690540e-02 2.324865e-02 1.530160e-02 3.077439e-02 1.563420e-02 1.492053e-02 1.349818e-02 2.009441e-02 1.601939e-02 1.819815e-02 1.893024e-02 2.054296e-02 1.301463e-02 2.059911e-02 1.401427e-02 1.467165e-02 
9.643927e-04 1.580308e-03 3.543085e-03 2.567079e-03 2.453324e-03 2.759441e-03 1.506065e-03 2.111831e-03 1.658326e-03 1.687491e-03 1.674513e-03 2.765863e-03 1.491554e-03 2.327178e-03 1.443645e-03 2.054121e-03 1.665349e-03 2.773787e-03 5.479977e-04 1.366944e-03 7.009022e-04 1.577965e-03 2.039722e-03 1.916450e-03 1.909575e-03 1.164318e-03 2.009701e-03 2.019598e-03 2.565557e-03 1.837245e-03 
1.421196e-06 3.395076e-06 1.000000e-08 1.000000e-08 1.000000e-08 1.000000e-08 3.552798e-07 1.000000e-08 1.000000e-08 1.000000e-08 1.000000e-08 1.000000e-08 1.000000e-08 2.078003e-05 1.000000e-08 1.000000e-08 1.000000e-08 1.000000e-08 1.000000e-08 1.000000e-08 1.000000e-08 1.000000e-08 1.000000e-08 1.000000e-08 3.552957e-07 1.421119e-06 1.000000e-08 1.000000e-08 1.000000e-08 1.000000e-08 
2.000000e+05 2.000000e+05 1.934710e+05 1.953480e+05 1.970550e+05 1.949060e+05 2.000000e+05 1.968480e+05 1.936300e+05 1.957170e+05 1.934380e+05 1.959590e+05 1.943900e+05 2.000000e+05 1.942820e+05 1.969060e+05 1.951430e+05 1.928000e+05 1.949490e+05 1.925560e+05 1.962780e+05 1.931080e+05 1.931690e+05 1.962530e+05 2.000000e+05 2.000000e+05 1.940720e+05 1.951180e+05 1.935070e+05 1.937390e+05 
