1.924668e+03 1.158513e+03 1.419742e+03 6.375773e+02 1.709347e+03 1.046991e+03 1.653037e+03 2.306277e+03 1.416369e+03 2.087377e+03 2.543145e+03 2.472522e+03 1.819741e+03 1.630007e+03 8.832014e+02 2.395526e+03 1.505718e+03 6.897174e+02 2.586850e+03 1.145807e+03 2.248297e+03 1.414174e+03 5.683887e+02 1.238938e+03 5.138651e+02 1.138159e+03 1.591752e+03 2.083627e+03 1.505895e+03 1.375026e+03 
1.902026e+03 9.241072e+02 1.373149e+03 6.375773e+02 1.663319e+03 1.046991e+03 1.629805e+03 1.559569e+03 1.416369e+03 1.642211e+03 2.418636e+03 1.494510e+03 1.568600e+03 1.567883e+03 8.587699e+02 2.193894e+03 1.152353e+03 6.897174e+02 2.504608e+03 1.046806e+03 2.049264e+03 1.145653e+03 4.704072e+02 1.238938e+03 4.972639e+02 1.095663e+03 1.476769e+03 1.740336e+03 1.339159e+03 1.375026e+03 
1.743828e+03 8.753456e+02 1.325367e+03 4.087414e+02 1.478297e+03 8.134146e+02 1.625013e+03 1.559569e+03 1.416369e+03 1.251310e+03 2.418636e+03 1.494510e+03 1.544114e+03 1.131379e+03 8.587699e+02 2.193894e+03 9.305637e+02 6.897174e+02 2.265918e+03 9.055999e+02 1.372327e+03 1.070475e+03 4.675277e+02 9.525922e+02 4.972639e+02 9.898287e+02 1.476769e+03 1.740336e+03 1.310150e+03 1.375026e+03 
1.396503e+03 8.567171e+02 1.175729e+03 3.224207e+02 1.433953e+03 7.566676e+02 1.452715e+03 1.173775e+03 1.263318e+03 1.051450e+03 1.983972e+03 1.306628e+03 1.314584e+03 1.026486e+03 8.436041e+02 1.814996e+03 9.305637e+02 5.264717e+02 9.438650e+02 4.734941e+02 1.021369e+03 1.070475e+03 4.675277e+02 9.525922e+02 4.972639e+02 9.898287e+02 1.418979e+03 1.225788e+03 1.087887e+03 8.366348e+02 
1.037337e+03 6.826842e+02 8.980879e+02 3.212684e+02 9.328290e+02 6.522848e+02 1.452715e+03 1.154997e+03 5.945608e+02 8.920463e+02 1.973613e+03 5.788919e+02 8.141416e+02 5.569567e+02 2.998041e+02 1.007551e+03 8.134301e+02 5.264717e+02 8.843703e+02 4.601825e+02 8.419710e+02 9.414014e+02 4.431001e+02 7.147696e+02 4.972639e+02 5.709909e+02 8.727985e+02 8.948006e+02 9.081077e+02 5.298456e+02 
9.292188e+02 3.663221e+02 8.317103e+02 2.464995e+02 6.312422e+02 5.106311e+02 7.064634e+02 6.403840e+02 4.744011e+02 4.360321e+02 7.189550e+02 4.000025e+02 5.171169e+02 4.530257e+02 2.759480e+02 7.114410e+02 7.848755e+02 4.939012e+02 7.939687e+02 4.181771e+02 3.397216e+02 7.758623e+02 3.019651e+02 5.037644e+02 2.977473e+02 3.929068e+02 7.582411e+02 5.381792e+02 3.554806e+02 3.864691e+02 
3.778246e+02 2.346106e+02 3.739505e+02 2.251131e+02 2.933837e+02 2.264376e+02 3.235280e+02 2.428897e+02 4.049182e+02 3.764801e+02 4.933954e+02 2.472203e+02 2.673991e+02 3.612604e+02 2.037314e+02 2.284966e+02 4.629969e+02 4.302501e+02 4.622251e+02 2.336475e+02 2.682993e+02 4.331848e+02 2.240783e+02 3.617663e+02 2.694086e+02 3.375318e+02 6.081567e+02 5.037100e+02 2.787671e+02 3.231298e+02 
2.173530e+02 1.996807e+02 2.973604e+02 1.783434e+02 2.341606e+02 2.036785e+02 2.020213e+02 2.104595e+02 1.966688e+02 2.214202e+02 2.676129e+02 2.114357e+02 2.419492e+02 2.077425e+02 1.908956e+02 2.152885e+02 2.706224e+02 1.826590e+02 3.730120e+02 1.791534e+02 1.823166e+02 1.959325e+02 2.046545e+02 2.215448e+02 2.065186e+02 1.928568e+02 2.681795e+02 2.484494e+02 2.061504e+02 2.338848e+02 
1.932190e+02 1.764438e+02 1.752536e+02 1.751441e+02 1.910445e+02 1.793243e+02 1.704331e+02 1.687662e+02 1.734799e+02 1.869834e+02 2.137813e+02 1.896379e+02 1.976250e+02 1.954987e+02 1.655671e+02 1.738766e+02 1.945361e+02 1.740153e+02 1.893812e+02 1.783533e+02 1.722187e+02 1.644989e+02 1.833233e+02 1.778328e+02 1.895482e+02 1.632916e+02 1.689097e+02 1.703876e+02 1.747440e+02 1.901683e+02 
1.612098e+02 1.639143e+02 1.583224e+02 1.545301e+02 1.680243e+02 1.629486e+02 1.670102e+02 1.584708e+02 1.592006e+02 1.656256e+02 1.419276e+02 1.577120e+02 1.595516e+02 1.563470e+02 1.526193e+02 1.576431e+02 1.638929e+02 1.579468e+02 1.596206e+02 1.562385e+02 1.639632e+02 1.586432e+02 1.637509e+02 1.586419e+02 1.633732e+02 1.584100e+02 1.532215e+02 1.661764e+02 1.571427e+02 1.569119e+02 
1.531610e+02 1.548763e+02 1.531061e+02 1.461160e+02 1.557098e+02 1.554924e+02 1.542313e+02 1.185647e+02 1.487881e+02 1.537272e+02 1.277611e+02 1.470280e+02 1.502064e+02 1.519960e+02 1.481475e+02 1.540387e+02 1.555470e+02 1.532223e+02 1.526056e+02 1.529877e+02 8.626063e+01 1.524656e+02 1.541496e+02 1.536266e+02 1.497272e+02 1.510027e+02 1.527111e+02 1.534736e+02 1.522436e+02 1.538213e+02 
1.517207e+02 1.518527e+02 1.415501e+02 1.282289e+02 1.426258e+02 1.463170e+02 1.431563e+02 5.272312e+01 1.403357e+02 1.516653e+02 1.064781e+02 1.407515e+02 1.406073e+02 1.456876e+02 1.327412e+02 1.326807e+02 1.480207e+02 1.499571e+02 1.510914e+02 1.520697e+02 3.413056e+01 1.499087e+02 1.437526e+02 1.273348e+02 1.109950e+02 1.198263e+02 1.360474e+02 1.519872e+02 1.485914e+02 1.511145e+02 
1.430742e+02 1.506132e+02 9.810118e+01 8.290775e+01 8.383701e+01 1.328524e+02 7.589829e+01 1.788570e+01 7.663980e+01 1.489619e+02 4.155895e+01 9.057591e+01 4.754747e+01 9.426512e+01 8.355818e+01 7.778737e+01 1.391456e+02 1.392246e+02 1.315475e+02 1.474482e+02 9.318787e+00 1.243246e+02 9.641020e+01 5.396174e+01 4.026276e+01 1.638720e+01 1.140015e+02 1.503893e+02 1.270202e+02 1.506408e+02 
1.246224e+02 1.485048e+02 2.403502e+01 3.181617e+01 1.669494e+01 5.842103e+01 9.151398e+00 5.721691e-01 8.512688e+00 1.052178e+02 1.244379e+01 4.732067e+01 1.136778e+01 1.984920e+01 1.586280e+01 2.155221e+01 1.120567e+02 5.177309e+01 7.565828e+01 1.217856e+02 7.767499e-01 2.060375e+01 2.962368e+01 5.343870e+00 1.201912e+01 3.286001e+00 2.740854e+01 1.439054e+02 2.885821e+01 1.152476e+02 
2.351633e-01 3.834930e-01 8.594282e-01 8.729440e-01 1.700554e-01 7.055309e-01 6.140005e-01 3.546630e-01 5.633137e-01 6.110739e-01 5.110663e-01 5.944047e-01 4.561671e-01 5.159843e-01 2.300059e-01 6.826272e-01 2.325708e-01 2.595622e-01 9.530134e-01 1.105022e+00 5.203289e-01 6.412556e-01 2.642210e-01 3.536277e-01 1.108527e+00 3.630542e-01 3.478406e-01 8.038626e-01 1.124161e+00 3.097604e-01 
1.000000e-08 1.000000e-08 1.000000e-08 1.000000e-08 1.000000e-08 1.000000e-08 1.000000e-08 1.000000e-08 1.000000e-08 1.000000e-08 1.000000e-08 1.000000e-08 1.000000e-08 1.000000e-08 1.000000e-08 1.000000e-08 1.000000e-08 1.000000e-08 1.000000e-08 1.000000e-08 1.000000e-08 1.000000e-08 1.000000e-08 1.000000e-08 1.000000e-08 1.000000e-08 1.000000e-08 1.000000e-08 1.000000e-08 1.000000e-08 
1.623490e+05 1.628150e+05 1.632970e+05 1.642350e+05 1.620850e+05 1.643380e+05 1.629910e+05 1.638140e+05 1.630780e+05 1.634960e+05 1.630760e+05 1.644210e+05 1.632950e+05 1.637480e+05 1.606870e+05 1.632310e+05 1.617320e+05 1.605710e+05 1.616240e+05 1.639840e+05 1.636470e+05 1.639830e+05 1.623530e+05 1.630090e+05 1.639620e+05 1.621750e+05 1.617560e+05 1.636260e+05 1.640880e+05 1.623490e+05 
