9.270083e+03 9.199221e+03 1.020856e+04 9.094905e+03 1.001098e+04 3.973228e+03 6.871594e+03 8.488595e+03 6.710325e+03 8.748423e+03 6.724776e+03 4.959770e+03 6.148703e+03 6.373578e+03 3.294702e+03 6.543532e+03 2.720837e+03 5.775543e+03 5.768071e+03 6.932596e+03 5.902733e+03 5.111721e+03 4.229597e+03 8.234028e+03 3.687244e+03 7.699275e+03 6.413369e+03 9.317140e+03 7.477414e+03 4.940413e+03 
8.531368e+03 9.199221e+03 1.020856e+04 8.264787e+03 9.516639e+03 3.758710e+03 5.269689e+03 8.421295e+03 6.681950e+03 8.748423e+03 6.384978e+03 4.959770e+03 5.903600e+03 6.373578e+03 3.294702e+03 6.391594e+03 2.720837e+03 5.775543e+03 5.768071e+03 6.377744e+03 5.902733e+03 5.111721e+03 4.229597e+03 8.097062e+03 3.605907e+03 7.076136e+03 6.413369e+03 9.317140e+03 7.477414e+03 4.940413e+03 
7.194006e+03 9.086223e+03 9.719634e+03 8.264787e+03 8.836075e+03 3.626252e+03 5.269689e+03 8.421295e+03 6.667236e+03 5.465479e+03 6.384978e+03 4.577969e+03 5.862579e+03 3.936046e+03 3.294702e+03 6.225675e+03 2.696747e+03 5.415518e+03 5.488929e+03 6.226211e+03 5.128487e+03 4.809105e+03 4.168716e+03 8.017735e+03 2.519123e+03 6.583358e+03 6.113437e+03 7.869472e+03 6.018908e+03 4.940413e+03 
7.170920e+03 8.607069e+03 7.123528e+03 6.574794e+03 8.293383e+03 3.483746e+03 4.728107e+03 6.820871e+03 6.341663e+03 5.294329e+03 5.803237e+03 4.485612e+03 5.670163e+03 3.099754e+03 3.294702e+03 3.982063e+03 2.033224e+03 4.660414e+03 5.242942e+03 6.186493e+03 5.097058e+03 4.539471e+03 3.763268e+03 5.092055e+03 2.507257e+03 4.577521e+03 5.739992e+03 5.013217e+03 5.817918e+03 4.473068e+03 
4.854504e+03 3.275428e+03 5.120186e+03 4.337152e+03 5.901172e+03 3.286320e+03 4.542803e+03 6.714233e+03 3.875425e+03 5.294329e+03 3.849441e+03 4.318243e+03 4.824602e+03 3.099754e+03 3.289515e+03 3.564884e+03 1.898613e+03 2.393728e+03 3.372389e+03 3.921931e+03 4.564428e+03 4.005510e+03 2.605327e+03 4.483212e+03 2.213523e+03 4.299921e+03 4.363458e+03 3.310191e+03 5.080120e+03 4.066469e+03 
2.789588e+03 2.417143e+03 4.057354e+03 2.593624e+03 3.161783e+03 2.823924e+03 2.398020e+03 5.248680e+03 3.572766e+03 3.118411e+03 2.647338e+03 2.484396e+03 3.268734e+03 2.276920e+03 2.705373e+03 2.232210e+03 1.691372e+03 2.077290e+03 2.687517e+03 2.758820e+03 2.919130e+03 2.348839e+03 2.531257e+03 2.635845e+03 1.540563e+03 2.842800e+03 2.715195e+03 2.039995e+03 3.381422e+03 1.305700e+03 
1.810688e+03 1.632562e+03 1.102893e+03 5.914619e+02 1.166258e+03 1.250808e+03 1.706861e+03 1.273854e+03 1.414159e+03 1.301742e+03 1.638681e+03 1.206884e+03 2.062634e+03 9.684885e+02 1.035911e+03 1.368491e+03 9.541943e+02 1.163260e+03 5.606980e+02 1.436939e+03 1.139019e+03 1.248581e+03 2.164980e+03 1.144871e+03 9.916064e+02 1.784347e+03 1.648377e+03 1.324857e+03 1.326374e+03 3.468191e+02 
4.987813e+02 7.470150e+02 6.491499e+02 3.209784e+02 5.386579e+02 5.067274e+02 8.344380e+02 4.705970e+02 3.624311e+02 5.439969e+02 6.492033e+02 4.873433e+02 6.746188e+02 3.541323e+02 3.143838e+02 8.743071e+02 3.323943e+02 6.281273e+02 3.120582e+02 8.536338e+02 5.947138e+02 4.854856e+02 7.148265e+02 5.152551e+02 4.957889e+02 4.222790e+02 4.889390e+02 5.563602e+02 7.025431e+02 2.317900e+02 
1.614252e+02 2.648068e+02 2.484965e+02 1.737919e+02 2.455377e+02 1.371571e+02 1.883904e+02 2.216333e+02 1.450090e+02 2.138807e+02 2.744418e+02 1.593850e+02 2.236895e+02 1.801221e+02 1.615755e+02 1.681698e+02 2.468517e+02 2.093223e+02 1.694436e+02 2.607920e+02 2.526047e+02 2.377051e+02 2.921630e+02 1.589469e+02 2.986459e+02 2.477627e+02 1.998224e+02 1.989636e+02 2.564504e+02 8.801475e+01 
1.122252e+02 1.027602e+02 8.492001e+01 6.654055e+01 1.142681e+02 8.505080e+01 9.265142e+01 1.037774e+02 8.439228e+01 9.864234e+01 1.301028e+02 1.135118e+02 9.559872e+01 7.275153e+01 8.372109e+01 8.236474e+01 1.084415e+02 9.974829e+01 9.867791e+01 1.054390e+02 1.049984e+02 9.760853e+01 8.820776e+01 9.406924e+01 1.313536e+02 9.891243e+01 1.057342e+02 4.255274e+01 1.326224e+02 7.707945e+01 
6.301394e+01 4.670372e+01 5.684108e+01 3.587089e+01 5.970809e+01 6.091867e+01 6.040620e+01 4.726954e+01 5.813739e+01 5.809560e+01 6.569550e+01 6.199877e+01 4.737658e+01 5.663917e+01 5.620113e+01 5.778469e+01 5.476030e+01 6.317952e+01 5.424955e+01 5.658045e+01 6.256540e+01 6.722005e+01 6.191510e+01 6.186449e+01 6.527025e+01 6.093184e+01 6.474368e+01 2.525393e+01 5.498819e+01 5.796134e+01 
2.740906e+01 3.413125e+01 2.930765e+01 2.004802e+01 4.887846e+01 1.982357e+01 5.061188e+01 2.139568e+01 2.267929e+01 5.046879e+01 5.181065e+01 5.140246e+01 2.411388e+01 4.670248e+01 4.984325e+01 4.747772e+01 2.557711e+01 5.019111e+01 4.883752e+01 5.157085e+01 5.152086e+01 4.877240e+01 5.210233e+01 5.014368e+01 5.062300e+01 2.081002e+01 4.311781e+01 1.661945e+01 4.967527e+01 3.999456e+01 
1.526358e+01 7.535198e+00 1.066120e+01 1.554336e+01 3.375049e+01 8.020226e+00 2.824650e+01 6.832306e+00 8.949461e+00 9.704234e+00 4.061464e+01 4.015270e+01 1.261631e+01 3.462542e+01 3.560722e+01 1.986345e+01 8.137234e+00 4.027604e+01 3.387363e+01 3.421876e+01 1.193876e+01 4.567621e+01 4.524884e+01 4.547083e+01 3.644955e+01 4.683589e+00 3.203562e+01 3.372729e+00 3.419053e+01 2.950911e+01 
7.483842e+00 5.033336e+00 6.678915e+00 9.751621e+00 6.462102e+00 4.305886e+00 2.202474e+01 1.702391e+00 6.801481e+00 1.889648e+00 3.057294e+01 2.892614e+01 5.230235e+00 2.973584e+01 5.803413e+00 4.559536e+00 3.492956e+00 3.058393e+01 2.743620e+01 1.756559e+01 5.554747e+00 3.015523e+01 5.998651e+00 2.933457e+01 2.420786e+01 1.972937e+00 8.307097e+00 1.126516e+00 2.407470e+01 2.359630e+01 
6.550447e+00 4.751672e+00 5.635879e+00 4.290445e+00 5.843400e+00 4.106499e+00 7.765271e+00 6.665132e-01 6.668369e+00 8.573579e-01 8.983654e+00 4.173871e+00 3.217709e+00 1.368430e+01 4.711661e-01 2.966606e+00 3.149013e+00 1.254890e+01 6.825932e+00 1.459039e+00 3.573806e+00 6.222446e+00 1.712317e+00 5.648891e+00 6.032343e+00 1.125761e+00 4.834227e+00 4.423770e-01 9.293344e+00 8.048047e+00 
1.000000e-08 1.000000e-08 1.000000e-08 1.000000e-08 1.000000e-08 1.000000e-08 1.000000e-08 1.000000e-08 1.000000e-08 1.000000e-08 1.000000e-08 1.000000e-08 1.000000e-08 1.000000e-08 1.000000e-08 1.000000e-08 1.000000e-08 1.000000e-08 1.000000e-08 1.000000e-08 1.000000e-08 1.000000e-08 1.000000e-08 1.000000e-08 1.000000e-08 1.000000e-08 1.000000e-08 1.000000e-08 1.000000e-08 1.000000e-08 
8.683180e+05 7.899810e+05 8.790610e+05 8.623110e+05 8.833700e+05 8.423810e+05 7.939200e+05 8.494660e+05 8.368390e+05 8.973410e+05 8.768690e+05 8.108770e+05 8.372150e+05 8.287390e+05 8.400600e+05 8.442780e+05 8.866930e+05 9.054610e+05 8.333580e+05 9.162280e+05 8.014290e+05 8.933410e+05 8.619280e+05 8.009900e+05 8.105360e+05 8.162620e+05 8.295520e+05 8.734150e+05 7.801020e+05 8.429080e+05 
