1.655067e+03 2.017412e+03 1.252490e+03 1.108649e+03 1.800511e+03 1.312496e+03 1.634772e+03 1.333157e+03 1.757446e+03 1.350093e+03 1.320225e+03 1.663701e+03 1.302868e+03 1.423888e+03 1.472261e+03 1.204108e+03 1.290939e+03 1.378259e+03 1.195480e+03 1.862198e+03 1.441837e+03 1.128069e+03 1.684243e+03 9.842994e+02 1.398505e+03 1.043019e+03 9.881333e+02 1.225560e+03 1.866123e+03 1.452013e+03 
1.653953e+03 2.017412e+03 1.252490e+03 1.108649e+03 1.763337e+03 1.312496e+03 1.555323e+03 1.325941e+03 1.755189e+03 1.276664e+03 1.320225e+03 1.589621e+03 1.301839e+03 1.423888e+03 1.472261e+03 1.158093e+03 1.107061e+03 1.378259e+03 1.182440e+03 1.828449e+03 1.441837e+03 1.108588e+03 1.684243e+03 9.842994e+02 1.398505e+03 1.043019e+03 9.869287e+02 1.186314e+03 1.515514e+03 1.397167e+03 
1.380769e+03 2.017412e+03 1.252490e+03 1.103452e+03 1.763337e+03 8.280756e+02 1.296858e+03 1.316636e+03 1.738270e+03 1.276664e+03 1.320225e+03 1.363509e+03 1.301839e+03 1.365599e+03 1.424662e+03 1.065315e+03 1.081602e+03 1.372959e+03 1.138680e+03 1.802397e+03 1.396120e+03 1.108588e+03 1.632880e+03 9.313316e+02 1.269414e+03 1.039472e+03 9.868933e+02 1.181962e+03 1.313967e+03 1.397167e+03 
1.313610e+03 1.469126e+03 1.194870e+03 1.072177e+03 1.362233e+03 7.690758e+02 1.296080e+03 1.316636e+03 1.368112e+03 1.270989e+03 1.284893e+03 1.363509e+03 1.177410e+03 1.277065e+03 1.144532e+03 1.065315e+03 1.022636e+03 1.270024e+03 1.116329e+03 1.626200e+03 1.142523e+03 9.901475e+02 1.632880e+03 7.639676e+02 1.217107e+03 1.016319e+03 8.628400e+02 1.113537e+03 1.313967e+03 1.165602e+03 
9.922695e+02 1.441818e+03 1.077462e+03 8.032005e+02 1.059334e+03 7.616944e+02 1.092579e+03 1.120276e+03 1.127868e+03 1.022865e+03 1.104369e+03 1.243135e+03 9.095122e+02 1.277065e+03 9.106483e+02 9.347290e+02 1.022636e+03 9.619045e+02 1.097266e+03 1.208575e+03 1.073701e+03 8.910556e+02 1.298107e+03 6.757756e+02 9.829589e+02 8.154816e+02 8.436845e+02 1.041614e+03 8.728112e+02 9.865371e+02 
6.498064e+02 8.432988e+02 8.362268e+02 6.768920e+02 8.703716e+02 7.100957e+02 9.588520e+02 8.597375e+02 9.773541e+02 9.708394e+02 9.292907e+02 7.588096e+02 5.905279e+02 8.673074e+02 7.657407e+02 6.754770e+02 8.326368e+02 6.081367e+02 9.668995e+02 8.722896e+02 7.836565e+02 6.384884e+02 1.051759e+03 5.715918e+02 8.670471e+02 4.597763e+02 7.410371e+02 9.241308e+02 6.534788e+02 6.554676e+02 
4.596451e+02 5.308175e+02 5.649523e+02 5.392865e+02 6.788204e+02 5.573521e+02 6.849847e+02 6.387936e+02 6.147634e+02 6.594307e+02 5.954103e+02 5.405044e+02 5.236113e+02 6.466799e+02 4.917120e+02 6.235541e+02 4.778525e+02 5.416253e+02 5.585004e+02 5.304221e+02 6.348250e+02 4.778944e+02 6.705862e+02 5.007783e+02 5.900166e+02 4.074219e+02 6.708874e+02 6.368975e+02 4.810306e+02 4.426286e+02 
3.325783e+02 4.408466e+02 3.639796e+02 4.538471e+02 4.882820e+02 4.127923e+02 4.395609e+02 4.555140e+02 4.529930e+02 4.299228e+02 4.006480e+02 4.308460e+02 3.848202e+02 4.655029e+02 3.726655e+02 4.351321e+02 3.347503e+02 4.197265e+02 4.468864e+02 3.441465e+02 4.436813e+02 3.768612e+02 3.842171e+02 4.366797e+02 4.383575e+02 3.971016e+02 4.525999e+02 4.142983e+02 3.917726e+02 3.926356e+02 
2.988241e+02 3.212232e+02 3.384957e+02 3.399571e+02 3.323769e+02 3.079505e+02 3.259421e+02 3.083190e+02 3.391313e+02 3.426196e+02 3.371352e+02 3.237471e+02 3.089979e+02 3.253182e+02 3.125270e+02 3.023008e+02 2.988999e+02 3.221923e+02 3.322445e+02 3.051495e+02 3.424042e+02 3.427507e+02 3.353610e+02 3.215654e+02 3.461418e+02 3.289343e+02 3.363454e+02 3.186312e+02 3.416549e+02 3.538778e+02 
2.799473e+02 2.938350e+02 2.877528e+02 2.790736e+02 2.750761e+02 2.939669e+02 2.974102e+02 2.838979e+02 2.961154e+02 2.851906e+02 2.915785e+02 2.757324e+02 2.801013e+02 2.828682e+02 3.010718e+02 2.693287e+02 2.755106e+02 2.826063e+02 2.804775e+02 2.836138e+02 2.712767e+02 2.863060e+02 2.696621e+02 2.721797e+02 2.711409e+02 2.915844e+02 2.875457e+02 2.829455e+02 3.023050e+02 2.838391e+02 
2.644869e+02 2.693851e+02 2.662106e+02 2.642586e+02 2.619489e+02 2.625659e+02 2.540744e+02 2.689023e+02 2.643572e+02 2.581846e+02 2.490816e+02 2.548832e+02 2.664655e+02 2.627552e+02 2.691725e+02 2.550260e+02 2.596520e+02 2.603098e+02 2.564739e+02 2.633745e+02 2.633622e+02 2.634812e+02 2.560119e+02 2.640310e+02 2.541187e+02 2.573333e+02 2.592818e+02 2.676870e+02 2.632752e+02 2.567719e+02 
2.595617e+02 2.596475e+02 2.511661e+02 2.533326e+02 2.565742e+02 2.517018e+02 2.494933e+02 2.613138e+02 2.582388e+02 2.534853e+02 2.444597e+02 2.488169e+02 2.548833e+02 2.561130e+02 2.557599e+02 2.498462e+02 2.524108e+02 2.554648e+02 2.496036e+02 2.565353e+02 2.579424e+02 2.461549e+02 2.527952e+02 2.530322e+02 2.492171e+02 2.536305e+02 2.516686e+02 2.571027e+02 2.559291e+02 2.530142e+02 
2.572799e+02 2.490204e+02 2.487888e+02 2.497114e+02 2.525077e+02 2.495170e+02 2.457356e+02 2.548694e+02 2.492895e+02 2.446435e+02 2.406014e+02 2.416803e+02 2.476301e+02 2.522827e+02 2.480556e+02 2.433768e+02 2.487122e+02 2.487035e+02 2.473546e+02 2.550603e+02 2.484652e+02 2.435555e+02 2.458862e+02 2.522362e+02 2.470085e+02 2.432352e+02 2.478371e+02 2.502209e+02 2.531625e+02 2.507415e+02 
2.564744e+02 2.482720e+02 2.483437e+02 2.479261e+02 2.518849e+02 2.448811e+02 2.454795e+02 2.532899e+02 2.399373e+02 2.440222e+02 2.398725e+02 2.391771e+02 2.472667e+02 2.495789e+02 2.469449e+02 2.420742e+02 2.432072e+02 2.479474e+02 2.468804e+02 2.540099e+02 2.477969e+02 2.405613e+02 2.450276e+02 2.486615e+02 2.464255e+02 2.418564e+02 2.463640e+02 2.494784e+02 2.523190e+02 2.494122e+02 
2.475440e+02 2.472652e+02 2.483242e+02 2.455134e+02 2.504423e+02 2.403218e+02 2.454628e+02 2.448029e+02 2.395094e+02 2.429455e+02 2.398670e+02 2.390608e+02 2.452261e+02 2.421549e+02 2.468966e+02 2.420581e+02 2.431705e+02 2.476387e+02 2.468586e+02 2.512411e+02 2.455570e+02 2.400285e+02 2.447079e+02 2.472886e+02 2.447633e+02 2.397300e+02 2.457291e+02 2.494669e+02 2.455194e+02 2.424097e+02 
2.331295e+02 2.375696e+02 2.332961e+02 2.368304e+02 2.333095e+02 2.345417e+02 2.308063e+02 2.330354e+02 2.394418e+02 2.388588e+02 2.338404e+02 2.323854e+02 2.339743e+02 2.377463e+02 2.330263e+02 2.388588e+02 2.349471e+02 2.375822e+02 2.340731e+02 2.356150e+02 2.322603e+02 2.388588e+02 2.388588e+02 2.394418e+02 2.331904e+02 2.339840e+02 2.388588e+02 2.388588e+02 2.331819e+02 2.367406e+02 
1.000000e+06 1.000000e+06 1.000000e+06 1.000000e+06 1.000000e+06 1.000000e+06 1.000000e+06 1.000000e+06 1.000000e+06 1.000000e+06 1.000000e+06 1.000000e+06 1.000000e+06 1.000000e+06 1.000000e+06 1.000000e+06 1.000000e+06 1.000000e+06 1.000000e+06 1.000000e+06 1.000000e+06 1.000000e+06 1.000000e+06 1.000000e+06 1.000000e+06 1.000000e+06 1.000000e+06 1.000000e+06 1.000000e+06 1.000000e+06 
