3.684006e+03 9.049766e+02 3.580845e+03 5.518744e+03 1.124368e+03 4.314875e+02 2.087303e+03 3.531028e+03 7.512326e+02 1.648740e+03 1.610763e+03 5.463968e+02 9.865958e+02 1.502786e+03 8.166040e+02 1.748081e+03 1.201070e+04 1.799535e+03 1.323475e+03 1.173126e+03 1.713590e+03 1.180545e+03 1.581053e+03 5.452939e+03 6.609562e+02 1.389266e+03 2.810819e+04 1.207923e+03 2.137450e+03 9.890297e+02 
3.684006e+03 5.923529e+02 1.402710e+03 1.496263e+03 1.124368e+03 4.314875e+02 2.087303e+03 3.530388e+03 7.512326e+02 1.538647e+03 1.419001e+03 5.463968e+02 9.865958e+02 9.416768e+02 4.931295e+02 1.748081e+03 1.198295e+04 1.799535e+03 7.885455e+02 1.173126e+03 1.713590e+03 1.171714e+03 1.553437e+03 5.402213e+03 6.349752e+02 9.287246e+02 1.693205e+04 1.207923e+03 2.137450e+03 8.275829e+02 
3.684006e+03 5.922702e+02 1.402710e+03 1.488940e+03 9.083721e+02 4.314875e+02 2.087146e+03 3.530388e+03 7.499204e+02 8.908756e+02 1.419001e+03 5.463968e+02 9.805321e+02 8.916281e+02 4.854935e+02 1.746227e+03 1.198295e+04 1.795444e+03 7.885455e+02 1.173126e+03 8.301809e+02 1.164785e+03 1.553437e+03 5.402213e+03 6.292908e+02 9.287246e+02 2.469018e+03 1.010948e+03 1.842888e+03 7.370337e+02 
3.676731e+03 5.922702e+02 1.401171e+03 1.403776e+03 8.604847e+02 4.314875e+02 2.087146e+03 2.354653e+03 7.457072e+02 8.802572e+02 1.412238e+03 5.463968e+02 9.805321e+02 7.660845e+02 4.854935e+02 1.282497e+03 8.322026e+02 1.791848e+03 7.881442e+02 1.168707e+03 7.013296e+02 7.770391e+02 9.612107e+02 5.398858e+03 5.933716e+02 3.565254e+02 2.317977e+03 7.009875e+02 5.391597e+02 7.370337e+02 
1.457741e+03 3.228856e+02 8.056709e+02 1.390576e+03 3.324247e+02 4.311781e+02 2.087146e+03 7.162683e+02 6.123557e+02 3.416854e+02 6.036221e+02 5.445195e+02 9.350300e+02 6.392502e+02 4.841179e+02 2.369930e+02 6.628126e+02 1.131136e+03 2.882744e+02 9.042510e+02 5.860563e+02 1.604629e+02 1.511147e+02 1.549496e+03 5.699551e+02 3.522023e+02 1.351984e+03 6.010851e+02 4.897667e+02 7.347782e+02 
8.378501e+02 3.069362e+02 7.973214e+02 4.397208e+02 1.582147e+02 4.311781e+02 5.291954e+02 5.683461e+02 4.735560e+02 3.307872e+02 5.151776e+02 2.600189e+02 9.211366e+02 6.350586e+02 4.801835e+02 1.919924e+02 1.474537e+02 4.440653e+02 2.347996e+02 4.290966e+02 2.882880e+02 1.596923e+02 1.494321e+02 3.821782e+02 8.227788e+01 3.522023e+02 4.752142e+02 5.348245e+02 3.122421e+02 3.763339e+02 
3.457575e+02 1.759761e+02 5.168483e+02 1.714004e+02 1.222525e+02 3.455104e+02 5.238792e+02 3.848001e+02 1.063132e+02 1.797836e+02 1.935921e+02 4.114338e+01 4.206692e+02 2.851231e+02 2.098256e+02 1.892724e+02 1.097296e+02 3.051768e+02 2.117278e+02 2.166375e+02 2.839740e+02 1.577548e+02 1.494254e+02 3.766724e+02 7.744665e+01 3.077862e+02 2.134757e+02 3.066181e+02 1.668473e+02 3.268684e+02 
1.411455e+02 1.650010e+02 1.629042e+02 9.263271e+01 6.177790e+01 7.224049e+01 1.275386e+02 1.512518e+02 1.000945e+02 1.475043e+02 6.637755e+01 3.588036e+01 1.465662e+02 6.450291e+01 9.149353e+01 1.409170e+02 1.035410e+02 1.783549e+02 9.773111e+01 1.535624e+02 2.176389e+02 5.500486e+01 1.207975e+02 3.618706e+02 7.422758e+01 4.812071e+01 9.354866e+01 4.560447e+01 5.298487e+01 1.091993e+02 
5.466846e+01 1.275698e+02 7.653054e+01 5.036130e+01 4.077561e+01 4.168222e+01 4.546864e+01 6.975832e+01 4.951520e+01 7.274954e+01 4.640758e+01 3.498398e+01 2.960254e+01 5.076972e+01 4.389281e+01 4.380777e+01 4.110467e+01 6.410793e+01 5.019324e+01 7.728781e+01 6.419083e+01 3.227792e+01 4.230166e+01 6.632501e+01 4.886480e+01 3.160584e+01 7.298453e+01 3.016897e+01 3.464015e+01 4.158289e+01 
3.182986e+01 3.462677e+01 2.962643e+01 3.368156e+01 2.733093e+01 3.104744e+01 3.474910e+01 4.558732e+01 2.935015e+01 2.869591e+01 3.309118e+01 3.231480e+01 2.853183e+01 2.690655e+01 3.159831e+01 2.758031e+01 3.275433e+01 3.621762e+01 4.304891e+01 3.021177e+01 3.483010e+01 3.076466e+01 2.701993e+01 4.199164e+01 4.228389e+01 2.852438e+01 2.980646e+01 2.775554e+01 3.049613e+01 3.397955e+01 
2.695647e+01 2.836752e+01 2.541158e+01 2.650959e+01 2.471392e+01 2.712476e+01 2.829573e+01 2.784779e+01 2.804716e+01 2.723682e+01 2.842080e+01 2.646702e+01 2.606988e+01 2.599672e+01 2.505507e+01 2.554988e+01 2.703201e+01 2.735331e+01 2.772382e+01 2.784064e+01 2.642983e+01 2.650700e+01 2.657799e+01 2.624833e+01 2.908306e+01 2.588988e+01 2.601737e+01 2.723301e+01 2.771227e+01 2.609110e+01 
2.351765e+01 2.399345e+01 2.433470e+01 2.486060e+01 2.351255e+01 2.399562e+01 2.386257e+01 2.398800e+01 2.292238e+01 2.441529e+01 2.438718e+01 2.450380e+01 2.449729e+01 2.395764e+01 2.377430e+01 2.293322e+01 2.391552e+01 2.429892e+01 2.442090e+01 2.425800e+01 2.435056e+01 2.424551e+01 2.528318e+01 2.315725e+01 2.449868e+01 2.366116e+01 2.393975e+01 2.338697e+01 2.322663e+01 2.308427e+01 
2.193591e+01 2.173334e+01 2.235429e+01 2.205796e+01 2.181381e+01 2.221924e+01 2.145679e+01 2.173380e+01 2.227638e+01 2.240401e+01 2.231160e+01 2.235993e+01 2.217437e+01 2.199931e+01 2.226257e+01 2.231804e+01 2.210966e+01 2.215517e+01 2.260974e+01 2.219991e+01 2.235552e+01 2.266598e+01 2.169614e+01 2.153315e+01 2.290812e+01 2.221263e+01 2.188268e+01 2.151210e+01 2.250195e+01 2.219445e+01 
2.106286e+01 2.096608e+01 2.141881e+01 2.085205e+01 2.124956e+01 2.160274e+01 2.084361e+01 2.087974e+01 2.158206e+01 2.127574e+01 2.095641e+01 2.130959e+01 2.114086e+01 2.127149e+01 2.124056e+01 2.140132e+01 2.123617e+01 2.154565e+01 2.142041e+01 2.121870e+01 2.100116e+01 2.140684e+01 2.110540e+01 2.087600e+01 2.144189e+01 2.110470e+01 2.092822e+01 2.114623e+01 2.160451e+01 2.134390e+01 
2.058308e+01 2.073559e+01 2.107850e+01 2.045537e+01 2.090530e+01 2.075077e+01 2.070815e+01 2.072049e+01 2.101848e+01 2.070021e+01 2.054391e+01 2.082443e+01 2.071321e+01 2.090781e+01 2.080937e+01 2.113413e+01 2.112642e+01 2.106207e+01 2.118046e+01 2.091806e+01 2.077109e+01 2.089150e+01 2.072779e+01 2.076222e+01 2.096324e+01 2.077709e+01 2.055196e+01 2.104237e+01 2.091372e+01 2.089649e+01 
2.058308e+01 2.045934e+01 2.107850e+01 2.045537e+01 2.090530e+01 2.075077e+01 2.070815e+01 2.072049e+01 2.101848e+01 2.070021e+01 2.054391e+01 2.082443e+01 2.056070e+01 2.090781e+01 2.072970e+01 2.113413e+01 2.103422e+01 2.106207e+01 2.042118e+01 2.091806e+01 2.043885e+01 2.088454e+01 2.072779e+01 2.076222e+01 2.096324e+01 2.077709e+01 2.055196e+01 2.104237e+01 2.057746e+01 2.089649e+01 
1.000000e+06 1.000000e+06 1.000000e+06 1.000000e+06 1.000000e+06 1.000000e+06 1.000000e+06 1.000000e+06 1.000000e+06 1.000000e+06 1.000000e+06 1.000000e+06 1.000000e+06 1.000000e+06 1.000000e+06 1.000000e+06 1.000000e+06 1.000000e+06 1.000000e+06 1.000000e+06 1.000000e+06 1.000000e+06 1.000000e+06 1.000000e+06 1.000000e+06 1.000000e+06 1.000000e+06 1.000000e+06 1.000000e+06 1.000000e+06 
