5.294749e+02 6.409084e+02 6.487280e+02 3.523607e+02 2.979126e+02 3.584081e+02 1.089111e+02 1.848921e+02 5.530322e+02 6.573375e+02 5.930603e+02 5.499711e+02 5.486701e+02 1.647911e+02 1.377782e+02 1.351582e+03 1.095384e+03 1.521300e+03 1.913433e+02 3.019137e+02 2.875128e+02 1.934085e+02 1.187179e+03 8.068434e+02 3.365132e+02 1.573041e+02 5.367190e+02 9.021279e+02 1.563730e+03 9.754270e+02 
3.582046e+02 3.551737e+02 6.487280e+02 3.523607e+02 2.431257e+02 2.044845e+02 1.089111e+02 1.848921e+02 5.267143e+02 6.099318e+02 5.620207e+02 4.066280e+02 3.128826e+02 1.615442e+02 1.343824e+02 1.038128e+03 4.216916e+02 1.521300e+03 1.913433e+02 1.980326e+02 1.852549e+02 1.848053e+02 1.187179e+03 8.068434e+02 3.291831e+02 1.533398e+02 4.609974e+02 6.925943e+02 1.563730e+03 5.652372e+02 
3.454680e+02 3.528096e+02 2.162070e+02 3.523607e+02 2.431257e+02 1.466439e+02 1.086299e+02 1.733476e+02 4.565982e+02 4.895049e+02 5.620207e+02 1.668277e+02 2.432905e+02 1.608193e+02 1.343824e+02 6.699262e+02 4.216916e+02 5.948268e+02 1.913433e+02 1.656557e+02 1.649328e+02 1.784940e+02 6.596576e+02 4.875588e+02 1.620107e+02 1.533398e+02 3.898588e+02 6.925943e+02 1.152844e+03 2.272846e+02 
1.354365e+02 3.528096e+02 2.077673e+02 3.494486e+02 1.386022e+02 1.466439e+02 1.086299e+02 1.733476e+02 2.989144e+02 4.646933e+02 3.701121e+02 1.646512e+02 2.432905e+02 1.608193e+02 1.343824e+02 1.593357e+02 3.069332e+02 5.564205e+02 1.692009e+02 1.632101e+02 1.343927e+02 1.669859e+02 6.596576e+02 4.601012e+02 1.620107e+02 1.532337e+02 3.580225e+02 6.925943e+02 6.657348e+02 1.869090e+02 
1.151773e+02 1.656066e+02 2.004955e+02 1.365086e+02 1.326904e+02 1.320002e+02 1.085562e+02 1.452384e+02 1.215519e+02 4.018559e+02 2.723142e+02 1.386415e+02 1.707884e+02 1.484362e+02 1.343824e+02 1.593357e+02 3.063312e+02 1.208479e+02 1.675773e+02 1.590068e+02 1.343927e+02 1.669859e+02 2.215613e+02 1.700672e+02 1.467162e+02 1.115368e+02 2.889543e+02 3.192785e+02 5.511423e+02 1.556878e+02 
1.140262e+02 1.487022e+02 1.828404e+02 1.226931e+02 1.209701e+02 1.076347e+02 1.085562e+02 1.290872e+02 1.215519e+02 1.362660e+02 1.342276e+02 1.386415e+02 1.309951e+02 1.434611e+02 1.189965e+02 1.407609e+02 1.475287e+02 1.181966e+02 1.346907e+02 1.331422e+02 1.338873e+02 1.646696e+02 1.362937e+02 1.590720e+02 1.253050e+02 1.101493e+02 1.727038e+02 1.566440e+02 1.475627e+02 1.403009e+02 
1.116196e+02 1.152569e+02 1.766182e+02 1.152810e+02 1.159315e+02 1.056944e+02 1.073980e+02 1.149960e+02 1.078709e+02 1.254055e+02 1.307680e+02 1.123624e+02 1.146145e+02 1.157379e+02 1.120540e+02 1.204075e+02 1.408720e+02 1.132105e+02 1.346907e+02 1.063360e+02 1.157657e+02 1.412422e+02 1.233407e+02 1.285343e+02 1.090510e+02 1.069407e+02 1.542588e+02 1.169672e+02 1.271319e+02 1.235482e+02 
1.069532e+02 1.071477e+02 1.076563e+02 1.064878e+02 1.041497e+02 1.056811e+02 1.073791e+02 1.096119e+02 1.053491e+02 1.197524e+02 1.045626e+02 1.047337e+02 1.081657e+02 1.083889e+02 1.083792e+02 1.113568e+02 1.198402e+02 1.076998e+02 1.138378e+02 1.044002e+02 1.048543e+02 1.263756e+02 1.116858e+02 1.143847e+02 1.066956e+02 1.063656e+02 1.154643e+02 1.154081e+02 1.209002e+02 1.114453e+02 
1.061838e+02 1.023729e+02 1.032718e+02 1.011068e+02 1.015187e+02 1.040838e+02 1.056047e+02 1.032252e+02 1.021897e+02 1.057274e+02 1.032835e+02 1.047337e+02 1.058872e+02 1.030949e+02 1.018900e+02 1.041518e+02 1.026695e+02 1.062167e+02 1.065107e+02 1.026265e+02 1.039490e+02 1.048704e+02 1.073865e+02 1.064854e+02 1.038079e+02 1.032802e+02 1.047370e+02 1.090890e+02 1.091064e+02 1.043897e+02 
1.019691e+02 1.014378e+02 1.029221e+02 8.415969e+01 1.013396e+02 1.022838e+02 1.023944e+02 1.018905e+02 1.009326e+02 1.034542e+02 8.505609e+01 1.016076e+02 1.012092e+02 1.024849e+02 1.013499e+02 1.016306e+02 1.016369e+02 1.024370e+02 1.017515e+02 1.012480e+02 1.008214e+02 1.031455e+02 1.016177e+02 1.015343e+02 1.017749e+02 1.012546e+02 1.016369e+02 1.012912e+02 1.016540e+02 1.023737e+02 
5.745270e+01 1.008059e+02 8.018035e+01 5.345888e+01 7.530050e+01 1.012455e+02 6.308749e+01 1.005993e+02 7.914442e+01 1.010207e+02 6.099637e+01 1.010684e+02 6.019330e+01 8.074952e+01 1.010300e+02 8.634008e+01 9.498360e+01 6.301645e+01 6.055565e+01 3.673876e+01 5.321918e+01 4.456752e+01 6.317152e+01 1.012066e+02 3.167590e+01 9.200913e+01 4.294451e+01 1.009848e+02 4.173231e+01 8.285745e+01 
1.223914e+01 2.394976e+01 1.913618e+01 2.449903e+01 3.143562e+01 5.986405e+01 2.565807e+01 3.655020e+01 3.928931e+01 2.855576e+01 2.130184e+01 1.124082e+01 1.871694e+01 1.032159e+01 3.681950e+01 4.066828e+01 4.058698e+01 3.239190e+01 1.823386e+01 2.071216e+01 2.499372e+01 1.577453e+01 3.690999e+01 2.894549e+01 2.610219e+01 1.312710e+01 1.414498e+01 2.332151e+01 3.859091e+01 2.125901e+01 
4.979249e+00 4.493569e+00 1.618679e+00 6.798503e+00 3.317614e+00 2.843461e+00 4.850201e+00 2.292854e+00 7.602652e+00 1.674047e+00 7.047224e+00 5.627732e+00 9.551346e-01 1.457129e+00 7.324353e+00 6.257481e+00 3.286493e+00 3.948730e+00 3.219088e+00 1.764803e+00 1.622660e+00 3.273469e+00 4.681462e+00 9.983595e+00 9.944972e+00 1.085186e+00 4.561990e+00 7.369119e+00 1.438850e+00 1.141227e+00 
2.340366e-01 1.432843e-01 1.800154e-02 2.737750e-01 4.444734e-01 4.506926e-01 6.758430e-02 1.664058e-01 1.716127e-01 8.287038e-03 2.056799e-01 4.690270e-01 8.217216e-02 2.473232e-02 3.323473e-01 2.364846e-01 2.651857e-01 1.004912e-01 2.591195e-01 3.975816e-02 1.753492e-02 2.819898e-01 5.548068e-02 2.397385e-01 1.759768e+00 8.874825e-02 2.123859e-01 6.876961e-01 4.382386e-01 2.445215e-01 
4.219879e-04 1.688750e-04 1.370401e-05 1.548607e-03 5.591918e-03 1.191720e-01 2.054708e-05 3.482116e-04 1.048968e-04 8.961617e-06 1.162813e-04 1.581961e-01 2.872912e-05 1.382916e-04 1.528291e-02 2.701980e-03 2.898367e-04 5.121700e-05 1.680247e-03 1.737854e-05 1.008345e-04 1.333979e-04 6.576191e-05 2.702400e-04 1.256503e-01 3.926507e-05 6.111309e-05 2.950836e-03 4.865500e-04 2.838252e-04 
4.219879e-04 1.000000e-08 1.370401e-05 1.548607e-03 5.591918e-03 1.191720e-01 2.054708e-05 3.482116e-04 1.048968e-04 8.961617e-06 1.162813e-04 1.581961e-01 1.000000e-08 1.382916e-04 1.528291e-02 2.701980e-03 2.898367e-04 5.121700e-05 1.680247e-03 1.737854e-05 1.008345e-04 1.333979e-04 6.576191e-05 2.702400e-04 1.256503e-01 1.000000e-08 1.000000e-08 2.950836e-03 4.865500e-04 2.838252e-04 
2.000000e+05 1.422760e+05 2.000000e+05 2.000000e+05 2.000000e+05 2.000000e+05 2.000000e+05 2.000000e+05 2.000000e+05 2.000000e+05 2.000000e+05 2.000000e+05 1.468160e+05 2.000000e+05 2.000000e+05 2.000000e+05 2.000000e+05 2.000000e+05 2.000000e+05 2.000000e+05 2.000000e+05 2.000000e+05 2.000000e+05 2.000000e+05 2.000000e+05 1.506220e+05 1.419240e+05 2.000000e+05 2.000000e+05 2.000000e+05 
