3.140569e+02 3.012425e+02 2.962206e+02 2.800796e+02 3.032843e+02 2.982624e+02 3.119626e+02 3.140372e+02 2.844048e+02 3.142411e+02 3.282028e+02 2.825861e+02 2.947547e+02 2.869031e+02 2.916205e+02 2.892565e+02 3.017705e+02 3.059915e+02 2.916261e+02 3.072077e+02 2.763968e+02 2.946955e+02 2.837086e+02 2.876955e+02 3.219527e+02 2.725437e+02 3.157938e+02 2.282993e+02 3.217154e+02 3.015624e+02 
3.140569e+02 2.528637e+02 2.882732e+02 2.605144e+02 2.839352e+02 2.982624e+02 3.119626e+02 3.114815e+02 2.844048e+02 3.142411e+02 2.726998e+02 2.825861e+02 2.855005e+02 2.786224e+02 2.916205e+02 2.773196e+02 2.682762e+02 2.818948e+02 2.767984e+02 3.072077e+02 2.763968e+02 2.946955e+02 2.837086e+02 2.826684e+02 3.040142e+02 2.725437e+02 2.592472e+02 2.282993e+02 3.217154e+02 2.966774e+02 
2.853891e+02 2.236644e+02 2.750193e+02 2.537714e+02 2.611611e+02 2.877339e+02 2.601977e+02 3.114815e+02 2.831588e+02 2.945383e+02 2.726998e+02 2.542667e+02 2.855005e+02 2.474026e+02 2.705848e+02 2.773196e+02 2.682762e+02 2.818643e+02 2.415366e+02 2.883422e+02 2.509948e+02 2.792410e+02 2.837086e+02 2.795302e+02 3.024250e+02 2.535888e+02 2.592472e+02 2.282993e+02 3.150490e+02 2.966774e+02 
2.853891e+02 2.236644e+02 2.725157e+02 2.513207e+02 2.611611e+02 2.526126e+02 2.601977e+02 2.540263e+02 2.831588e+02 2.945383e+02 2.162599e+02 2.542667e+02 2.458882e+02 2.474026e+02 2.431198e+02 2.722673e+02 2.682762e+02 2.761704e+02 2.302697e+02 2.851461e+02 2.509948e+02 2.781656e+02 2.837086e+02 2.607356e+02 3.024250e+02 2.535888e+02 2.592472e+02 2.282993e+02 2.899387e+02 2.811480e+02 
2.463116e+02 1.943279e+02 2.579650e+02 2.449377e+02 2.611611e+02 2.210359e+02 2.601977e+02 2.540263e+02 2.754485e+02 2.646817e+02 2.162599e+02 2.542667e+02 2.458882e+02 2.370729e+02 2.431198e+02 2.692638e+02 2.358834e+02 2.679931e+02 2.245754e+02 2.125282e+02 2.509948e+02 2.434104e+02 2.740769e+02 2.607356e+02 2.396669e+02 2.388755e+02 2.553821e+02 2.282993e+02 2.866777e+02 2.811480e+02 
2.463116e+02 1.943279e+02 2.384229e+02 2.196966e+02 2.323317e+02 2.185397e+02 2.553686e+02 2.502690e+02 2.522680e+02 2.646817e+02 2.162599e+02 2.282494e+02 2.458882e+02 2.345031e+02 2.393678e+02 2.317573e+02 2.075916e+02 2.525448e+02 2.245754e+02 2.125282e+02 2.178923e+02 2.237816e+02 2.474667e+02 2.184627e+02 2.373243e+02 2.386351e+02 2.553821e+02 1.621318e+02 2.508554e+02 2.534982e+02 
2.409707e+02 1.943279e+02 2.054380e+02 2.150835e+02 2.309281e+02 2.016210e+02 2.445214e+02 2.416468e+02 2.461873e+02 2.567174e+02 2.162599e+02 2.143396e+02 2.411923e+02 2.145179e+02 2.217981e+02 2.317573e+02 2.075916e+02 2.267620e+02 2.224884e+02 2.125282e+02 1.981669e+02 2.129004e+02 1.956269e+02 2.183676e+02 2.288150e+02 2.287712e+02 2.309659e+02 1.621318e+02 2.508554e+02 2.534544e+02 
2.367966e+02 1.910092e+02 1.892950e+02 1.771469e+02 2.206034e+02 1.710802e+02 2.161124e+02 1.873364e+02 2.443350e+02 2.211346e+02 1.522624e+02 2.019992e+02 1.947499e+02 1.985318e+02 2.102527e+02 2.290169e+02 2.022249e+02 2.008737e+02 2.064226e+02 1.851835e+02 1.927317e+02 2.042230e+02 1.802143e+02 2.111689e+02 1.986358e+02 2.091572e+02 2.149281e+02 1.615613e+02 2.362912e+02 2.209284e+02 
2.122263e+02 1.724137e+02 1.792290e+02 1.653063e+02 1.888130e+02 1.511690e+02 1.919841e+02 1.584758e+02 1.878893e+02 2.169564e+02 1.522624e+02 1.931843e+02 1.851878e+02 1.877203e+02 1.811601e+02 2.193733e+02 2.011620e+02 1.815071e+02 1.897498e+02 1.755007e+02 1.886378e+02 1.739380e+02 1.670183e+02 1.941667e+02 1.678358e+02 1.646228e+02 1.893609e+02 1.583603e+02 2.132882e+02 1.909968e+02 
1.777340e+02 1.701383e+02 1.519821e+02 1.377688e+02 1.633983e+02 1.444574e+02 1.466558e+02 1.311111e+02 1.691245e+02 1.775082e+02 1.495565e+02 1.628732e+02 1.457671e+02 1.589287e+02 1.482699e+02 1.883686e+02 1.596027e+02 1.771196e+02 1.623965e+02 1.319313e+02 1.627914e+02 1.499104e+02 1.192920e+02 1.798579e+02 1.482718e+02 1.554785e+02 1.560767e+02 1.345958e+02 1.889291e+02 1.715070e+02 
1.351096e+02 1.238928e+02 1.263816e+02 1.137507e+02 1.330864e+02 1.105814e+02 1.193478e+02 1.131260e+02 1.475769e+02 1.544314e+02 1.394036e+02 1.481688e+02 1.331951e+02 1.393415e+02 1.002074e+02 1.508619e+02 1.100503e+02 1.503093e+02 1.471840e+02 1.024042e+02 1.348085e+02 1.368858e+02 9.549753e+01 1.413733e+02 1.014139e+02 1.343673e+02 1.190749e+02 1.020339e+02 1.375845e+02 1.367525e+02 
1.200366e+02 1.064382e+02 9.742689e+01 9.546475e+01 1.177195e+02 8.305706e+01 9.794329e+01 9.690477e+01 1.172029e+02 1.285997e+02 1.114740e+02 1.250354e+02 1.150907e+02 1.153146e+02 9.261358e+01 1.348597e+02 1.038106e+02 1.235685e+02 1.185891e+02 7.429868e+01 1.095179e+02 1.302129e+02 7.686647e+01 1.304853e+02 8.132804e+01 1.213493e+02 1.017327e+02 6.961670e+01 1.021912e+02 1.257302e+02 
1.169994e+02 1.021137e+02 8.997967e+01 9.168916e+01 9.896956e+01 7.824470e+01 8.921796e+01 9.501998e+01 1.089969e+02 1.207603e+02 1.019827e+02 1.203492e+02 1.089904e+02 1.087726e+02 8.891523e+01 1.278558e+02 9.733680e+01 1.187047e+02 1.127868e+02 7.089664e+01 1.030287e+02 1.245169e+02 7.481425e+01 1.188317e+02 7.635329e+01 1.127903e+02 9.504208e+01 5.914477e+01 9.773527e+01 1.090369e+02 
1.164796e+02 1.015313e+02 8.956909e+01 9.058746e+01 9.858999e+01 7.762840e+01 8.828937e+01 9.456430e+01 1.084840e+02 1.204385e+02 1.015060e+02 1.199066e+02 1.084869e+02 1.084718e+02 8.858171e+01 1.273807e+02 9.655163e+01 1.175613e+02 1.125009e+02 7.066780e+01 1.024909e+02 1.244000e+02 7.464865e+01 1.184220e+02 7.562836e+01 1.124533e+02 9.455689e+01 5.872289e+01 9.753966e+01 1.084673e+02 
4.187891e+01 7.107827e+01 6.592096e+01 5.181909e+01 7.067737e+01 5.939044e+01 5.040293e+01 7.368176e+01 7.312814e+01 5.090993e+01 5.487578e+01 6.982391e+01 6.855716e+01 7.665566e+01 8.352077e+01 9.674082e+01 4.851691e+01 7.817521e+01 8.147707e+01 6.428894e+01 6.180015e+01 6.867639e+01 6.344668e+01 5.766265e+01 7.561933e+01 8.123370e+01 6.750263e+01 3.753887e+01 9.715714e+01 6.065374e+01 
2.995626e+01 1.293446e+01 3.641709e+01 2.862013e+01 2.303001e+01 2.785881e+01 4.720844e+01 4.178819e+01 3.183864e+01 3.880333e+01 2.334179e+01 2.586892e+01 3.286771e+01 2.954877e+01 3.681341e+01 3.780839e+01 2.536406e+01 3.229864e+01 3.358187e+01 1.890421e+01 3.084362e+01 2.885379e+01 2.963631e+01 2.697632e+01 3.382858e+01 2.387900e+01 3.276953e+01 3.370907e+01 3.183858e+01 5.032670e+01 
1.000000e+06 1.000000e+06 1.000000e+06 1.000000e+06 1.000000e+06 1.000000e+06 1.000000e+06 1.000000e+06 1.000000e+06 1.000000e+06 1.000000e+06 1.000000e+06 1.000000e+06 1.000000e+06 1.000000e+06 1.000000e+06 1.000000e+06 1.000000e+06 1.000000e+06 1.000000e+06 1.000000e+06 1.000000e+06 1.000000e+06 1.000000e+06 1.000000e+06 1.000000e+06 1.000000e+06 1.000000e+06 1.000000e+06 1.000000e+06 
