3.465470e+03 2.980835e+03 2.174091e+03 1.992352e+03 3.002263e+03 2.133338e+03 2.838458e+03 1.819217e+03 2.643047e+03 2.964636e+03 3.857162e+03 2.775206e+03 1.264412e+03 2.201213e+03 3.553995e+03 2.467722e+03 3.480872e+03 1.823390e+03 2.059703e+03 2.871367e+03 3.477781e+03 2.201380e+03 1.439939e+03 3.065934e+03 3.220920e+03 3.260066e+03 3.266544e+03 3.107684e+03 2.636687e+03 3.745435e+03 
2.274196e+03 2.399262e+03 2.174091e+03 1.992352e+03 2.948688e+03 1.880955e+03 2.281413e+03 1.819217e+03 2.191097e+03 2.964636e+03 3.724123e+03 2.775206e+03 1.086252e+03 2.201213e+03 3.553995e+03 1.997039e+03 2.699733e+03 1.823390e+03 1.552856e+03 2.871367e+03 3.325148e+03 2.201380e+03 1.439939e+03 1.166793e+03 3.220920e+03 2.434847e+03 2.287051e+03 3.107684e+03 1.765738e+03 2.118864e+03 
2.274196e+03 2.399262e+03 1.956010e+03 1.992352e+03 2.198300e+03 1.880955e+03 1.116456e+03 1.819217e+03 2.191097e+03 2.945386e+03 3.445213e+03 2.383709e+03 1.086252e+03 2.201213e+03 3.553995e+03 1.997039e+03 2.699733e+03 1.601118e+03 1.552856e+03 1.909423e+03 2.127960e+03 2.046003e+03 1.439939e+03 1.166793e+03 1.763804e+03 2.215235e+03 2.287051e+03 1.962263e+03 1.765738e+03 2.118864e+03 
2.274196e+03 2.399262e+03 1.956010e+03 1.992352e+03 2.198300e+03 3.289771e+02 1.116456e+03 1.819217e+03 2.191097e+03 2.945386e+03 2.914462e+03 1.902703e+03 1.086252e+03 2.201213e+03 2.348660e+03 1.997039e+03 2.699733e+03 1.601118e+03 1.247303e+03 1.684065e+03 1.998887e+03 1.921204e+03 1.439939e+03 1.166793e+03 1.638674e+03 2.215235e+03 2.287051e+03 1.962263e+03 1.765738e+03 2.118864e+03 
2.153964e+03 2.173883e+03 1.956010e+03 1.992352e+03 2.008215e+03 3.289771e+02 1.116456e+03 1.819217e+03 2.191097e+03 1.810770e+03 2.914462e+03 1.902703e+03 1.086252e+03 9.480451e+02 1.815648e+03 1.788844e+03 2.327432e+03 1.168346e+03 1.247303e+03 1.684065e+03 1.911677e+03 1.245790e+03 1.413656e+03 1.155609e+03 1.636713e+03 1.654003e+03 2.287051e+03 1.707487e+03 1.765738e+03 1.657859e+03 
1.579950e+03 1.092923e+03 1.557504e+03 1.147934e+03 1.996030e+03 3.289771e+02 7.392267e+02 1.665369e+03 1.888455e+03 1.408603e+03 2.240986e+03 1.850169e+03 1.018968e+03 9.480451e+02 1.708287e+03 1.572674e+03 2.327432e+03 1.168346e+03 9.451918e+02 1.182693e+03 1.911677e+03 1.245790e+03 1.413656e+03 1.155609e+03 1.368848e+03 1.593921e+03 1.214499e+03 1.563859e+03 1.765738e+03 1.657859e+03 
1.579950e+03 8.009450e+02 9.833890e+02 1.147934e+03 1.329574e+03 3.289771e+02 7.392267e+02 1.665369e+03 1.888455e+03 1.408603e+03 1.715385e+03 1.522862e+03 6.735971e+02 9.480451e+02 1.571408e+03 9.883575e+02 1.684025e+03 1.168346e+03 9.451918e+02 1.110451e+03 1.911677e+03 1.245790e+03 1.223440e+03 8.728000e+02 1.368848e+03 9.720861e+02 1.214499e+03 1.563859e+03 1.765738e+03 1.134388e+03 
1.411694e+03 5.652283e+02 9.833890e+02 1.147934e+03 1.151733e+03 3.139958e+02 6.921715e+02 8.967822e+02 1.713648e+03 1.019817e+03 1.091006e+03 8.214357e+02 6.735971e+02 9.456213e+02 1.291729e+03 9.883575e+02 1.022535e+03 6.451350e+02 9.451918e+02 1.110451e+03 8.315096e+02 8.592085e+02 1.051501e+03 6.175271e+02 1.116017e+03 9.720861e+02 1.023729e+03 7.719719e+02 1.681539e+03 1.134388e+03 
8.225759e+02 4.626412e+02 9.833890e+02 1.147934e+03 6.740652e+02 3.139958e+02 6.240864e+02 8.967822e+02 7.733562e+02 5.497208e+02 9.121268e+02 4.633370e+02 6.314318e+02 9.456213e+02 1.121054e+03 4.952092e+02 9.590190e+02 5.797715e+02 6.794667e+02 1.020990e+03 5.220047e+02 7.712921e+02 8.547875e+02 6.175271e+02 7.700948e+02 7.013750e+02 2.585054e+02 6.004457e+02 9.952574e+02 9.538874e+02 
7.009669e+02 4.626412e+02 4.477053e+02 6.478552e+02 6.740652e+02 3.139958e+02 6.240864e+02 8.967822e+02 6.965926e+02 3.536508e+02 8.668853e+02 4.633370e+02 5.247294e+02 9.247431e+02 6.490219e+02 3.631564e+02 7.139444e+02 5.797715e+02 3.069829e+02 4.435742e+02 1.981909e+02 5.933676e+02 5.982775e+02 3.712727e+02 5.607306e+02 7.011576e+02 1.432285e+02 6.004457e+02 5.686687e+02 6.620273e+02 
7.009669e+02 4.179731e+02 3.779938e+02 3.617738e+02 6.722671e+02 2.931776e+02 2.502287e+02 6.702032e+02 6.032776e+02 2.573703e+02 5.185210e+02 4.392139e+02 2.799905e+02 5.449787e+02 4.901183e+02 3.223091e+02 6.752058e+02 4.980933e+02 2.001657e+02 2.663232e+02 6.350479e+01 2.089283e+02 5.235959e+02 2.331125e+02 4.710636e+02 4.075714e+02 1.056294e+02 5.519169e+02 3.067544e+02 2.222038e+02 
2.708441e+02 3.554729e+02 3.145059e+02 2.079208e+02 3.790687e+02 2.624428e+02 2.171580e+02 4.414835e+02 5.921317e+02 1.740822e+02 2.721334e+02 3.658707e+02 1.248377e+02 1.935981e+02 3.830714e+02 2.753787e+02 5.323239e+02 3.872393e+02 1.640382e+02 2.460954e+02 6.159415e+01 1.885578e+02 3.133768e+02 1.040267e+02 3.055922e+02 2.035758e+02 9.852225e+01 5.006998e+02 2.439259e+02 2.155127e+02 
2.163273e+02 1.689201e+02 1.858833e+02 1.923859e+02 3.004758e+02 2.531951e+02 1.914458e+02 3.840789e+02 2.993588e+02 1.576752e+02 5.242808e+01 3.294515e+02 8.302409e+01 1.590785e+02 2.293819e+02 2.463784e+02 3.069293e+02 3.484974e+02 1.489057e+02 2.322087e+02 5.881802e+01 1.549145e+02 2.955967e+02 6.134298e+01 3.034549e+02 1.627417e+02 9.170059e+01 4.716734e+02 2.257633e+02 1.592273e+02 
1.946987e+02 1.552960e+02 1.750600e+02 1.685286e+02 2.371485e+02 2.048070e+02 1.893545e+02 3.782521e+02 2.716055e+02 1.456612e+02 2.863706e+01 2.718776e+02 6.640210e+01 1.500150e+02 1.640982e+02 2.100098e+02 2.839982e+02 3.409647e+02 1.247927e+02 2.109486e+02 5.634549e+01 1.354859e+02 2.855727e+02 5.805933e+01 2.985426e+02 1.527191e+02 8.968853e+01 4.593472e+02 2.018769e+02 1.538848e+02 
3.537079e+01 7.019539e+01 3.356456e+01 8.433326e+01 1.963689e+01 1.063865e+02 2.943596e+01 2.398146e+01 1.343696e+01 5.391825e+01 2.645475e+01 2.080894e+01 2.538677e+01 2.755681e+01 8.448436e+01 1.063832e+02 5.982729e+01 1.123187e+01 5.132910e+01 9.314031e+01 2.560238e+01 5.587892e+01 7.006284e+01 1.077246e+01 3.056181e+01 6.139739e+01 1.760774e+01 3.697595e+01 3.442265e+01 5.503473e+01 
2.224271e+00 1.000000e-08 1.000000e-08 1.000000e-08 9.981763e-01 1.000000e-08 4.543240e-01 9.086480e-01 1.000000e-08 1.000000e-08 1.000000e-08 1.000000e-08 1.000000e-08 4.543240e-01 1.000000e-08 1.000000e-08 1.000000e-08 1.000000e-08 1.342843e+00 1.000000e-08 1.704305e+00 1.000000e-08 9.086480e-01 1.000000e-08 4.543240e-01 4.543240e-01 1.000000e-08 1.000000e-08 1.000000e-08 1.000000e-08 
2.000000e+05 1.948650e+05 1.907490e+05 1.939390e+05 2.000000e+05 1.886120e+05 2.000000e+05 2.000000e+05 1.924560e+05 1.929970e+05 1.944470e+05 1.926600e+05 1.950290e+05 2.000000e+05 1.926000e+05 1.948260e+05 1.928140e+05 1.907570e+05 2.000000e+05 1.925460e+05 2.000000e+05 1.952830e+05 2.000000e+05 1.918360e+05 2.000000e+05 2.000000e+05 1.951550e+05 1.907720e+05 1.928540e+05 1.883840e+05 
