6.873034e+04 2.224097e+04 4.536134e+04 3.272943e+04 2.455443e+04 2.737460e+04 3.140961e+04 6.212161e+04 3.189784e+04 3.491099e+04 4.388619e+04 2.696159e+04 2.247938e+04 3.915663e+04 4.384055e+04 2.253469e+04 3.065683e+04 3.096413e+04 6.487032e+04 2.943555e+04 2.783533e+04 7.055187e+04 4.147333e+04 4.835591e+04 4.419252e+04 3.889555e+04 2.115514e+04 3.046520e+04 5.366489e+04 4.823297e+04 
3.279688e+04 1.605929e+04 2.900423e+04 3.138973e+04 2.455443e+04 2.737460e+04 3.140961e+04 3.155691e+04 1.852526e+04 3.306504e+04 4.365868e+04 2.577263e+04 2.247938e+04 3.914693e+04 2.808790e+04 1.992334e+04 3.065683e+04 2.086189e+04 1.455055e+04 1.682604e+04 1.779507e+04 2.016303e+04 2.380292e+04 3.440718e+04 4.419252e+04 3.181476e+04 2.115514e+04 2.648817e+04 5.048372e+04 1.308000e+04 
2.806815e+04 1.605929e+04 2.900423e+04 1.985446e+04 2.455443e+04 2.737460e+04 2.610533e+04 2.149880e+04 1.852526e+04 2.284016e+04 4.365868e+04 1.991430e+04 1.227557e+04 2.989237e+04 2.808790e+04 1.992334e+04 3.065683e+04 2.086189e+04 1.455055e+04 1.682604e+04 1.779507e+04 2.016303e+04 2.380292e+04 2.943282e+04 3.813178e+04 2.762415e+04 2.115514e+04 2.648817e+04 2.994001e+04 1.308000e+04 
1.317201e+04 1.605929e+04 2.900423e+04 1.985446e+04 2.455443e+04 2.737460e+04 2.536258e+04 2.149880e+04 1.852526e+04 2.284016e+04 3.440144e+04 1.958620e+04 1.227557e+04 2.886427e+04 1.947513e+04 1.857455e+04 1.624376e+04 2.019919e+04 1.455055e+04 1.682604e+04 1.779507e+04 1.986590e+04 1.504183e+04 2.943282e+04 2.603390e+04 2.762415e+04 2.115514e+04 2.376669e+04 2.664466e+04 1.308000e+04 
1.317201e+04 1.605929e+04 1.426331e+04 1.985446e+04 2.149435e+04 2.332192e+04 1.341685e+04 1.589652e+04 1.852526e+04 2.284016e+04 1.309490e+04 1.958620e+04 1.227557e+04 1.937179e+04 1.071646e+04 1.534317e+04 1.624376e+04 1.416642e+04 1.455055e+04 1.078265e+04 1.592795e+04 1.842614e+04 1.504183e+04 2.124441e+04 1.309730e+04 2.572444e+04 2.115514e+04 1.399081e+04 1.314548e+04 1.308000e+04 
1.201263e+04 1.519626e+04 1.426331e+04 1.985446e+04 2.087597e+04 2.094197e+04 1.341685e+04 9.812131e+03 1.852526e+04 1.974357e+04 1.151951e+04 1.628609e+04 1.227557e+04 1.937179e+04 1.071646e+04 1.201651e+04 1.624376e+04 1.416642e+04 1.455055e+04 9.418849e+03 1.592795e+04 1.842614e+04 1.504183e+04 2.075877e+04 1.309730e+04 2.146403e+04 1.387395e+04 1.399081e+04 1.314548e+04 1.308000e+04 
1.201263e+04 1.519626e+04 1.426331e+04 1.746574e+04 1.775813e+04 2.094197e+04 1.138965e+04 9.812131e+03 1.850153e+04 1.961716e+04 1.142645e+04 1.306366e+04 1.227557e+04 1.937179e+04 1.071646e+04 1.201651e+04 1.624376e+04 1.334683e+04 1.455055e+04 9.418849e+03 1.592795e+04 1.842614e+04 8.182337e+03 1.845623e+04 1.309730e+04 1.933130e+04 1.046659e+04 1.399081e+04 1.314548e+04 1.308000e+04 
1.190747e+04 1.444711e+04 1.426259e+04 1.746351e+04 1.695203e+04 1.905505e+04 1.138965e+04 9.812131e+03 1.001969e+04 1.961716e+04 1.136814e+04 1.306366e+04 1.227557e+04 1.920298e+04 1.071369e+04 1.201651e+04 1.612735e+04 1.120095e+04 1.455055e+04 8.803909e+03 1.434496e+04 1.842614e+04 7.957811e+03 1.583443e+04 1.309556e+04 1.729334e+04 1.046659e+04 1.399081e+04 1.314548e+04 1.289068e+04 
1.031989e+04 1.442395e+04 1.426259e+04 1.746351e+04 1.695203e+04 1.771571e+04 1.138965e+04 9.812131e+03 1.001969e+04 1.878548e+04 1.136814e+04 1.249449e+04 1.224879e+04 1.918133e+04 1.030726e+04 1.201651e+04 1.328430e+04 1.096104e+04 1.420554e+04 8.803909e+03 1.428466e+04 1.818682e+04 7.932241e+03 1.583443e+04 1.298621e+04 1.720706e+04 9.923885e+03 1.397445e+04 1.280163e+04 1.280469e+04 
1.007174e+04 1.439260e+04 1.423192e+04 1.664549e+04 1.682520e+04 1.757238e+04 1.033229e+04 9.585441e+03 9.947630e+03 1.793246e+04 1.136814e+04 1.219504e+04 1.218281e+04 1.917767e+04 1.018750e+04 1.171947e+04 1.328430e+04 1.077471e+04 1.420554e+04 8.467392e+03 1.346477e+04 1.683101e+04 7.898885e+03 1.561418e+04 1.287133e+04 1.710406e+04 9.907363e+03 1.385535e+04 1.225181e+04 1.279552e+04 
9.811552e+03 1.387438e+04 1.381282e+04 1.533676e+04 1.674813e+04 1.610668e+04 1.006272e+04 9.296996e+03 9.947630e+03 1.689688e+04 1.106125e+04 1.171559e+04 1.100116e+04 1.871830e+04 9.512691e+03 1.168726e+04 1.323566e+04 1.013334e+04 1.410720e+04 7.845398e+03 1.269855e+04 1.310929e+04 7.893315e+03 1.544772e+04 1.073560e+04 1.672422e+04 9.176118e+03 1.377879e+04 1.197833e+04 1.276995e+04 
8.752036e+03 1.359545e+04 1.115929e+04 1.406652e+04 1.528485e+04 1.485520e+04 8.950691e+03 9.165102e+03 9.125819e+03 1.560084e+04 1.057873e+04 1.155314e+04 9.905112e+03 1.638337e+04 9.204020e+03 1.126928e+04 1.264651e+04 9.663603e+03 1.378956e+04 7.696343e+03 1.264037e+04 1.199180e+04 7.813600e+03 1.481596e+04 1.023553e+04 1.620490e+04 9.047541e+03 1.364711e+04 1.177508e+04 1.263002e+04 
7.321544e+03 1.204948e+04 1.052855e+04 1.172147e+04 1.477543e+04 1.194086e+04 7.696836e+03 8.212102e+03 7.948330e+03 1.178814e+04 9.752996e+03 1.102505e+04 9.008029e+03 1.490350e+04 8.624332e+03 9.620752e+03 1.164254e+04 9.358505e+03 1.348264e+04 6.728892e+03 1.168731e+04 9.431903e+03 7.273785e+03 1.285440e+04 8.785777e+03 1.487394e+04 7.826960e+03 1.326709e+04 1.068316e+04 1.166619e+04 
5.861351e+03 1.002028e+04 8.609119e+03 7.636390e+03 1.290096e+04 8.239481e+03 5.643924e+03 6.220349e+03 7.178010e+03 8.183592e+03 7.971794e+03 8.799900e+03 5.618382e+03 8.378690e+03 7.480974e+03 8.058746e+03 9.777625e+03 8.237442e+03 1.191445e+04 4.576183e+03 1.010297e+04 7.234338e+03 6.531061e+03 9.633992e+03 7.448267e+03 1.218134e+04 6.698462e+03 1.106851e+04 8.901439e+03 1.008389e+04 
2.259446e+01 3.316192e+01 1.332712e+01 9.359431e+00 2.059509e+01 2.929200e+01 1.415784e+01 1.810021e+01 1.070061e+01 7.912743e+00 2.903956e+01 2.306513e+01 2.214372e+01 3.105349e+01 1.180940e+01 1.081247e+01 1.668555e+01 9.850238e+00 2.902860e+01 4.487772e+01 3.343859e+01 2.359094e+01 2.321114e+01 1.868937e+01 2.397621e+01 3.260524e+01 3.950062e+01 1.309559e+01 1.373990e+01 1.847855e+01 
1.000000e-08 1.000000e-08 1.000000e-08 1.000000e-08 1.000000e-08 1.000000e-08 1.000000e-08 1.000000e-08 1.000000e-08 1.000000e-08 1.000000e-08 1.000000e-08 1.000000e-08 1.000000e-08 1.000000e-08 1.000000e-08 1.000000e-08 1.000000e-08 1.000000e-08 1.000000e-08 1.000000e-08 1.000000e-08 1.000000e-08 1.000000e-08 1.000000e-08 1.000000e-08 1.000000e-08 1.000000e-08 1.000000e-08 1.000000e-08 
1.642910e+05 1.633580e+05 1.654050e+05 1.640180e+05 1.620820e+05 1.641230e+05 1.621050e+05 1.637030e+05 1.629620e+05 1.643330e+05 1.627860e+05 1.634460e+05 1.645640e+05 1.634690e+05 1.626760e+05 1.636400e+05 1.616200e+05 1.630280e+05 1.637660e+05 1.629840e+05 1.622360e+05 1.629620e+05 1.625440e+05 1.654250e+05 1.630070e+05 1.635770e+05 1.626540e+05 1.632480e+05 1.634900e+05 1.643960e+05 
