7.687230e+02 7.991181e+02 1.005297e+03 6.018159e+02 6.762997e+02 5.684194e+02 7.739225e+02 5.009953e+02 6.154709e+02 5.739136e+02 3.657724e+02 6.570272e+02 6.139163e+02 6.429782e+02 6.657736e+02 8.073393e+02 9.274208e+02 5.717797e+02 5.853934e+02 5.482500e+02 6.936307e+02 4.178497e+02 5.917488e+02 5.223386e+02 5.587625e+02 7.983652e+02 5.326604e+02 5.093418e+02 6.741751e+02 5.357301e+02 
7.465178e+02 7.899673e+02 8.690787e+02 5.890493e+02 6.677193e+02 4.662854e+02 7.623942e+02 4.965108e+02 5.644393e+02 5.357812e+02 3.657724e+02 5.439072e+02 5.585878e+02 6.419649e+02 6.657736e+02 7.822236e+02 6.687669e+02 5.108778e+02 5.145874e+02 5.482500e+02 5.244565e+02 4.178497e+02 5.917488e+02 5.223386e+02 5.587625e+02 6.314834e+02 5.196458e+02 5.058991e+02 5.336631e+02 5.357301e+02 
6.956641e+02 4.609538e+02 8.028649e+02 5.890493e+02 6.677193e+02 4.605912e+02 4.989370e+02 4.697601e+02 5.138738e+02 5.346122e+02 3.598229e+02 5.427564e+02 5.127000e+02 6.401894e+02 6.627886e+02 7.144841e+02 6.651964e+02 5.108778e+02 4.790092e+02 5.482500e+02 5.141155e+02 4.178497e+02 5.569155e+02 5.211501e+02 5.142450e+02 6.210422e+02 5.196458e+02 5.056843e+02 5.336631e+02 5.357301e+02 
6.951985e+02 4.607259e+02 6.318032e+02 5.734469e+02 5.216833e+02 4.605912e+02 4.989370e+02 4.694990e+02 4.515379e+02 5.346122e+02 3.591662e+02 5.375760e+02 5.127000e+02 6.393898e+02 4.168769e+02 7.116472e+02 6.651964e+02 4.915019e+02 4.577973e+02 4.848892e+02 5.088015e+02 4.178072e+02 5.441777e+02 4.510081e+02 5.142450e+02 5.708712e+02 5.167595e+02 5.056843e+02 5.336631e+02 4.888016e+02 
4.603615e+02 4.607259e+02 5.802699e+02 4.987366e+02 4.969812e+02 4.430851e+02 4.486932e+02 4.688964e+02 3.646074e+02 5.105280e+02 3.483608e+02 4.734917e+02 4.707108e+02 4.694883e+02 4.141387e+02 4.964791e+02 3.456839e+02 4.344804e+02 3.808871e+02 4.596229e+02 3.399087e+02 3.659103e+02 5.323861e+02 4.459930e+02 4.551894e+02 4.079264e+02 4.385968e+02 5.046516e+02 4.905052e+02 4.735771e+02 
4.351408e+02 4.437522e+02 4.846372e+02 4.159015e+02 4.454500e+02 4.109821e+02 4.196130e+02 4.312612e+02 3.646074e+02 4.366366e+02 3.209271e+02 4.278400e+02 4.105495e+02 4.579022e+02 3.669412e+02 4.562041e+02 2.904684e+02 4.052886e+02 3.576110e+02 4.030607e+02 3.276849e+02 3.565661e+02 4.603635e+02 3.887748e+02 4.034925e+02 3.759237e+02 3.585585e+02 4.479013e+02 3.931642e+02 3.894624e+02 
3.344094e+02 3.906180e+02 3.747296e+02 3.787656e+02 3.561273e+02 3.901778e+02 3.307181e+02 3.698417e+02 3.502825e+02 3.290638e+02 3.209271e+02 3.698968e+02 3.100503e+02 3.585706e+02 3.668031e+02 3.852422e+02 2.858474e+02 3.211134e+02 3.002835e+02 3.957507e+02 3.077835e+02 2.865230e+02 3.332980e+02 3.009479e+02 4.034925e+02 3.584504e+02 3.040836e+02 3.542418e+02 3.604671e+02 3.689530e+02 
2.839809e+02 3.093398e+02 3.100039e+02 2.828261e+02 2.989365e+02 2.706360e+02 2.773406e+02 3.131864e+02 2.929492e+02 2.710397e+02 2.434088e+02 3.029458e+02 2.662364e+02 2.988405e+02 3.466233e+02 3.232333e+02 2.804243e+02 2.629656e+02 2.761583e+02 2.793148e+02 2.630936e+02 2.591329e+02 1.960272e+02 2.575612e+02 3.135358e+02 3.387196e+02 2.707834e+02 3.455246e+02 3.241703e+02 3.283001e+02 
2.710508e+02 2.512384e+02 2.530894e+02 2.611516e+02 2.662654e+02 2.211900e+02 2.484301e+02 2.669317e+02 2.585450e+02 2.670197e+02 2.413713e+02 2.671270e+02 2.549417e+02 2.532441e+02 2.814984e+02 2.718780e+02 2.516941e+02 2.389410e+02 2.547330e+02 2.490462e+02 2.521897e+02 2.503947e+02 1.960272e+02 2.547987e+02 2.602375e+02 2.833240e+02 2.658969e+02 2.848369e+02 2.591993e+02 2.641647e+02 
2.394650e+02 2.432790e+02 2.385524e+02 2.336512e+02 2.410188e+02 2.211900e+02 2.360739e+02 2.357870e+02 2.372964e+02 2.566188e+02 2.374766e+02 2.474208e+02 2.438577e+02 2.409592e+02 2.399984e+02 2.440243e+02 2.349876e+02 2.343166e+02 2.422089e+02 2.426477e+02 2.411199e+02 2.446421e+02 1.547436e+02 2.387398e+02 2.439423e+02 2.470848e+02 2.516367e+02 2.515222e+02 2.346780e+02 2.436969e+02 
2.334482e+02 2.366952e+02 2.309661e+02 2.299482e+02 2.342468e+02 1.580234e+02 2.306335e+02 2.322098e+02 2.307879e+02 2.371793e+02 2.307418e+02 2.328789e+02 2.316565e+02 2.339145e+02 2.375740e+02 2.336686e+02 2.299527e+02 2.316265e+02 2.351537e+02 2.357309e+02 2.322625e+02 9.756226e+01 8.859729e+01 2.364286e+02 2.333731e+02 2.350861e+02 2.379779e+02 2.350495e+02 2.313867e+02 2.361323e+02 
2.323416e+02 2.347220e+02 2.299779e+02 2.293178e+02 2.330219e+02 9.103370e+01 1.920051e+02 2.293872e+02 2.296191e+02 2.331882e+02 2.297540e+02 2.295095e+02 2.154227e+02 2.331025e+02 2.306931e+02 2.297491e+02 2.294312e+02 2.298008e+02 2.309095e+02 2.308859e+02 2.092560e+02 4.979026e+01 2.998911e+01 2.339814e+02 2.300273e+02 2.311094e+02 2.310891e+02 2.342920e+02 2.295980e+02 2.297605e+02 
2.319550e+02 2.327411e+02 2.298808e+02 2.292890e+02 2.325929e+02 1.956486e+01 1.233708e+02 2.293102e+02 2.293300e+02 2.320000e+02 2.297328e+02 2.293126e+02 1.894110e+02 2.254650e+02 2.189914e+02 2.293100e+02 2.293965e+02 2.293974e+02 2.294142e+02 2.301899e+02 1.359324e+02 4.111425e+01 1.998474e+01 2.321437e+02 2.297624e+02 2.303058e+02 2.310665e+02 2.303588e+02 2.294409e+02 2.295751e+02 
2.319092e+02 2.327224e+02 2.297897e+02 2.292849e+02 2.073790e+02 5.356942e+00 1.211665e+02 2.293096e+02 2.177201e+02 2.316539e+02 2.297079e+02 2.138657e+02 1.491035e+02 2.097179e+02 1.844585e+02 2.113348e+02 2.293474e+02 2.293944e+02 2.293853e+02 2.159449e+02 1.113909e+02 9.688851e+00 1.976808e+01 2.316346e+02 2.157490e+02 2.301343e+02 2.309262e+02 2.052424e+02 2.293143e+02 2.209404e+02 
2.292844e+02 2.292844e+02 2.076045e+02 2.292844e+02 2.061549e+02 6.352536e-01 1.009008e+02 2.292844e+02 2.009119e+02 2.292844e+02 2.292844e+02 2.014719e+02 1.386081e+02 2.003925e+02 1.025853e+02 2.060230e+02 2.292844e+02 2.292844e+02 2.292844e+02 2.033071e+02 1.021206e+02 3.914053e+00 2.571319e+00 2.170431e+02 2.005075e+02 2.292844e+02 2.292844e+02 2.006537e+02 2.292844e+02 2.198513e+02 
2.292844e+02 2.292844e+02 2.076045e+02 2.292844e+02 2.061549e+02 1.000000e-08 1.000000e+02 2.292844e+02 2.000000e+02 2.292844e+02 2.292844e+02 2.000000e+02 1.386081e+02 2.000000e+02 1.000000e+02 2.060230e+02 2.292844e+02 2.292844e+02 2.292844e+02 2.033071e+02 1.000000e+02 3.914053e+00 2.571319e+00 2.170431e+02 2.000000e+02 2.292844e+02 2.292844e+02 2.000000e+02 2.292844e+02 2.198513e+02 
2.000000e+05 2.000000e+05 2.000000e+05 2.000000e+05 2.000000e+05 1.628310e+05 2.000000e+05 2.000000e+05 2.000000e+05 2.000000e+05 2.000000e+05 2.000000e+05 2.000000e+05 2.000000e+05 2.000000e+05 2.000000e+05 2.000000e+05 2.000000e+05 2.000000e+05 2.000000e+05 2.000000e+05 2.000000e+05 2.000000e+05 2.000000e+05 2.000000e+05 2.000000e+05 2.000000e+05 2.000000e+05 2.000000e+05 2.000000e+05 
