1.235319e+04 9.204342e+03 1.267761e+04 1.284275e+04 9.570650e+03 1.174577e+04 1.161505e+04 8.109119e+03 1.151480e+04 1.338859e+04 9.789922e+03 1.138942e+04 1.073975e+04 1.069310e+04 1.090575e+04 1.096999e+04 1.151588e+04 1.241446e+04 7.124376e+03 1.072990e+04 1.005143e+04 4.156054e+03 1.344807e+04 9.435831e+03 1.314602e+04 1.297372e+04 7.908583e+03 1.098187e+04 9.135228e+03 9.119968e+03 
1.099245e+04 9.204342e+03 1.182748e+04 1.063711e+04 9.570650e+03 1.121755e+04 1.063235e+04 8.109119e+03 1.151480e+04 1.213690e+04 9.789922e+03 7.461043e+03 1.073975e+04 7.927737e+03 1.090575e+04 1.096999e+04 1.090798e+04 1.128983e+04 7.124376e+03 1.072990e+04 1.005143e+04 4.156054e+03 1.050949e+04 7.547100e+03 1.314602e+04 1.297372e+04 7.908583e+03 9.891531e+03 9.135228e+03 9.119968e+03 
1.079038e+04 9.204342e+03 8.581285e+03 1.000061e+04 9.570650e+03 9.807598e+03 9.952300e+03 7.318196e+03 1.151480e+04 1.002506e+04 9.789922e+03 7.461043e+03 1.073975e+04 7.927737e+03 1.090575e+04 1.096999e+04 1.090798e+04 1.102937e+04 7.124376e+03 1.057813e+04 7.902177e+03 4.156054e+03 1.044694e+04 7.547100e+03 1.072285e+04 1.181821e+04 7.908583e+03 9.891531e+03 9.135228e+03 9.119968e+03 
9.515293e+03 9.204342e+03 8.581285e+03 7.927876e+03 9.570650e+03 9.807598e+03 9.708288e+03 7.318196e+03 8.083226e+03 9.871026e+03 9.789922e+03 7.461043e+03 1.073975e+04 7.927737e+03 9.547384e+03 9.841641e+03 1.032306e+04 1.102937e+04 7.124376e+03 1.057813e+04 7.902177e+03 4.156054e+03 1.044694e+04 7.547100e+03 1.043367e+04 9.458425e+03 7.895050e+03 9.891531e+03 7.202722e+03 9.119968e+03 
6.715325e+03 9.204342e+03 8.581285e+03 7.927876e+03 9.570650e+03 9.099254e+03 9.644935e+03 7.186572e+03 8.074080e+03 9.004673e+03 9.789922e+03 6.775230e+03 1.030180e+04 7.927737e+03 8.232949e+03 9.670059e+03 9.165553e+03 1.000546e+04 7.124376e+03 1.038264e+04 7.395763e+03 4.156054e+03 1.044694e+04 7.547100e+03 9.861655e+03 7.797689e+03 7.316187e+03 8.992639e+03 7.202722e+03 9.119968e+03 
6.420298e+03 7.534904e+03 6.214970e+03 7.927876e+03 8.841045e+03 9.099254e+03 8.609799e+03 7.186572e+03 8.074080e+03 7.766163e+03 9.789922e+03 6.775230e+03 1.030180e+04 6.802168e+03 7.838358e+03 9.345310e+03 7.873837e+03 9.089632e+03 7.124376e+03 6.478991e+03 7.395763e+03 4.156054e+03 1.044694e+04 6.217080e+03 7.013210e+03 7.104939e+03 7.308186e+03 8.992639e+03 7.202722e+03 7.944584e+03 
5.196517e+03 7.534904e+03 6.214970e+03 7.601706e+03 8.841045e+03 7.425177e+03 7.603984e+03 4.674385e+03 7.243790e+03 6.345586e+03 7.939541e+03 4.804995e+03 6.745955e+03 6.065464e+03 7.138858e+03 8.538391e+03 6.736738e+03 8.005469e+03 7.124376e+03 5.377577e+03 7.016029e+03 4.156054e+03 9.183215e+03 5.115002e+03 7.013210e+03 6.977076e+03 7.308186e+03 8.992639e+03 7.202722e+03 6.524504e+03 
5.196517e+03 3.924159e+03 6.214970e+03 6.649112e+03 7.035446e+03 6.567859e+03 7.102859e+03 4.346651e+03 6.177719e+03 6.345586e+03 6.811362e+03 4.804995e+03 6.690554e+03 5.795015e+03 4.279820e+03 6.425960e+03 6.075769e+03 7.389691e+03 6.729940e+03 5.377577e+03 6.875146e+03 3.907066e+03 7.082328e+03 3.991281e+03 5.743263e+03 6.866788e+03 4.274132e+03 6.146298e+03 6.165468e+03 4.640380e+03 
5.016330e+03 3.029869e+03 5.856511e+03 5.666638e+03 5.201409e+03 6.034875e+03 5.771072e+03 2.741950e+03 5.194479e+03 5.977102e+03 5.692915e+03 4.804995e+03 5.093345e+03 4.065393e+03 4.155659e+03 5.301514e+03 5.426747e+03 6.375118e+03 4.744785e+03 4.848051e+03 5.839920e+03 3.562810e+03 6.808289e+03 3.492417e+03 4.663425e+03 5.446106e+03 3.803962e+03 6.127071e+03 5.244182e+03 4.633011e+03 
4.252048e+03 2.544308e+03 4.450425e+03 5.110435e+03 2.896119e+03 5.151260e+03 4.280690e+03 1.960646e+03 4.838063e+03 4.002627e+03 4.243637e+03 4.032215e+03 4.746139e+03 3.558533e+03 2.755792e+03 4.876187e+03 5.235486e+03 3.919626e+03 4.338458e+03 3.568845e+03 5.454725e+03 3.289327e+03 5.351774e+03 2.805595e+03 4.198484e+03 3.950893e+03 2.411996e+03 5.224749e+03 3.087337e+03 4.504302e+03 
3.348641e+03 2.505505e+03 3.110369e+03 4.376184e+03 2.636994e+03 4.117794e+03 2.594938e+03 1.578256e+03 3.405398e+03 2.551402e+03 3.698275e+03 2.973007e+03 3.160665e+03 3.327881e+03 2.027506e+03 4.181947e+03 4.348783e+03 3.225203e+03 3.027690e+03 3.194393e+03 4.114698e+03 2.649930e+03 4.233326e+03 2.045537e+03 3.330196e+03 2.705037e+03 2.294777e+03 4.213372e+03 2.144018e+03 4.108413e+03 
2.902835e+03 2.344143e+03 2.677762e+03 3.139598e+03 2.511933e+03 3.673186e+03 2.507436e+03 1.464044e+03 2.991800e+03 2.146243e+03 3.122135e+03 2.748420e+03 2.379083e+03 2.769031e+03 1.737546e+03 3.422806e+03 3.587749e+03 2.876751e+03 2.815848e+03 2.696626e+03 3.727436e+03 2.297577e+03 3.757107e+03 1.756471e+03 2.784940e+03 2.541049e+03 1.733578e+03 2.716356e+03 1.888575e+03 3.531130e+03 
2.407528e+03 2.060836e+03 1.998172e+03 2.946445e+03 2.368451e+03 3.288895e+03 2.385295e+03 1.266115e+03 2.446835e+03 2.012030e+03 2.404180e+03 2.311914e+03 2.102437e+03 2.576549e+03 1.633613e+03 3.195738e+03 3.222556e+03 2.593709e+03 2.593363e+03 2.463340e+03 3.285955e+03 1.984372e+03 3.138513e+03 1.599012e+03 2.311242e+03 2.379286e+03 1.605935e+03 2.481635e+03 1.670959e+03 2.850807e+03 
2.321288e+03 1.928940e+03 1.897435e+03 2.748947e+03 2.224983e+03 2.829958e+03 2.260276e+03 1.130612e+03 2.244477e+03 1.873852e+03 2.268284e+03 2.014916e+03 1.999931e+03 2.359242e+03 1.492276e+03 2.816933e+03 3.028745e+03 2.484375e+03 2.397414e+03 2.349734e+03 2.961211e+03 1.876225e+03 2.932148e+03 1.470089e+03 2.062633e+03 2.099637e+03 1.505068e+03 2.393361e+03 1.632322e+03 2.541200e+03 
8.968205e+02 6.163647e+02 8.347747e+02 4.470761e+02 7.622431e+02 6.873535e+02 9.886278e+02 9.183078e+02 7.509556e+02 6.343214e+02 4.529902e+02 9.359748e+02 1.236061e+03 1.040171e+03 2.118488e+02 6.515417e+02 1.219872e+03 7.092352e+02 5.457083e+02 5.824669e+02 9.758680e+02 5.733387e+02 4.850161e+02 8.769601e+02 6.489254e+02 8.643431e+02 9.240559e+02 1.138773e+03 8.547340e+02 4.337179e+02 
1.073492e+01 1.830830e+01 9.818448e+00 9.086480e-01 4.705350e+01 1.101163e+01 2.919579e+01 9.993303e+00 5.724744e+01 5.241663e+00 1.173324e+02 2.028361e+02 2.003872e+01 1.334820e+02 1.049403e+01 5.438523e-01 5.035762e+01 5.174311e+01 2.106339e+01 3.979635e+01 6.709155e+01 1.772550e+01 4.978548e+01 1.605114e+01 8.441227e+01 1.589630e+01 2.330001e+00 2.413109e+01 1.445044e+01 9.400555e+00 
1.000000e+06 1.000000e+06 1.000000e+06 1.000000e+06 1.000000e+06 1.000000e+06 1.000000e+06 1.000000e+06 1.000000e+06 1.000000e+06 1.000000e+06 1.000000e+06 1.000000e+06 1.000000e+06 1.000000e+06 1.000000e+06 1.000000e+06 1.000000e+06 1.000000e+06 1.000000e+06 1.000000e+06 1.000000e+06 1.000000e+06 1.000000e+06 1.000000e+06 1.000000e+06 1.000000e+06 1.000000e+06 1.000000e+06 1.000000e+06 
