3.726574e+02 4.259305e+02 5.489543e+02 4.884119e+02 5.773077e+02 3.857103e+02 3.593857e+02 3.344222e+02 4.475126e+02 5.096650e+02 5.728028e+02 4.142356e+02 6.232057e+02 5.358309e+02 3.781350e+02 5.798308e+02 4.907576e+02 5.800678e+02 5.492165e+02 5.681064e+02 4.248338e+02 3.583715e+02 3.940304e+02 5.065109e+02 5.999218e+02 5.556693e+02 6.216866e+02 5.460641e+02 5.118513e+02 4.798243e+02 
3.557214e+02 4.248767e+02 5.410815e+02 4.884119e+02 5.276761e+02 3.857103e+02 3.593857e+02 3.344222e+02 3.672402e+02 5.086231e+02 5.728028e+02 3.631182e+02 5.069095e+02 5.219772e+02 3.781350e+02 5.798308e+02 3.836080e+02 5.696667e+02 5.243891e+02 5.681064e+02 3.110771e+02 3.515140e+02 3.835896e+02 5.039055e+02 5.966839e+02 5.024053e+02 6.216866e+02 5.460641e+02 5.118513e+02 4.798243e+02 
3.557214e+02 4.163788e+02 4.571749e+02 4.884119e+02 4.690368e+02 3.857103e+02 3.593857e+02 3.344222e+02 3.083379e+02 4.910215e+02 5.099657e+02 3.392523e+02 5.069095e+02 3.563742e+02 3.781350e+02 5.798308e+02 3.684450e+02 5.696667e+02 5.243891e+02 5.653768e+02 2.975574e+02 3.112364e+02 3.746763e+02 5.039055e+02 5.882116e+02 5.024053e+02 4.811712e+02 3.671852e+02 5.118513e+02 4.798243e+02 
3.383381e+02 3.767286e+02 2.091706e+02 4.098208e+02 2.544210e+02 3.857103e+02 3.413550e+02 3.166511e+02 3.045217e+02 3.853843e+02 5.099657e+02 3.148853e+02 3.565390e+02 2.982527e+02 3.781350e+02 4.544793e+02 3.649140e+02 5.285136e+02 5.243891e+02 5.066762e+02 2.975574e+02 2.954391e+02 3.681675e+02 4.723032e+02 5.543681e+02 4.757633e+02 4.220928e+02 3.143063e+02 4.709445e+02 4.798243e+02 
3.324986e+02 3.035702e+02 2.046823e+02 3.970962e+02 2.544210e+02 2.441187e+02 2.540410e+02 3.137222e+02 2.492117e+02 3.198543e+02 4.780003e+02 3.148853e+02 3.565390e+02 2.473149e+02 3.675681e+02 4.478111e+02 3.649140e+02 4.668416e+02 4.132353e+02 3.884707e+02 2.975574e+02 2.907134e+02 3.493537e+02 4.087381e+02 5.138349e+02 4.386715e+02 3.867794e+02 3.143063e+02 4.489199e+02 4.372795e+02 
3.253817e+02 2.972914e+02 1.969528e+02 3.829043e+02 2.544210e+02 1.850362e+02 2.277522e+02 2.414869e+02 2.044742e+02 2.466795e+02 3.184007e+02 2.862611e+02 3.345130e+02 2.285242e+02 3.628085e+02 4.120682e+02 3.087244e+02 3.596049e+02 3.631278e+02 1.840938e+02 2.720734e+02 2.798568e+02 2.696147e+02 2.297309e+02 4.624032e+02 3.231381e+02 2.452823e+02 2.825570e+02 4.193898e+02 3.197021e+02 
2.206612e+02 1.970858e+02 1.766422e+02 3.097779e+02 2.195303e+02 1.550835e+02 2.092096e+02 2.213838e+02 1.680477e+02 2.396563e+02 2.479633e+02 2.570561e+02 2.196442e+02 2.260143e+02 2.498578e+02 3.423283e+02 1.563838e+02 1.920762e+02 3.289703e+02 1.714254e+02 1.905118e+02 1.698218e+02 2.242202e+02 2.285429e+02 2.836680e+02 2.909601e+02 2.234588e+02 2.156812e+02 2.366042e+02 2.068524e+02 
1.742618e+02 1.970858e+02 1.736309e+02 1.865486e+02 1.508649e+02 1.198377e+02 1.453945e+02 1.806363e+02 1.327373e+02 1.776686e+02 2.026986e+02 2.283499e+02 1.852557e+02 2.111743e+02 2.156509e+02 1.860573e+02 1.028215e+02 1.786927e+02 1.264772e+02 1.433867e+02 1.801935e+02 1.208859e+02 1.374696e+02 1.243248e+02 2.080120e+02 2.461033e+02 2.041218e+02 1.973586e+02 1.751619e+02 1.727841e+02 
1.024022e+02 1.530236e+02 1.228205e+02 1.287204e+02 1.373731e+02 8.778765e+01 1.249085e+02 1.353748e+02 1.261009e+02 1.390565e+02 1.045335e+02 1.376597e+02 1.310898e+02 1.017485e+02 1.367690e+02 1.778971e+02 1.000796e+02 1.240076e+02 8.784443e+01 1.224431e+02 1.546125e+02 1.087063e+02 8.163819e+01 1.048712e+02 1.356884e+02 1.276607e+02 1.310699e+02 1.472445e+02 9.272739e+01 1.485368e+02 
8.382547e+01 1.204377e+02 8.227134e+01 1.108519e+02 1.214118e+02 7.413907e+01 5.071171e+01 9.209953e+01 9.606794e+01 1.197546e+02 7.916880e+01 1.113706e+02 1.048865e+02 7.766927e+01 7.385286e+01 1.123408e+02 6.406799e+01 6.183831e+01 6.384186e+01 9.245649e+01 9.541646e+01 9.200903e+01 6.950807e+01 6.300257e+01 8.376898e+01 1.128298e+02 9.371454e+01 1.083742e+02 5.967871e+01 1.031598e+02 
5.749357e+01 7.228866e+01 6.087586e+01 7.798189e+01 8.173028e+01 5.494669e+01 3.705239e+01 7.171603e+01 7.814785e+01 7.957047e+01 6.323092e+01 8.453157e+01 6.879054e+01 6.182240e+01 5.359898e+01 8.003197e+01 5.392128e+01 5.182221e+01 5.384177e+01 7.186875e+01 4.925737e+01 7.901538e+01 4.831079e+01 5.143462e+01 7.423740e+01 5.897402e+01 6.711849e+01 6.586137e+01 5.445875e+01 5.501074e+01 
4.626931e+01 4.072090e+01 4.368165e+01 5.023191e+01 4.421440e+01 4.332717e+01 3.391252e+01 4.877412e+01 3.218223e+01 5.997645e+01 3.138010e+01 6.265025e+01 3.648967e+01 4.631998e+01 4.309699e+01 5.028137e+01 4.338357e+01 4.018029e+01 3.647185e+01 5.464879e+01 4.169412e+01 3.609769e+01 3.516404e+01 4.582698e+01 4.377828e+01 5.334679e+01 4.204775e+01 5.523013e+01 3.982161e+01 4.567296e+01 
3.416696e+01 3.611100e+01 2.852517e+01 4.410758e+01 3.986120e+01 3.348072e+01 2.832195e+01 3.751199e+01 2.929010e+01 3.961487e+01 2.934534e+01 5.118378e+01 3.267993e+01 4.317370e+01 2.947780e+01 4.666633e+01 3.508522e+01 3.736267e+01 2.749925e+01 2.963272e+01 3.941160e+01 2.444176e+01 2.688251e+01 4.467445e+01 3.816413e+01 3.956675e+01 3.942472e+01 4.622400e+01 3.187853e+01 3.938075e+01 
3.085416e+01 2.651216e+01 2.563339e+01 3.118029e+01 3.237460e+01 2.804782e+01 2.604963e+01 2.453352e+01 2.639304e+01 2.733199e+01 2.761806e+01 3.131623e+01 2.963318e+01 3.202597e+01 2.647028e+01 3.803022e+01 2.613539e+01 2.786207e+01 2.400807e+01 2.767983e+01 3.448396e+01 2.319041e+01 2.543565e+01 2.730426e+01 2.558794e+01 2.763318e+01 2.695218e+01 3.193681e+01 1.685692e+01 3.070614e+01 
2.698650e+01 2.382023e+01 2.346798e+01 2.424992e+01 2.374627e+01 2.671780e+01 2.343342e+01 2.234134e+01 2.560158e+01 2.678920e+01 2.411735e+01 1.481577e+01 2.652607e+01 2.615709e+01 2.422469e+01 2.735327e+01 2.387979e+01 2.414881e+01 2.288242e+01 2.412594e+01 2.777529e+01 2.299996e+01 2.488478e+01 2.301982e+01 2.355651e+01 1.742373e+01 2.354992e+01 2.427349e+01 1.044379e+01 2.534690e+01 
2.655425e+01 2.382023e+01 2.099611e+01 2.130773e+01 2.196514e+01 1.498904e+01 2.343342e+01 2.234134e+01 2.135627e+01 2.678920e+01 2.411735e+01 1.481577e+01 2.652607e+01 2.541839e+01 5.876979e+00 2.628254e+01 2.198994e+01 2.176050e+01 2.288242e+01 2.229682e+01 2.429083e+01 2.299996e+01 2.466897e+01 2.072408e+01 2.329705e+01 1.742373e+01 2.099609e+01 2.427349e+01 1.044379e+01 2.229984e+01 
1.000000e+06 1.000000e+06 1.000000e+06 1.000000e+06 1.000000e+06 1.000000e+06 1.000000e+06 1.000000e+06 1.000000e+06 1.000000e+06 1.000000e+06 1.000000e+06 1.000000e+06 1.000000e+06 1.000000e+06 1.000000e+06 1.000000e+06 1.000000e+06 1.000000e+06 1.000000e+06 1.000000e+06 1.000000e+06 1.000000e+06 1.000000e+06 1.000000e+06 1.000000e+06 1.000000e+06 1.000000e+06 1.000000e+06 1.000000e+06 
