1.011003e+04 1.161031e+04 1.000590e+04 9.521395e+03 7.719988e+03 8.456003e+03 1.017939e+04 1.038667e+04 9.242561e+03 7.696086e+03 8.581392e+03 8.995164e+03 5.526807e+03 1.045784e+04 8.515723e+03 7.551844e+03 1.022658e+04 1.199548e+04 1.122228e+04 1.397440e+04 1.210298e+04 9.966664e+03 9.861642e+03 8.707774e+03 1.092699e+04 1.063745e+04 9.104872e+03 9.794111e+03 9.623553e+03 8.476808e+03 
1.011003e+04 1.161031e+04 8.043878e+03 9.427891e+03 7.719988e+03 7.954173e+03 1.017939e+04 1.025675e+04 9.239732e+03 7.696086e+03 6.822215e+03 8.995164e+03 5.526807e+03 1.045784e+04 8.389574e+03 7.551844e+03 1.020277e+04 1.179969e+04 1.086199e+04 1.182604e+04 1.210298e+04 9.966664e+03 9.861642e+03 8.707774e+03 1.092699e+04 5.435626e+03 9.104872e+03 9.644085e+03 9.623553e+03 8.476808e+03 
9.104675e+03 1.155417e+04 7.845018e+03 8.931596e+03 7.560026e+03 7.951886e+03 7.946512e+03 1.025675e+04 9.239732e+03 7.428696e+03 6.435110e+03 8.882992e+03 5.526807e+03 1.044249e+04 8.387534e+03 7.340424e+03 1.011326e+04 1.179663e+04 6.830216e+03 1.165633e+04 8.725665e+03 9.966664e+03 9.724663e+03 8.599448e+03 1.049990e+04 5.082144e+03 8.803262e+03 9.478462e+03 9.623553e+03 8.476808e+03 
7.163607e+03 1.075101e+04 7.735863e+03 8.931596e+03 7.438081e+03 7.502456e+03 6.912159e+03 1.025675e+04 9.040560e+03 7.020863e+03 6.377245e+03 7.888293e+03 3.929871e+03 8.532173e+03 8.168130e+03 7.109497e+03 9.389285e+03 1.064560e+04 6.822094e+03 1.123368e+04 8.560587e+03 9.966664e+03 9.159381e+03 7.951751e+03 9.494990e+03 4.918390e+03 8.393849e+03 9.235275e+03 9.603353e+03 8.147102e+03 
4.978139e+03 6.310033e+03 7.098776e+03 6.701358e+03 6.336847e+03 6.611375e+03 6.264496e+03 5.246529e+03 6.634558e+03 6.937434e+03 6.370181e+03 6.659777e+03 3.917276e+03 8.216489e+03 7.590648e+03 7.000612e+03 7.792682e+03 6.528928e+03 6.805458e+03 9.877848e+03 8.247218e+03 7.173485e+03 8.861992e+03 7.649878e+03 8.826040e+03 4.556575e+03 6.854606e+03 6.790954e+03 8.365479e+03 7.736153e+03 
4.421867e+03 4.820024e+03 4.967879e+03 6.360223e+03 5.994456e+03 5.783560e+03 5.716914e+03 3.310716e+03 3.904904e+03 5.314198e+03 6.370181e+03 5.873073e+03 3.622172e+03 6.584532e+03 2.763645e+03 5.281229e+03 5.977866e+03 5.810916e+03 2.526959e+03 5.300212e+03 7.422108e+03 6.248459e+03 5.501200e+03 4.154644e+03 7.633018e+03 4.164648e+03 4.945404e+03 3.493681e+03 6.488715e+03 6.432803e+03 
3.219410e+03 2.583779e+03 3.588408e+03 2.956610e+03 4.510675e+03 3.481929e+03 3.634775e+03 2.303463e+03 3.200003e+03 3.491730e+03 3.327289e+03 4.092654e+03 2.855356e+03 3.915771e+03 2.631585e+03 3.074106e+03 4.062872e+03 4.373601e+03 2.466187e+03 2.963363e+03 4.656993e+03 4.075537e+03 3.367012e+03 3.460690e+03 3.332025e+03 3.813959e+03 3.694298e+03 2.516684e+03 4.475357e+03 3.910601e+03 
2.247592e+03 1.697952e+03 1.470429e+03 1.995329e+03 2.056956e+03 1.999072e+03 2.888240e+03 1.733452e+03 1.684109e+03 2.606571e+03 2.035351e+03 1.689605e+03 1.795102e+03 3.007323e+03 1.883269e+03 2.190221e+03 3.004233e+03 2.039336e+03 1.819813e+03 1.648885e+03 2.575912e+03 2.033739e+03 2.533564e+03 1.619349e+03 2.266151e+03 2.227106e+03 2.074442e+03 2.220060e+03 2.408006e+03 2.365159e+03 
1.397219e+03 1.278226e+03 1.109586e+03 1.091048e+03 1.296298e+03 1.015536e+03 1.181862e+03 1.256518e+03 1.029377e+03 1.503363e+03 1.074719e+03 1.005664e+03 1.153623e+03 1.380695e+03 1.429460e+03 1.232073e+03 1.445329e+03 1.109021e+03 1.033830e+03 1.236826e+03 1.396530e+03 1.299747e+03 1.390801e+03 1.067782e+03 1.457495e+03 1.210356e+03 1.141384e+03 1.310372e+03 1.183585e+03 1.152748e+03 
9.658759e+02 8.634952e+02 8.359620e+02 8.047662e+02 8.259631e+02 8.013249e+02 8.807087e+02 8.690802e+02 8.203199e+02 9.313095e+02 8.006331e+02 8.145396e+02 7.876629e+02 9.552383e+02 7.199489e+02 6.869665e+02 8.253720e+02 8.852285e+02 7.706766e+02 7.350437e+02 9.242407e+02 8.938729e+02 8.924979e+02 7.750927e+02 8.589299e+02 8.293044e+02 7.762941e+02 7.920747e+02 7.691439e+02 7.873126e+02 
5.382008e+02 6.166881e+02 4.958539e+02 5.391571e+02 4.956768e+02 6.431898e+02 5.851587e+02 5.394159e+02 5.833200e+02 4.465287e+02 4.061219e+02 3.982513e+02 4.009471e+02 5.540506e+02 3.181857e+02 5.115730e+02 4.332776e+02 5.828336e+02 5.710214e+02 4.297481e+02 4.918134e+02 5.409839e+02 5.926131e+02 3.848153e+02 4.238172e+02 5.469814e+02 4.871020e+02 5.745295e+02 4.841621e+02 5.567170e+02 
1.068552e+02 1.362083e+02 5.356405e+01 1.478097e+02 1.617974e+02 2.837124e+02 1.345029e+02 1.352670e+02 2.110937e+02 1.460714e+02 1.209012e+02 1.216410e+02 2.003051e+02 3.169437e+02 6.287980e+01 5.636075e+01 1.751459e+02 1.520963e+02 2.127655e+02 7.367049e+01 9.403493e+01 1.498685e+02 1.231208e+02 1.053994e+02 2.006650e+02 1.568741e+02 8.063279e+01 1.516675e+02 1.484142e+02 1.394382e+02 
3.355181e+01 1.475747e+01 2.108588e+00 2.354787e+01 1.378124e+01 3.525859e+01 1.712729e+01 2.774034e+01 2.910027e+01 5.786727e+00 1.462134e+01 1.254593e+01 1.031060e+01 3.642172e+01 3.341277e+00 1.403763e+01 1.412348e+01 7.007712e+00 2.130725e+01 8.559523e+00 3.389818e+00 9.069855e+00 7.252255e+00 3.742071e+01 3.930079e+01 1.067935e+01 2.855785e+00 9.412810e+00 2.444715e+01 3.980227e+00 
8.725814e+00 6.551428e-02 6.697473e-03 2.654799e-01 8.886932e-03 3.054945e+00 7.694100e-02 1.317805e-01 1.660751e-02 7.072277e-03 4.218172e-02 3.983307e-02 7.306426e-02 3.901812e-02 5.978873e-03 1.265529e-02 6.083827e-02 5.373875e-03 4.250704e-02 5.060209e-02 1.412506e-01 1.816194e-02 1.584022e-02 1.832121e+01 1.153090e+01 4.726953e-02 7.668785e-03 1.373256e-02 3.947987e-02 2.592642e-02 
1.029450e-01 2.032861e-04 2.345400e-06 1.094853e-06 1.408512e-07 3.417490e-01 1.963608e-06 9.014257e-07 2.835273e-03 2.821734e-05 3.277892e-07 2.538192e-06 5.481902e-07 1.328264e-03 1.614444e-08 1.587355e-04 6.434746e-05 2.730913e-06 8.096128e-05 4.396849e-04 9.337714e-06 1.067645e-04 3.242854e-05 1.865519e+00 8.436415e-02 1.607075e-04 1.094948e-05 3.451496e-07 1.492181e-05 2.497165e-06 
1.000000e-08 1.000000e-08 1.000000e-08 1.000000e-08 1.000000e-08 1.000000e-08 1.000000e-08 1.000000e-08 1.000000e-08 1.000000e-08 1.000000e-08 1.000000e-08 1.000000e-08 1.000000e-08 1.000000e-08 1.000000e-08 1.000000e-08 1.000000e-08 1.000000e-08 1.000000e-08 1.000000e-08 1.000000e-08 1.000000e-08 1.000000e-08 1.000000e-08 1.000000e-08 1.000000e-08 1.000000e-08 1.000000e-08 1.000000e-08 
7.041330e+05 6.927140e+05 7.009960e+05 7.042930e+05 6.983560e+05 7.035270e+05 7.017540e+05 6.930760e+05 6.997430e+05 7.024180e+05 7.022160e+05 6.999070e+05 7.060250e+05 6.975970e+05 6.968070e+05 7.026470e+05 6.952880e+05 6.952860e+05 7.006320e+05 6.945620e+05 6.972650e+05 6.973330e+05 7.009970e+05 6.999110e+05 6.949570e+05 6.967060e+05 7.060540e+05 6.943950e+05 6.989530e+05 6.960780e+05 
