1.652614e+05 1.667296e+07 1.054566e+05 4.812416e+05 8.447145e+04 9.016944e+04 3.137677e+07 9.365649e+04 1.076603e+05 5.051180e+04 7.654104e+04 2.062294e+05 2.206909e+05 6.901381e+04 6.734005e+04 5.805136e+04 1.766794e+05 2.449490e+08 3.172399e+05 2.983654e+05 1.242438e+05 3.921094e+05 1.342874e+05 8.732231e+04 1.006606e+05 1.295919e+05 1.050778e+05 5.887036e+05 4.104958e+06 9.455575e+04 
8.586862e+04 4.098159e+06 1.054566e+05 1.085333e+05 8.447145e+04 9.016944e+04 6.508640e+05 9.365649e+04 1.076603e+05 5.051180e+04 5.691050e+04 2.062294e+05 2.206909e+05 6.901381e+04 6.734005e+04 5.805136e+04 1.766794e+05 4.156979e+07 1.482631e+05 1.630872e+05 1.242438e+05 1.185016e+05 7.766672e+04 8.732231e+04 1.006606e+05 1.295919e+05 1.050778e+05 5.887036e+05 4.104958e+06 9.455575e+04 
8.346808e+04 8.995492e+04 1.054566e+05 9.149855e+04 8.221974e+04 9.016944e+04 7.251824e+04 8.209109e+04 9.115734e+04 5.051180e+04 5.691050e+04 2.062294e+05 1.282488e+05 6.766638e+04 6.734005e+04 5.805136e+04 1.351650e+05 1.201408e+05 1.482631e+05 7.710801e+04 6.430315e+04 1.147216e+05 4.631299e+04 8.732231e+04 1.006606e+05 7.823231e+04 7.491551e+04 1.002488e+05 7.165466e+04 9.455575e+04 
8.346808e+04 8.995492e+04 1.054566e+05 6.680776e+04 7.624695e+04 9.004276e+04 7.251824e+04 4.094096e+04 8.185551e+04 5.014097e+04 5.691050e+04 6.143248e+04 4.393097e+04 6.766638e+04 6.671944e+04 4.817274e+04 8.537564e+04 7.488914e+04 1.325613e+05 7.710801e+04 5.692423e+04 7.673463e+04 4.631299e+04 8.732231e+04 7.813316e+04 7.716016e+04 7.491551e+04 1.002488e+05 4.065107e+04 9.169502e+04 
6.459322e+04 6.450341e+04 1.047360e+05 6.680776e+04 7.624695e+04 6.794435e+04 5.945772e+04 4.094096e+04 6.554203e+04 5.014097e+04 5.691050e+04 4.279693e+04 4.380495e+04 6.766638e+04 6.541150e+04 4.817274e+04 5.776117e+04 4.870981e+04 1.055792e+05 6.415646e+04 5.692423e+04 5.565867e+04 4.631299e+04 6.278273e+04 6.118303e+04 7.067520e+04 7.020006e+04 5.884788e+04 4.065107e+04 6.298747e+04 
5.720407e+04 5.647553e+04 5.154893e+04 6.282099e+04 5.900980e+04 5.075485e+04 5.945772e+04 4.094096e+04 5.863297e+04 4.621506e+04 5.312211e+04 4.279693e+04 4.380495e+04 4.748601e+04 5.947409e+04 3.830150e+04 4.549746e+04 4.870981e+04 5.746377e+04 6.054478e+04 5.354636e+04 5.565867e+04 4.531789e+04 4.648230e+04 6.001355e+04 6.515734e+04 5.617185e+04 4.999104e+04 3.633816e+04 6.298747e+04 
5.097750e+04 5.610504e+04 5.154893e+04 3.083697e+04 5.544494e+04 4.448275e+04 3.801476e+04 4.092780e+04 4.502552e+04 4.590593e+04 5.312211e+04 4.267934e+04 4.371673e+04 4.471204e+04 4.810351e+04 3.830150e+04 4.533102e+04 4.870981e+04 5.229119e+04 3.722832e+04 4.599546e+04 4.991060e+04 3.466918e+04 4.648230e+04 5.015334e+04 4.626280e+04 5.617185e+04 4.999104e+04 3.633816e+04 5.203443e+04 
5.097750e+04 4.753941e+04 5.154893e+04 3.083697e+04 4.907588e+04 4.074630e+04 3.801476e+04 4.088794e+04 4.445234e+04 4.590593e+04 3.960893e+04 4.244668e+04 4.371673e+04 4.460444e+04 4.778828e+04 3.616998e+04 3.541118e+04 3.216462e+04 5.037317e+04 3.489701e+04 4.599546e+04 3.452087e+04 3.466918e+04 4.648230e+04 4.994329e+04 4.552009e+04 5.593318e+04 4.992361e+04 3.632859e+04 5.083872e+04 
5.080382e+04 4.721407e+04 5.145537e+04 3.083697e+04 4.898891e+04 4.064113e+04 3.789965e+04 3.960396e+04 4.442965e+04 4.494426e+04 3.951391e+04 4.244668e+04 4.335096e+04 4.460444e+04 4.751873e+04 3.613100e+04 3.530178e+04 3.180228e+04 4.977158e+04 3.429650e+04 4.593683e+04 3.390279e+04 3.466918e+04 4.647875e+04 4.955548e+04 4.549867e+04 5.480491e+04 4.885269e+04 3.609832e+04 4.975925e+04 
4.793855e+04 4.655366e+04 5.135074e+04 2.832373e+04 4.856371e+04 4.016079e+04 3.343332e+04 3.931593e+04 4.263118e+04 4.406203e+04 3.917106e+04 4.170416e+04 4.163000e+04 4.409423e+04 4.457998e+04 3.533544e+04 3.527119e+04 3.020746e+04 4.977158e+04 3.315458e+04 4.537089e+04 3.340762e+04 3.414882e+04 4.366969e+04 4.943352e+04 4.480881e+04 5.427189e+04 4.674908e+04 3.602579e+04 4.907627e+04 
4.702914e+04 4.558417e+04 5.062747e+04 2.717447e+04 4.853726e+04 3.974108e+04 3.167385e+04 3.801368e+04 4.055633e+04 4.236029e+04 3.880039e+04 4.111642e+04 4.125288e+04 4.187675e+04 4.029584e+04 3.391687e+04 3.519723e+04 2.982430e+04 4.658904e+04 3.173074e+04 4.488876e+04 3.291623e+04 3.351158e+04 4.272896e+04 4.812443e+04 4.008201e+04 5.057303e+04 4.430002e+04 3.511853e+04 4.685249e+04 
4.395829e+04 4.157744e+04 4.855538e+04 2.489555e+04 4.220745e+04 3.632028e+04 2.958742e+04 3.303113e+04 3.979762e+04 3.999510e+04 3.678638e+04 4.003564e+04 3.716670e+04 4.012273e+04 3.738900e+04 3.197374e+04 3.487337e+04 2.716241e+04 3.947344e+04 3.100993e+04 4.287214e+04 3.208543e+04 3.249328e+04 3.689991e+04 4.562940e+04 3.631525e+04 4.597800e+04 4.237497e+04 3.371210e+04 4.335840e+04 
4.112514e+04 3.513384e+04 4.671585e+04 2.256483e+04 3.783047e+04 3.409872e+04 2.741780e+04 2.901613e+04 3.690582e+04 3.383496e+04 3.222826e+04 3.897575e+04 3.160117e+04 3.923905e+04 3.256276e+04 3.005013e+04 3.430702e+04 2.456655e+04 3.265510e+04 2.597141e+04 3.816361e+04 2.755308e+04 3.101160e+04 3.396838e+04 3.803313e+04 2.780615e+04 4.119395e+04 3.368351e+04 3.237018e+04 3.879229e+04 
3.593364e+04 3.125610e+04 4.386038e+04 1.946270e+04 3.251637e+04 2.943834e+04 2.635147e+04 2.377407e+04 3.072954e+04 2.936562e+04 2.493781e+04 3.666957e+04 2.795619e+04 3.429685e+04 2.744758e+04 2.791695e+04 2.894004e+04 2.116465e+04 2.988393e+04 2.327958e+04 3.287003e+04 2.386357e+04 2.919956e+04 2.331446e+04 2.944535e+04 2.303823e+04 3.099229e+04 2.728109e+04 2.753564e+04 3.272740e+04 
1.658849e+03 2.114267e+03 2.981694e+03 1.953282e+03 1.936898e+03 1.416804e+03 1.996432e+03 3.088226e+03 1.452996e+03 1.865760e+03 1.334201e+03 1.165289e+03 1.435342e+03 9.105551e+02 3.040341e+03 2.083917e+03 1.602328e+03 2.347496e+03 1.346518e+03 1.465588e+03 1.979253e+03 1.130754e+03 2.128968e+03 2.921023e+03 1.536750e+03 2.245495e+03 3.451019e+03 1.574804e+03 1.736969e+03 3.067687e+03 
1.000000e-08 1.000000e-08 1.000000e-08 1.000000e-08 1.000000e-08 1.000000e-08 1.000000e-08 1.000000e-08 1.000000e-08 1.000000e-08 1.000000e-08 1.000000e-08 1.000000e-08 1.000000e-08 1.000000e-08 1.000000e-08 1.000000e-08 1.000000e-08 1.000000e-08 1.000000e-08 1.000000e-08 1.000000e-08 1.000000e-08 1.000000e-08 1.000000e-08 1.000000e-08 1.000000e-08 1.000000e-08 1.000000e-08 1.000000e-08 
8.506270e+05 7.557290e+05 7.565130e+05 7.526140e+05 7.558700e+05 7.380300e+05 7.456890e+05 7.467790e+05 7.499200e+05 7.572610e+05 7.502000e+05 7.493580e+05 7.507570e+05 7.463870e+05 7.535610e+05 7.966110e+05 7.474240e+05 7.699210e+05 7.528590e+05 7.479560e+05 7.476520e+05 7.440070e+05 7.528070e+05 7.471470e+05 8.066380e+05 7.513730e+05 7.471760e+05 7.617840e+05 7.656470e+05 8.484410e+05 
