2.113678e+02 4.566421e+02 2.750706e+02 2.945934e+02 1.127496e+02 3.554592e+02 2.509341e+02 2.982303e+02 5.434869e+02 3.836209e+02 2.227725e+02 1.627946e+02 1.646736e+02 1.406533e+02 1.105402e+02 6.491070e+01 3.852172e+02 4.467498e+02 4.654548e+02 2.852062e+02 4.554025e+02 1.030084e+02 2.544871e+02 2.133274e+02 2.019036e+02 3.863670e+02 2.278765e+02 2.486665e+02 2.646925e+02 8.495017e+01 
1.918897e+02 4.501002e+02 2.632186e+02 1.639336e+02 8.176284e+01 2.426187e+02 1.947851e+02 2.671951e+02 5.319910e+02 2.859982e+02 2.227725e+02 1.627946e+02 1.308117e+02 1.229792e+02 5.546510e+01 6.491070e+01 3.852172e+02 1.110017e+02 1.375460e+02 2.380123e+02 4.554025e+02 1.006499e+02 1.150569e+02 2.124337e+02 1.666960e+02 3.705668e+02 9.120431e+01 8.604961e+01 2.646925e+02 6.332590e+01 
1.369798e+02 2.899002e+02 2.377588e+02 1.284603e+02 8.176284e+01 2.426187e+02 1.868271e+02 2.671951e+02 6.424651e+01 2.859982e+02 2.175439e+02 1.627946e+02 9.785560e+01 1.124780e+02 5.546510e+01 5.115285e+01 2.076609e+02 5.904641e+01 1.146397e+02 2.131064e+02 4.460806e+02 1.006499e+02 1.150347e+02 2.065853e+02 1.500834e+02 3.676173e+02 6.371374e+01 8.015196e+01 1.612517e+02 6.332590e+01 
8.062941e+01 2.880494e+02 2.377588e+02 1.284603e+02 6.553036e+01 1.750267e+02 6.385657e+01 2.580108e+02 6.424651e+01 2.859982e+02 5.253738e+01 1.627946e+02 9.475953e+01 1.124780e+02 5.546510e+01 5.115285e+01 1.971688e+02 5.904641e+01 1.002571e+02 1.956158e+02 4.460806e+02 1.006499e+02 8.896181e+01 6.218905e+01 1.500834e+02 4.711351e+01 6.371374e+01 5.940550e+01 1.607083e+02 6.291920e+01 
7.551868e+01 4.408092e+01 6.350444e+01 4.456130e+01 5.685629e+01 5.306062e+01 6.377554e+01 6.540173e+01 5.608591e+01 4.124840e+01 4.808295e+01 1.627946e+02 9.475953e+01 1.124780e+02 5.184206e+01 4.937152e+01 1.840837e+02 3.030162e+01 9.865904e+01 1.221321e+02 8.573394e+01 5.770782e+01 8.353887e+01 4.751001e+01 1.390840e+02 4.711351e+01 5.248189e+01 4.221049e+01 1.105942e+02 6.131312e+01 
4.073215e+01 4.303785e+01 6.350444e+01 4.261179e+01 4.681115e+01 2.900398e+01 5.832744e+01 5.115726e+01 5.353473e+01 3.844759e+01 4.808295e+01 1.201321e+02 6.633317e+01 3.964473e+01 5.174433e+01 2.990769e+01 5.014543e+01 3.030162e+01 5.009924e+01 6.514134e+01 5.059268e+01 5.191320e+01 3.881655e+01 4.246967e+01 4.817365e+01 3.753586e+01 5.104861e+01 3.742844e+01 4.251691e+01 3.115271e+01 
3.256915e+01 4.204989e+01 3.438462e+01 4.261179e+01 3.547511e+01 2.874977e+01 3.005153e+01 3.814992e+01 3.476245e+01 3.670363e+01 3.659832e+01 3.174280e+01 3.795465e+01 3.398040e+01 3.511155e+01 2.975149e+01 3.630565e+01 2.983524e+01 2.872150e+01 2.504612e+01 3.122333e+01 3.497557e+01 3.038715e+01 3.718096e+01 3.947531e+01 3.158450e+01 3.646584e+01 3.471299e+01 3.017156e+01 2.973028e+01 
3.114981e+01 3.482691e+01 2.715444e+01 2.941719e+01 3.028247e+01 2.675486e+01 2.639847e+01 2.989658e+01 3.021062e+01 2.866404e+01 2.999152e+01 3.084163e+01 3.093581e+01 2.819329e+01 2.876511e+01 2.914029e+01 3.277643e+01 2.732681e+01 2.857942e+01 2.500465e+01 2.987229e+01 3.395370e+01 3.027242e+01 3.415996e+01 3.198921e+01 2.921085e+01 2.671305e+01 2.909631e+01 2.967877e+01 2.926625e+01 
2.788073e+01 2.913354e+01 2.679031e+01 2.762797e+01 2.655235e+01 2.573542e+01 2.614544e+01 2.596528e+01 2.829509e+01 2.552967e+01 2.581912e+01 2.622084e+01 2.615272e+01 2.466726e+01 2.480668e+01 2.805769e+01 2.732335e+01 2.696770e+01 2.636488e+01 2.498367e+01 2.674592e+01 2.952609e+01 2.651354e+01 2.855860e+01 2.871413e+01 2.678675e+01 2.643985e+01 2.507244e+01 2.626775e+01 2.687657e+01 
2.462869e+01 2.306997e+01 2.325267e+01 2.288086e+01 2.348163e+01 2.351195e+01 2.443443e+01 2.264259e+01 2.290540e+01 2.466202e+01 2.431924e+01 2.342824e+01 2.602515e+01 2.171775e+01 2.342756e+01 2.287628e+01 2.552711e+01 1.812442e+01 2.516185e+01 2.118227e+01 2.452541e+01 2.471313e+01 2.356587e+01 2.492196e+01 2.548653e+01 2.434720e+01 2.596530e+01 2.434413e+01 2.464349e+01 1.274766e+01 
2.279604e+01 2.258027e+01 2.164803e+01 2.097021e+01 2.011141e+01 2.222848e+01 2.283583e+01 2.220916e+01 2.145112e+01 2.182793e+01 2.256937e+01 2.157207e+01 2.282505e+01 1.820286e+01 1.570733e+01 2.287628e+01 2.325605e+01 1.566473e+01 2.088352e+01 2.086563e+01 2.425843e+01 2.287309e+01 2.261258e+01 2.356464e+01 2.429441e+01 2.262816e+01 2.226626e+01 2.369014e+01 2.120203e+01 1.234077e+01 
2.227373e+01 1.761791e+01 2.139705e+01 1.884033e+01 1.707239e+01 2.202823e+01 2.074840e+01 2.204309e+01 1.997114e+01 2.182793e+01 2.254517e+01 2.139557e+01 1.870078e+01 1.543433e+01 1.377200e+01 2.100706e+01 2.209122e+01 1.345121e+01 1.433961e+01 1.981355e+01 2.066308e+01 2.236574e+01 2.213845e+01 2.054337e+01 2.157654e+01 2.247338e+01 2.199147e+01 1.851983e+01 1.908388e+01 1.206002e+01 
1.848880e+01 1.710981e+01 1.911485e+01 8.309516e+00 1.674484e+01 1.923216e+01 9.122780e+00 1.966424e+01 1.693879e+01 1.514438e+01 2.016837e+01 2.018390e+01 1.726594e+01 1.053057e+01 1.194793e+01 1.837766e+01 1.787981e+01 1.190275e+01 8.163628e+00 1.655644e+01 1.802502e+01 2.215499e+01 2.164466e+01 1.775163e+01 1.639431e+01 8.947128e+00 2.116384e+01 1.477915e+01 1.313784e+01 9.781809e+00 
1.625997e+01 1.355046e+01 1.827826e+01 5.123207e+00 1.398192e+01 1.633416e+01 6.533873e+00 1.821760e+01 1.568790e+01 7.539660e+00 1.731225e+01 1.978894e+01 9.288603e+00 8.668256e+00 1.114700e+01 1.795198e+01 1.680168e+01 6.461005e+00 6.719889e+00 1.593853e+01 1.289184e+01 2.081089e+01 2.075530e+01 1.713412e+01 1.601251e+01 7.657957e+00 1.596154e+01 1.354874e+01 3.051855e+00 2.913852e+00 
7.420184e+00 1.247927e+01 1.343850e+01 4.844333e+00 1.119748e+01 8.478778e+00 6.042958e+00 1.817579e+01 1.493833e+01 7.005600e+00 1.673759e+01 1.163371e+01 5.378224e+00 5.701549e+00 8.954570e+00 1.794869e+01 1.560662e+01 5.923625e+00 6.433138e+00 1.587946e+01 1.266312e+01 1.242522e+01 1.981074e+01 1.488559e+01 1.579430e+01 7.263044e+00 6.417959e+00 1.286753e+01 2.210822e+00 2.887936e+00 
4.684040e-01 1.779381e-01 6.646891e-01 4.844333e+00 8.982419e-02 6.326692e-01 3.952568e-01 9.838932e-01 7.448191e-01 7.678687e-02 8.205035e-01 6.624332e+00 4.804735e-01 9.481113e-02 5.990465e+00 1.110685e+01 6.797789e-01 5.923625e+00 6.433138e+00 7.033383e-01 6.501649e-01 6.570924e-01 1.801326e+00 1.459894e-01 1.057753e-01 2.096838e+00 8.192776e-01 1.473656e-01 4.652446e-01 7.546049e-01 
2.000000e+05 2.000000e+05 2.000000e+05 2.000000e+05 2.000000e+05 2.000000e+05 2.000000e+05 2.000000e+05 2.000000e+05 2.000000e+05 2.000000e+05 2.000000e+05 2.000000e+05 2.000000e+05 2.000000e+05 2.000000e+05 2.000000e+05 2.000000e+05 2.000000e+05 2.000000e+05 2.000000e+05 2.000000e+05 2.000000e+05 2.000000e+05 2.000000e+05 2.000000e+05 2.000000e+05 2.000000e+05 2.000000e+05 2.000000e+05 
