9.042714e+09 3.235780e+09 3.885219e+09 3.125767e+09 6.916298e+09 4.309285e+09 6.227958e+09 4.971553e+09 9.117815e+09 8.027262e+09 3.382571e+09 4.188862e+09 3.592216e+09 5.471677e+09 4.311881e+09 5.316661e+09 7.871627e+09 8.362445e+09 7.046006e+09 3.103002e+09 6.039712e+09 4.720036e+09 7.702381e+09 3.609854e+09 7.540715e+09 9.621317e+09 6.305915e+09 7.140544e+09 7.468767e+09 2.921415e+09 
9.042714e+09 2.574323e+09 3.810066e+09 3.125767e+09 6.916298e+09 4.309285e+09 6.227958e+09 4.971553e+09 7.557423e+09 8.027262e+09 3.382571e+09 4.188862e+09 3.592216e+09 5.424757e+09 4.302922e+09 5.316661e+09 4.655110e+09 8.362445e+09 7.046006e+09 2.861062e+09 6.039712e+09 4.720036e+09 7.702381e+09 3.609854e+09 7.540715e+09 9.621317e+09 6.018194e+09 3.655040e+09 7.468767e+09 2.921415e+09 
9.042714e+09 2.574323e+09 3.810066e+09 3.125767e+09 6.916298e+09 4.267088e+09 5.475502e+09 4.872287e+09 3.996784e+09 8.027262e+09 3.382571e+09 3.964144e+09 3.017387e+09 4.687218e+09 4.302922e+09 5.316661e+09 4.655110e+09 8.362445e+09 6.334278e+09 2.861062e+09 4.960799e+09 4.720036e+09 5.094745e+09 3.609854e+09 7.540715e+09 7.740859e+09 5.861332e+09 3.584734e+09 7.468767e+09 2.921415e+09 
7.256033e+09 2.329741e+09 3.702309e+09 3.061424e+09 6.782630e+09 4.267088e+09 5.131572e+09 4.845635e+09 3.996784e+09 6.986730e+09 3.382571e+09 3.964144e+09 3.017387e+09 4.671282e+09 4.302922e+09 4.674413e+09 3.693546e+09 4.371656e+09 6.334278e+09 8.564278e+08 4.311049e+09 3.767510e+09 4.243200e+09 2.425348e+09 6.593620e+09 7.740859e+09 3.762771e+09 2.159150e+09 4.043343e+09 2.921415e+09 
6.601358e+09 1.616584e+09 3.702309e+09 3.044236e+09 2.787078e+09 1.796348e+09 2.221526e+09 4.845635e+09 3.996784e+09 4.879342e+09 2.351964e+09 3.482846e+09 2.679331e+09 4.671282e+09 3.650958e+09 4.469898e+09 3.693546e+09 4.143858e+09 5.204668e+09 7.307613e+08 4.180161e+09 3.074908e+09 4.231941e+09 2.086121e+09 5.444009e+09 7.468868e+09 2.413238e+09 2.039532e+09 4.001955e+09 2.921415e+09 
1.321056e+09 9.823041e+08 3.051426e+09 1.350821e+09 2.005737e+09 9.159046e+08 2.090610e+09 3.003109e+09 3.505441e+09 2.478828e+09 8.044815e+08 1.842478e+09 1.070535e+09 2.149979e+09 1.778624e+09 1.868290e+09 6.988989e+08 1.669800e+09 1.060373e+09 6.040513e+08 2.003969e+09 3.074908e+09 2.506347e+09 1.401634e+09 1.422087e+09 4.503890e+09 7.167230e+08 1.896899e+09 1.324285e+09 2.112014e+09 
1.034841e+09 5.070702e+08 6.275659e+08 2.038856e+08 7.153940e+08 4.030875e+08 2.352130e+08 8.636026e+08 1.511466e+09 7.367040e+08 6.943579e+08 1.145269e+09 3.903029e+08 1.727152e+09 7.939074e+08 1.246526e+09 6.684317e+08 1.400792e+09 5.922991e+08 3.938292e+08 6.468336e+08 5.714969e+08 1.211214e+09 5.125199e+08 6.431215e+08 1.581861e+09 4.811137e+08 1.115722e+09 5.226437e+08 6.874782e+08 
1.451019e+08 1.530081e+08 2.044394e+08 3.370167e+07 3.203758e+08 1.863585e+08 2.301428e+08 1.768682e+08 4.040317e+08 1.424524e+08 1.264992e+08 3.378227e+08 3.109298e+08 4.704103e+08 3.330781e+08 1.897519e+08 5.640466e+08 3.008399e+08 2.519839e+08 1.703415e+08 2.369531e+08 4.725849e+08 1.227856e+08 2.497832e+08 1.936338e+08 2.228751e+08 2.802275e+08 1.752823e+08 1.342984e+08 2.829663e+08 
5.226689e+07 4.825661e+07 4.614890e+07 2.277261e+07 9.534185e+07 4.288414e+07 6.618831e+07 3.478294e+07 3.827448e+07 2.795579e+07 2.140148e+07 3.800300e+07 7.891372e+07 9.729930e+07 4.198149e+07 9.803030e+06 1.459748e+07 5.791615e+07 4.598099e+07 2.754000e+07 2.531082e+07 2.003518e+07 5.838474e+07 5.253221e+07 7.780918e+07 8.611681e+07 5.179065e+07 2.592258e+07 2.825720e+07 2.886759e+07 
3.193178e+06 6.643246e+06 1.234580e+07 1.490027e+06 1.509929e+07 5.856304e+06 8.202066e+06 8.109508e+06 1.125897e+07 4.911884e+06 8.652537e+06 4.885172e+06 9.953589e+06 5.890037e+06 3.950175e+06 2.160444e+06 7.596932e+06 6.702525e+06 2.312570e+06 8.123306e+06 1.251002e+07 4.040679e+06 1.096142e+07 1.097503e+07 9.201555e+06 1.907883e+07 1.005175e+07 6.551055e+06 9.646080e+06 5.232858e+06 
7.045676e+05 1.366945e+05 5.206565e+05 5.541106e+05 1.028728e+06 1.127582e+06 8.387893e+05 4.573511e+05 5.887446e+05 1.069906e+06 5.335741e+05 4.466491e+05 1.124934e+06 1.570316e+05 1.950773e+05 2.127623e+05 1.071286e+06 1.493346e+06 1.374603e+06 9.106798e+05 8.841035e+05 1.422365e+06 7.858296e+05 1.508001e+06 1.676194e+06 1.128931e+06 4.045306e+05 4.948602e+05 8.376328e+05 6.744887e+05 
1.925114e+04 4.794577e+04 3.766275e+04 2.608086e+04 7.016826e+04 3.677618e+04 3.909867e+04 5.146490e+04 2.290589e+04 6.666281e+04 5.662261e+04 6.959761e+04 4.173032e+04 5.693897e+04 2.977621e+04 2.140505e+04 4.323966e+04 3.880685e+04 1.867837e+04 4.880276e+04 2.825978e+04 2.056895e+04 4.775532e+04 3.193016e+04 5.683695e+04 8.134381e+03 2.470943e+04 3.433324e+04 6.059562e+04 3.302486e+04 
2.108834e+03 2.077420e+03 2.089631e+03 3.016397e+03 2.722798e+03 3.135527e+03 5.702831e+03 1.776751e+03 8.514111e+02 2.661987e+03 4.879821e+03 2.966021e+03 4.269585e+03 3.233863e+03 4.124399e+03 3.877980e+03 4.325891e+03 4.105073e+03 3.451577e+03 2.433847e+03 3.727848e+03 3.288091e+03 2.319692e+03 2.888460e+03 4.203595e+03 2.345413e+03 1.974999e+03 6.289974e+03 3.119831e+03 3.036864e+03 
9.330294e+02 6.464780e+02 3.409948e+02 3.960219e+02 5.545002e+02 3.984398e+02 7.036342e+02 2.277422e+02 2.768894e+02 5.249326e+02 5.034193e+02 6.779482e+02 1.265737e+03 2.723478e+02 6.898847e+02 6.143027e+02 1.034796e+03 4.325700e+02 4.786721e+02 3.657753e+02 7.804859e+02 5.981376e+02 6.711918e+02 6.443796e+02 6.340740e+02 4.007618e+02 3.065157e+02 8.720192e+02 7.520151e+02 4.239398e+02 
1.531100e+02 1.593220e+02 7.494652e+01 1.671814e+02 2.127802e+02 1.695638e+02 1.384522e+02 1.291220e+02 9.886435e+01 1.332503e+02 1.251931e+02 2.207544e+02 1.820460e+02 1.309607e+02 1.079403e+02 2.166997e+02 1.955690e+02 1.945439e+02 7.885298e+01 1.317379e+02 1.938174e+02 1.414768e+02 1.727794e+02 9.307914e+01 2.631532e+02 1.019204e+02 1.257485e+02 1.445229e+02 1.863513e+02 1.680585e+02 
3.762251e+01 2.545708e+01 2.788579e+01 9.894181e+00 6.513813e+01 8.267050e+01 4.650212e+01 3.551640e+01 2.649483e+01 3.658122e+01 4.191628e+01 1.880845e+01 5.517743e+01 4.207292e+01 4.034244e+01 5.887210e+01 2.329461e+01 2.703763e+01 1.673985e+01 4.996702e+01 2.895389e+01 1.254192e+02 2.247717e+01 7.620314e+01 5.945391e+01 3.312661e+00 9.137335e+01 2.371314e+01 5.031405e+01 6.062095e+01 
1.000000e+06 1.000000e+06 1.000000e+06 1.000000e+06 1.000000e+06 1.000000e+06 1.000000e+06 1.000000e+06 1.000000e+06 1.000000e+06 1.000000e+06 1.000000e+06 1.000000e+06 1.000000e+06 1.000000e+06 1.000000e+06 1.000000e+06 1.000000e+06 1.000000e+06 1.000000e+06 1.000000e+06 1.000000e+06 1.000000e+06 1.000000e+06 1.000000e+06 1.000000e+06 1.000000e+06 1.000000e+06 1.000000e+06 1.000000e+06 
