2.471997e+03 1.588326e+03 1.789823e+03 1.491126e+03 2.042095e+03 1.625170e+03 2.039490e+03 1.086422e+03 1.903657e+03 2.016044e+03 1.349458e+03 1.602170e+03 1.138792e+03 8.648024e+02 1.556431e+03 1.979810e+03 1.604739e+03 1.667940e+03 1.691137e+03 2.049434e+03 1.495546e+03 9.007797e+02 9.424420e+02 9.494928e+02 1.568881e+03 1.834735e+03 2.098178e+03 1.928137e+03 1.721369e+03 2.051928e+03 
1.667076e+03 1.588326e+03 1.789823e+03 1.491126e+03 2.020619e+03 9.958025e+02 1.678213e+03 1.086422e+03 1.507576e+03 1.955989e+03 1.233609e+03 1.602170e+03 1.138792e+03 8.648024e+02 1.556431e+03 1.979810e+03 1.604739e+03 1.639118e+03 1.672155e+03 1.962737e+03 1.419043e+03 9.007797e+02 9.424420e+02 9.448039e+02 1.547212e+03 1.763425e+03 1.753217e+03 1.675842e+03 1.683375e+03 1.927692e+03 
1.590966e+03 1.424545e+03 1.745241e+03 1.470431e+03 1.803609e+03 9.450653e+02 1.665286e+03 1.086422e+03 1.499903e+03 1.896802e+03 1.174111e+03 1.602170e+03 1.138792e+03 8.648024e+02 1.556431e+03 1.929600e+03 1.409079e+03 1.639118e+03 1.672155e+03 1.947872e+03 1.417668e+03 9.003204e+02 9.424420e+02 9.273720e+02 1.388629e+03 1.740675e+03 1.753217e+03 1.675842e+03 1.683375e+03 1.873536e+03 
1.565243e+03 1.410161e+03 1.717673e+03 1.464820e+03 1.642472e+03 9.443946e+02 1.592484e+03 1.086422e+03 1.459126e+03 1.711510e+03 1.174111e+03 1.545818e+03 1.119654e+03 8.637695e+02 1.537925e+03 1.453124e+03 1.390861e+03 1.513884e+03 1.654299e+03 8.671304e+02 1.417668e+03 8.972574e+02 8.516635e+02 7.589269e+02 1.189265e+03 1.671572e+03 1.607007e+03 1.351454e+03 1.522945e+03 1.828266e+03 
7.982263e+02 9.923042e+02 1.541469e+03 9.878381e+02 1.024025e+03 9.356365e+02 1.371871e+03 9.047541e+02 1.337661e+03 1.420285e+03 1.166637e+03 1.462078e+03 1.080909e+03 6.102119e+02 1.528578e+03 1.415058e+03 1.295660e+03 1.503531e+03 1.221855e+03 5.624019e+02 1.409573e+03 8.107996e+02 8.156034e+02 7.589269e+02 1.037034e+03 1.548649e+03 1.155167e+03 1.333083e+03 1.499453e+03 1.712307e+03 
7.259743e+02 8.012913e+02 1.130994e+03 6.112384e+02 9.777713e+02 7.385310e+02 7.548554e+02 7.606489e+02 8.025564e+02 1.238710e+03 8.272370e+02 7.808781e+02 7.071136e+02 6.034388e+02 7.289425e+02 1.204355e+03 1.015569e+03 1.030841e+03 8.737442e+02 4.650581e+02 1.088931e+03 6.227764e+02 6.167689e+02 6.897389e+02 5.650559e+02 1.239208e+03 8.764086e+02 7.810688e+02 1.394278e+03 1.325036e+03 
4.569282e+02 4.280889e+02 6.919505e+02 5.169434e+02 4.713438e+02 4.632235e+02 4.911722e+02 3.438746e+02 5.743176e+02 6.671506e+02 4.239525e+02 6.840638e+02 5.711789e+02 4.496777e+02 5.713543e+02 4.630872e+02 5.920263e+02 8.058621e+02 6.698323e+02 3.525921e+02 4.304719e+02 4.682491e+02 4.855518e+02 4.195729e+02 4.611010e+02 5.346292e+02 5.668070e+02 4.691716e+02 6.696252e+02 4.748495e+02 
3.418233e+02 2.464354e+02 3.327806e+02 2.965611e+02 3.143455e+02 3.486505e+02 2.601992e+02 3.131515e+02 3.427694e+02 3.390247e+02 2.819794e+02 2.551630e+02 2.936373e+02 3.119420e+02 3.415186e+02 3.104025e+02 2.519376e+02 3.545053e+02 3.634217e+02 2.721600e+02 2.532537e+02 3.673549e+02 2.967905e+02 2.776939e+02 3.115899e+02 4.043122e+02 3.015467e+02 3.491625e+02 3.237769e+02 3.219917e+02 
2.236243e+02 2.249120e+02 2.498392e+02 2.239858e+02 2.206755e+02 2.257677e+02 2.370984e+02 2.202193e+02 2.214889e+02 2.400533e+02 1.937692e+02 2.129886e+02 2.245441e+02 2.219867e+02 2.191374e+02 2.570523e+02 2.223150e+02 2.221906e+02 2.218056e+02 2.176336e+02 2.247005e+02 2.552969e+02 2.244190e+02 2.071026e+02 2.086546e+02 2.561669e+02 2.372961e+02 2.299659e+02 2.297895e+02 2.530658e+02 
1.884021e+02 1.920084e+02 1.940819e+02 1.880738e+02 1.935140e+02 1.855220e+02 1.894597e+02 1.932206e+02 1.923362e+02 1.954617e+02 1.840651e+02 1.890570e+02 1.903245e+02 1.942207e+02 1.867423e+02 1.919336e+02 1.930592e+02 1.966903e+02 1.927918e+02 1.912262e+02 1.964325e+02 1.930707e+02 1.905796e+02 1.943858e+02 1.904897e+02 1.984744e+02 1.904094e+02 1.883831e+02 1.882790e+02 1.977718e+02 
1.832473e+02 1.827201e+02 1.820168e+02 1.823226e+02 1.828915e+02 1.823971e+02 1.816412e+02 1.828111e+02 1.819107e+02 1.823387e+02 1.821096e+02 1.819769e+02 1.836731e+02 1.812472e+02 1.824476e+02 1.840975e+02 1.830062e+02 1.823714e+02 1.824057e+02 1.841362e+02 1.828634e+02 1.817207e+02 1.836371e+02 1.823884e+02 1.837405e+02 1.823607e+02 1.825983e+02 1.816893e+02 1.836574e+02 1.815135e+02 
1.816982e+02 1.809585e+02 1.809606e+02 1.814220e+02 1.810570e+02 1.811038e+02 1.810873e+02 1.809093e+02 1.809815e+02 1.808237e+02 1.815214e+02 1.812865e+02 1.813902e+02 1.808239e+02 1.817356e+02 1.816196e+02 1.809492e+02 1.403341e+02 1.809028e+02 1.809123e+02 1.810384e+02 1.810096e+02 1.325840e+02 1.810498e+02 1.813973e+02 1.808300e+02 1.811546e+02 1.808734e+02 1.754475e+02 1.810273e+02 
1.655535e+02 1.808171e+02 1.808155e+02 1.401237e+02 1.808643e+02 1.808237e+02 1.807847e+02 1.710325e+02 1.421580e+02 1.807875e+02 1.808117e+02 1.808239e+02 1.299145e+02 1.715823e+02 1.379276e+02 1.808141e+02 1.278938e+02 1.187343e+02 1.808061e+02 1.808016e+02 1.202077e+02 1.466463e+02 1.084877e+02 1.808593e+02 1.272587e+02 1.689079e+02 1.805041e+02 1.331577e+02 1.100464e+02 1.809532e+02 
1.032991e+02 1.808031e+02 1.807944e+02 1.200529e+02 1.808312e+02 1.807828e+02 1.807834e+02 1.289915e+02 1.182293e+02 1.807857e+02 1.807903e+02 1.807871e+02 1.149179e+02 1.313886e+02 1.243967e+02 1.807887e+02 1.121413e+02 1.120102e+02 1.807860e+02 1.807879e+02 1.107379e+02 1.078655e+02 1.049163e+02 1.807880e+02 1.066448e+02 1.300161e+02 1.222478e+02 1.102308e+02 1.070412e+02 1.808213e+02 
1.015756e+02 1.807814e+02 1.807814e+02 1.141124e+02 1.807814e+02 1.807816e+02 1.807813e+02 1.090120e+02 1.063123e+02 1.807814e+02 1.807814e+02 1.807816e+02 1.063078e+02 1.286521e+02 1.214757e+02 1.807815e+02 1.076950e+02 1.047813e+02 1.807813e+02 1.807813e+02 1.103312e+02 1.016661e+02 1.023308e+02 1.807814e+02 1.010164e+02 1.254086e+02 1.131676e+02 1.034842e+02 1.020324e+02 1.807814e+02 
1.015756e+02 1.807813e+02 1.807813e+02 1.032514e+02 1.807813e+02 1.807813e+02 1.807813e+02 1.000000e+02 1.061157e+02 1.807813e+02 1.807813e+02 1.807813e+02 1.000000e+02 1.286521e+02 1.214757e+02 1.807813e+02 1.000000e+02 1.000000e+02 1.807813e+02 1.807813e+02 1.031535e+02 1.016661e+02 1.000000e+02 1.807813e+02 1.000000e+02 1.112949e+02 1.051894e+02 1.000000e+02 1.020324e+02 1.807813e+02 
1.000000e+06 1.000000e+06 1.000000e+06 1.000000e+06 1.000000e+06 1.000000e+06 1.000000e+06 1.000000e+06 1.000000e+06 1.000000e+06 1.000000e+06 1.000000e+06 1.000000e+06 1.000000e+06 1.000000e+06 1.000000e+06 1.000000e+06 1.000000e+06 1.000000e+06 1.000000e+06 1.000000e+06 1.000000e+06 1.000000e+06 1.000000e+06 1.000000e+06 1.000000e+06 1.000000e+06 1.000000e+06 1.000000e+06 1.000000e+06 
