1.274484e+02 1.560921e+02 1.665938e+02 1.347705e+02 1.483417e+02 1.937685e+02 1.345766e+02 2.327755e+02 1.533110e+02 2.213863e+02 2.522924e+02 2.049785e+02 1.022272e+02 2.361377e+02 1.674236e+02 1.136630e+02 2.206407e+02 2.050050e+02 2.282815e+02 2.152874e+02 1.919373e+02 1.313954e+02 2.149743e+02 1.784515e+02 2.899443e+02 2.025328e+02 2.248084e+02 1.687058e+02 2.244384e+02 2.005737e+02 
1.274484e+02 1.485394e+02 1.665938e+02 1.287239e+02 1.483417e+02 1.396234e+02 1.345766e+02 2.252545e+02 1.332634e+02 1.535500e+02 1.839691e+02 2.038082e+02 1.022272e+02 2.361377e+02 1.558995e+02 1.136630e+02 1.554105e+02 1.860088e+02 2.265680e+02 2.005813e+02 1.919373e+02 1.309642e+02 2.134566e+02 1.784515e+02 2.349170e+02 1.785872e+02 1.839933e+02 1.681650e+02 2.244384e+02 2.005737e+02 
1.274484e+02 9.681316e+01 1.357111e+02 1.287239e+02 1.477252e+02 1.198033e+02 1.345766e+02 2.070816e+02 1.332634e+02 1.258124e+02 1.303531e+02 2.038082e+02 1.022272e+02 2.198577e+02 1.558995e+02 1.129591e+02 1.383056e+02 1.854085e+02 2.265680e+02 1.862072e+02 1.365123e+02 1.023384e+02 2.067558e+02 1.756439e+02 2.349170e+02 1.785872e+02 1.839933e+02 1.681650e+02 2.244384e+02 1.561957e+02 
1.274484e+02 9.681316e+01 1.357111e+02 1.287239e+02 1.365145e+02 1.198033e+02 1.343424e+02 2.033330e+02 1.133701e+02 1.258124e+02 1.303531e+02 1.916993e+02 1.022272e+02 2.072752e+02 1.250672e+02 1.085131e+02 1.245450e+02 1.605641e+02 1.879359e+02 1.862072e+02 1.071541e+02 1.023384e+02 1.935531e+02 1.307268e+02 2.349170e+02 1.679876e+02 1.839933e+02 1.464123e+02 1.592068e+02 1.334854e+02 
1.243533e+02 9.681316e+01 1.195304e+02 1.287239e+02 1.365145e+02 1.198033e+02 1.235279e+02 1.080111e+02 1.006810e+02 1.129947e+02 1.237961e+02 1.550944e+02 1.022272e+02 1.455944e+02 1.039208e+02 9.437571e+01 1.194598e+02 1.091925e+02 1.725283e+02 1.581882e+02 1.071541e+02 1.003760e+02 1.839577e+02 1.092641e+02 2.193341e+02 1.432276e+02 1.250208e+02 8.909962e+01 1.251578e+02 1.334854e+02 
1.017023e+02 7.318252e+01 7.665001e+01 1.244233e+02 1.080222e+02 8.011944e+01 7.251459e+01 8.104293e+01 1.006810e+02 1.066203e+02 1.237961e+02 8.344388e+01 8.922677e+01 9.501460e+01 9.952718e+01 9.437571e+01 8.952458e+01 1.048639e+02 1.565487e+02 9.945990e+01 1.071541e+02 8.355380e+01 1.377319e+02 9.875578e+01 9.474185e+01 9.516690e+01 8.750806e+01 8.887152e+01 9.596496e+01 1.172647e+02 
5.858862e+01 7.318252e+01 7.665001e+01 7.546337e+01 8.685420e+01 8.011944e+01 6.590112e+01 7.440340e+01 7.765593e+01 1.052707e+02 9.232197e+01 8.344388e+01 8.922677e+01 6.014711e+01 9.660860e+01 7.791194e+01 8.165145e+01 8.101607e+01 8.397244e+01 9.315840e+01 5.984139e+01 8.355380e+01 8.814794e+01 8.272597e+01 9.256290e+01 5.886002e+01 8.450972e+01 5.613109e+01 6.573528e+01 6.415672e+01 
5.858862e+01 3.542891e+01 6.798323e+01 5.992997e+01 5.836574e+01 8.011944e+01 5.116839e+01 6.653300e+01 7.290364e+01 4.612363e+01 7.524165e+01 5.081792e+01 7.916748e+01 5.318123e+01 5.967052e+01 6.337807e+01 5.154930e+01 7.748220e+01 7.648063e+01 6.122238e+01 4.397451e+01 5.904861e+01 6.263021e+01 4.588048e+01 5.255911e+01 5.886002e+01 5.880461e+01 5.520263e+01 4.816255e+01 6.385988e+01 
4.014928e+01 3.436707e+01 4.446638e+01 5.161326e+01 4.339352e+01 5.019856e+01 4.194432e+01 4.276459e+01 4.015792e+01 4.223091e+01 3.224072e+01 5.081792e+01 4.244170e+01 3.910318e+01 4.237621e+01 5.495528e+01 4.160476e+01 5.306344e+01 4.693875e+01 4.545660e+01 4.269142e+01 3.771180e+01 3.251970e+01 3.613567e+01 4.674615e+01 5.441293e+01 4.237609e+01 4.517589e+01 3.129534e+01 4.489843e+01 
3.729726e+01 3.083500e+01 3.529603e+01 4.256404e+01 3.533194e+01 3.367236e+01 3.480536e+01 3.699905e+01 3.439428e+01 3.564300e+01 3.218941e+01 4.000343e+01 3.181719e+01 3.767262e+01 3.917695e+01 3.467623e+01 3.283875e+01 3.468822e+01 3.560145e+01 4.159236e+01 3.064398e+01 3.307181e+01 3.234538e+01 3.613567e+01 3.616617e+01 4.175204e+01 2.854337e+01 4.017898e+01 2.885626e+01 2.670762e+01 
2.999191e+01 2.911839e+01 3.027612e+01 2.558211e+01 2.723028e+01 2.862548e+01 2.806601e+01 2.759951e+01 2.571155e+01 2.972750e+01 2.566663e+01 2.847141e+01 2.624207e+01 2.452518e+01 2.743146e+01 2.485418e+01 2.770991e+01 2.159267e+01 2.796137e+01 1.899836e+01 2.500512e+01 2.814274e+01 2.846777e+01 2.716417e+01 2.694501e+01 3.027433e+01 2.224512e+01 2.402997e+01 2.885626e+01 2.613474e+01 
2.263456e+01 1.449001e+01 7.821909e+00 2.275499e+01 1.611254e+01 1.529198e+01 2.248275e+01 2.525284e+01 1.282158e+01 1.882746e+01 2.405273e+01 2.463746e+01 1.088505e+01 2.335902e+01 2.345331e+01 1.780803e+01 1.423089e+01 6.591482e+00 2.436503e+01 9.972026e+00 2.046454e+01 2.323674e+01 2.174828e+01 2.292966e+01 1.079226e+01 2.280174e+01 1.172879e+01 2.254385e+01 1.755431e+01 1.970153e+01 
1.195845e+01 1.094469e+01 7.020809e+00 1.041803e+01 8.880256e+00 9.275632e+00 1.252185e+01 1.425912e+01 6.365419e+00 8.471619e+00 8.747077e+00 1.347385e+01 5.860170e+00 9.552576e+00 1.037189e+01 1.016306e+01 7.598953e+00 5.528673e+00 1.280035e+01 4.921764e+00 8.279555e+00 6.434591e+00 7.051748e+00 1.031508e+01 4.729949e+00 7.888862e+00 7.441895e+00 8.271761e+00 5.739315e+00 1.060209e+01 
4.535788e+00 3.761198e+00 5.915167e+00 3.664061e+00 3.377023e+00 5.712658e+00 4.738651e+00 4.208339e+00 2.796779e+00 4.029169e+00 6.156311e+00 7.116365e+00 3.551086e+00 6.353795e+00 6.314219e+00 2.259324e+00 4.871334e+00 2.969716e+00 4.060630e+00 2.390638e+00 5.316246e+00 3.647013e+00 4.504398e+00 2.970383e+00 4.251677e+00 3.920307e+00 5.653069e+00 4.948769e+00 3.891570e+00 6.235258e+00 
1.799850e+00 3.688525e+00 4.383002e+00 2.677244e+00 1.665680e+00 3.850287e+00 2.651391e+00 2.220219e+00 1.551421e+00 1.285316e+00 4.922163e+00 2.177747e+00 1.705907e+00 4.738495e+00 9.069369e-01 1.047549e+00 1.494369e+00 1.495257e+00 3.229354e+00 2.354924e+00 3.520955e+00 3.197367e+00 3.498201e+00 1.196857e+00 2.189036e+00 2.571252e+00 3.899816e+00 3.029445e+00 2.956959e+00 2.408865e+00 
1.000000e-08 1.000000e-08 3.681048e-03 1.000000e-08 1.000000e-08 1.000000e-08 1.000000e-08 1.000000e-08 1.000000e-08 1.000000e-08 1.000000e-08 1.000000e-08 1.000000e-08 1.000000e-08 7.633435e-08 1.000000e-08 1.858029e-08 1.000000e-08 1.000000e-08 1.746303e-04 1.000000e-08 1.000000e-08 1.000000e-08 1.000000e-08 1.000000e-08 1.566036e-07 1.000000e-08 1.000000e-08 1.000000e-08 4.946140e-04 
1.969360e+05 1.989780e+05 2.000000e+05 1.976240e+05 1.983020e+05 1.969180e+05 1.995930e+05 1.984950e+05 1.987350e+05 1.986010e+05 1.969070e+05 1.952600e+05 1.987750e+05 1.983770e+05 2.000000e+05 1.950900e+05 2.000000e+05 1.959130e+05 1.959590e+05 2.000000e+05 1.990210e+05 1.993370e+05 1.987240e+05 1.947460e+05 1.977380e+05 2.000000e+05 1.980630e+05 1.981120e+05 1.993070e+05 2.000000e+05 
