5.563021e+03 4.816715e+03 5.314935e+03 6.147713e+03 5.445642e+03 5.581702e+03 5.050701e+03 5.420154e+03 5.392942e+03 5.850619e+03 5.679196e+03 5.304375e+03 5.600656e+03 5.948726e+03 5.422408e+03 5.120185e+03 5.575317e+03 5.719472e+03 5.586986e+03 6.024500e+03 5.546502e+03 5.287923e+03 5.294133e+03 6.216720e+03 5.458589e+03 6.018158e+03 5.210486e+03 4.984134e+03 5.863642e+03 5.495342e+03 
5.458666e+03 4.816715e+03 5.314935e+03 5.816907e+03 5.240707e+03 5.435772e+03 5.050701e+03 5.420154e+03 5.392942e+03 5.846120e+03 5.679196e+03 5.151268e+03 5.600656e+03 5.897085e+03 5.330030e+03 5.120185e+03 5.130039e+03 5.333750e+03 5.586986e+03 5.920165e+03 5.457142e+03 5.287923e+03 5.294133e+03 6.010468e+03 5.458589e+03 5.920395e+03 5.147436e+03 4.984134e+03 5.764879e+03 5.495342e+03 
5.413146e+03 4.816715e+03 5.183959e+03 5.772065e+03 5.092731e+03 5.417515e+03 5.036840e+03 5.225986e+03 5.392942e+03 5.628416e+03 5.654625e+03 5.151268e+03 5.291862e+03 5.664299e+03 5.169201e+03 5.012718e+03 4.915721e+03 5.333750e+03 5.586986e+03 5.500706e+03 5.264972e+03 5.287923e+03 5.146703e+03 5.851925e+03 5.428701e+03 5.556372e+03 5.147436e+03 4.984134e+03 4.914315e+03 5.403940e+03 
4.965750e+03 3.460598e+03 4.951265e+03 5.376318e+03 4.893910e+03 4.988768e+03 4.605258e+03 5.225986e+03 4.874903e+03 5.373103e+03 5.401987e+03 4.722608e+03 5.188605e+03 5.639752e+03 4.141739e+03 5.008804e+03 4.134008e+03 5.333750e+03 5.005243e+03 5.213954e+03 5.126137e+03 5.093085e+03 5.068713e+03 5.645827e+03 4.820740e+03 5.473379e+03 4.688716e+03 4.118467e+03 4.579272e+03 4.526738e+03 
4.440905e+03 1.556378e+03 1.326793e+03 4.530322e+03 4.286783e+03 4.542317e+03 4.369084e+03 4.898459e+03 4.430753e+03 4.153227e+03 5.098044e+03 2.108483e+03 4.990470e+03 2.642704e+02 1.817614e+03 1.789886e+03 1.539083e+03 4.882836e+03 4.559038e+03 3.408884e+03 4.355683e+03 4.354698e+03 2.109337e+03 5.375385e+03 4.388233e+03 4.978347e+03 4.517776e+03 2.346554e+03 4.261337e+03 4.146949e+03 
3.466864e+03 4.343702e+02 2.334610e+02 1.368842e+03 3.300674e+03 2.807564e+03 3.170494e+03 4.021358e+03 3.957035e+03 5.506269e+02 1.695481e+03 9.606113e+02 3.369593e+02 2.642704e+02 8.530069e+02 4.265294e+02 9.651839e+02 3.918993e+03 1.677003e+03 1.511995e+03 1.729231e+03 2.478290e+03 6.170278e+02 2.102002e+03 4.168553e+03 4.401413e+03 3.888169e+03 2.984860e+02 3.140755e+03 7.609486e+02 
6.848140e+02 1.694340e+02 1.426209e+02 2.970769e+02 5.939387e+02 8.533027e+02 4.080592e+02 5.925705e+02 5.611596e+02 1.748250e+02 8.962306e+02 1.910742e+02 1.983204e+02 1.816618e+02 2.736884e+02 3.239529e+02 5.154423e+02 1.676651e+03 3.297017e+02 3.284701e+02 3.547312e+02 1.129965e+03 2.007063e+02 5.657428e+02 2.563588e+03 7.724043e+02 3.556406e+02 1.619518e+02 2.628199e+02 3.182998e+02 
1.776906e+02 1.466571e+02 1.191826e+02 1.679520e+02 1.426138e+02 1.476967e+02 1.768773e+02 2.568582e+02 2.074943e+02 1.386732e+02 2.650105e+02 1.561617e+02 1.620702e+02 1.698757e+02 2.076105e+02 2.723823e+02 2.129810e+02 2.980754e+02 1.398092e+02 2.061816e+02 1.642729e+02 2.087564e+02 1.480872e+02 1.377185e+02 3.448776e+02 5.458933e+02 2.146707e+02 1.535410e+02 1.694955e+02 2.016997e+02 
1.280078e+02 1.212154e+02 1.078058e+02 1.271398e+02 1.179931e+02 1.204237e+02 1.341386e+02 1.718271e+02 1.291838e+02 1.216207e+02 1.581499e+02 1.225973e+02 1.176102e+02 1.186659e+02 1.681714e+02 1.473112e+02 1.282413e+02 1.504131e+02 1.237901e+02 1.566135e+02 1.365620e+02 1.486447e+02 1.142733e+02 1.157824e+02 1.748842e+02 4.076533e+02 1.536311e+02 1.199310e+02 1.228375e+02 1.247942e+02 
1.066945e+02 1.020966e+02 1.019282e+02 1.047975e+02 1.050840e+02 1.055978e+02 1.137401e+02 1.213465e+02 1.099950e+02 1.091327e+02 1.179268e+02 1.096858e+02 1.139582e+02 1.113329e+02 1.199752e+02 1.061595e+02 1.042912e+02 1.186278e+02 1.085728e+02 1.048370e+02 1.039939e+02 1.156839e+02 1.013158e+02 1.090523e+02 1.193375e+02 1.752333e+02 1.304652e+02 1.152682e+02 1.095228e+02 1.133203e+02 
1.008884e+02 1.012527e+02 8.076628e+01 1.011528e+02 1.013811e+02 8.396619e+01 1.006947e+02 1.012340e+02 8.669719e+01 1.010843e+02 7.702470e+01 6.233290e+01 7.426434e+01 6.427762e+01 1.010110e+02 1.019342e+02 1.008738e+02 5.841503e+01 1.015741e+02 1.011959e+02 7.311323e+01 1.019083e+02 1.011254e+02 1.012191e+02 9.559363e+01 1.070975e+02 1.017510e+02 1.066199e+02 4.384364e+01 1.019787e+02 
1.488446e+01 1.649444e+01 8.579853e+00 8.201296e+00 5.989384e+00 6.504641e+00 1.161540e+01 1.132602e+01 1.309721e+01 1.294174e+01 9.930265e+00 8.360310e+00 6.513222e+00 1.290622e+01 1.126860e+01 6.891342e+00 2.332316e+01 9.709020e+00 1.227661e+01 1.489465e+01 8.014234e+00 1.564728e+01 1.740378e+01 1.050965e+01 1.378587e+01 1.869340e+01 1.909237e+01 1.152684e+01 8.638455e+00 8.464080e+00 
2.388500e-01 1.516025e-01 3.544907e-01 2.255008e-01 2.671236e-01 1.328961e-01 1.686868e-01 2.383017e-01 3.677722e-01 1.943793e-01 1.043068e-01 1.123302e-01 3.061457e-01 1.364500e-01 1.107791e-01 1.035910e-01 4.552126e-01 1.109041e-01 3.624348e-01 2.618925e-01 1.369696e-01 4.276483e-01 1.399198e-01 2.288487e-01 7.342399e-02 1.512447e-01 3.016963e-01 3.532754e-01 8.749619e-02 1.587669e-01 
3.770422e-05 4.838730e-06 3.159715e-06 3.759715e-07 3.184580e-05 5.792335e-07 3.602918e-08 4.272379e-07 5.909333e-07 5.909753e-06 3.197247e-07 3.193449e-05 1.294399e-05 1.921580e-08 2.665933e-06 1.000000e-08 2.383905e-04 6.620166e-08 5.450334e-06 1.019032e-06 3.805264e-06 2.230840e-06 1.000000e-08 2.121240e-05 1.259741e-08 5.838156e-07 1.190983e-08 5.703632e-06 9.566747e-08 1.248778e-05 
1.000000e-08 1.000000e-08 1.000000e-08 1.000000e-08 1.000000e-08 1.000000e-08 1.000000e-08 1.000000e-08 1.000000e-08 1.000000e-08 1.000000e-08 1.000000e-08 1.000000e-08 1.000000e-08 1.000000e-08 1.000000e-08 1.000000e-08 1.000000e-08 1.000000e-08 1.000000e-08 1.000000e-08 1.000000e-08 1.000000e-08 1.000000e-08 1.000000e-08 1.000000e-08 1.000000e-08 1.000000e-08 1.000000e-08 1.000000e-08 
1.000000e-08 1.000000e-08 1.000000e-08 1.000000e-08 1.000000e-08 1.000000e-08 1.000000e-08 1.000000e-08 1.000000e-08 1.000000e-08 1.000000e-08 1.000000e-08 1.000000e-08 1.000000e-08 1.000000e-08 1.000000e-08 1.000000e-08 1.000000e-08 1.000000e-08 1.000000e-08 1.000000e-08 1.000000e-08 1.000000e-08 1.000000e-08 1.000000e-08 1.000000e-08 1.000000e-08 1.000000e-08 1.000000e-08 1.000000e-08 
3.811490e+05 3.912820e+05 3.709230e+05 3.380790e+05 3.577190e+05 3.634000e+05 3.170320e+05 3.443840e+05 3.465950e+05 3.308710e+05 3.433120e+05 3.714990e+05 3.525710e+05 3.047460e+05 3.543530e+05 2.934800e+05 3.455900e+05 3.184220e+05 4.081540e+05 3.478680e+05 3.320270e+05 3.759790e+05 2.992790e+05 4.165490e+05 3.273230e+05 3.492050e+05 3.031130e+05 4.163090e+05 3.218030e+05 3.295110e+05 
