3.978569e+02 5.220875e+02 2.566232e+02 5.243865e+02 5.531761e+02 3.593725e+02 4.025047e+02 3.023092e+02 4.007502e+02 5.856618e+02 3.045878e+02 4.742547e+02 3.276304e+02 4.378472e+02 3.985794e+02 4.143598e+02 4.056996e+02 5.029504e+02 4.436983e+02 4.215759e+02 3.613554e+02 3.683360e+02 4.022945e+02 4.460374e+02 6.501518e+02 5.170837e+02 3.093290e+02 6.634720e+02 3.417005e+02 4.382393e+02 
3.978569e+02 4.312381e+02 2.006210e+02 4.404150e+02 5.288027e+02 3.579542e+02 3.899159e+02 3.023092e+02 3.484957e+02 4.777691e+02 2.943268e+02 4.371569e+02 2.616087e+02 4.347051e+02 3.964096e+02 4.143598e+02 4.056996e+02 4.373893e+02 2.886167e+02 4.215759e+02 3.613554e+02 3.566114e+02 3.001953e+02 3.969813e+02 5.637467e+02 3.966883e+02 3.082219e+02 6.279620e+02 3.393007e+02 4.368665e+02 
3.520303e+02 4.293397e+02 2.006210e+02 3.345241e+02 5.287405e+02 3.416217e+02 3.899159e+02 2.890011e+02 3.381814e+02 4.217510e+02 2.676088e+02 3.707979e+02 2.370991e+02 4.288509e+02 3.509278e+02 3.884501e+02 4.056996e+02 4.373893e+02 2.886167e+02 3.154679e+02 2.967781e+02 2.904018e+02 3.001953e+02 3.730990e+02 4.291432e+02 2.857283e+02 3.018652e+02 5.615332e+02 2.688261e+02 2.713934e+02 
3.040892e+02 3.821486e+02 2.003690e+02 3.279767e+02 3.602072e+02 3.255724e+02 3.784986e+02 2.890011e+02 3.373944e+02 3.742506e+02 2.676088e+02 3.452837e+02 2.370282e+02 4.288509e+02 3.509278e+02 3.884501e+02 3.937701e+02 3.431077e+02 2.886167e+02 2.979205e+02 2.967781e+02 2.904018e+02 2.782212e+02 3.496221e+02 2.883876e+02 2.857283e+02 2.995166e+02 3.705571e+02 2.652704e+02 2.713934e+02 
2.910096e+02 3.772495e+02 1.905978e+02 3.028307e+02 2.241065e+02 3.019997e+02 3.222563e+02 2.840341e+02 2.489434e+02 2.763569e+02 2.483461e+02 2.480686e+02 2.343169e+02 3.230827e+02 2.308546e+02 3.806129e+02 3.196069e+02 3.049984e+02 2.721697e+02 2.901680e+02 2.570521e+02 2.875990e+02 2.650716e+02 3.040264e+02 2.691095e+02 2.693116e+02 2.737887e+02 2.416097e+02 2.635951e+02 2.558827e+02 
2.337347e+02 2.712822e+02 1.855487e+02 2.123890e+02 2.046056e+02 2.289412e+02 2.554098e+02 2.742860e+02 1.958896e+02 2.663479e+02 2.104551e+02 1.995735e+02 2.277482e+02 2.460273e+02 2.170431e+02 2.621497e+02 2.605417e+02 2.857382e+02 2.526530e+02 2.348822e+02 2.354787e+02 2.367823e+02 2.521443e+02 2.360310e+02 2.544059e+02 2.519662e+02 1.980435e+02 2.341586e+02 2.098802e+02 2.382013e+02 
2.077596e+02 2.091685e+02 1.831774e+02 2.069032e+02 2.043597e+02 2.141320e+02 2.219909e+02 2.291877e+02 1.941865e+02 2.136090e+02 1.790550e+02 1.901105e+02 2.198923e+02 1.879843e+02 2.056365e+02 2.017237e+02 2.283534e+02 2.490783e+02 2.076614e+02 2.319510e+02 1.872120e+02 2.235188e+02 2.284533e+02 1.885423e+02 2.243101e+02 2.135554e+02 1.930920e+02 2.320525e+02 2.098802e+02 2.300398e+02 
1.843207e+02 1.929474e+02 1.755988e+02 1.829862e+02 1.831023e+02 1.905016e+02 1.936391e+02 1.929920e+02 1.841809e+02 1.904345e+02 1.755622e+02 1.852149e+02 1.837333e+02 1.864771e+02 1.866494e+02 1.890233e+02 1.850151e+02 1.774650e+02 1.999019e+02 1.899309e+02 1.784316e+02 1.893025e+02 1.987679e+02 1.864690e+02 1.840906e+02 2.009184e+02 1.727189e+02 1.839720e+02 1.844814e+02 1.868309e+02 
1.796196e+02 1.778885e+02 1.703165e+02 1.746357e+02 1.737529e+02 1.740474e+02 1.769883e+02 1.831616e+02 1.733632e+02 1.776646e+02 1.752162e+02 1.766817e+02 1.748030e+02 1.746228e+02 1.792617e+02 1.746409e+02 1.735717e+02 1.740098e+02 1.797537e+02 1.719472e+02 1.724309e+02 1.745869e+02 1.849125e+02 1.770163e+02 1.699703e+02 1.789759e+02 1.678299e+02 1.755353e+02 1.700144e+02 1.806612e+02 
1.721990e+02 1.693867e+02 1.686938e+02 1.724938e+02 1.721909e+02 1.685916e+02 1.718087e+02 1.746142e+02 1.673493e+02 1.695276e+02 1.695189e+02 1.692317e+02 1.698288e+02 1.691548e+02 1.681812e+02 1.706520e+02 1.721830e+02 1.702092e+02 1.706000e+02 1.703843e+02 1.677746e+02 1.717546e+02 1.695894e+02 1.730388e+02 1.682265e+02 1.729975e+02 1.675881e+02 1.671907e+02 1.670079e+02 1.711730e+02 
1.673589e+02 1.666013e+02 1.666152e+02 1.700984e+02 1.673226e+02 1.661700e+02 1.665477e+02 1.715979e+02 1.643222e+02 1.668962e+02 1.664157e+02 1.654790e+02 1.687194e+02 1.675086e+02 1.669528e+02 1.663353e+02 1.686460e+02 1.664542e+02 1.691472e+02 1.693075e+02 1.656077e+02 1.696483e+02 1.647196e+02 1.688973e+02 1.672611e+02 1.717001e+02 1.667796e+02 1.657562e+02 1.664996e+02 1.694034e+02 
1.662389e+02 1.651919e+02 1.650925e+02 1.668289e+02 1.656677e+02 1.653297e+02 1.653005e+02 1.685887e+02 1.640795e+02 1.646341e+02 1.657553e+02 1.639950e+02 1.673615e+02 1.669266e+02 1.651599e+02 1.657951e+02 1.673217e+02 1.654750e+02 1.659342e+02 1.670553e+02 1.655330e+02 1.672764e+02 1.631399e+02 1.663706e+02 1.663500e+02 1.648371e+02 1.656548e+02 1.654748e+02 1.658450e+02 1.674451e+02 
1.655772e+02 1.621941e+02 1.649840e+02 1.656155e+02 1.646065e+02 1.647867e+02 1.649685e+02 1.653888e+02 1.639304e+02 1.644507e+02 1.656448e+02 1.638011e+02 1.666651e+02 1.653090e+02 1.619699e+02 1.645072e+02 1.665752e+02 1.647175e+02 1.643723e+02 1.654766e+02 1.654111e+02 1.662443e+02 1.627986e+02 1.655288e+02 1.660424e+02 1.647337e+02 1.648254e+02 1.645377e+02 1.657083e+02 1.661108e+02 
1.652402e+02 1.615333e+02 1.648419e+02 1.652248e+02 1.640956e+02 1.637300e+02 1.648561e+02 1.652052e+02 1.639202e+02 1.644005e+02 1.655002e+02 1.635172e+02 1.654697e+02 1.652040e+02 1.614864e+02 1.644517e+02 1.654961e+02 1.646387e+02 1.636790e+02 1.653726e+02 1.653004e+02 1.637000e+02 1.626610e+02 1.649334e+02 1.652101e+02 1.628107e+02 1.646991e+02 1.635503e+02 1.652300e+02 1.646665e+02 
1.628009e+02 1.608400e+02 1.628740e+02 1.596855e+02 1.635234e+02 1.629433e+02 1.599127e+02 1.622411e+02 1.624030e+02 1.600626e+02 1.631184e+02 1.614456e+02 1.622968e+02 1.628390e+02 1.595971e+02 1.621799e+02 1.632717e+02 1.622846e+02 1.595479e+02 1.623262e+02 1.613351e+02 1.603471e+02 1.595069e+02 1.623197e+02 1.602793e+02 1.614696e+02 1.604185e+02 1.621775e+02 1.628299e+02 1.596035e+02 
1.627001e+02 1.593687e+02 1.627001e+02 1.586184e+02 1.586184e+02 1.601831e+02 1.586184e+02 1.606802e+02 1.600656e+02 1.586184e+02 1.586184e+02 1.586184e+02 1.595438e+02 1.586184e+02 1.593687e+02 1.601831e+02 1.586184e+02 1.593687e+02 1.586184e+02 1.593687e+02 1.586184e+02 1.586184e+02 1.587391e+02 1.586184e+02 1.593687e+02 1.586184e+02 1.601831e+02 1.586184e+02 1.586184e+02 1.593687e+02 
2.000000e+05 2.000000e+05 2.000000e+05 2.000000e+05 2.000000e+05 2.000000e+05 2.000000e+05 2.000000e+05 2.000000e+05 2.000000e+05 2.000000e+05 2.000000e+05 2.000000e+05 2.000000e+05 2.000000e+05 2.000000e+05 2.000000e+05 2.000000e+05 2.000000e+05 2.000000e+05 2.000000e+05 2.000000e+05 2.000000e+05 2.000000e+05 2.000000e+05 2.000000e+05 2.000000e+05 2.000000e+05 2.000000e+05 2.000000e+05 
