1.228851e+02 1.196724e+02 1.068104e+02 1.260919e+02 9.783448e+01 1.034960e+02 8.278015e+01 7.529413e+01 1.186697e+02 1.052748e+02 1.089154e+02 8.554013e+01 1.118408e+02 1.121408e+02 7.575920e+01 1.203203e+02 1.013769e+02 1.090195e+02 1.129032e+02 9.137224e+01 9.764616e+01 1.119921e+02 1.196794e+02 1.219326e+02 7.563964e+01 1.033113e+02 1.179185e+02 1.044666e+02 8.444572e+01 1.172634e+02 
1.045604e+02 1.051213e+02 1.068104e+02 1.085553e+02 9.783448e+01 1.034960e+02 8.278015e+01 7.529413e+01 9.890170e+01 1.042498e+02 1.069542e+02 8.554013e+01 1.118408e+02 9.994491e+01 7.575920e+01 1.194404e+02 1.000890e+02 1.090195e+02 1.063858e+02 8.831235e+01 9.764616e+01 9.841831e+01 1.075104e+02 1.114976e+02 7.563964e+01 1.033113e+02 1.007002e+02 6.934068e+01 8.444572e+01 1.040252e+02 
9.956536e+01 9.503344e+01 9.229362e+01 9.648028e+01 9.783448e+01 8.563790e+01 8.278015e+01 7.529413e+01 9.890170e+01 9.481727e+01 1.048439e+02 8.554013e+01 1.118408e+02 9.994491e+01 7.575920e+01 9.292990e+01 1.000890e+02 1.090195e+02 1.063858e+02 8.831235e+01 9.764616e+01 8.614624e+01 8.554567e+01 1.114976e+02 7.563964e+01 1.033113e+02 8.494927e+01 6.934068e+01 8.444572e+01 1.040252e+02 
9.902186e+01 9.503344e+01 9.229362e+01 9.648028e+01 9.783448e+01 8.563790e+01 8.278015e+01 7.529413e+01 9.890170e+01 9.481727e+01 1.048439e+02 8.554013e+01 1.118408e+02 9.724696e+01 7.575920e+01 9.014963e+01 7.901298e+01 1.090195e+02 1.014949e+02 8.831235e+01 9.723177e+01 8.614624e+01 8.554567e+01 1.005090e+02 7.563964e+01 1.033113e+02 8.494927e+01 6.934068e+01 8.444572e+01 1.040252e+02 
9.141880e+01 9.146453e+01 7.743770e+01 8.797476e+01 6.652229e+01 7.940997e+01 8.278015e+01 7.529413e+01 9.890170e+01 8.638975e+01 1.017618e+02 7.685938e+01 1.102247e+02 9.541817e+01 7.244447e+01 7.669989e+01 7.856274e+01 8.933039e+01 1.005540e+02 8.831235e+01 8.959337e+01 8.614624e+01 8.092947e+01 8.825738e+01 7.563964e+01 8.253065e+01 8.494927e+01 6.934068e+01 8.039361e+01 1.040252e+02 
9.141880e+01 8.043035e+01 7.743770e+01 8.498935e+01 6.652229e+01 7.699742e+01 8.245575e+01 7.529413e+01 8.292401e+01 8.638975e+01 6.773268e+01 7.685938e+01 8.299286e+01 8.870358e+01 7.244447e+01 7.669989e+01 7.856274e+01 7.319772e+01 9.667773e+01 8.831235e+01 8.498554e+01 8.614624e+01 8.092947e+01 8.589253e+01 6.912970e+01 8.253065e+01 7.528429e+01 6.934068e+01 8.039361e+01 7.924426e+01 
7.908738e+01 8.043035e+01 6.174263e+01 5.695626e+01 6.369249e+01 6.431450e+01 7.865445e+01 7.529413e+01 7.689259e+01 8.638975e+01 6.612947e+01 7.482592e+01 8.299286e+01 8.870358e+01 6.988925e+01 7.669989e+01 7.546949e+01 6.610998e+01 9.358909e+01 8.799030e+01 7.854420e+01 6.932107e+01 7.624298e+01 6.788595e+01 5.991057e+01 6.199205e+01 7.528429e+01 6.745531e+01 8.039361e+01 7.743650e+01 
7.770658e+01 7.763749e+01 5.776464e+01 5.695626e+01 6.314135e+01 6.431450e+01 6.614316e+01 7.529413e+01 6.578287e+01 7.677914e+01 6.452400e+01 4.067243e+01 7.623121e+01 6.433285e+01 6.886989e+01 7.435128e+01 5.107935e+01 5.447539e+01 7.407462e+01 6.008549e+01 7.280466e+01 6.845374e+01 7.454283e+01 6.442132e+01 5.498288e+01 6.055540e+01 7.050613e+01 6.745531e+01 6.609419e+01 7.618100e+01 
6.004579e+01 6.070989e+01 5.776464e+01 5.695626e+01 5.955364e+01 4.232926e+01 5.201600e+01 4.975479e+01 6.041357e+01 6.750650e+01 4.818934e+01 4.067243e+01 6.362100e+01 4.657242e+01 6.026628e+01 6.741328e+01 5.107935e+01 5.061013e+01 5.908824e+01 6.008549e+01 5.421819e+01 4.634392e+01 7.407953e+01 6.442132e+01 5.498288e+01 5.161236e+01 6.170901e+01 6.303481e+01 5.859517e+01 6.305714e+01 
5.455473e+01 5.362244e+01 5.752641e+01 5.377205e+01 4.634978e+01 4.232926e+01 4.723268e+01 4.191822e+01 5.306013e+01 5.242924e+01 4.192339e+01 4.025224e+01 5.555316e+01 3.830279e+01 5.472259e+01 5.241823e+01 4.595777e+01 4.775438e+01 5.908676e+01 4.468131e+01 4.321029e+01 4.348637e+01 5.593419e+01 5.039092e+01 5.322927e+01 4.685761e+01 5.469422e+01 5.110540e+01 5.149166e+01 4.454121e+01 
3.530793e+01 4.521929e+01 4.293158e+01 3.356370e+01 3.287325e+01 3.311067e+01 3.987609e+01 3.669269e+01 3.719375e+01 3.440987e+01 3.482678e+01 3.203123e+01 3.839070e+01 2.797292e+01 5.072210e+01 3.785524e+01 4.149237e+01 3.732841e+01 3.684531e+01 3.114604e+01 4.299131e+01 3.664599e+01 4.737870e+01 4.543088e+01 4.433807e+01 3.761962e+01 3.632836e+01 3.510533e+01 4.451757e+01 2.627208e+01 
2.180186e+01 2.515653e+01 3.481843e+01 2.570751e+01 2.729441e+01 3.015798e+01 2.602305e+01 2.717722e+01 2.625918e+01 2.470204e+01 2.661528e+01 2.348371e+01 3.064492e+01 2.182627e+01 3.457711e+01 2.856676e+01 2.683519e+01 2.504422e+01 3.397300e+01 2.093774e+01 2.593731e+01 2.540693e+01 2.793890e+01 2.832491e+01 2.174359e+01 2.983585e+01 2.777152e+01 2.372805e+01 1.905277e+01 2.343061e+01 
2.005857e+01 1.935089e+01 3.045988e+01 2.514235e+01 1.948461e+01 1.147495e+01 2.408914e+01 2.417118e+01 2.331199e+01 2.257344e+01 1.907194e+01 2.138889e+01 2.313862e+01 1.818336e+01 3.242087e+01 2.312403e+01 2.032823e+01 1.763094e+01 3.005066e+01 2.024487e+01 1.850290e+01 1.726246e+01 1.523833e+01 1.959052e+01 1.819450e+01 2.212192e+01 1.860091e+01 1.871576e+01 1.770421e+01 2.028361e+01 
1.910826e+01 1.901764e+01 2.908292e+01 2.491684e+01 1.892306e+01 1.005407e+01 1.998726e+01 2.391326e+01 2.192623e+01 2.097158e+01 1.613256e+01 1.994061e+01 2.102950e+01 1.699972e+01 3.092756e+01 2.194451e+01 1.997165e+01 1.694630e+01 2.949475e+01 2.014145e+01 1.751790e+01 1.601328e+01 1.312283e+01 1.202162e+01 1.796561e+01 2.092425e+01 1.795444e+01 1.794207e+01 1.608238e+01 1.803724e+01 
1.615395e+01 1.192526e+01 1.775965e+01 1.610996e+01 1.891533e+01 1.003632e+01 1.996535e+01 8.286145e+00 1.477904e+01 1.664909e+01 1.594216e+01 1.187823e+01 1.997240e+01 1.607510e+01 2.362980e+01 1.891609e+01 1.500245e+01 1.139457e+01 9.447032e+00 1.309409e+01 1.697221e+01 1.505842e+01 1.078515e+01 1.199206e+01 1.292617e+01 1.281603e+01 1.793980e+01 1.791990e+01 1.593242e+01 1.793843e+01 
4.974795e+00 3.979836e+00 4.974795e+00 1.256110e+01 1.015355e+01 4.974795e+00 7.959667e+00 6.964708e+00 1.253156e+01 7.959667e+00 1.094454e+01 7.959667e+00 6.964713e+00 5.969754e+00 1.259576e+01 8.954626e+00 6.615024e+00 6.964708e+00 8.448206e+00 5.969754e+00 9.407793e+00 1.193950e+01 4.974797e+00 1.199206e+01 1.131849e+01 6.964713e+00 1.094454e+01 9.949580e+00 8.954626e+00 4.974795e+00 
2.000000e+05 2.000000e+05 2.000000e+05 2.000000e+05 2.000000e+05 2.000000e+05 2.000000e+05 2.000000e+05 2.000000e+05 2.000000e+05 2.000000e+05 2.000000e+05 2.000000e+05 2.000000e+05 2.000000e+05 2.000000e+05 2.000000e+05 2.000000e+05 2.000000e+05 2.000000e+05 2.000000e+05 2.000000e+05 2.000000e+05 2.000000e+05 2.000000e+05 2.000000e+05 2.000000e+05 2.000000e+05 2.000000e+05 2.000000e+05 
