3.685622e+02 4.013477e+02 3.731090e+02 5.364580e+02 4.426974e+02 4.195661e+02 5.045176e+02 3.586094e+02 5.594512e+02 4.129573e+02 4.647280e+02 3.377330e+02 3.382054e+02 3.680198e+02 3.664540e+02 4.387881e+02 4.138436e+02 3.210076e+02 4.814251e+02 3.359075e+02 3.383492e+02 4.487034e+02 4.431509e+02 3.942575e+02 3.176826e+02 3.627146e+02 4.506643e+02 3.675069e+02 4.220280e+02 3.693867e+02 
3.510994e+02 3.960295e+02 3.731090e+02 4.627312e+02 3.719241e+02 3.884023e+02 4.099377e+02 2.811233e+02 5.093074e+02 3.358878e+02 4.021424e+02 3.377330e+02 2.860292e+02 3.611024e+02 3.022282e+02 4.387881e+02 3.601102e+02 3.210076e+02 4.814251e+02 3.248248e+02 3.162476e+02 2.886732e+02 4.220000e+02 3.942575e+02 3.176826e+02 3.627146e+02 4.250470e+02 3.555668e+02 4.028354e+02 3.670089e+02 
3.180631e+02 3.853109e+02 3.731090e+02 3.810675e+02 3.447895e+02 3.632541e+02 4.099377e+02 2.621918e+02 4.638216e+02 2.302533e+02 3.268992e+02 3.377330e+02 1.589871e+02 2.788800e+02 3.022282e+02 4.056192e+02 2.997294e+02 3.210076e+02 4.295878e+02 3.248248e+02 3.162476e+02 2.597139e+02 3.582214e+02 3.039160e+02 3.176826e+02 3.627146e+02 3.908669e+02 3.397381e+02 2.790884e+02 3.670089e+02 
3.180631e+02 3.625851e+02 3.514325e+02 3.810675e+02 3.447895e+02 3.153087e+02 2.812812e+02 1.892062e+02 4.361732e+02 2.302533e+02 3.214546e+02 3.110816e+02 1.493475e+02 2.788800e+02 3.022282e+02 4.056192e+02 2.804740e+02 3.174587e+02 3.767064e+02 1.931350e+02 3.162476e+02 2.597139e+02 3.128552e+02 2.887935e+02 2.592637e+02 3.080054e+02 3.196656e+02 3.025366e+02 2.554839e+02 3.670089e+02 
2.515789e+02 2.667525e+02 2.834888e+02 2.748022e+02 2.954168e+02 2.115015e+02 2.592858e+02 1.566695e+02 2.680999e+02 2.157307e+02 2.592047e+02 2.571703e+02 1.337826e+02 2.658453e+02 2.688671e+02 2.786996e+02 2.311798e+02 3.174587e+02 2.962530e+02 1.726565e+02 3.065452e+02 2.455444e+02 2.659582e+02 1.836338e+02 1.982187e+02 2.794660e+02 2.172331e+02 2.681743e+02 2.479605e+02 2.033714e+02 
1.690633e+02 1.791329e+02 1.930340e+02 1.606868e+02 2.109975e+02 2.063397e+02 1.896100e+02 9.957987e+01 1.914541e+02 1.416720e+02 1.744186e+02 2.134510e+02 8.201017e+01 1.599828e+02 2.000365e+02 1.198230e+02 1.382074e+02 1.871708e+02 2.325193e+02 1.650960e+02 1.577177e+02 1.854212e+02 1.362683e+02 1.752004e+02 1.527128e+02 1.490478e+02 2.074213e+02 1.828867e+02 1.370657e+02 1.878563e+02 
8.692392e+01 9.577792e+01 1.091339e+02 1.319071e+02 1.344392e+02 1.181245e+02 1.057902e+02 7.401985e+01 1.446361e+02 1.123270e+02 1.007998e+02 1.325334e+02 7.566770e+01 1.297708e+02 1.168592e+02 9.743179e+01 1.382074e+02 1.191090e+02 1.176121e+02 1.291891e+02 1.438816e+02 1.200246e+02 1.256742e+02 1.230988e+02 1.016884e+02 1.342502e+02 1.131564e+02 1.035161e+02 6.251525e+01 1.290757e+02 
4.495924e+01 8.104858e+01 7.029364e+01 6.041362e+01 7.278836e+01 5.655807e+01 5.425236e+01 7.401985e+01 5.538590e+01 7.036843e+01 6.405712e+01 7.070641e+01 5.165778e+01 7.969666e+01 6.272111e+01 6.009906e+01 7.443980e+01 7.711097e+01 6.974988e+01 7.601525e+01 8.911125e+01 6.931372e+01 7.515387e+01 6.996511e+01 6.291061e+01 7.534546e+01 4.244636e+01 6.254313e+01 5.307531e+01 6.062114e+01 
4.022063e+01 1.917376e+01 4.059399e+01 3.434376e+01 3.403285e+01 2.901193e+01 3.179904e+01 3.434833e+01 3.631767e+01 3.690540e+01 3.526187e+01 3.881479e+01 3.348949e+01 3.495048e+01 3.572378e+01 4.168513e+01 4.029959e+01 3.760576e+01 4.643930e+01 3.994986e+01 4.161856e+01 3.472053e+01 3.656804e+01 3.411688e+01 3.411944e+01 3.799565e+01 3.301882e+01 3.819909e+01 3.810993e+01 3.565551e+01 
1.992071e+01 1.383035e+01 2.140383e+01 1.681882e+01 2.294090e+01 1.629266e+01 1.954726e+01 2.008312e+01 2.136590e+01 2.071123e+01 2.173286e+01 1.990807e+01 2.092225e+01 2.053486e+01 1.850715e+01 1.954008e+01 1.875512e+01 1.855544e+01 2.063052e+01 2.120644e+01 2.458311e+01 1.890622e+01 2.047236e+01 1.826716e+01 1.953459e+01 1.939662e+01 1.705885e+01 2.029632e+01 2.080261e+01 2.175644e+01 
1.194967e+01 1.167693e+01 1.179983e+01 1.167409e+01 1.298643e+01 1.199089e+01 1.154570e+01 1.324716e+01 1.184175e+01 1.196850e+01 1.212307e+01 1.212672e+01 1.207246e+01 8.480189e+00 1.181569e+01 1.192812e+01 1.180525e+01 1.184142e+01 1.250462e+01 1.141291e+01 1.215074e+01 1.163082e+01 1.244875e+01 1.181596e+01 1.173332e+01 1.174616e+01 1.188391e+01 1.180161e+01 1.226757e+01 1.183067e+01 
5.487851e+00 1.087526e+01 1.087765e+01 1.087403e+01 1.088420e+01 1.087547e+01 1.087474e+01 9.326375e+00 1.087542e+01 1.087397e+01 1.087611e+01 1.087533e+01 1.087493e+01 4.739916e+00 1.087455e+01 1.087508e+01 1.087460e+01 1.087470e+01 1.087591e+01 4.070586e+00 1.087464e+01 1.087406e+01 1.088015e+01 1.087503e+01 1.087516e+01 1.087438e+01 1.087414e+01 1.087403e+01 7.423034e+00 1.087641e+01 
5.209410e+00 1.087368e+01 1.087368e+01 1.087368e+01 1.087368e+01 1.087368e+01 1.087368e+01 9.039650e+00 1.087368e+01 1.087368e+01 1.087368e+01 1.087368e+01 1.087368e+01 1.432519e+00 1.087368e+01 1.087368e+01 1.087368e+01 1.087368e+01 1.087368e+01 3.410790e+00 1.087368e+01 1.087368e+01 1.087368e+01 1.087368e+01 1.087368e+01 1.087368e+01 1.087368e+01 1.087368e+01 7.048343e+00 1.087368e+01 
4.365258e+00 1.087368e+01 1.087368e+01 1.087368e+01 1.087368e+01 1.087368e+01 1.087368e+01 9.038515e+00 1.087368e+01 1.087368e+01 1.087368e+01 1.087368e+01 1.087368e+01 1.029711e+00 1.087368e+01 1.087368e+01 1.087368e+01 1.087368e+01 1.087368e+01 2.865563e+00 1.087368e+01 1.087368e+01 1.087368e+01 1.087368e+01 1.087368e+01 1.087368e+01 1.087368e+01 1.087368e+01 7.047719e+00 1.087368e+01 
9.949591e-01 1.087368e+01 1.087368e+01 1.087368e+01 1.087368e+01 1.087368e+01 1.087368e+01 1.989918e+00 1.087368e+01 1.087368e+01 1.087368e+01 1.087368e+01 1.087368e+01 1.000000e-08 1.087368e+01 1.087368e+01 1.087368e+01 1.087368e+01 1.087368e+01 1.989918e+00 1.087368e+01 1.087368e+01 1.087368e+01 1.087368e+01 1.087368e+01 1.087368e+01 1.087368e+01 1.087368e+01 1.989918e+00 1.087368e+01 
1.000000e-08 1.087368e+01 1.087368e+01 1.087368e+01 1.087368e+01 1.087368e+01 1.087368e+01 1.000000e-08 1.087368e+01 1.087368e+01 1.087368e+01 1.087368e+01 1.087368e+01 1.000000e-08 1.087368e+01 1.087368e+01 1.087368e+01 1.087368e+01 1.087368e+01 1.000000e-08 1.087368e+01 1.087368e+01 1.087368e+01 1.087368e+01 1.087368e+01 1.087368e+01 1.087368e+01 1.087368e+01 1.000000e-08 1.087368e+01 
1.629220e+05 2.000000e+05 2.000000e+05 2.000000e+05 2.000000e+05 2.000000e+05 2.000000e+05 1.532620e+05 2.000000e+05 2.000000e+05 2.000000e+05 2.000000e+05 2.000000e+05 1.124880e+05 2.000000e+05 2.000000e+05 2.000000e+05 2.000000e+05 2.000000e+05 1.551120e+05 2.000000e+05 2.000000e+05 2.000000e+05 2.000000e+05 2.000000e+05 2.000000e+05 2.000000e+05 2.000000e+05 1.402350e+05 2.000000e+05 
