2.277626e+03 2.117025e+03 2.322607e+03 2.534372e+03 1.690999e+03 2.322459e+03 2.289035e+03 2.323306e+03 2.000144e+03 2.328702e+03 2.048863e+03 2.150383e+03 1.893456e+03 1.571355e+03 2.182629e+03 2.377987e+03 1.832232e+03 2.351437e+03 1.469128e+03 1.984038e+03 1.685606e+03 2.452593e+03 2.477731e+03 2.259818e+03 2.225608e+03 2.711324e+03 2.236376e+03 1.931155e+03 2.174886e+03 2.494614e+03 
2.277626e+03 1.467141e+03 1.725135e+03 2.347813e+03 1.690999e+03 2.053692e+03 2.223823e+03 2.281983e+03 1.787838e+03 2.328702e+03 1.859212e+03 2.150383e+03 1.816100e+03 1.558751e+03 1.765212e+03 2.377987e+03 1.832232e+03 2.239003e+03 1.469128e+03 1.888804e+03 1.673657e+03 2.269004e+03 2.049525e+03 2.118845e+03 2.225608e+03 2.522512e+03 2.065943e+03 1.931155e+03 2.174886e+03 2.246216e+03 
2.180190e+03 1.467141e+03 1.591352e+03 2.154354e+03 1.674727e+03 2.050913e+03 2.062531e+03 2.229062e+03 1.765363e+03 2.220579e+03 1.859212e+03 2.052009e+03 1.662172e+03 1.558751e+03 1.765212e+03 2.362480e+03 1.832232e+03 2.239003e+03 1.469128e+03 1.586059e+03 1.673657e+03 1.729673e+03 2.049525e+03 1.961521e+03 2.017641e+03 2.168548e+03 1.785730e+03 1.931155e+03 2.016542e+03 1.776675e+03 
2.037367e+03 1.467141e+03 1.591352e+03 2.154354e+03 1.642092e+03 1.912963e+03 1.922637e+03 2.011650e+03 1.716838e+03 2.019706e+03 1.859212e+03 1.864078e+03 1.623601e+03 1.460740e+03 1.685151e+03 1.924534e+03 1.750781e+03 2.023155e+03 1.469128e+03 1.585567e+03 1.673657e+03 1.729673e+03 1.967456e+03 1.815515e+03 1.849789e+03 1.839156e+03 1.695844e+03 1.931155e+03 1.921365e+03 1.776675e+03 
1.782347e+03 1.345178e+03 1.462638e+03 1.708947e+03 1.220254e+03 1.551507e+03 1.694067e+03 1.063773e+03 1.237376e+03 1.577230e+03 1.578313e+03 1.808243e+03 1.486380e+03 1.460740e+03 1.652332e+03 1.835043e+03 1.665320e+03 1.630393e+03 1.446654e+03 1.418819e+03 1.463236e+03 1.645192e+03 1.824746e+03 1.675599e+03 1.832457e+03 1.459046e+03 1.622634e+03 1.779848e+03 1.613007e+03 1.776675e+03 
1.215317e+03 1.269701e+03 1.407928e+03 1.126026e+03 1.217861e+03 1.508791e+03 1.437278e+03 1.026773e+03 1.162637e+03 1.288153e+03 1.262616e+03 1.430174e+03 1.433630e+03 1.242236e+03 1.318669e+03 1.505490e+03 1.480699e+03 1.303912e+03 1.360097e+03 1.418819e+03 1.463236e+03 1.123971e+03 1.444698e+03 1.078213e+03 1.447633e+03 1.459046e+03 1.201564e+03 1.521851e+03 1.157351e+03 1.565404e+03 
6.691666e+02 1.027631e+03 1.112448e+03 9.565143e+02 7.295807e+02 9.423881e+02 7.597868e+02 9.710849e+02 8.982543e+02 7.970475e+02 1.064107e+03 1.090731e+03 1.062148e+03 7.674838e+02 7.097327e+02 8.555355e+02 1.168671e+03 1.031066e+03 1.039685e+03 6.510846e+02 1.095949e+03 1.102764e+03 1.120797e+03 8.334629e+02 1.213926e+03 1.035318e+03 1.077553e+03 1.162637e+03 9.445396e+02 1.022759e+03 
4.614173e+02 6.531495e+02 6.191434e+02 5.333806e+02 4.376528e+02 6.223814e+02 4.006799e+02 5.809499e+02 3.781294e+02 5.743925e+02 7.390282e+02 7.781062e+02 6.851992e+02 4.341867e+02 5.275100e+02 4.436730e+02 5.106899e+02 6.088229e+02 4.353093e+02 4.387365e+02 5.614913e+02 5.722766e+02 6.959050e+02 5.789757e+02 5.617770e+02 7.219623e+02 8.447395e+02 5.848693e+02 6.099773e+02 4.696018e+02 
2.327803e+02 2.225850e+02 2.822414e+02 2.590330e+02 2.515290e+02 3.498676e+02 3.252891e+02 2.710632e+02 3.229936e+02 2.874094e+02 2.721133e+02 3.553861e+02 3.730739e+02 1.819215e+02 3.134488e+02 1.925579e+02 2.317764e+02 2.013658e+02 2.369402e+02 2.756470e+02 2.639467e+02 2.356227e+02 3.532260e+02 2.989053e+02 1.570301e+02 1.939919e+02 2.453530e+02 2.303656e+02 3.291517e+02 2.816210e+02 
2.697946e+01 6.143935e+01 5.826717e+01 5.608672e+01 5.154817e+01 6.272313e+01 4.598205e+01 4.865158e+01 4.139335e+01 6.703829e+01 4.220763e+01 4.587474e+01 5.005205e+01 4.196989e+01 6.278783e+01 3.894289e+01 4.669842e+01 3.773596e+01 4.532829e+01 8.046686e+01 8.096626e+01 5.039465e+01 4.367833e+01 5.540986e+01 2.901448e+01 4.324259e+01 7.918210e+01 6.591384e+01 6.708707e+01 2.405387e+01 
2.332483e+00 3.625983e+00 2.976900e+00 3.747854e+00 2.104157e+00 4.991102e+00 4.070078e+00 2.373750e+00 4.082218e+00 5.184328e+00 3.190398e+00 3.620817e+00 3.774310e+00 2.463841e+00 3.001210e+00 2.500544e+00 2.645167e+00 1.261681e+00 3.747476e+00 5.521292e+00 4.263086e+00 3.521529e+00 3.579237e+00 4.239891e+00 3.311777e+00 5.509761e+00 6.224252e+00 2.923140e+00 3.454960e+00 2.343080e+00 
3.559667e-04 2.333956e-03 3.737205e-04 1.376587e-03 8.739966e-04 4.142284e-04 1.428739e-03 4.600035e-04 1.915536e-03 7.354891e-04 1.788509e-03 1.090764e-03 7.895512e-04 6.775983e-04 4.467184e-04 3.110026e-04 5.600363e-04 4.102272e-04 4.424934e-04 2.565184e-03 7.228013e-04 4.884177e-04 2.196221e-03 4.840666e-04 4.600542e-04 3.964338e-04 1.755001e-03 1.738226e-03 4.375869e-04 6.385695e-04 
1.000000e-08 1.000000e-08 1.000000e-08 1.000000e-08 1.000000e-08 1.000000e-08 1.000000e-08 1.000000e-08 1.000000e-08 1.000000e-08 1.000000e-08 1.000000e-08 1.000000e-08 1.000000e-08 1.000000e-08 1.000000e-08 1.000000e-08 1.000000e-08 1.000000e-08 1.000000e-08 1.000000e-08 1.000000e-08 1.000000e-08 1.000000e-08 1.000000e-08 1.000000e-08 1.000000e-08 1.000000e-08 1.000000e-08 1.000000e-08 
1.000000e-08 1.000000e-08 1.000000e-08 1.000000e-08 1.000000e-08 1.000000e-08 1.000000e-08 1.000000e-08 1.000000e-08 1.000000e-08 1.000000e-08 1.000000e-08 1.000000e-08 1.000000e-08 1.000000e-08 1.000000e-08 1.000000e-08 1.000000e-08 1.000000e-08 1.000000e-08 1.000000e-08 1.000000e-08 1.000000e-08 1.000000e-08 1.000000e-08 1.000000e-08 1.000000e-08 1.000000e-08 1.000000e-08 1.000000e-08 
1.000000e-08 1.000000e-08 1.000000e-08 1.000000e-08 1.000000e-08 1.000000e-08 1.000000e-08 1.000000e-08 1.000000e-08 1.000000e-08 1.000000e-08 1.000000e-08 1.000000e-08 1.000000e-08 1.000000e-08 1.000000e-08 1.000000e-08 1.000000e-08 1.000000e-08 1.000000e-08 1.000000e-08 1.000000e-08 1.000000e-08 1.000000e-08 1.000000e-08 1.000000e-08 1.000000e-08 1.000000e-08 1.000000e-08 1.000000e-08 
1.000000e-08 1.000000e-08 1.000000e-08 1.000000e-08 1.000000e-08 1.000000e-08 1.000000e-08 1.000000e-08 1.000000e-08 1.000000e-08 1.000000e-08 1.000000e-08 1.000000e-08 1.000000e-08 1.000000e-08 1.000000e-08 1.000000e-08 1.000000e-08 1.000000e-08 1.000000e-08 1.000000e-08 1.000000e-08 1.000000e-08 1.000000e-08 1.000000e-08 1.000000e-08 1.000000e-08 1.000000e-08 1.000000e-08 1.000000e-08 
4.493600e+04 4.641800e+04 4.493600e+04 4.509200e+04 4.548200e+04 4.649600e+04 4.626200e+04 4.312000e+04 4.571600e+04 4.462100e+04 4.414700e+04 4.563800e+04 4.750200e+04 4.422600e+04 4.493600e+04 4.446300e+04 4.509200e+04 4.470000e+04 4.383100e+04 4.626200e+04 4.532600e+04 4.485800e+04 4.509200e+04 4.232500e+04 4.430500e+04 4.532600e+04 4.711700e+04 4.587200e+04 4.430500e+04 4.540400e+04 
