7.415395e+02 4.435964e+02 6.035163e+02 5.727376e+02 6.494292e+02 7.040467e+02 7.105366e+02 6.537128e+02 6.630650e+02 3.694545e+02 4.915535e+02 7.066364e+02 4.544679e+02 5.875349e+02 6.869380e+02 4.753752e+02 4.988733e+02 6.780941e+02 2.614203e+02 6.037066e+02 6.155777e+02 5.945660e+02 4.581149e+02 5.869296e+02 5.667725e+02 8.194618e+02 6.423088e+02 4.980884e+02 4.230869e+02 5.922946e+02 
7.287698e+02 4.435964e+02 5.049198e+02 4.995386e+02 5.938992e+02 6.237665e+02 5.855244e+02 5.614836e+02 6.618929e+02 3.694545e+02 4.915535e+02 6.485455e+02 4.544679e+02 5.819508e+02 4.295136e+02 4.738111e+02 4.275567e+02 6.529525e+02 2.539741e+02 5.349816e+02 5.784742e+02 5.628417e+02 4.581149e+02 4.754062e+02 5.445663e+02 4.679017e+02 5.279702e+02 4.426576e+02 4.189962e+02 5.274215e+02 
7.184750e+02 4.435964e+02 5.049198e+02 4.372800e+02 5.418393e+02 6.237665e+02 5.537110e+02 5.234177e+02 6.028559e+02 1.583090e+02 4.798518e+02 5.974203e+02 4.228785e+02 4.500339e+02 3.860587e+02 4.244774e+02 4.031758e+02 5.829760e+02 2.516494e+02 5.349816e+02 4.965224e+02 5.343749e+02 4.581149e+02 4.488445e+02 5.143700e+02 4.153043e+02 5.225949e+02 1.668976e+02 4.189962e+02 2.531694e+02 
5.120605e+02 3.769037e+02 5.049198e+02 4.026577e+02 5.350175e+02 5.983058e+02 5.037054e+02 5.212271e+02 5.046394e+02 1.583090e+02 3.782443e+02 5.845086e+02 4.228785e+02 4.500339e+02 3.553839e+02 3.657867e+02 3.441836e+02 3.983693e+02 2.516494e+02 5.349816e+02 4.239568e+02 5.343749e+02 3.821037e+02 3.317912e+02 4.745473e+02 4.153043e+02 4.708528e+02 1.668976e+02 4.189962e+02 2.531694e+02 
2.054675e+02 2.291425e+02 4.749670e+02 2.090670e+02 3.720640e+02 5.389517e+02 2.873560e+02 3.146703e+02 3.426950e+02 1.437462e+02 2.698837e+02 3.343953e+02 3.854970e+02 2.839170e+02 3.553839e+02 2.862303e+02 1.971318e+02 3.369732e+02 2.508208e+02 4.374329e+02 2.727154e+02 4.984541e+02 2.736380e+02 3.248554e+02 2.954189e+02 4.063223e+02 3.398067e+02 1.668976e+02 2.164459e+02 2.531694e+02 
1.879316e+02 1.925595e+02 2.299783e+02 1.440951e+02 2.276793e+02 2.494843e+02 2.082978e+02 2.863787e+02 9.448640e+01 1.437462e+02 2.204623e+02 1.836225e+02 3.071847e+02 1.876205e+02 2.551534e+02 2.503521e+02 1.866954e+02 3.296346e+02 1.524266e+02 3.278898e+02 1.294890e+02 3.304911e+02 2.272310e+02 1.623380e+02 2.136141e+02 2.662957e+02 2.257392e+02 1.529276e+02 2.164459e+02 2.241763e+02 
1.118684e+02 1.347400e+02 1.349833e+02 1.265943e+02 1.303210e+02 1.283664e+02 1.334178e+02 1.304323e+02 8.697286e+01 1.352235e+02 1.316373e+02 1.046421e+02 1.390739e+02 1.646283e+02 1.201296e+02 1.622208e+02 1.089637e+02 1.701944e+02 1.102476e+02 1.405761e+02 1.214012e+02 1.261348e+02 9.918650e+01 1.283141e+02 1.374594e+02 1.407089e+02 1.067450e+02 9.031464e+01 1.200370e+02 1.131704e+02 
7.854414e+01 7.627088e+01 9.319446e+01 7.363260e+01 7.206055e+01 7.900682e+01 5.769424e+01 8.593633e+01 6.349019e+01 6.924190e+01 9.607112e+01 7.239704e+01 7.224722e+01 8.284584e+01 6.585558e+01 7.849492e+01 4.837928e+01 7.011716e+01 8.280831e+01 8.256879e+01 6.720744e+01 7.796091e+01 7.134152e+01 6.570853e+01 6.513249e+01 7.053566e+01 7.383860e+01 7.841652e+01 8.198678e+01 8.751782e+01 
3.369119e+01 2.501219e+01 4.188369e+01 4.185322e+01 4.150084e+01 2.790664e+01 2.552559e+01 3.671863e+01 3.510311e+01 4.318337e+01 3.735943e+01 3.628479e+01 3.216641e+01 4.276937e+01 3.639144e+01 2.705477e+01 3.148666e+01 3.027892e+01 3.438952e+01 2.979109e+01 2.423757e+01 2.793195e+01 3.569817e+01 3.417077e+01 3.507482e+01 3.820999e+01 2.103101e+01 2.871373e+01 2.292545e+01 2.558574e+01 
1.098624e+01 9.910278e+00 1.131363e+01 1.127409e+01 1.013069e+01 1.132407e+01 1.070340e+01 1.212480e+01 1.140669e+01 1.045128e+01 1.195775e+01 1.109972e+01 1.049153e+01 1.112788e+01 1.013141e+01 1.335981e+01 1.133761e+01 1.054551e+01 1.064563e+01 1.238483e+01 1.211298e+01 1.094733e+01 1.056213e+01 9.654265e+00 1.071238e+01 1.108572e+01 1.043188e+01 1.130063e+01 1.349565e+01 1.135405e+01 
1.048374e+00 5.067895e-01 8.721719e-01 7.880055e-01 6.290449e-01 4.638767e-01 3.376479e-01 1.198533e+00 9.967032e-01 9.139895e-01 1.402768e+00 1.032375e+00 5.916400e-01 1.082609e+00 8.304389e-01 1.174205e+00 8.149592e-01 1.359306e+00 7.319763e-01 3.635943e-01 1.227044e+00 8.513889e-01 6.231215e-01 7.176123e-01 3.966379e-01 6.218632e-01 1.052142e+00 7.790096e-01 1.317864e+00 1.187179e+00 
1.226085e-02 6.136538e-03 5.633598e-03 1.013529e-02 4.735826e-03 6.760984e-03 8.969564e-03 7.557201e-03 8.735964e-03 8.230308e-03 1.540664e-02 5.465658e-03 6.158453e-03 9.632314e-03 7.694514e-03 7.615485e-03 7.016657e-03 8.832290e-03 4.740008e-03 4.847538e-03 1.131855e-02 9.961298e-03 6.301166e-03 9.301879e-03 3.858358e-03 8.015006e-03 6.906311e-03 5.232284e-03 8.523737e-03 8.926046e-03 
1.063662e-05 5.513261e-06 8.184533e-06 5.787641e-06 5.422308e-06 3.478003e-06 7.573725e-06 6.179310e-06 3.829317e-06 1.029368e-05 1.342318e-05 4.098606e-06 7.483617e-06 1.070669e-05 2.206598e-06 5.968467e-06 7.355482e-06 6.608338e-06 1.131727e-06 4.137245e-06 1.387663e-05 8.376153e-06 1.078945e-05 7.078606e-06 4.458241e-06 4.547658e-06 5.041633e-06 5.663367e-06 6.487216e-06 1.489956e-05 
1.000000e-08 1.000000e-08 1.000000e-08 1.000000e-08 1.000000e-08 1.000000e-08 1.000000e-08 1.000000e-08 1.000000e-08 1.000000e-08 1.000000e-08 1.000000e-08 1.000000e-08 1.000000e-08 1.000000e-08 1.000000e-08 1.000000e-08 1.000000e-08 1.000000e-08 1.000000e-08 1.000000e-08 1.000000e-08 1.000000e-08 1.000000e-08 1.000000e-08 1.000000e-08 1.000000e-08 1.000000e-08 1.000000e-08 1.000000e-08 
1.000000e-08 1.000000e-08 1.000000e-08 1.000000e-08 1.000000e-08 1.000000e-08 1.000000e-08 1.000000e-08 1.000000e-08 1.000000e-08 1.000000e-08 1.000000e-08 1.000000e-08 1.000000e-08 1.000000e-08 1.000000e-08 1.000000e-08 1.000000e-08 1.000000e-08 1.000000e-08 1.000000e-08 1.000000e-08 1.000000e-08 1.000000e-08 1.000000e-08 1.000000e-08 1.000000e-08 1.000000e-08 1.000000e-08 1.000000e-08 
1.000000e-08 1.000000e-08 1.000000e-08 1.000000e-08 1.000000e-08 1.000000e-08 1.000000e-08 1.000000e-08 1.000000e-08 1.000000e-08 1.000000e-08 1.000000e-08 1.000000e-08 1.000000e-08 1.000000e-08 1.000000e-08 1.000000e-08 1.000000e-08 1.000000e-08 1.000000e-08 1.000000e-08 1.000000e-08 1.000000e-08 1.000000e-08 1.000000e-08 1.000000e-08 1.000000e-08 1.000000e-08 1.000000e-08 1.000000e-08 
6.705500e+04 6.542000e+04 6.800300e+04 6.459200e+04 6.479900e+04 6.376400e+04 6.651100e+04 6.493700e+04 6.431600e+04 6.630700e+04 6.759900e+04 6.410900e+04 6.535100e+04 6.705500e+04 6.424700e+04 6.404000e+04 6.630700e+04 6.404000e+04 6.003600e+04 6.327700e+04 6.685100e+04 6.452300e+04 6.651100e+04 6.431600e+04 6.383300e+04 6.397100e+04 6.514400e+04 6.376400e+04 6.493700e+04 6.874000e+04 
