6.676447e+06 2.086788e+06 2.410515e+06 3.021555e+06 5.624424e+06 1.048072e+06 2.726919e+06 4.857976e+06 2.511408e+06 4.051805e+06 3.770734e+06 6.998325e+05 1.184846e+07 6.054104e+05 1.030102e+07 3.200509e+06 1.257298e+06 1.445830e+06 1.147295e+06 1.905321e+06 4.617092e+05 1.101351e+06 7.435864e+06 2.852207e+05 2.948274e+05 1.288236e+06 1.268542e+06 1.236378e+06 2.185201e+06 1.239524e+06 
6.676141e+06 1.187501e+06 1.151878e+06 3.021429e+06 1.837995e+06 3.036867e+04 2.726471e+06 1.431756e+06 4.824940e+05 4.051805e+06 3.770545e+06 2.762116e+05 3.312841e+06 6.051889e+05 4.334072e+06 3.200509e+06 1.257298e+06 1.445830e+06 1.147273e+06 1.905272e+06 4.617040e+05 1.015972e+06 3.059200e+04 2.844198e+05 2.948274e+05 1.470430e+04 1.268542e+06 1.235628e+06 2.185201e+06 1.239184e+06 
2.526124e+05 6.801052e+05 1.509845e+05 3.636984e+05 1.744111e+06 3.030069e+04 2.726471e+06 1.431756e+06 4.824940e+05 4.051776e+06 3.146537e+06 2.762116e+05 3.312771e+06 6.049984e+05 4.333642e+06 3.200509e+06 1.257297e+06 5.205775e+05 1.146722e+06 3.203744e+05 4.616866e+05 1.015972e+06 3.059200e+04 2.844198e+05 2.947656e+05 1.470430e+04 1.267980e+06 1.235628e+06 2.185175e+06 1.239184e+06 
2.526089e+05 6.801052e+05 1.509845e+05 3.636984e+05 1.743635e+06 2.995668e+04 2.726452e+06 1.431716e+06 4.824940e+05 4.051544e+06 3.146537e+06 2.762116e+05 3.312769e+06 2.291347e+05 2.043785e+06 3.200498e+06 1.257062e+06 5.205775e+05 1.146721e+06 3.203554e+05 4.616568e+05 1.015830e+06 3.059200e+04 2.844198e+05 2.946531e+05 1.469439e+04 1.102547e+06 1.235628e+06 2.184912e+06 9.714877e+05 
2.526089e+05 6.799773e+05 1.509545e+05 3.636984e+05 2.815382e+05 2.993175e+04 1.265119e+06 3.305985e+05 4.821769e+05 9.846644e+05 3.146537e+06 2.762051e+05 1.720215e+06 7.816217e+04 1.201941e+06 3.450187e+05 1.256961e+06 3.114384e+05 1.146698e+06 3.195768e+05 1.335484e+05 1.015245e+06 3.038409e+04 2.844198e+05 2.945725e+05 1.409975e+04 8.031753e+05 6.433163e+05 2.184869e+06 9.884830e+04 
2.526089e+05 6.796856e+05 1.509147e+05 3.636273e+05 2.815188e+05 2.993175e+04 1.498101e+04 3.305476e+05 1.171975e+05 9.189173e+05 1.876986e+06 2.694587e+05 6.494664e+05 7.804079e+04 7.993286e+05 3.450187e+05 1.256936e+06 1.889645e+05 9.929881e+04 1.028379e+05 1.149790e+05 6.017883e+05 3.038409e+04 2.844116e+05 2.368472e+05 1.409973e+04 8.031506e+05 6.433163e+05 5.315865e+05 9.849778e+04 
2.524774e+05 6.796366e+05 1.508476e+05 1.726817e+05 2.812797e+05 2.984894e+04 1.462021e+04 3.305476e+05 1.171873e+05 9.187527e+05 3.162189e+05 2.694019e+05 5.246394e+05 7.778908e+04 6.284881e+05 1.091343e+05 2.898905e+05 1.199629e+05 7.857409e+04 1.027891e+05 1.149790e+05 6.016764e+05 3.024995e+04 4.089311e+04 2.366541e+05 1.409973e+04 8.031506e+05 6.433163e+05 5.314196e+05 9.814017e+04 
2.802942e+04 4.362398e+05 1.507703e+05 9.238359e+04 1.698131e+05 2.984864e+04 1.461470e+04 1.965993e+05 1.170718e+05 5.330772e+05 1.400710e+05 2.694019e+05 3.793947e+04 7.749210e+04 2.837800e+05 1.090812e+05 9.597179e+04 1.888623e+04 3.886206e+04 1.027343e+05 1.142499e+05 1.303032e+05 3.024234e+04 4.089309e+04 2.886376e+03 1.387264e+04 1.534774e+05 1.506038e+05 2.859963e+05 9.812644e+04 
2.802128e+04 1.095745e+05 3.843504e+04 1.936215e+04 7.549644e+04 2.983857e+04 1.437337e+04 1.410210e+05 3.608967e+04 1.390347e+04 1.256764e+05 2.690706e+05 2.086922e+03 2.822143e+03 1.010631e+05 1.037635e+05 6.298690e+04 1.859171e+04 3.472457e+04 4.848159e+04 7.150480e+04 1.302836e+05 3.010915e+04 2.556612e+04 2.683843e+03 1.984239e+03 6.814504e+04 6.736708e+04 1.408826e+04 1.817330e+04 
1.887012e+04 2.791066e+04 1.068228e+04 1.072969e+04 2.143257e+04 2.384387e+04 1.429113e+04 8.378244e+03 2.807577e+04 7.866688e+03 4.620309e+04 9.039891e+04 1.972949e+03 2.821583e+03 6.512432e+04 1.890034e+04 6.298443e+04 1.856957e+04 2.293183e+04 3.168201e+04 1.350682e+04 3.750561e+04 3.007389e+04 2.543561e+04 2.628345e+03 1.946775e+03 5.644705e+04 4.676276e+04 7.437002e+03 1.811615e+04 
1.881290e+04 2.789925e+04 4.257343e+03 6.828813e+03 9.471572e+03 1.339958e+04 1.421722e+04 8.307601e+03 1.459311e+04 6.047647e+03 1.463485e+04 1.209274e+04 1.971807e+03 2.641755e+03 6.505471e+04 1.890025e+04 5.380531e+03 1.849337e+04 2.287364e+04 5.965627e+03 6.297801e+03 3.115905e+04 3.007284e+04 6.925180e+03 2.122502e+03 1.942785e+03 1.604139e+04 2.262390e+04 7.433060e+03 1.361382e+04 
1.860105e+04 7.930150e+03 4.252008e+03 6.771827e+03 9.343631e+03 1.186427e+04 3.090750e+03 3.882869e+03 1.457112e+04 6.047551e+03 1.340431e+03 7.250953e+03 1.925234e+03 2.634935e+03 2.745988e+04 1.888627e+04 2.314975e+03 1.769602e+04 1.835704e+04 5.962532e+03 4.498457e+03 3.111004e+04 1.717473e+04 5.680067e+03 2.054397e+03 1.848743e+03 1.135751e+03 2.125835e+04 2.586133e+03 6.784000e+03 
2.640154e+03 7.603548e+03 4.240002e+03 6.771709e+03 9.234694e+03 1.186179e+04 2.420905e+03 3.698602e+03 1.457109e+04 3.061684e+03 9.338024e+02 4.168767e+03 1.919068e+03 2.586504e+03 2.724759e+04 1.610666e+04 1.373348e+03 1.740889e+04 1.620257e+04 5.581482e+03 4.396018e+03 1.873301e+04 1.075264e+04 5.513743e+03 2.009935e+03 1.797679e+03 9.739020e+02 2.055524e+04 1.714719e+03 6.712540e+03 
2.136437e+03 7.005011e+03 4.208788e+03 6.766844e+03 9.228226e+03 1.108837e+04 1.840261e+03 3.652986e+03 1.457082e+04 2.847868e+03 9.197181e+02 3.901240e+03 1.805766e+03 1.632414e+03 2.506353e+04 1.610341e+04 1.266563e+03 1.651718e+04 1.611314e+04 5.579601e+03 4.380387e+03 1.629204e+04 1.070017e+04 5.508106e+03 2.008541e+03 1.796562e+03 9.318540e+02 2.050316e+04 1.621919e+03 6.583375e+03 
1.593083e+00 9.213093e-01 1.059589e+00 2.085052e+00 1.275529e+00 9.777701e-01 1.710070e+00 5.989458e-01 1.941800e+00 1.716091e+00 1.148963e+00 1.597467e+00 2.969017e+00 1.268895e+00 7.915238e-01 1.192691e+00 6.443749e-01 6.898075e-01 1.666724e+00 2.016785e+00 4.736498e+00 2.100211e+00 1.333354e+00 1.179426e+00 1.093197e+00 1.995194e+00 4.412310e+00 2.366414e+00 1.630560e+00 2.204041e+00 
2.930948e-01 3.193170e-01 1.137850e-01 1.022469e-02 2.295966e-03 3.577750e-03 8.509883e-04 2.536794e-03 4.230677e-04 6.992679e-01 1.457210e-01 1.662908e-01 8.041510e-01 2.191680e-03 8.425535e-03 2.806684e-01 1.345857e-03 3.126263e-01 1.813458e-02 1.089328e-04 2.768616e-01 8.837667e-03 6.558214e-03 3.676770e-03 3.601365e-01 6.603857e-03 3.122128e-01 1.000000e-08 9.291119e-04 1.376674e-02 
2.000000e+05 2.000000e+05 2.000000e+05 2.000000e+05 2.000000e+05 2.000000e+05 2.000000e+05 2.000000e+05 2.000000e+05 2.000000e+05 2.000000e+05 2.000000e+05 2.000000e+05 2.000000e+05 2.000000e+05 2.000000e+05 2.000000e+05 2.000000e+05 2.000000e+05 2.000000e+05 2.000000e+05 2.000000e+05 2.000000e+05 2.000000e+05 2.000000e+05 2.000000e+05 2.000000e+05 1.867440e+05 2.000000e+05 2.000000e+05 
