6.336588e+03 5.805461e+03 5.927427e+03 5.561487e+03 5.612263e+03 6.007012e+03 5.774464e+03 5.802979e+03 6.024802e+03 5.683579e+03 5.028187e+03 6.017946e+03 4.945446e+03 5.829221e+03 6.321619e+03 4.986762e+03 5.486405e+03 5.874437e+03 6.012709e+03 5.069204e+03 5.729074e+03 5.839169e+03 5.917889e+03 5.564123e+03 5.750565e+03 5.836180e+03 5.232301e+03 6.773879e+03 5.619958e+03 5.276521e+03 
6.336588e+03 5.167282e+03 5.927427e+03 5.561487e+03 5.612263e+03 5.995341e+03 5.774464e+03 5.606474e+03 6.005352e+03 5.593140e+03 4.964882e+03 6.017946e+03 4.945446e+03 5.556810e+03 6.093313e+03 4.986762e+03 5.105512e+03 5.634674e+03 5.861526e+03 5.069204e+03 5.729074e+03 5.811847e+03 5.917889e+03 5.384020e+03 5.750565e+03 5.836180e+03 4.939789e+03 6.547541e+03 5.619958e+03 5.248532e+03 
5.905916e+03 5.167282e+03 5.927427e+03 5.326401e+03 5.612263e+03 5.995341e+03 5.770180e+03 5.583929e+03 5.415512e+03 4.738585e+03 4.964882e+03 6.017946e+03 4.756797e+03 5.556810e+03 5.690087e+03 4.652150e+03 4.799066e+03 5.634674e+03 5.861526e+03 5.069204e+03 5.607176e+03 5.811847e+03 5.909219e+03 3.454513e+03 5.750565e+03 5.436671e+03 4.289248e+03 6.392792e+03 5.472916e+03 4.779273e+03 
5.400619e+03 5.061873e+03 4.680947e+03 5.126545e+03 5.337896e+03 5.228443e+03 5.721116e+03 5.364921e+03 4.217074e+03 4.738585e+03 4.964882e+03 5.673661e+03 4.697579e+03 5.546982e+03 5.590665e+03 4.472378e+03 4.799066e+03 4.675961e+03 5.568684e+03 5.069204e+03 5.437999e+03 5.520782e+03 5.909219e+03 3.328767e+03 5.750565e+03 5.436671e+03 4.289248e+03 6.027522e+03 5.289588e+03 4.779273e+03 
5.398098e+03 4.706274e+03 4.637126e+03 4.537660e+03 4.888669e+03 5.010572e+03 4.540158e+03 4.585262e+03 3.770773e+03 3.874441e+03 4.964882e+03 5.220952e+03 4.632610e+03 4.832808e+03 4.741321e+03 3.687122e+03 4.299911e+03 4.675553e+03 5.109407e+03 4.236562e+03 4.453804e+03 4.938581e+03 5.587698e+03 2.525639e+03 5.217109e+03 4.367800e+03 4.281966e+03 5.024776e+03 5.029758e+03 4.060877e+03 
4.683008e+03 2.963674e+03 3.885895e+03 3.150910e+03 3.787404e+03 3.444012e+03 4.328359e+03 3.292012e+03 3.616711e+03 3.337386e+03 3.968557e+03 3.559990e+03 3.510085e+03 4.077893e+03 4.363070e+03 3.534322e+03 2.441265e+03 3.944961e+03 4.226150e+03 3.062303e+03 3.475559e+03 3.799687e+03 4.427913e+03 2.236149e+03 3.877005e+03 3.942905e+03 3.875219e+03 3.370585e+03 4.218960e+03 2.818994e+03 
2.913076e+03 1.693558e+03 3.053464e+03 2.110953e+03 1.775089e+03 1.275623e+03 2.435848e+03 2.183851e+03 2.540436e+03 1.316207e+03 2.641248e+03 1.701523e+03 2.036207e+03 2.729273e+03 2.376501e+03 1.584858e+03 2.022557e+03 2.740513e+03 2.495601e+03 2.433976e+03 1.875315e+03 3.186442e+03 2.588297e+03 1.724011e+03 2.710094e+03 2.603452e+03 1.649716e+03 2.962055e+03 3.314061e+03 1.934207e+03 
2.183603e+03 7.986561e+02 1.051423e+03 1.044555e+03 8.056030e+02 6.482984e+02 1.186545e+03 1.010184e+03 1.218184e+03 9.077972e+02 1.044220e+03 1.463985e+03 6.658605e+02 1.047180e+03 9.536931e+02 8.685664e+02 9.128813e+02 1.237500e+03 1.356801e+03 9.990945e+02 1.685209e+03 1.568078e+03 1.014037e+03 1.071812e+03 1.054319e+03 1.188490e+03 5.916957e+02 1.288988e+03 1.920818e+03 7.100420e+02 
3.798183e+02 4.166896e+02 3.810195e+02 4.346234e+02 3.595223e+02 3.914285e+02 2.654247e+02 3.955404e+02 6.469416e+02 3.665665e+02 4.637996e+02 2.686515e+02 4.818687e+02 5.222855e+02 4.060711e+02 4.063883e+02 3.189842e+02 5.615611e+02 5.010657e+02 3.683213e+02 6.803461e+02 6.190293e+02 4.269548e+02 3.858113e+02 5.523191e+02 5.693872e+02 3.966740e+02 5.155382e+02 5.670063e+02 2.891279e+02 
1.898018e+02 2.307752e+02 1.501630e+02 1.871805e+02 1.879157e+02 1.830169e+02 1.659199e+02 1.711331e+02 2.278933e+02 1.705003e+02 2.369755e+02 1.922694e+02 1.683665e+02 2.227402e+02 1.795563e+02 2.147238e+02 1.806451e+02 1.835907e+02 1.681493e+02 2.157619e+02 3.259386e+02 2.198217e+02 1.754607e+02 1.800571e+02 2.199581e+02 1.980374e+02 2.002032e+02 2.357348e+02 2.189585e+02 1.545868e+02 
1.281129e+02 1.288170e+02 1.254768e+02 1.276461e+02 1.280566e+02 1.235539e+02 1.262120e+02 1.230355e+02 1.405852e+02 1.229348e+02 1.267062e+02 1.235786e+02 1.215796e+02 1.231666e+02 1.215525e+02 1.288867e+02 1.215288e+02 1.244327e+02 1.245722e+02 1.291419e+02 1.295751e+02 1.316906e+02 1.196253e+02 1.223667e+02 1.195396e+02 1.259362e+02 1.255144e+02 1.181880e+02 1.223489e+02 1.231849e+02 
1.127299e+02 1.135316e+02 1.125514e+02 1.127467e+02 1.146039e+02 1.123260e+02 1.127300e+02 1.128367e+02 1.124607e+02 1.130697e+02 1.136970e+02 1.128211e+02 1.117804e+02 1.131989e+02 1.121660e+02 1.129037e+02 1.123149e+02 1.129649e+02 1.139055e+02 1.126640e+02 1.123124e+02 1.126934e+02 1.124245e+02 1.128561e+02 1.115324e+02 1.129269e+02 1.125720e+02 1.132739e+02 1.126448e+02 1.121779e+02 
1.056415e+02 1.087617e+02 1.064104e+02 1.065153e+02 1.078276e+02 1.043723e+02 1.070242e+02 1.058647e+02 1.076524e+02 1.081440e+02 1.072485e+02 9.737140e+01 1.065407e+02 1.074512e+02 1.073651e+02 1.060012e+02 1.062690e+02 1.062084e+02 1.048385e+02 1.074370e+02 1.067523e+02 1.089758e+02 1.057900e+02 1.076470e+02 1.084073e+02 1.070964e+02 1.060667e+02 1.076787e+02 1.069616e+02 1.047270e+02 
1.016407e+02 1.024974e+02 1.011892e+02 1.021816e+02 1.020507e+02 1.012789e+02 1.015861e+02 1.006544e+02 1.018156e+02 1.021328e+02 1.017823e+02 9.616803e+01 1.015145e+02 1.010804e+02 1.009630e+02 1.017464e+02 1.007858e+02 1.013455e+02 1.014371e+02 1.016647e+02 1.016869e+02 1.024324e+02 1.012124e+02 1.015175e+02 1.015803e+02 1.022517e+02 1.023078e+02 1.017202e+02 1.006131e+02 1.003876e+02 
1.000000e+02 1.000000e+02 1.000000e+02 1.000000e+02 1.000000e+02 1.000000e+02 1.000000e+02 1.000000e+02 1.000000e+02 1.000000e+02 1.000000e+02 9.608919e+01 1.000000e+02 1.000000e+02 1.000000e+02 1.000000e+02 1.000000e+02 1.000000e+02 1.000000e+02 1.000000e+02 1.000000e+02 1.000000e+02 1.000000e+02 1.000000e+02 1.000000e+02 1.000000e+02 1.000000e+02 1.000000e+02 1.000000e+02 1.000000e+02 
1.000000e+02 1.000000e+02 1.000000e+02 1.000000e+02 1.000000e+02 1.000000e+02 1.000000e+02 1.000000e+02 1.000000e+02 1.000000e+02 1.000000e+02 9.608919e+01 1.000000e+02 1.000000e+02 1.000000e+02 1.000000e+02 1.000000e+02 1.000000e+02 1.000000e+02 1.000000e+02 1.000000e+02 1.000000e+02 1.000000e+02 1.000000e+02 1.000000e+02 1.000000e+02 1.000000e+02 1.000000e+02 1.000000e+02 1.000000e+02 
1.000000e+06 1.000000e+06 1.000000e+06 1.000000e+06 1.000000e+06 1.000000e+06 1.000000e+06 1.000000e+06 1.000000e+06 1.000000e+06 1.000000e+06 1.000000e+06 1.000000e+06 1.000000e+06 1.000000e+06 1.000000e+06 1.000000e+06 1.000000e+06 1.000000e+06 1.000000e+06 1.000000e+06 1.000000e+06 1.000000e+06 1.000000e+06 1.000000e+06 1.000000e+06 1.000000e+06 1.000000e+06 1.000000e+06 1.000000e+06 
