3.252542e+06 6.069624e+05 6.432136e+05 1.240807e+06 9.827487e+05 2.481524e+06 4.496089e+06 1.135016e+06 8.071411e+06 4.526271e+06 1.988986e+05 4.070436e+06 5.117380e+06 1.146708e+06 3.607372e+05 1.092807e+06 1.147761e+07 2.814406e+06 1.064237e+07 3.305171e+06 5.599139e+06 2.971219e+06 7.365664e+06 3.890990e+06 4.377743e+06 1.193221e+07 8.326632e+05 6.277881e+06 8.328641e+06 2.472804e+06 
3.252542e+06 6.069624e+05 6.432136e+05 1.227861e+06 9.826555e+05 2.481418e+06 2.957229e+06 1.007603e+06 8.071396e+06 4.526271e+06 1.986249e+05 3.657775e+06 5.117114e+06 1.146708e+06 3.607372e+05 5.143718e+05 7.444670e+06 2.060378e+05 3.128618e+06 3.305171e+06 1.652110e+05 2.971218e+06 4.827752e+06 3.890990e+06 4.028103e+05 1.193191e+07 3.253378e+05 6.277881e+06 8.328641e+06 2.472804e+06 
2.985602e+06 6.069597e+05 6.432136e+05 1.227837e+06 9.826179e+05 2.481418e+06 1.249885e+06 1.007603e+06 8.071396e+06 5.089851e+05 1.986249e+05 2.181864e+06 4.879593e+06 1.146708e+06 3.607303e+05 5.071901e+05 7.444599e+06 2.058799e+05 1.875356e+06 3.305171e+06 1.652110e+05 2.971207e+06 4.827508e+06 3.890990e+06 4.025563e+05 1.193191e+07 3.253378e+05 2.214087e+06 1.500954e+06 8.046355e+05 
2.985602e+06 6.069597e+05 6.432010e+05 1.227837e+06 9.826179e+05 2.202604e+04 1.249885e+06 1.007603e+06 8.071396e+06 5.080804e+05 1.986249e+05 2.181861e+06 4.879392e+06 1.146462e+06 3.607303e+05 5.069758e+05 7.444548e+06 2.058799e+05 1.875356e+06 1.050459e+06 1.651975e+05 2.970280e+06 4.827508e+06 9.642937e+05 4.025563e+05 8.649803e+05 3.252703e+05 2.214081e+06 1.500952e+06 8.046355e+05 
4.708279e+05 6.065556e+05 6.431965e+05 1.218307e+06 6.301372e+05 2.202601e+04 1.249883e+06 1.007237e+06 8.071392e+06 5.079545e+05 3.622653e+04 1.528429e+06 1.819538e+06 1.146205e+06 3.601315e+05 5.069600e+05 2.448677e+06 2.055988e+05 4.382967e+04 1.473029e+05 1.648209e+05 2.196545e+06 4.822872e+06 9.642937e+05 4.025563e+05 8.644881e+05 3.252282e+05 3.168659e+05 1.500550e+06 8.046347e+05 
4.699191e+05 4.091215e+05 6.420383e+05 1.214476e+06 6.297997e+05 2.200976e+04 3.278486e+05 3.448260e+04 2.095253e+05 5.077679e+05 3.622485e+04 1.363304e+06 1.818803e+06 6.410361e+04 3.598457e+05 5.067784e+05 5.431393e+05 2.052395e+05 4.212601e+04 9.589378e+03 1.432389e+05 7.323240e+05 1.132316e+06 9.014977e+04 4.024932e+05 8.577677e+05 3.252036e+05 3.165865e+05 1.500452e+06 4.183609e+05 
9.667127e+04 2.468836e+05 3.617625e+05 2.956824e+04 7.132122e+04 1.434673e+04 7.112795e+04 3.447899e+04 1.669538e+05 5.077679e+05 1.535760e+04 7.965744e+05 1.259063e+05 6.405482e+04 5.971698e+04 1.474820e+05 5.431393e+05 1.990275e+05 4.154969e+04 9.519869e+03 1.421510e+05 7.322962e+05 8.601043e+05 9.013540e+04 2.031463e+05 8.577671e+05 6.875291e+04 3.165849e+05 4.126674e+04 2.015539e+05 
9.630181e+04 2.678952e+04 5.217425e+04 2.932052e+04 5.961504e+04 1.368026e+04 4.993358e+04 3.424572e+04 1.773130e+04 4.021360e+04 1.080681e+04 1.194303e+04 2.794400e+04 5.562657e+03 6.421966e+03 7.166580e+03 1.514979e+04 5.786610e+03 3.828347e+04 9.450729e+03 1.161701e+05 1.898260e+04 3.202055e+03 9.005409e+04 3.311336e+04 3.324728e+05 3.480081e+04 2.113937e+05 4.033150e+04 5.704388e+04 
6.889467e+03 1.174573e+03 1.039843e+04 1.237434e+03 1.669837e+04 7.329716e+03 7.170776e+02 8.228584e+03 1.093107e+03 1.865024e+03 6.897436e+03 4.474879e+03 2.570143e+03 1.285292e+03 6.420196e+03 2.684608e+03 7.558972e+03 1.875601e+03 8.717971e+03 4.236668e+03 1.119771e+04 1.520361e+03 2.951127e+03 5.131989e+03 1.214788e+04 1.679937e+03 2.466942e+03 1.560292e+03 9.773894e+02 8.328994e+03 
6.894562e+02 2.380072e+02 1.753444e+02 1.699553e+02 8.721709e+01 1.375867e+02 8.288389e+01 4.918076e+02 1.521005e+02 9.963616e+01 4.895855e+02 1.667470e+02 1.700456e+02 3.051926e+02 3.365735e+02 2.544309e+02 2.738189e+01 1.896431e+02 1.934143e+02 2.319105e+02 6.989659e+02 2.396875e+02 6.941273e+01 2.376191e+02 3.293600e+02 1.732614e+02 4.194261e+02 2.564222e+02 9.050249e+02 5.316426e+02 
1.393294e+01 8.017841e+00 3.111221e+00 4.167528e+00 4.071851e+00 4.864406e+00 3.416307e+00 5.931461e+00 3.585513e+00 8.997619e+00 1.179818e+01 9.423948e+00 6.095066e+00 1.085012e+01 2.844820e+00 2.266585e+00 5.007809e+00 7.928481e+00 4.756793e+00 1.723405e+01 7.959206e+00 1.080109e+01 2.711660e+00 3.484054e+00 7.507629e+00 7.547248e+00 5.230999e+00 4.948606e+00 4.056435e+00 1.326307e+01 
3.703222e-01 4.263069e-01 3.138492e-01 4.020823e-01 3.292659e-01 3.272548e-01 2.214939e-01 1.622912e-01 1.360415e-01 3.190904e-01 6.308522e-01 2.301250e-01 3.818678e-01 3.257913e-01 4.582454e-01 4.437266e-01 1.698226e-01 4.580329e-01 3.073285e-01 4.840946e-01 2.559702e-01 2.323179e-01 2.603731e-01 2.499342e-01 6.438638e-01 3.281807e-01 3.368458e-01 2.016347e-01 1.956609e-01 5.315064e-01 
5.281215e-02 6.581465e-02 9.216664e-02 4.192407e-02 8.313029e-02 6.214351e-02 3.289471e-02 4.885917e-02 7.035841e-02 8.617542e-02 7.909638e-02 6.884330e-02 4.935939e-02 9.391642e-02 9.188652e-02 6.236230e-02 5.629355e-02 3.492996e-02 4.154768e-02 6.865009e-02 5.381120e-02 4.518625e-02 4.633811e-02 5.138422e-02 9.716094e-02 1.277572e-01 1.472594e-01 3.420448e-02 2.688763e-02 4.393239e-02 
3.548404e-02 6.389713e-02 5.109086e-02 7.808421e-03 2.854101e-02 3.106506e-02 1.937051e-02 1.838205e-02 3.001987e-02 1.228348e-02 4.018107e-02 3.363807e-02 4.834233e-02 2.331612e-02 3.787115e-02 1.210111e-02 3.151045e-02 2.589949e-02 2.644153e-02 1.254931e-02 3.692862e-02 3.544690e-02 3.499079e-02 2.658747e-02 4.047356e-02 3.664842e-02 4.921495e-02 1.423344e-02 2.605507e-02 4.323864e-02 
7.898417e-03 1.575219e-03 3.815981e-03 8.644069e-04 4.249900e-03 1.804326e-03 8.095491e-04 2.818443e-03 6.487905e-03 4.691997e-03 5.149598e-03 1.321083e-04 5.663617e-03 5.291601e-03 4.763312e-03 6.209447e-03 6.254340e-03 1.042350e-03 9.417412e-03 3.552632e-03 4.165268e-03 1.975702e-03 1.226242e-03 1.857629e-03 1.716105e-03 2.036303e-03 1.267813e-03 3.485095e-03 3.940777e-03 3.246134e-03 
6.982447e-03 1.360152e-04 4.275517e-04 3.681574e-04 1.358697e-03 6.651864e-05 2.229356e-04 3.528621e-07 5.395781e-06 5.475214e-04 2.441636e-04 3.134697e-05 6.366355e-04 1.147315e-06 3.384288e-04 1.286238e-08 1.018333e-03 5.518068e-06 1.652877e-04 3.960051e-04 3.819680e-04 1.358101e-03 3.168592e-05 5.775468e-04 3.384641e-07 7.312592e-04 1.564944e-05 7.315037e-05 1.839323e-03 3.400822e-05 
2.000000e+05 2.000000e+05 2.000000e+05 2.000000e+05 2.000000e+05 2.000000e+05 2.000000e+05 2.000000e+05 2.000000e+05 2.000000e+05 2.000000e+05 2.000000e+05 2.000000e+05 2.000000e+05 2.000000e+05 2.000000e+05 2.000000e+05 2.000000e+05 2.000000e+05 2.000000e+05 2.000000e+05 2.000000e+05 2.000000e+05 2.000000e+05 2.000000e+05 2.000000e+05 2.000000e+05 2.000000e+05 2.000000e+05 2.000000e+05 
