8.590191e+02 1.374106e+03 1.251823e+03 1.322357e+03 1.321142e+03 1.029469e+03 1.336395e+03 1.286768e+03 1.220343e+03 1.042846e+03 1.417963e+03 1.425217e+03 1.343822e+03 1.130603e+03 1.381433e+03 1.391664e+03 1.649456e+03 1.416319e+03 1.146648e+03 1.384931e+03 1.519887e+03 1.276018e+03 1.550130e+03 1.099052e+03 1.383854e+03 1.314529e+03 1.428990e+03 1.407182e+03 1.418419e+03 1.311251e+03 
8.590191e+02 1.091886e+03 1.247484e+03 1.322357e+03 1.321142e+03 1.029469e+03 1.336395e+03 1.260521e+03 1.128618e+03 1.042846e+03 1.417963e+03 1.364194e+03 1.343822e+03 1.130603e+03 1.361482e+03 1.231338e+03 1.649456e+03 1.416319e+03 1.146648e+03 1.370253e+03 1.519887e+03 1.249129e+03 1.550130e+03 1.099052e+03 1.383854e+03 1.264527e+03 1.309210e+03 1.351937e+03 1.409226e+03 1.311251e+03 
8.248560e+02 1.069465e+03 1.212224e+03 1.249598e+03 1.195727e+03 1.029469e+03 1.269266e+03 1.206743e+03 1.124094e+03 1.042846e+03 1.191581e+03 1.364194e+03 1.093241e+03 1.107026e+03 1.279260e+03 1.231338e+03 1.496584e+03 1.305395e+03 1.146648e+03 1.370253e+03 1.519887e+03 1.249129e+03 1.346012e+03 1.078322e+03 1.383854e+03 1.214408e+03 1.309210e+03 1.351937e+03 1.290036e+03 1.225951e+03 
8.248560e+02 1.069465e+03 1.212224e+03 8.791110e+02 1.126317e+03 9.917077e+02 1.206970e+03 1.024267e+03 1.124094e+03 1.040733e+03 9.712096e+02 1.321302e+03 1.093241e+03 1.027433e+03 1.235936e+03 1.143870e+03 1.402957e+03 1.268269e+03 1.124406e+03 1.181333e+03 1.425784e+03 1.214571e+03 1.282541e+03 1.076028e+03 1.227486e+03 1.145011e+03 1.150018e+03 1.214027e+03 1.051461e+03 1.138485e+03 
7.632261e+02 8.869510e+02 9.848178e+02 7.721320e+02 9.467401e+02 9.490782e+02 1.069043e+03 7.793514e+02 9.717207e+02 9.790377e+02 9.712096e+02 1.085607e+03 1.087231e+03 8.425971e+02 1.112576e+03 1.085584e+03 1.369311e+03 1.172842e+03 1.024563e+03 1.029480e+03 1.368545e+03 9.429964e+02 9.981037e+02 9.182904e+02 9.916090e+02 1.014197e+03 1.103374e+03 1.206263e+03 7.693174e+02 1.008772e+03 
7.422210e+02 8.114982e+02 8.405444e+02 7.098503e+02 6.421149e+02 9.010385e+02 6.934602e+02 6.120476e+02 7.512608e+02 8.361831e+02 7.064301e+02 7.227114e+02 8.436730e+02 7.269503e+02 7.499402e+02 8.184494e+02 7.624537e+02 9.043248e+02 8.413788e+02 7.473662e+02 7.372507e+02 8.558273e+02 7.812971e+02 7.365125e+02 8.232239e+02 6.556911e+02 6.709747e+02 7.873147e+02 6.603618e+02 9.205474e+02 
4.701319e+02 4.790982e+02 4.251065e+02 3.947580e+02 5.063292e+02 4.755833e+02 3.994258e+02 5.167642e+02 4.493935e+02 3.707783e+02 3.536752e+02 3.789807e+02 5.891445e+02 3.316558e+02 4.640708e+02 4.768529e+02 4.621211e+02 3.819630e+02 5.023290e+02 4.465102e+02 4.494095e+02 5.863835e+02 4.596176e+02 5.148051e+02 4.756912e+02 3.669926e+02 4.850063e+02 4.796247e+02 4.300030e+02 5.306233e+02 
2.923992e+02 3.004994e+02 2.046794e+02 2.381345e+02 2.159406e+02 2.823560e+02 2.281881e+02 2.563104e+02 1.718869e+02 2.741349e+02 2.252710e+02 2.606759e+02 2.357500e+02 2.192540e+02 2.360734e+02 2.051616e+02 2.363118e+02 2.679010e+02 2.193951e+02 2.661472e+02 2.264318e+02 2.651943e+02 3.001120e+02 2.537844e+02 2.060019e+02 2.188037e+02 2.125287e+02 2.648442e+02 2.212200e+02 2.414291e+02 
1.382192e+02 1.472627e+02 1.218792e+02 1.285198e+02 1.045509e+02 1.294057e+02 1.182665e+02 1.347209e+02 1.242597e+02 1.273270e+02 1.290848e+02 1.272210e+02 1.172434e+02 1.205176e+02 1.296014e+02 1.258522e+02 1.243184e+02 1.301545e+02 1.303385e+02 1.156828e+02 1.133263e+02 1.285579e+02 9.723179e+01 1.406040e+02 1.180008e+02 1.326008e+02 1.300301e+02 1.273275e+02 1.310856e+02 1.330990e+02 
6.973285e+01 7.660858e+01 5.387104e+01 6.760311e+01 6.252382e+01 6.828066e+01 7.625266e+01 6.330154e+01 5.756318e+01 7.711154e+01 6.265721e+01 6.920752e+01 7.209503e+01 6.192686e+01 5.968820e+01 6.490447e+01 5.679728e+01 7.311639e+01 6.511926e+01 7.168824e+01 6.022684e+01 7.803418e+01 5.300580e+01 6.119011e+01 6.996510e+01 6.031248e+01 6.395550e+01 6.167437e+01 6.757494e+01 5.452481e+01 
3.763222e+01 4.781518e+01 3.880553e+01 3.464296e+01 4.428315e+01 3.857625e+01 4.028651e+01 4.105206e+01 3.626102e+01 5.041929e+01 3.738598e+01 4.267773e+01 3.730873e+01 3.824559e+01 3.813446e+01 3.966654e+01 3.936419e+01 4.463693e+01 4.163973e+01 4.498835e+01 3.983691e+01 4.352849e+01 4.174898e+01 4.509619e+01 3.491515e+01 4.396456e+01 3.961846e+01 4.210858e+01 3.987754e+01 3.782356e+01 
2.807990e+01 3.469242e+01 3.025616e+01 2.928323e+01 3.238171e+01 2.605904e+01 2.880122e+01 2.904707e+01 2.945336e+01 3.321960e+01 2.966328e+01 2.708667e+01 3.308520e+01 2.852178e+01 2.880299e+01 3.022105e+01 2.957970e+01 2.891684e+01 3.295058e+01 3.078603e+01 2.986485e+01 3.028367e+01 3.418176e+01 3.150437e+01 3.034586e+01 3.140007e+01 2.879056e+01 2.946276e+01 3.106444e+01 2.903279e+01 
2.458064e+01 2.500510e+01 2.735342e+01 2.532780e+01 2.542845e+01 2.428434e+01 2.742178e+01 2.449579e+01 2.489472e+01 1.453188e+01 2.577852e+01 2.545501e+01 2.404551e+01 2.516320e+01 2.737587e+01 2.658625e+01 2.543182e+01 2.358128e+01 2.862994e+01 2.342610e+01 2.783501e+01 2.391889e+01 2.922223e+01 2.622420e+01 2.716621e+01 2.663564e+01 2.473610e+01 2.726802e+01 2.555163e+01 2.628343e+01 
2.396831e+01 2.438608e+01 2.697011e+01 1.742800e+01 2.494814e+01 2.357087e+01 2.670116e+01 2.405517e+01 2.468868e+01 1.036247e+01 2.520172e+01 2.518912e+01 2.338786e+01 2.489637e+01 2.638780e+01 2.593794e+01 2.433572e+01 1.873993e+01 2.642411e+01 2.254248e+01 2.648431e+01 2.384795e+01 2.761262e+01 2.567290e+01 2.536239e+01 2.571934e+01 2.364951e+01 2.525598e+01 2.508106e+01 2.589604e+01 
2.393897e+01 2.004848e+01 2.692206e+01 1.275307e+01 2.494363e+01 2.074011e+01 2.669414e+01 2.399614e+01 2.468739e+01 9.975683e+00 2.518428e+01 2.518338e+01 2.336472e+01 2.488045e+01 2.633741e+01 2.593316e+01 2.432167e+01 1.100081e+01 2.626323e+01 2.247015e+01 2.260606e+01 2.384014e+01 2.450283e+01 2.561946e+01 2.453287e+01 2.568856e+01 2.364215e+01 2.521443e+01 1.069981e+01 2.188193e+01 
2.238055e+01 8.358731e+00 2.345162e+01 2.388982e+00 2.411313e+01 2.074011e+01 2.227497e+01 2.399614e+01 4.550602e+00 8.629820e+00 2.401007e+01 2.360652e+01 2.336472e+01 2.256661e+01 2.277108e+01 2.283758e+01 2.182984e+01 5.218903e+00 2.077133e+01 2.247015e+01 5.435437e+00 2.384014e+01 2.237687e+01 2.215065e+01 2.242857e+01 2.208146e+01 2.288712e+01 2.253364e+01 3.543384e+00 6.135691e+00 
1.000000e+06 1.000000e+06 1.000000e+06 1.000000e+06 1.000000e+06 1.000000e+06 1.000000e+06 1.000000e+06 1.000000e+06 1.000000e+06 1.000000e+06 1.000000e+06 1.000000e+06 1.000000e+06 1.000000e+06 1.000000e+06 1.000000e+06 1.000000e+06 1.000000e+06 1.000000e+06 1.000000e+06 1.000000e+06 1.000000e+06 1.000000e+06 1.000000e+06 1.000000e+06 1.000000e+06 1.000000e+06 1.000000e+06 1.000000e+06 
