8.590191e+02 1.374106e+03 1.251823e+03 1.322357e+03 1.321142e+03 1.029469e+03 1.336395e+03 1.286768e+03 1.220343e+03 1.042846e+03 1.417963e+03 1.425217e+03 1.343822e+03 1.130603e+03 1.381433e+03 1.391664e+03 1.649456e+03 1.416319e+03 1.146648e+03 1.384931e+03 1.519887e+03 1.276018e+03 1.550130e+03 1.099052e+03 1.383854e+03 1.314529e+03 1.428990e+03 1.407182e+03 1.418419e+03 1.311251e+03 
8.590191e+02 1.091886e+03 1.247484e+03 1.322357e+03 1.321142e+03 1.029469e+03 1.336395e+03 1.260521e+03 1.128618e+03 1.042846e+03 1.417963e+03 1.364194e+03 1.343822e+03 1.130603e+03 1.361482e+03 1.231338e+03 1.649456e+03 1.416319e+03 1.146648e+03 1.370253e+03 1.519887e+03 1.249129e+03 1.550130e+03 1.099052e+03 1.383854e+03 1.264527e+03 1.309210e+03 1.351937e+03 1.409226e+03 1.311251e+03 
8.248560e+02 1.069465e+03 1.212224e+03 1.249598e+03 1.195727e+03 1.029469e+03 1.269266e+03 1.206743e+03 1.124094e+03 1.042846e+03 1.191581e+03 1.364194e+03 1.093241e+03 1.107026e+03 1.279260e+03 1.231338e+03 1.496584e+03 1.305395e+03 1.146648e+03 1.370253e+03 1.519887e+03 1.249129e+03 1.346012e+03 1.078322e+03 1.383854e+03 1.214408e+03 1.309210e+03 1.351937e+03 1.290036e+03 1.225951e+03 
8.248560e+02 1.069465e+03 1.212224e+03 8.791110e+02 1.126317e+03 9.917077e+02 1.206970e+03 1.024267e+03 1.124094e+03 1.040733e+03 9.712096e+02 1.321302e+03 1.093241e+03 1.027433e+03 1.235936e+03 1.143870e+03 1.402957e+03 1.268269e+03 1.124406e+03 1.181333e+03 1.425784e+03 1.214571e+03 1.282541e+03 1.076028e+03 1.227486e+03 1.145011e+03 1.150018e+03 1.214027e+03 1.051461e+03 1.138485e+03 
7.632261e+02 8.869510e+02 9.848178e+02 7.721320e+02 9.467401e+02 9.490782e+02 1.069043e+03 7.793514e+02 9.717207e+02 9.790377e+02 9.712096e+02 1.085607e+03 1.087231e+03 8.425971e+02 1.112576e+03 1.085584e+03 1.369311e+03 1.172842e+03 1.024563e+03 1.029480e+03 1.368545e+03 9.429964e+02 9.981037e+02 9.182904e+02 9.916090e+02 1.014197e+03 1.103374e+03 1.206263e+03 7.693174e+02 1.008772e+03 
7.422210e+02 8.114982e+02 8.405444e+02 7.098503e+02 6.421149e+02 9.010385e+02 6.934602e+02 6.120476e+02 7.512608e+02 8.361831e+02 7.064301e+02 7.227114e+02 8.436730e+02 7.269503e+02 7.499402e+02 8.184494e+02 7.624537e+02 9.043248e+02 8.413788e+02 7.473662e+02 7.372507e+02 8.558273e+02 7.812971e+02 7.365125e+02 8.232239e+02 6.556911e+02 6.709747e+02 7.873147e+02 6.603618e+02 9.205474e+02 
4.701319e+02 4.790982e+02 4.251065e+02 3.947580e+02 5.063292e+02 4.755833e+02 3.994258e+02 5.167642e+02 4.493935e+02 3.707783e+02 3.536752e+02 3.789807e+02 5.891445e+02 3.316558e+02 4.640708e+02 4.768529e+02 4.621211e+02 3.819630e+02 5.023290e+02 4.465102e+02 4.494095e+02 5.863835e+02 4.596176e+02 5.148051e+02 4.756912e+02 3.669926e+02 4.850063e+02 4.796247e+02 4.300030e+02 5.306233e+02 
2.923992e+02 3.004994e+02 2.046794e+02 2.381345e+02 2.159406e+02 2.823560e+02 2.281881e+02 2.563104e+02 1.718869e+02 2.741349e+02 2.252710e+02 2.606759e+02 2.357500e+02 2.192540e+02 2.360734e+02 2.051616e+02 2.363118e+02 2.679010e+02 2.193951e+02 2.661472e+02 2.264318e+02 2.651943e+02 3.001120e+02 2.537844e+02 2.060019e+02 2.188037e+02 2.125287e+02 2.648442e+02 2.212200e+02 2.414291e+02 
1.382192e+02 1.472627e+02 1.218792e+02 1.285198e+02 1.045509e+02 1.294057e+02 1.182665e+02 1.347209e+02 1.242597e+02 1.273270e+02 1.290848e+02 1.272210e+02 1.172434e+02 1.205176e+02 1.296014e+02 1.258522e+02 1.243184e+02 1.301545e+02 1.303385e+02 1.156828e+02 1.133263e+02 1.285579e+02 9.723179e+01 1.406040e+02 1.180008e+02 1.326008e+02 1.300301e+02 1.273275e+02 1.310856e+02 1.330990e+02 
6.973285e+01 7.660858e+01 5.387104e+01 6.760311e+01 6.252382e+01 6.828066e+01 7.625266e+01 7.184062e+01 5.756318e+01 7.711154e+01 6.265721e+01 6.920752e+01 7.209503e+01 6.192686e+01 5.968819e+01 6.490447e+01 5.679728e+01 7.311639e+01 6.511926e+01 7.168824e+01 6.022684e+01 7.803418e+01 5.300580e+01 6.119011e+01 6.996510e+01 6.031248e+01 6.395550e+01 6.167437e+01 6.757494e+01 5.452481e+01 
3.763222e+01 4.781518e+01 3.880555e+01 3.464146e+01 4.428332e+01 3.857434e+01 3.355488e+01 4.429471e+01 3.930964e+01 5.041901e+01 3.738598e+01 4.267759e+01 3.730873e+01 3.811256e+01 4.248101e+01 3.966705e+01 3.888346e+01 4.531415e+01 4.163973e+01 4.498835e+01 3.983687e+01 4.352850e+01 4.168921e+01 4.509618e+01 3.434948e+01 4.396457e+01 3.422133e+01 4.211064e+01 3.987734e+01 3.782337e+01 
2.699562e+01 3.291145e+01 3.324603e+01 2.852174e+01 2.820348e+01 2.871353e+01 2.758417e+01 2.961924e+01 3.076479e+01 3.344576e+01 2.808135e+01 2.850012e+01 3.080627e+01 2.782712e+01 2.818666e+01 2.930346e+01 2.833400e+01 3.151233e+01 3.305172e+01 2.871828e+01 3.135416e+01 2.722885e+01 3.217378e+01 3.028024e+01 3.019738e+01 3.234503e+01 2.811518e+01 3.145403e+01 3.042177e+01 2.902392e+01 
2.412117e+01 2.413170e+01 2.874422e+01 2.693411e+01 2.520116e+01 2.416446e+01 2.538094e+01 2.401190e+01 2.596751e+01 2.541823e+01 2.554206e+01 2.526344e+01 2.743085e+01 2.588659e+01 2.592862e+01 2.621945e+01 2.447962e+01 2.445931e+01 2.412084e+01 2.473108e+01 2.817709e+01 2.550367e+01 2.817697e+01 2.883646e+01 2.768956e+01 2.809138e+01 2.639716e+01 2.724070e+01 2.536617e+01 2.604618e+01 
2.394278e+01 2.255676e+01 2.735456e+01 2.420208e+01 2.497275e+01 2.360981e+01 2.441604e+01 2.286436e+01 2.504779e+01 1.300521e+01 2.519849e+01 2.497773e+01 2.462461e+01 2.494471e+01 2.526006e+01 2.574550e+01 2.432441e+01 2.010065e+01 2.352453e+01 2.457279e+01 2.735587e+01 2.465615e+01 2.735722e+01 2.749069e+01 2.683136e+01 2.778019e+01 2.596181e+01 2.708212e+01 2.508533e+01 2.589432e+01 
2.394038e+01 2.046468e+01 2.405011e+01 2.290952e+01 2.494999e+01 2.356934e+01 2.436991e+01 2.282170e+01 2.501830e+01 1.163214e+01 2.518428e+01 2.492060e+01 2.459606e+01 2.476125e+01 2.523720e+01 2.309015e+01 2.432348e+01 1.510321e+01 2.336083e+01 2.456713e+01 1.631971e+01 2.285238e+01 2.725815e+01 2.498119e+01 2.454291e+01 2.599774e+01 2.595141e+01 2.688023e+01 2.504309e+01 2.584930e+01 
2.370157e+01 4.378900e+00 2.254996e+01 5.643308e+00 2.295875e+01 2.984877e+00 2.377958e+01 2.243598e+01 2.388982e+00 4.538343e+00 2.383301e+01 2.261256e+01 2.343669e+01 2.177830e+01 2.261115e+01 2.271227e+01 2.306580e+01 6.197628e+00 2.109993e+01 2.456392e+01 1.989918e+00 4.378900e+00 2.244765e+01 2.242259e+01 2.450775e+01 2.433991e+01 2.381956e+01 2.204865e+01 2.273693e+01 2.509149e+01 
1.000000e+06 1.000000e+06 1.000000e+06 1.000000e+06 1.000000e+06 1.000000e+06 1.000000e+06 1.000000e+06 1.000000e+06 1.000000e+06 1.000000e+06 1.000000e+06 1.000000e+06 1.000000e+06 1.000000e+06 1.000000e+06 1.000000e+06 1.000000e+06 1.000000e+06 1.000000e+06 1.000000e+06 1.000000e+06 1.000000e+06 1.000000e+06 1.000000e+06 1.000000e+06 1.000000e+06 1.000000e+06 1.000000e+06 1.000000e+06 
