1.015639e+10 9.701572e+09 5.894893e+09 5.244643e+09 1.106612e+10 5.524976e+09 8.263857e+09 8.877137e+09 1.141456e+10 7.940835e+09 6.945568e+09 4.497117e+09 1.082732e+10 1.141600e+10 1.031375e+10 1.083687e+10 9.261937e+09 5.856265e+09 9.877407e+09 1.431648e+10 6.378932e+09 6.305143e+09 1.144576e+10 1.089718e+10 7.090266e+09 5.925928e+09 7.418463e+09 9.241570e+09 1.165132e+10 1.024202e+10 
1.003700e+10 7.394750e+09 5.894893e+09 5.214627e+09 7.187683e+09 5.330394e+09 8.263857e+09 8.679406e+09 9.581329e+09 7.716998e+09 4.700554e+09 4.451828e+09 1.074739e+10 1.141600e+10 8.352702e+09 8.007190e+09 9.246986e+09 4.251877e+09 6.104192e+09 1.351325e+10 3.971233e+09 4.949875e+09 1.062911e+10 1.064751e+10 7.090259e+09 5.925928e+09 7.418463e+09 9.241570e+09 1.139438e+10 7.695880e+09 
1.003700e+10 5.071626e+09 3.875446e+09 5.214627e+09 7.183487e+09 5.330394e+09 5.565456e+09 6.903941e+09 8.451295e+09 6.344497e+09 4.700553e+09 4.451828e+09 8.856881e+09 1.111428e+10 7.239080e+09 7.286287e+09 9.246983e+09 4.251877e+09 2.763619e+09 1.045678e+10 3.765633e+09 4.949875e+09 1.048441e+10 5.718884e+09 7.053100e+09 5.682805e+09 6.751689e+09 7.677001e+09 8.333079e+09 7.695880e+09 
7.442414e+09 5.071626e+09 3.875446e+09 5.214627e+09 4.856948e+09 5.330391e+09 3.667923e+09 6.012133e+09 8.136311e+09 4.704207e+09 4.699561e+09 4.451828e+09 8.856881e+09 6.971742e+09 5.649075e+09 7.015494e+09 6.255551e+09 3.630458e+09 2.763619e+09 1.012636e+10 3.765633e+09 4.949875e+09 8.434338e+09 5.705115e+09 7.010237e+09 5.682805e+09 6.751689e+09 5.000877e+09 8.329069e+09 7.071229e+09 
5.367974e+09 3.242256e+09 3.795266e+09 5.021648e+09 4.856948e+09 4.889316e+09 1.813518e+09 5.400089e+09 4.262384e+09 3.371466e+09 2.669644e+09 3.774339e+09 5.960761e+09 3.834707e+09 5.103061e+09 5.434138e+09 5.906098e+09 3.630457e+09 2.763619e+09 2.197333e+09 3.343903e+09 4.068795e+09 3.842725e+09 2.310061e+09 5.064052e+09 1.914453e+09 5.556161e+09 5.000877e+09 3.880399e+09 6.389789e+09 
2.961107e+09 2.166161e+09 1.608036e+09 2.284702e+09 1.996158e+09 2.052348e+09 1.813515e+09 1.764312e+09 2.281833e+09 2.337386e+09 2.489329e+09 2.217497e+09 1.496521e+09 2.599532e+09 3.154607e+09 1.651290e+09 2.173349e+09 2.728384e+09 1.136487e+09 1.859771e+09 3.251494e+09 2.956933e+09 1.670928e+09 2.309742e+09 1.564695e+09 1.814775e+09 2.363151e+09 3.922064e+09 2.104815e+09 2.567758e+09 
1.813847e+09 1.103968e+09 5.245862e+08 5.849477e+08 1.126920e+09 5.828342e+08 9.006520e+08 8.362181e+08 1.230969e+09 1.065954e+09 9.248093e+08 2.058091e+09 1.221226e+09 1.003181e+09 7.338962e+08 9.832218e+08 1.199156e+09 1.671380e+09 7.306737e+08 1.479001e+09 1.649848e+09 1.802593e+09 7.138658e+08 1.091820e+09 1.284277e+09 1.360847e+09 1.286724e+09 9.258726e+08 6.107884e+08 1.472545e+09 
1.982300e+08 2.151554e+08 1.879652e+08 1.773291e+08 9.994207e+07 1.089227e+08 3.406646e+08 1.288033e+08 3.230172e+08 1.675833e+08 4.037190e+08 6.294680e+08 3.387200e+08 2.014759e+08 1.033819e+08 1.960498e+08 2.860479e+08 3.092513e+08 1.211272e+08 1.816420e+08 3.144976e+08 3.051991e+08 8.360382e+07 1.857216e+08 3.735403e+08 2.054366e+08 2.164603e+08 2.639351e+08 2.410583e+08 2.989793e+08 
3.041460e+07 1.430926e+07 1.929418e+07 1.550451e+07 2.242079e+07 2.322323e+07 2.389996e+07 3.167723e+07 2.091586e+07 3.038732e+07 2.526101e+07 2.150722e+07 3.527658e+07 8.953959e+06 2.822167e+07 2.028074e+07 3.783669e+07 4.199075e+07 3.882524e+07 4.452096e+07 2.253706e+07 2.230704e+07 2.438225e+07 2.640421e+07 4.609072e+07 2.258425e+07 2.244109e+07 3.110562e+07 2.201719e+07 3.073300e+07 
8.296585e+05 4.316383e+05 7.745211e+05 7.656590e+05 7.791253e+05 3.608077e+05 7.421965e+05 2.802396e+05 9.442638e+05 8.371811e+05 6.340998e+05 4.829552e+05 5.428957e+05 8.014026e+05 4.859189e+05 8.871854e+05 1.235049e+06 1.379888e+06 5.572909e+05 1.162935e+06 1.236817e+06 1.387609e+06 6.027944e+05 2.965497e+05 1.194726e+06 7.709393e+05 1.058451e+06 7.660583e+05 1.616285e+06 6.721024e+05 
3.882436e+03 1.638568e+03 2.257145e+03 2.622954e+03 2.682119e+03 1.278627e+03 2.322787e+03 1.008826e+03 3.321163e+03 2.720244e+03 2.404066e+03 5.137893e+03 1.811117e+03 1.581329e+03 2.430219e+03 2.249323e+03 5.651857e+02 4.489851e+03 1.340401e+03 1.170956e+03 1.334432e+03 3.620044e+03 1.996044e+03 2.457827e+03 3.528909e+03 7.788873e+02 1.401079e+03 2.952816e+03 4.868458e+03 4.495017e+03 
3.035705e-02 1.256909e-01 3.058539e-01 2.418413e-01 1.910385e-01 9.123403e-02 1.837357e-01 1.363051e-01 2.209441e-01 4.894811e-01 1.497458e-01 1.746208e-01 8.071701e-02 2.612699e-01 1.720195e-01 1.833678e-01 2.299229e-01 2.519030e-01 1.137766e-01 8.254310e-02 8.098470e-02 3.105050e-01 1.167872e-01 1.976385e-01 2.297167e-01 2.124449e-01 1.309590e-01 5.286049e-02 9.440137e-02 2.434451e-01 
1.000000e-08 1.000000e-08 1.000000e-08 1.071723e-08 1.000000e-08 1.000000e-08 1.000000e-08 1.000000e-08 2.561908e-08 2.587592e-08 1.000000e-08 1.000000e-08 1.000000e-08 1.257123e-08 1.000000e-08 1.463158e-08 1.000000e-08 1.133362e-08 1.000000e-08 1.000000e-08 1.291672e-08 1.060075e-08 1.524331e-08 1.000000e-08 1.000000e-08 1.000000e-08 1.000000e-08 1.000000e-08 1.000000e-08 1.117306e-08 
1.000000e-08 1.000000e-08 1.000000e-08 1.000000e-08 1.000000e-08 1.000000e-08 1.000000e-08 1.000000e-08 1.000000e-08 1.000000e-08 1.000000e-08 1.000000e-08 1.000000e-08 1.000000e-08 1.000000e-08 1.000000e-08 1.000000e-08 1.000000e-08 1.000000e-08 1.000000e-08 1.000000e-08 1.000000e-08 1.000000e-08 1.000000e-08 1.000000e-08 1.000000e-08 1.000000e-08 1.000000e-08 1.000000e-08 1.000000e-08 
1.000000e-08 1.000000e-08 1.000000e-08 1.000000e-08 1.000000e-08 1.000000e-08 1.000000e-08 1.000000e-08 1.000000e-08 1.000000e-08 1.000000e-08 1.000000e-08 1.000000e-08 1.000000e-08 1.000000e-08 1.000000e-08 1.000000e-08 1.000000e-08 1.000000e-08 1.000000e-08 1.000000e-08 1.000000e-08 1.000000e-08 1.000000e-08 1.000000e-08 1.000000e-08 1.000000e-08 1.000000e-08 1.000000e-08 1.000000e-08 
1.000000e-08 1.000000e-08 1.000000e-08 1.000000e-08 1.000000e-08 1.000000e-08 1.000000e-08 1.000000e-08 1.000000e-08 1.000000e-08 1.000000e-08 1.000000e-08 1.000000e-08 1.000000e-08 1.000000e-08 1.000000e-08 1.000000e-08 1.000000e-08 1.000000e-08 1.000000e-08 1.000000e-08 1.000000e-08 1.000000e-08 1.000000e-08 1.000000e-08 1.000000e-08 1.000000e-08 1.000000e-08 1.000000e-08 1.000000e-08 
4.964900e+04 4.949700e+04 5.025700e+04 5.048500e+04 5.018100e+04 4.995300e+04 5.025700e+04 4.987700e+04 5.124300e+04 5.124300e+04 4.995300e+04 4.972500e+04 4.911700e+04 5.056100e+04 4.980100e+04 5.071300e+04 5.025700e+04 5.071300e+04 4.842600e+04 5.018100e+04 5.033300e+04 5.056100e+04 5.040900e+04 5.025700e+04 4.911700e+04 5.010500e+04 4.995300e+04 4.942100e+04 4.842600e+04 5.063700e+04 
