2.682255e+03 2.938440e+03 2.688454e+03 3.210069e+03 2.305954e+03 2.918917e+03 2.366296e+03 2.858440e+03 2.963739e+03 3.163831e+03 3.168900e+03 2.763877e+03 2.068992e+03 2.648035e+03 2.803100e+03 2.774230e+03 2.294217e+03 2.994061e+03 2.582492e+03 2.849231e+03 3.112102e+03 3.390789e+03 2.062548e+03 2.627952e+03 3.056718e+03 3.022093e+03 2.856888e+03 1.798513e+03 1.677116e+03 3.016657e+03 
2.218763e+03 2.894941e+03 2.650758e+03 2.979556e+03 2.296609e+03 2.918917e+03 2.347768e+03 2.858440e+03 2.963739e+03 3.163830e+03 3.167338e+03 2.763877e+03 1.808636e+03 2.458294e+03 2.803100e+03 2.352099e+03 2.294217e+03 2.994061e+03 2.582492e+03 2.842216e+03 3.112102e+03 3.254352e+03 2.062548e+03 2.627952e+03 3.056718e+03 3.022093e+03 2.233705e+03 1.798513e+03 1.677116e+03 3.015809e+03 
2.218763e+03 2.853029e+03 2.650758e+03 2.979556e+03 2.180646e+03 2.902645e+03 2.347768e+03 2.468853e+03 2.681408e+03 2.746554e+03 2.892502e+03 2.759986e+03 1.630778e+03 2.271507e+03 2.803100e+03 2.352099e+03 1.926109e+03 2.499712e+03 2.582492e+03 2.818583e+03 2.918517e+03 3.127425e+03 2.062548e+03 2.461904e+03 3.044904e+03 2.695538e+03 2.211309e+03 1.798513e+03 1.677116e+03 2.899563e+03 
1.779297e+03 2.757992e+03 1.953287e+03 2.809992e+03 2.126311e+03 2.524824e+03 2.339293e+03 2.468135e+03 2.506817e+03 2.581376e+03 2.440504e+03 2.642902e+03 1.623533e+03 2.214775e+03 2.638028e+03 2.161905e+03 1.921392e+03 2.179274e+03 2.347138e+03 2.724525e+03 2.874482e+03 3.122133e+03 2.005648e+03 1.866364e+03 2.445237e+03 2.647052e+03 2.211309e+03 1.594157e+03 1.677116e+03 2.896361e+03 
1.762103e+03 2.125982e+03 1.661404e+03 2.308225e+03 2.122023e+03 2.470346e+03 2.339293e+03 2.354941e+03 2.024751e+03 1.898256e+03 2.109091e+03 2.183412e+03 1.619257e+03 2.025849e+03 2.033942e+03 1.581549e+03 1.921392e+03 2.132905e+03 2.210552e+03 1.961842e+03 2.544047e+03 2.192111e+03 1.931402e+03 1.866364e+03 1.776758e+03 2.139100e+03 2.055032e+03 1.397943e+03 1.462390e+03 2.691101e+03 
1.734263e+03 1.452657e+03 1.613127e+03 1.187742e+03 1.546720e+03 1.782842e+03 1.507980e+03 1.506005e+03 1.398309e+03 1.670147e+03 1.481689e+03 1.780422e+03 1.523726e+03 1.160320e+03 1.660232e+03 1.527758e+03 1.487447e+03 1.846819e+03 1.572496e+03 1.534768e+03 1.282828e+03 1.836601e+03 1.252628e+03 1.486154e+03 1.676738e+03 1.356478e+03 1.500475e+03 1.346771e+03 1.387580e+03 2.362192e+03 
7.899423e+02 6.939619e+02 1.109411e+03 7.161345e+02 1.001664e+03 1.301972e+03 1.317806e+03 9.093254e+02 6.732265e+02 1.217480e+03 1.071418e+03 1.147108e+03 1.113300e+03 6.799711e+02 1.067896e+03 9.842217e+02 9.520190e+02 1.037662e+03 1.163485e+03 1.274374e+03 1.092886e+03 9.704327e+02 8.197812e+02 1.183504e+03 1.420178e+03 6.126671e+02 1.201096e+03 9.435419e+02 1.266891e+03 1.030916e+03 
7.117876e+02 5.369758e+02 4.679146e+02 5.866692e+02 6.289469e+02 4.714231e+02 6.140862e+02 4.933821e+02 5.042036e+02 2.896162e+02 8.714306e+02 5.286664e+02 5.444356e+02 5.402919e+02 7.209711e+02 5.975010e+02 4.818869e+02 5.261849e+02 4.945412e+02 7.014515e+02 5.092117e+02 5.041754e+02 6.588100e+02 5.260322e+02 6.198666e+02 3.321287e+02 6.445339e+02 5.262128e+02 5.860833e+02 6.282463e+02 
6.080460e+01 3.888765e+02 2.754601e+02 2.510077e+02 1.238504e+02 1.614587e+02 1.761271e+02 1.958491e+02 1.184501e+02 4.617006e+01 2.243934e+02 1.190792e+02 1.199339e+02 2.687438e+02 2.650245e+02 1.706424e+02 1.334749e+02 1.430523e+02 2.475170e+02 3.147478e+02 2.088907e+02 1.403723e+02 1.071294e+02 1.425351e+02 2.403113e+02 3.154675e+02 3.048270e+02 1.648604e+02 1.626555e+02 2.346102e+02 
2.323579e+01 6.470290e+01 2.147111e+01 2.556700e+01 4.075373e+01 4.393431e+01 5.353363e+01 1.882026e+01 5.185053e+01 3.693569e+01 3.664227e+01 3.004313e+01 1.579420e+01 6.350878e+01 3.050379e+01 3.267599e+01 3.027235e+01 2.453600e+01 3.566843e+01 3.010632e+01 4.279718e+01 2.496326e+01 6.511708e+01 4.678879e+01 3.238815e+01 2.416308e+01 4.062572e+01 4.182377e+01 2.260539e+01 2.726292e+01 
3.164129e+00 2.605234e+00 2.420417e+00 3.647752e+00 2.830639e+00 2.304380e+00 2.902368e+00 2.899383e+00 4.899029e+00 3.559048e+00 2.747034e+00 2.715081e+00 2.689364e+00 1.494650e+00 3.629979e+00 3.755492e+00 1.846299e+00 3.100393e+00 3.163699e+00 2.445909e+00 2.317403e+00 3.630439e+00 2.254378e+00 3.687164e+00 2.221614e+00 2.520058e+00 2.268477e+00 2.547364e+00 5.178807e+00 2.781575e+00 
6.923523e-01 4.700793e-01 4.512785e-01 5.970578e-01 4.082403e-01 6.149277e-01 4.176297e-01 4.777363e-01 5.480971e-01 3.671635e-01 5.256951e-01 4.071523e-01 5.438005e-01 3.766289e-01 5.622213e-01 4.687016e-01 5.091988e-01 5.104896e-01 7.173093e-01 5.503385e-01 5.066042e-01 4.156603e-01 4.989087e-01 6.027051e-01 4.044914e-01 5.685681e-01 4.485038e-01 6.876660e-01 6.088745e-01 5.605904e-01 
1.608264e-01 2.336132e-01 1.670132e-01 2.037375e-01 1.033821e-01 1.589595e-01 1.705381e-01 2.676226e-01 2.109218e-01 2.631039e-01 1.433703e-01 1.987513e-01 2.472380e-01 2.129728e-01 2.241083e-01 1.373267e-01 1.078680e-01 1.410133e-01 1.634126e-01 2.715907e-01 2.439312e-01 1.965530e-01 1.861156e-01 2.065509e-01 1.983271e-01 2.031057e-01 2.279756e-01 2.688676e-01 1.821096e-01 1.317612e-01 
9.671313e-02 1.471024e-01 1.311361e-01 1.767705e-01 7.943615e-02 1.388155e-01 1.123970e-01 2.241875e-01 1.582501e-01 2.293719e-01 1.137399e-01 1.292002e-01 2.261808e-01 1.818598e-01 8.015642e-02 9.326630e-02 9.869448e-02 1.183856e-01 1.115623e-01 2.180258e-01 2.030689e-01 1.031075e-01 1.175908e-01 1.117997e-01 1.828211e-01 1.817276e-01 1.428408e-01 1.208130e-01 1.144330e-01 8.448094e-02 
9.143013e-02 1.068686e-01 1.187107e-01 1.766995e-01 7.774273e-02 1.324718e-01 9.399461e-02 2.020336e-01 1.579034e-01 2.210965e-01 1.055228e-01 1.228165e-01 2.210238e-01 1.152319e-01 6.847309e-02 7.145388e-02 8.840457e-02 1.177139e-01 9.873728e-02 2.022200e-01 1.698765e-01 8.508393e-02 1.131558e-01 1.014082e-01 1.786037e-01 1.694781e-01 1.414939e-01 1.133805e-01 1.141531e-01 7.215233e-02 
3.233285e-02 5.449086e-02 4.949173e-02 4.468268e-02 4.353985e-02 6.983246e-02 6.661220e-02 2.301726e-02 7.637306e-02 5.942464e-02 4.904911e-02 3.036856e-02 4.596880e-02 8.251962e-02 4.293635e-02 6.148441e-02 4.847351e-02 1.282849e-02 5.988307e-02 5.008937e-02 4.429446e-04 5.518682e-02 4.894547e-02 4.591575e-02 5.626598e-02 1.077722e-01 7.139893e-02 1.133805e-01 1.827807e-02 4.984473e-02 
1.000000e+06 1.000000e+06 1.000000e+06 1.000000e+06 1.000000e+06 1.000000e+06 1.000000e+06 1.000000e+06 1.000000e+06 1.000000e+06 1.000000e+06 1.000000e+06 1.000000e+06 1.000000e+06 1.000000e+06 1.000000e+06 1.000000e+06 1.000000e+06 1.000000e+06 1.000000e+06 1.000000e+06 1.000000e+06 1.000000e+06 1.000000e+06 1.000000e+06 1.000000e+06 1.000000e+06 1.000000e+06 1.000000e+06 1.000000e+06 
