3.596075e+07 6.380472e+06 5.768548e+07 3.278972e+07 1.597287e+07 7.020170e+06 1.947354e+07 3.858379e+07 6.346837e+06 1.904945e+07 1.351856e+07 1.349715e+07 3.296958e+07 2.055313e+07 3.427446e+07 2.626551e+07 1.205414e+07 3.791628e+06 7.258186e+06 3.311023e+07 7.661739e+07 9.248417e+07 3.874337e+07 2.229580e+07 7.575286e+07 3.322107e+07 1.894952e+07 1.591421e+07 1.013518e+07 3.556145e+07 
3.596075e+07 6.380472e+06 5.768548e+07 3.278967e+07 5.843590e+06 7.020170e+06 1.947354e+07 3.858366e+07 6.346837e+06 1.904945e+07 1.351856e+07 1.349715e+07 3.296958e+07 2.055313e+07 3.427446e+07 2.626519e+07 1.205414e+07 3.791628e+06 7.258186e+06 3.311023e+07 4.003876e+07 5.531734e+07 3.874335e+07 1.675964e+07 6.699582e+07 3.322107e+07 1.894952e+07 1.591421e+07 1.013518e+07 3.556145e+07 
2.870086e+07 6.380202e+06 5.768548e+07 1.869295e+07 5.843590e+06 7.020079e+06 1.947354e+07 3.858365e+07 3.112402e+06 1.904932e+07 1.351856e+07 1.349711e+07 3.296957e+07 2.032619e+07 3.427428e+07 2.626519e+07 1.205414e+07 3.791628e+06 7.258186e+06 3.310975e+07 2.977768e+07 5.531734e+07 3.874335e+07 1.675961e+07 3.716147e+07 3.322107e+07 1.444968e+07 1.591420e+07 1.013460e+07 3.556145e+07 
2.821139e+07 9.341407e+05 2.566838e+07 1.869280e+07 5.843574e+06 7.020079e+06 1.494715e+07 3.483186e+07 1.255048e+06 6.054732e+06 1.351856e+07 1.349711e+07 3.795515e+06 1.248019e+07 2.843925e+07 2.452435e+07 1.205316e+07 2.893706e+06 7.258186e+06 3.310550e+07 2.066940e+07 5.531722e+07 3.874326e+07 1.675961e+07 3.067428e+07 3.322095e+07 1.304031e+07 1.084819e+07 1.013456e+07 1.338225e+07 
1.324554e+07 9.330704e+05 2.040401e+07 1.838033e+07 5.843181e+06 7.019906e+06 5.918533e+06 1.376231e+07 1.255048e+06 6.054653e+06 1.351545e+07 1.349710e+07 3.795317e+06 8.867370e+06 1.104371e+07 2.270899e+07 1.205289e+07 2.892724e+06 7.258186e+06 3.310309e+07 4.109400e+06 1.119814e+07 2.362744e+07 1.675876e+07 9.579041e+06 3.321147e+07 1.178615e+07 1.084815e+07 1.013454e+07 1.338222e+07 
1.324554e+07 9.315544e+05 7.746352e+06 9.301612e+06 5.605365e+06 6.253790e+05 5.918155e+06 5.854212e+06 1.253684e+06 1.803699e+06 7.225165e+06 1.181138e+07 1.189188e+06 8.743398e+06 7.611474e+06 1.632135e+07 6.595140e+06 2.892083e+06 7.258036e+06 6.381922e+06 4.109186e+06 8.995537e+06 6.356233e+06 1.675529e+07 4.154681e+06 6.562408e+06 7.156528e+06 9.631779e+06 4.668798e+06 1.851233e+06 
5.858936e+06 9.312928e+05 7.746178e+06 3.225888e+06 3.275546e+06 6.253628e+05 4.229582e+06 4.783595e+06 1.253399e+06 1.803207e+06 7.224286e+06 4.031313e+06 1.188708e+06 4.842827e+06 7.611347e+06 7.640847e+06 2.584392e+06 2.585259e+06 1.525786e+06 3.518790e+06 4.108545e+06 2.296443e+06 3.581485e+06 6.307826e+06 3.066229e+06 5.413538e+06 2.931861e+06 4.257330e+06 4.655907e+06 1.851211e+06 
4.032596e+06 9.311870e+05 3.698283e+06 2.772640e+05 1.414584e+06 6.226702e+05 2.919876e+06 1.460822e+06 1.252845e+06 1.803000e+06 4.849630e+06 2.286266e+06 7.526346e+05 1.386081e+06 2.765131e+06 1.525744e+06 2.044360e+06 2.467750e+06 1.525218e+06 3.518721e+06 3.168127e+06 2.296226e+06 3.581320e+06 3.161371e+06 1.928755e+06 3.796559e+06 1.630007e+06 9.837716e+05 2.105250e+06 1.851191e+06 
8.540848e+05 9.311668e+05 1.800178e+06 2.769811e+05 8.455583e+05 6.226157e+05 7.326377e+05 2.529566e+05 1.131180e+06 1.027752e+06 1.102550e+06 2.286242e+06 7.491967e+05 1.060896e+06 1.012252e+06 1.283841e+06 2.043797e+06 2.393177e+06 3.411467e+05 1.247257e+06 1.691843e+06 9.656422e+05 3.581254e+06 1.729752e+06 1.472990e+06 2.776264e+06 4.622218e+05 2.287252e+05 2.104993e+06 8.627958e+05 
8.300854e+05 3.276648e+05 1.624832e+06 2.769291e+05 6.622170e+05 2.836006e+05 6.042284e+04 2.528858e+05 5.141908e+05 2.462948e+05 5.890432e+05 9.908140e+05 5.057319e+05 5.672644e+05 9.865981e+05 4.094371e+05 1.839695e+06 8.377006e+05 3.411328e+05 5.551285e+04 5.986889e+05 9.543171e+05 3.862615e+05 6.525636e+05 3.385257e+05 1.531629e+06 4.619938e+05 1.573804e+05 7.033447e+05 4.784972e+05 
2.466118e+04 2.802664e+05 1.329775e+05 1.032571e+05 6.558762e+05 1.380112e+05 4.819371e+04 2.235756e+05 3.714454e+05 1.362230e+05 2.193753e+05 6.129900e+05 5.056824e+05 3.051620e+04 7.604990e+05 4.059860e+05 8.106888e+05 3.663635e+05 2.952546e+05 5.142759e+04 4.800139e+05 5.794797e+05 2.951795e+05 3.709880e+05 1.937976e+05 6.544153e+05 1.107016e+05 1.467512e+05 4.547294e+05 1.361008e+05 
1.857884e+04 2.578026e+05 1.264197e+05 1.026932e+05 2.353821e+05 1.261169e+05 3.361940e+04 2.162049e+05 2.758906e+05 7.926533e+04 2.113849e+05 3.827222e+05 3.162177e+05 3.022043e+04 4.140297e+05 3.581395e+04 6.014018e+05 1.632913e+05 1.889791e+05 4.886804e+04 2.541226e+05 1.580067e+05 5.438130e+04 1.258096e+05 5.089074e+04 2.402884e+05 9.373623e+04 1.150134e+05 4.241893e+05 8.702433e+04 
1.779703e+04 2.493333e+05 8.120949e+04 1.016331e+05 1.518440e+05 1.173652e+05 3.173742e+04 1.370650e+04 2.504458e+05 4.676401e+04 5.893045e+04 2.803586e+05 2.543095e+05 3.010669e+04 2.358944e+05 3.248157e+04 3.628517e+05 1.310844e+05 4.866981e+04 1.114814e+04 8.156753e+04 9.099363e+04 5.109615e+04 8.657003e+04 3.578197e+04 1.253205e+05 9.247853e+04 1.031781e+05 3.259255e+05 6.902456e+04 
1.516316e+04 1.678738e+05 2.268447e+04 9.862889e+04 3.303831e+04 6.525110e+04 3.141104e+04 1.049739e+04 7.039434e+04 2.436242e+04 4.839788e+04 1.728143e+05 1.370799e+05 2.985515e+04 6.039513e+04 3.058338e+04 1.760330e+05 1.198125e+05 4.078581e+04 5.258648e+03 1.522951e+04 4.512963e+04 2.625073e+04 5.255170e+04 3.218280e+04 5.045886e+04 2.973672e+04 9.941877e+04 1.205185e+05 3.495322e+04 
8.412359e+01 1.961238e+02 1.796942e+02 8.448000e+01 2.205208e+02 5.879170e+01 3.316635e+02 8.111556e+01 7.565873e+01 2.008424e+02 1.423761e+02 5.813023e+01 8.548901e+01 1.302723e+02 2.014585e+02 2.499249e+02 8.208788e+01 2.655074e+02 1.285161e+02 3.321303e+02 1.366838e+02 1.338949e+02 1.896831e+02 2.547635e+02 9.600498e+01 2.537223e+02 1.911269e+02 1.558451e+02 1.873627e+02 2.883878e+02 
6.935270e-01 8.831352e+00 9.121400e+00 3.782969e+01 6.317043e-01 6.447864e-01 4.881505e-01 1.712535e+01 1.724844e+01 6.307344e+01 8.281387e-01 7.099834e-01 9.053757e+00 7.582880e-01 6.456177e-01 5.351141e-01 6.161901e-01 1.285225e+02 8.701339e+00 1.738194e+01 6.424102e-01 3.767729e+01 7.119084e+01 8.808225e+00 3.805547e+01 8.975310e+00 1.200340e+02 7.778341e-01 8.932979e+00 1.483384e+02 
1.000000e+06 1.000000e+06 1.000000e+06 1.000000e+06 1.000000e+06 1.000000e+06 1.000000e+06 1.000000e+06 1.000000e+06 1.000000e+06 1.000000e+06 1.000000e+06 1.000000e+06 1.000000e+06 1.000000e+06 1.000000e+06 1.000000e+06 1.000000e+06 1.000000e+06 1.000000e+06 1.000000e+06 1.000000e+06 1.000000e+06 1.000000e+06 1.000000e+06 1.000000e+06 1.000000e+06 1.000000e+06 1.000000e+06 1.000000e+06 
