1.127228e+03 1.148830e+03 1.096393e+03 1.082464e+03 1.374791e+03 1.164032e+03 1.476392e+03 1.114296e+03 1.056039e+03 1.174507e+03 1.136320e+03 1.324874e+03 1.186875e+03 1.148502e+03 1.436671e+03 1.143762e+03 1.320155e+03 1.142210e+03 1.120264e+03 1.150543e+03 1.117825e+03 1.059768e+03 9.649908e+02 1.193520e+03 1.379143e+03 1.457548e+03 1.254101e+03 1.198242e+03 1.340727e+03 1.287970e+03 
1.127228e+03 1.148830e+03 1.092167e+03 1.082464e+03 1.340785e+03 1.135408e+03 1.444128e+03 1.067626e+03 1.047859e+03 1.157401e+03 1.077842e+03 1.324874e+03 1.182301e+03 1.144801e+03 1.436671e+03 1.142928e+03 1.216375e+03 1.142022e+03 1.120264e+03 1.050449e+03 1.117825e+03 1.040423e+03 9.649908e+02 1.158151e+03 1.379143e+03 1.454737e+03 1.254101e+03 1.189513e+03 1.321103e+03 1.287970e+03 
1.127228e+03 1.146972e+03 1.058896e+03 1.025909e+03 1.340785e+03 1.079813e+03 1.377476e+03 1.067626e+03 9.778742e+02 1.102703e+03 1.077842e+03 1.289713e+03 1.182301e+03 1.118757e+03 1.256317e+03 1.072175e+03 1.216375e+03 1.137416e+03 1.066274e+03 1.039990e+03 1.109197e+03 9.666101e+02 9.649908e+02 1.123889e+03 1.321734e+03 1.364110e+03 1.254101e+03 1.037997e+03 1.273699e+03 1.069611e+03 
1.084199e+03 1.114725e+03 1.009735e+03 1.025909e+03 1.312763e+03 1.076745e+03 1.249460e+03 1.067626e+03 9.734203e+02 1.102703e+03 9.550724e+02 1.246151e+03 1.093491e+03 1.118757e+03 1.204594e+03 1.027430e+03 1.203984e+03 1.095474e+03 1.000656e+03 9.778273e+02 1.062753e+03 9.617422e+02 8.423447e+02 1.069173e+03 1.302879e+03 1.277928e+03 1.253809e+03 1.037997e+03 1.272014e+03 1.069611e+03 
1.004674e+03 1.038117e+03 9.296977e+02 1.025909e+03 1.125106e+03 1.059115e+03 1.111620e+03 1.048006e+03 9.102514e+02 1.020672e+03 8.463932e+02 1.158816e+03 8.747748e+02 1.071747e+03 1.112258e+03 9.333416e+02 1.080120e+03 9.404161e+02 8.739154e+02 8.610949e+02 9.998848e+02 8.304182e+02 7.591207e+02 1.011647e+03 1.063502e+03 1.116569e+03 1.097114e+03 1.019433e+03 1.097702e+03 9.857020e+02 
7.924510e+02 7.570643e+02 8.617643e+02 9.368474e+02 9.214644e+02 9.759179e+02 8.165926e+02 8.011965e+02 7.506084e+02 7.865206e+02 8.463932e+02 7.964837e+02 8.283572e+02 8.918836e+02 7.737438e+02 7.458748e+02 8.612807e+02 9.121791e+02 8.343232e+02 6.994185e+02 8.959572e+02 7.926793e+02 7.503464e+02 9.329249e+02 8.541498e+02 8.194687e+02 9.580872e+02 9.448702e+02 9.314916e+02 8.234015e+02 
7.229507e+02 6.800503e+02 7.271465e+02 7.044869e+02 6.956143e+02 6.767601e+02 6.094894e+02 7.102321e+02 6.591530e+02 6.969697e+02 6.126756e+02 6.882868e+02 6.693910e+02 7.424607e+02 6.797402e+02 6.211364e+02 7.231886e+02 6.939380e+02 6.719824e+02 6.994185e+02 6.747061e+02 6.404046e+02 6.867606e+02 6.378605e+02 7.309255e+02 6.883609e+02 6.718165e+02 7.299308e+02 7.310001e+02 6.487668e+02 
6.162810e+02 5.871311e+02 6.218322e+02 6.364615e+02 5.796671e+02 5.985499e+02 5.396971e+02 6.116777e+02 5.905655e+02 5.631617e+02 5.820401e+02 5.995391e+02 5.864161e+02 5.733786e+02 5.422699e+02 4.719610e+02 5.859772e+02 5.726566e+02 5.837983e+02 5.940452e+02 6.293813e+02 5.993597e+02 6.239571e+02 5.834281e+02 5.963423e+02 5.907980e+02 6.152564e+02 5.732547e+02 5.831960e+02 6.254861e+02 
5.188768e+02 5.540078e+02 5.335351e+02 5.393683e+02 5.370089e+02 4.907544e+02 5.198060e+02 5.002776e+02 5.384069e+02 5.369312e+02 4.312393e+02 5.333455e+02 3.874983e+02 5.095473e+02 5.220725e+02 2.352202e+02 4.733249e+02 5.525860e+02 5.316245e+02 5.547300e+02 4.988034e+02 5.398016e+02 5.537699e+02 5.530400e+02 4.879312e+02 5.237376e+02 5.127216e+02 4.806320e+02 5.442503e+02 5.198785e+02 
3.457052e+02 3.688452e+02 3.600090e+02 5.081862e+02 4.382207e+02 2.902931e+02 4.772528e+02 2.702470e+02 4.828222e+02 2.877586e+02 2.588668e+02 3.221435e+02 2.539772e+02 3.954281e+02 4.768465e+02 2.063944e+02 3.294633e+02 4.860119e+02 4.387194e+02 5.190171e+02 3.965317e+02 3.147846e+02 5.103945e+02 5.041599e+02 3.936731e+02 5.040103e+02 2.466130e+02 3.210132e+02 3.399318e+02 2.566222e+02 
2.460398e+02 2.212224e+02 2.674815e+02 4.559254e+02 2.747281e+02 2.252918e+02 4.598765e+02 2.315957e+02 4.517947e+02 2.278950e+02 2.192061e+02 2.277496e+02 2.065965e+02 3.245762e+02 4.660442e+02 1.768615e+02 2.238756e+02 2.693583e+02 2.384084e+02 4.691943e+02 2.695555e+02 2.285193e+02 4.616563e+02 4.563900e+02 2.566256e+02 4.724438e+02 2.222598e+02 2.252036e+02 2.436244e+02 2.218664e+02 
1.825887e+02 2.029082e+02 1.969876e+02 4.448121e+02 2.123146e+02 2.132412e+02 4.506196e+02 2.118755e+02 4.380930e+02 1.588703e+02 2.111504e+02 1.712532e+02 1.797279e+02 2.129767e+02 4.523031e+02 1.442849e+02 1.647577e+02 1.887274e+02 2.134177e+02 4.456466e+02 1.872357e+02 2.126281e+02 4.423467e+02 4.478579e+02 2.145341e+02 4.470117e+02 1.794122e+02 1.995715e+02 2.117840e+02 2.125923e+02 
1.254119e+02 1.519472e+02 1.301073e+02 4.437478e+02 1.640937e+02 1.806739e+02 4.485685e+02 1.489629e+02 4.368754e+02 1.043664e+02 2.063985e+02 1.059002e+02 1.232632e+02 1.503240e+02 4.507862e+02 1.037721e+02 1.216634e+02 1.404334e+02 2.076017e+02 4.441692e+02 1.306904e+02 1.362536e+02 4.409305e+02 4.458878e+02 1.695949e+02 4.450180e+02 1.202289e+02 1.518937e+02 2.109515e+02 2.089260e+02 
1.008996e+02 1.016114e+02 1.006197e+02 4.436826e+02 1.029406e+02 1.134938e+02 4.483540e+02 1.016675e+02 4.367122e+02 1.005728e+02 2.018741e+02 1.006823e+02 1.013126e+02 1.035334e+02 4.507206e+02 1.007401e+02 1.006834e+02 1.010573e+02 2.030975e+02 4.440649e+02 1.016797e+02 1.008759e+02 4.409048e+02 4.456044e+02 1.024624e+02 4.443704e+02 1.010426e+02 1.014346e+02 2.023445e+02 2.021045e+02 
1.001103e+02 1.001808e+02 1.002127e+02 4.173420e+02 1.002000e+02 1.002733e+02 4.213677e+02 1.001925e+02 4.199464e+02 1.001524e+02 2.002613e+02 1.001301e+02 1.001184e+02 1.002354e+02 4.199183e+02 1.001864e+02 1.001556e+02 1.001771e+02 2.012351e+02 4.163726e+02 1.002716e+02 1.002492e+02 4.260979e+02 4.209254e+02 1.004865e+02 4.231680e+02 1.001202e+02 1.003460e+02 2.004977e+02 2.008894e+02 
1.000000e+02 1.000000e+02 1.002127e+02 4.101594e+02 1.002000e+02 1.002733e+02 3.968635e+02 1.001925e+02 4.059806e+02 1.000000e+02 2.000000e+02 1.001301e+02 1.001184e+02 1.002354e+02 4.084554e+02 1.001864e+02 1.000000e+02 1.000000e+02 2.012351e+02 4.038899e+02 1.000000e+02 1.002492e+02 4.075253e+02 4.022303e+02 1.000000e+02 4.008213e+02 1.000000e+02 1.003460e+02 2.004977e+02 2.008894e+02 
1.000000e+06 1.000000e+06 1.000000e+06 1.000000e+06 1.000000e+06 1.000000e+06 1.000000e+06 1.000000e+06 1.000000e+06 1.000000e+06 1.000000e+06 1.000000e+06 1.000000e+06 1.000000e+06 1.000000e+06 1.000000e+06 1.000000e+06 1.000000e+06 1.000000e+06 1.000000e+06 1.000000e+06 1.000000e+06 1.000000e+06 1.000000e+06 1.000000e+06 1.000000e+06 1.000000e+06 1.000000e+06 1.000000e+06 1.000000e+06 
