5.550407e+02 5.347013e+02 5.139180e+02 5.764721e+02 4.335560e+02 6.166175e+02 5.273959e+02 5.107664e+02 6.197743e+02 5.723073e+02 6.428860e+02 5.649606e+02 5.479813e+02 6.034820e+02 6.113354e+02 5.578270e+02 5.372394e+02 5.700171e+02 5.293637e+02 4.855629e+02 6.546413e+02 5.995202e+02 6.104260e+02 5.662841e+02 4.779191e+02 6.022589e+02 4.823900e+02 7.097916e+02 5.331601e+02 4.993668e+02 
5.550407e+02 5.118323e+02 5.046148e+02 5.593068e+02 4.335560e+02 5.639261e+02 5.054325e+02 4.979173e+02 5.117450e+02 5.443761e+02 6.334418e+02 5.456028e+02 4.734022e+02 5.790411e+02 5.793939e+02 4.946231e+02 5.128292e+02 5.700171e+02 5.182466e+02 4.826960e+02 5.798760e+02 5.759223e+02 5.008953e+02 5.610721e+02 4.779191e+02 6.022589e+02 4.579300e+02 6.006777e+02 5.164243e+02 4.814261e+02 
5.550407e+02 4.752541e+02 5.046148e+02 4.306648e+02 3.354899e+02 5.389424e+02 4.896139e+02 4.855673e+02 5.051183e+02 5.443761e+02 3.830919e+02 5.352667e+02 4.557458e+02 5.749799e+02 5.681085e+02 4.786026e+02 5.128292e+02 5.558614e+02 4.653665e+02 4.826960e+02 4.862869e+02 5.759223e+02 5.008953e+02 5.096947e+02 3.911697e+02 5.463999e+02 4.390184e+02 5.934045e+02 4.809903e+02 4.592912e+02 
5.194706e+02 4.514962e+02 4.987476e+02 3.939603e+02 3.293629e+02 5.143970e+02 4.690116e+02 4.693124e+02 4.431727e+02 5.096097e+02 3.830919e+02 5.012032e+02 4.557458e+02 5.419729e+02 5.358902e+02 4.627475e+02 4.972651e+02 4.957074e+02 4.653665e+02 4.670695e+02 4.814014e+02 4.694703e+02 5.008953e+02 4.931178e+02 3.850347e+02 5.228631e+02 4.322908e+02 5.002333e+02 4.718860e+02 4.568471e+02 
5.184607e+02 3.927633e+02 4.431882e+02 3.861552e+02 2.870809e+02 3.183471e+02 4.196729e+02 4.467029e+02 4.239899e+02 4.669728e+02 3.700155e+02 4.851015e+02 3.340682e+02 4.380892e+02 4.767878e+02 3.918723e+02 4.946068e+02 4.824480e+02 4.485528e+02 4.309060e+02 4.246198e+02 4.457693e+02 4.754667e+02 4.363156e+02 3.237155e+02 4.448976e+02 4.164704e+02 4.581718e+02 4.683296e+02 4.495695e+02 
4.340238e+02 3.696887e+02 4.188118e+02 3.263836e+02 2.465647e+02 3.183471e+02 4.154206e+02 4.123059e+02 3.382147e+02 4.166699e+02 2.883619e+02 2.964283e+02 3.340682e+02 2.770904e+02 3.630161e+02 3.745089e+02 4.325456e+02 4.424015e+02 3.791151e+02 3.852006e+02 3.601186e+02 3.273641e+02 3.398972e+02 4.083398e+02 3.195219e+02 4.392737e+02 3.443450e+02 3.495221e+02 4.100710e+02 4.003935e+02 
3.955378e+02 3.650308e+02 3.492336e+02 2.568234e+02 2.281199e+02 2.849392e+02 2.562249e+02 3.859398e+02 3.267917e+02 3.908667e+02 2.523969e+02 2.854845e+02 3.334837e+02 2.770904e+02 2.423923e+02 3.318355e+02 3.903715e+02 3.364522e+02 3.335775e+02 3.230686e+02 2.847300e+02 2.968558e+02 2.497058e+02 3.807787e+02 2.724690e+02 3.746876e+02 2.610086e+02 1.841873e+02 3.930949e+02 3.943184e+02 
3.372134e+02 3.405189e+02 2.535918e+02 2.435599e+02 2.281199e+02 2.407138e+02 2.330205e+02 2.332800e+02 2.772721e+02 3.623518e+02 2.027660e+02 2.284705e+02 2.103226e+02 2.176430e+02 1.781485e+02 3.152062e+02 2.576449e+02 3.337200e+02 2.619521e+02 2.437023e+02 2.709051e+02 2.371629e+02 2.089709e+02 3.398480e+02 2.140921e+02 2.557263e+02 2.305913e+02 1.813782e+02 3.453304e+02 3.617836e+02 
2.220063e+02 3.255544e+02 1.723461e+02 1.712515e+02 1.689120e+02 1.581967e+02 1.967206e+02 1.510918e+02 2.204679e+02 3.420061e+02 1.550175e+02 2.116904e+02 1.635386e+02 2.046484e+02 1.657876e+02 2.644653e+02 2.000301e+02 2.458079e+02 2.360070e+02 2.175725e+02 1.946433e+02 1.823000e+02 1.738319e+02 2.628541e+02 1.946344e+02 1.906979e+02 1.774960e+02 1.680706e+02 2.700382e+02 2.532293e+02 
1.666416e+02 2.202650e+02 1.476194e+02 1.590942e+02 1.287894e+02 1.366520e+02 1.522708e+02 1.317959e+02 1.623177e+02 3.300677e+02 1.411551e+02 1.353237e+02 1.470621e+02 1.848080e+02 1.403792e+02 1.910211e+02 1.412282e+02 1.362655e+02 1.771301e+02 1.538979e+02 1.769189e+02 1.544969e+02 1.594642e+02 1.790987e+02 1.411565e+02 1.373216e+02 1.385183e+02 1.527988e+02 2.242673e+02 2.447505e+02 
1.556547e+02 1.645468e+02 1.173417e+02 1.430211e+02 1.164072e+02 1.126495e+02 1.373302e+02 1.149396e+02 1.394584e+02 2.221576e+02 1.029777e+02 1.222924e+02 1.234132e+02 1.701840e+02 1.217427e+02 1.424033e+02 1.164985e+02 1.273826e+02 1.404851e+02 1.258550e+02 1.209900e+02 1.075783e+02 1.295210e+02 1.403862e+02 1.282854e+02 1.266775e+02 1.138409e+02 1.224807e+02 1.668413e+02 2.181402e+02 
1.216819e+02 1.205135e+02 1.115853e+02 1.217002e+02 1.070245e+02 1.048454e+02 1.065459e+02 1.037710e+02 1.184217e+02 1.627868e+02 7.478430e+01 1.095482e+02 1.222774e+02 1.206733e+02 1.053730e+02 1.255288e+02 1.053191e+02 1.207272e+02 1.154106e+02 1.073365e+02 1.110421e+02 8.654490e+01 1.179066e+02 1.166692e+02 1.091796e+02 1.112252e+02 1.081186e+02 1.090186e+02 1.278748e+02 2.099192e+02 
1.056402e+02 1.087912e+02 1.015133e+02 1.099825e+02 1.003380e+02 1.005398e+02 1.015522e+02 1.006481e+02 1.038319e+02 1.391783e+02 6.032795e+01 1.010990e+02 1.189780e+02 1.114928e+02 1.008875e+02 1.080011e+02 1.002609e+02 1.148329e+02 1.012917e+02 1.004254e+02 1.044393e+02 6.628611e+01 1.044062e+02 1.038833e+02 1.014151e+02 1.008398e+02 1.007318e+02 1.006023e+02 1.089696e+02 2.040244e+02 
1.023220e+02 1.050621e+02 1.000636e+02 1.016011e+02 1.000358e+02 1.000077e+02 1.001310e+02 1.000232e+02 1.000906e+02 1.353281e+02 4.702379e+01 1.000120e+02 1.076170e+02 1.032443e+02 1.000126e+02 1.008128e+02 1.000099e+02 1.056442e+02 1.000153e+02 1.000115e+02 1.002115e+02 4.987741e+01 1.007993e+02 7.397111e+01 1.000545e+02 1.000186e+02 1.000361e+02 1.000435e+02 1.024788e+02 2.020552e+02 
1.000000e+02 1.000000e+02 1.000000e+02 1.000000e+02 1.000000e+02 1.000000e+02 1.000000e+02 1.000000e+02 1.000000e+02 1.000000e+02 3.275272e-08 1.000000e+02 1.000000e+02 1.000000e+02 1.000000e+02 1.000000e+02 1.000000e+02 1.000000e+02 1.000000e+02 1.000000e+02 1.000000e+02 8.802358e-07 1.000000e+02 2.015477e-07 1.000000e+02 1.000000e+02 1.000000e+02 1.000000e+02 1.000000e+02 2.000000e+02 
1.000000e+02 1.000000e+02 1.000000e+02 1.000000e+02 1.000000e+02 1.000000e+02 1.000000e+02 1.000000e+02 1.000000e+02 1.000000e+02 1.000000e-08 1.000000e+02 1.000000e+02 1.000000e+02 1.000000e+02 1.000000e+02 1.000000e+02 1.000000e+02 1.000000e+02 1.000000e+02 1.000000e+02 1.000000e-08 1.000000e+02 1.000000e-08 1.000000e+02 1.000000e+02 1.000000e+02 1.000000e+02 1.000000e+02 2.000000e+02 
2.000000e+05 2.000000e+05 2.000000e+05 2.000000e+05 2.000000e+05 2.000000e+05 2.000000e+05 2.000000e+05 2.000000e+05 2.000000e+05 1.272310e+05 2.000000e+05 2.000000e+05 2.000000e+05 2.000000e+05 2.000000e+05 2.000000e+05 2.000000e+05 2.000000e+05 2.000000e+05 2.000000e+05 1.296920e+05 2.000000e+05 1.287370e+05 2.000000e+05 2.000000e+05 2.000000e+05 2.000000e+05 2.000000e+05 2.000000e+05 
