5.831475e+03 5.353475e+03 5.414999e+03 5.483252e+03 4.855933e+03 5.772375e+03 4.915365e+03 5.753041e+03 5.997422e+03 5.497715e+03 5.793988e+03 5.426024e+03 4.896285e+03 4.406007e+03 5.882919e+03 5.492714e+03 6.213250e+03 5.731076e+03 3.892805e+03 5.416493e+03 6.206304e+03 5.863319e+03 5.573608e+03 5.755481e+03 5.207194e+03 5.235763e+03 5.717156e+03 5.598124e+03 5.836742e+03 5.175775e+03 
5.831475e+03 5.353475e+03 5.259386e+03 5.483252e+03 4.855933e+03 5.557783e+03 4.915365e+03 5.652302e+03 5.997422e+03 5.497715e+03 5.283734e+03 4.924353e+03 4.896285e+03 4.406007e+03 5.630698e+03 5.492714e+03 6.213250e+03 5.694670e+03 3.887151e+03 5.416493e+03 6.206304e+03 5.863319e+03 5.566883e+03 5.755481e+03 5.207194e+03 5.105854e+03 5.717156e+03 5.598124e+03 4.830809e+03 5.175775e+03 
5.601029e+03 5.353475e+03 4.552698e+03 4.973555e+03 4.855933e+03 5.340210e+03 4.540196e+03 5.551980e+03 5.906401e+03 5.036436e+03 5.128567e+03 4.924353e+03 4.765166e+03 4.154918e+03 5.357745e+03 5.217848e+03 5.791565e+03 5.406406e+03 3.887151e+03 4.836191e+03 5.612942e+03 5.863319e+03 5.034731e+03 5.393433e+03 5.207194e+03 4.921275e+03 5.521605e+03 5.116473e+03 4.830809e+03 5.175775e+03 
5.601029e+03 5.070154e+03 4.540988e+03 4.193047e+03 4.722399e+03 5.142000e+03 4.372929e+03 4.831048e+03 5.445624e+03 5.036436e+03 4.891953e+03 4.924353e+03 4.485503e+03 3.913611e+03 4.733015e+03 4.998227e+03 5.376225e+03 5.110055e+03 3.887151e+03 4.354898e+03 5.077667e+03 5.011442e+03 4.975495e+03 5.139031e+03 5.066694e+03 4.873990e+03 5.152805e+03 4.940316e+03 4.810753e+03 4.688043e+03 
5.058318e+03 4.266852e+03 4.012735e+03 3.878413e+03 4.296698e+03 4.655544e+03 3.841828e+03 4.161891e+03 4.604568e+03 4.043865e+03 4.724317e+03 4.488306e+03 4.485503e+03 3.797108e+03 4.612545e+03 4.574473e+03 5.098616e+03 4.476549e+03 3.479441e+03 4.330095e+03 4.613086e+03 4.917196e+03 4.686662e+03 5.139031e+03 4.579051e+03 4.818818e+03 4.842898e+03 4.502218e+03 4.672722e+03 4.029817e+03 
4.595212e+03 3.844692e+03 3.804067e+03 3.803032e+03 3.975486e+03 3.916764e+03 3.486756e+03 4.161891e+03 4.239937e+03 3.039975e+03 3.978634e+03 3.849140e+03 3.362841e+03 3.597198e+03 3.687479e+03 4.104248e+03 4.420638e+03 4.260394e+03 3.404510e+03 4.106280e+03 3.839941e+03 3.314988e+03 4.111896e+03 3.983435e+03 4.153952e+03 3.732876e+03 4.225127e+03 3.747460e+03 3.621867e+03 3.850719e+03 
3.583637e+03 3.157308e+03 2.754070e+03 3.562573e+03 3.040298e+03 3.455684e+03 3.040874e+03 3.112956e+03 3.328998e+03 2.947001e+03 3.323462e+03 2.986583e+03 3.336604e+03 2.999138e+03 3.185304e+03 2.915922e+03 3.411767e+03 3.138341e+03 2.366549e+03 2.982956e+03 3.422030e+03 3.228998e+03 3.555401e+03 3.219550e+03 3.304625e+03 3.475613e+03 3.374014e+03 3.238337e+03 2.922615e+03 2.769158e+03 
2.644922e+03 2.177244e+03 2.243771e+03 2.593203e+03 2.517310e+03 2.724775e+03 2.293245e+03 2.697088e+03 2.688542e+03 2.260463e+03 2.852394e+03 2.312411e+03 2.434729e+03 2.457992e+03 2.389171e+03 2.162356e+03 2.629556e+03 2.225450e+03 1.904592e+03 2.122350e+03 2.694333e+03 2.472432e+03 2.505762e+03 2.619928e+03 2.434292e+03 2.460904e+03 2.234099e+03 2.709318e+03 2.671661e+03 2.419863e+03 
1.768624e+03 2.040102e+03 1.343754e+03 1.939976e+03 1.787964e+03 1.771571e+03 1.488031e+03 1.931928e+03 1.443983e+03 1.758948e+03 1.762202e+03 1.725225e+03 1.689383e+03 1.667215e+03 1.551010e+03 1.663612e+03 1.415842e+03 1.613595e+03 1.395958e+03 1.454118e+03 1.880547e+03 1.592947e+03 1.757990e+03 1.726260e+03 1.864021e+03 1.811732e+03 1.656880e+03 1.630029e+03 1.747665e+03 1.558349e+03 
9.502602e+02 1.107213e+03 9.293815e+02 1.075101e+03 9.217365e+02 1.096833e+03 9.286182e+02 1.125298e+03 1.067222e+03 9.485606e+02 1.065651e+03 7.762392e+02 1.105129e+03 1.021191e+03 1.063281e+03 9.120075e+02 1.051490e+03 1.225588e+03 1.090845e+03 9.873462e+02 1.314722e+03 9.855347e+02 7.591639e+02 1.119434e+03 8.577704e+02 1.048540e+03 9.770992e+02 1.090040e+03 1.013406e+03 9.007812e+02 
4.861983e+02 5.624333e+02 3.013755e+02 7.156132e+02 4.277961e+02 5.999358e+02 5.183411e+02 7.381668e+02 5.377814e+02 3.755992e+02 5.835409e+02 5.298103e+02 6.101543e+02 3.374574e+02 4.727280e+02 5.421874e+02 6.413573e+02 6.138687e+02 5.464975e+02 5.937257e+02 6.699556e+02 2.413694e+02 2.556104e+02 5.430857e+02 5.067791e+02 5.110397e+02 5.211938e+02 4.325922e+02 5.546833e+02 3.348013e+02 
2.002512e+02 2.212734e+02 9.095204e+01 2.769793e+02 2.173152e+02 4.336026e+02 2.001965e+02 3.178507e+02 1.774636e+02 1.018673e+02 1.884976e+02 2.107023e+02 7.330014e+01 1.767700e+02 3.354213e+02 4.349895e+02 2.502965e+02 2.398106e+02 3.441599e+02 1.294382e+02 3.229054e+02 9.323681e+01 1.752676e+02 1.059004e+02 2.653991e+02 2.941093e+02 1.973259e+02 2.809081e+02 3.534855e+02 1.248354e+02 
1.360915e+02 1.585243e+02 3.912975e+01 1.458695e+02 6.633993e+01 1.968052e+02 1.796829e+01 1.526294e+02 4.075666e+01 2.201827e+01 7.037545e+01 1.485946e+02 3.003962e+01 3.664382e+01 1.612747e+02 1.504466e+02 5.406108e+01 1.633397e+02 2.048920e+02 8.105534e+01 1.828415e+02 2.744945e+01 1.561093e+02 2.708481e+01 1.424266e+02 1.490777e+02 1.469113e+02 4.452188e+01 1.997744e+02 1.321518e+01 
1.245144e+02 1.233379e+02 9.638941e+00 1.223767e+02 2.022607e+01 9.790235e+01 1.080544e+01 1.316032e+02 1.790877e+01 1.137053e+01 8.212481e+00 2.584566e+01 7.389070e+00 2.216348e+01 1.324668e+02 1.286620e+02 2.027302e+01 1.369317e+02 1.474933e+02 4.267968e+00 1.213469e+02 1.666431e+01 1.308895e+02 1.708710e+01 1.218017e+02 1.230387e+02 1.269807e+02 8.780553e+00 1.364632e+02 4.519064e+00 
1.204124e+02 2.759469e+01 9.368960e+00 1.220195e+02 1.880052e+01 8.766270e+01 6.644876e+00 1.251184e+02 1.691444e+01 1.116634e+01 7.730062e+00 2.566799e+01 3.727927e+00 1.313493e+01 1.245635e+02 1.279481e+02 1.958867e+01 5.082731e+01 1.441379e+02 2.898126e-01 1.204992e+02 1.532849e+01 1.296939e+02 1.349658e+01 1.203045e+02 7.493655e+01 1.263188e+02 6.540872e+00 1.308783e+02 3.557205e+00 
1.204124e+02 5.977454e+00 9.368960e+00 1.220195e+02 5.153872e+00 1.094396e+01 1.738776e+00 1.515140e+01 1.691444e+01 1.116634e+01 6.861420e+00 3.508781e+00 3.727927e+00 3.446324e+00 3.415096e+00 2.091026e+01 5.122644e+00 9.236408e+00 2.185992e-01 2.898126e-01 1.673404e+01 1.097518e+01 1.203020e+02 1.341263e+01 9.236408e+00 1.344386e+01 6.736507e+00 5.153872e+00 9.330093e+00 3.557205e+00 
1.000000e+06 1.000000e+06 1.000000e+06 1.000000e+06 1.000000e+06 1.000000e+06 1.000000e+06 1.000000e+06 1.000000e+06 1.000000e+06 1.000000e+06 1.000000e+06 1.000000e+06 1.000000e+06 1.000000e+06 1.000000e+06 1.000000e+06 1.000000e+06 1.000000e+06 1.000000e+06 1.000000e+06 1.000000e+06 1.000000e+06 1.000000e+06 1.000000e+06 1.000000e+06 1.000000e+06 1.000000e+06 1.000000e+06 1.000000e+06 
