2.205165e+05 2.258572e+05 6.071992e+05 1.564046e+05 6.176030e+05 5.085622e+05 5.110909e+05 1.988822e+05 2.969404e+05 3.954850e+05 3.039248e+05 6.215826e+05 4.141419e+05 3.037365e+05 3.852606e+05 6.472584e+05 3.400171e+05 6.390916e+05 4.368471e+05 1.089723e+05 3.310900e+05 2.858713e+05 3.148773e+05 4.924096e+05 2.332446e+05 3.122190e+05 5.959191e+05 4.739329e+05 1.705025e+05 4.565319e+05 
2.156907e+05 2.258572e+05 6.071992e+05 1.444228e+05 5.867359e+05 5.085622e+05 5.110909e+05 1.988060e+05 2.969404e+05 3.954850e+05 3.039248e+05 6.215826e+05 3.871535e+05 3.037365e+05 3.852606e+05 5.996529e+05 3.077513e+05 6.384720e+05 3.760312e+05 1.024745e+05 3.310900e+05 2.695847e+05 3.148773e+05 4.924096e+05 2.332446e+05 2.931541e+05 5.959191e+05 4.739329e+05 1.548457e+05 2.411234e+05 
1.846378e+05 2.258572e+05 5.835017e+05 1.220258e+05 5.774448e+05 5.085622e+05 4.655195e+05 1.988060e+05 8.837132e+04 3.387381e+05 3.039248e+05 5.049791e+05 3.272275e+05 2.907565e+05 3.852388e+05 3.904144e+05 1.961722e+05 6.361883e+05 3.760312e+05 1.024270e+05 3.310900e+05 2.695847e+05 3.148773e+05 2.445411e+05 2.318887e+05 2.930489e+05 5.452060e+05 4.454712e+05 1.548457e+05 2.411234e+05 
1.240923e+05 2.238000e+05 1.570747e+05 1.205116e+05 2.046749e+05 2.719363e+05 4.152510e+05 1.852333e+05 8.171894e+04 3.360203e+05 2.488644e+05 4.580350e+05 3.213160e+05 2.907544e+05 3.852279e+05 1.182344e+05 1.961409e+05 1.753882e+05 3.760312e+05 1.018540e+05 3.310900e+05 2.695847e+05 6.372555e+04 2.445209e+05 1.066184e+05 1.987306e+05 4.509733e+05 4.419584e+05 1.503809e+05 1.801580e+05 
1.240923e+05 1.409899e+05 1.545592e+05 9.917008e+04 1.830456e+05 1.205469e+05 2.768742e+05 3.984260e+04 4.865663e+04 1.076173e+05 2.466555e+05 4.903242e+04 2.293456e+05 2.349879e+05 1.463766e+05 1.092277e+05 9.690340e+04 1.639015e+05 3.009634e+05 1.018540e+05 3.115714e+05 9.566843e+04 6.286198e+04 2.128102e+05 1.055125e+05 1.906274e+05 3.633071e+05 7.158691e+04 5.219825e+04 3.787101e+04 
4.226033e+04 6.619284e+04 3.583114e+04 5.509854e+04 8.948170e+04 5.152029e+04 9.010245e+04 3.984260e+04 3.426853e+04 2.357604e+04 2.522460e+04 3.172871e+04 1.555195e+05 4.758176e+04 5.217073e+04 4.621885e+04 7.843591e+04 8.560826e+04 5.353472e+04 4.593100e+03 2.764964e+04 8.201791e+04 2.253281e+04 7.187644e+04 4.781913e+04 4.399654e+04 9.236444e+04 6.160064e+04 3.194714e+04 2.981766e+04 
2.834191e+03 1.161145e+04 1.494415e+03 3.855330e+03 2.084533e+03 5.166023e+02 7.267637e+03 6.498001e+03 2.637249e+03 6.000242e+03 1.609530e+04 4.381099e+03 8.672714e+02 1.728471e+04 1.219487e+04 2.323953e+03 1.660792e+03 6.159845e+03 5.813138e+03 3.916368e+03 5.299080e+03 8.237083e+02 1.502589e+04 1.594984e+03 7.446128e+03 9.176158e+03 6.794113e+03 1.267971e+04 1.358970e+04 1.296809e+04 
1.889176e+02 1.539865e+02 9.538594e+01 1.286644e+02 6.094594e+01 3.154793e+02 1.387881e+02 1.256895e+03 1.999345e+02 1.932947e+02 2.581607e+02 1.661679e+02 2.846847e+02 2.807430e+02 3.559202e+02 5.836133e+01 3.796869e+01 3.673410e+02 1.028349e+02 1.691910e+02 7.176083e+01 1.976236e+02 8.668764e+02 1.809554e+02 1.062129e+02 1.045179e+02 2.286787e+02 1.915766e+02 4.223298e+02 3.109869e+02 
1.892851e+01 2.050791e+01 2.139341e+01 1.899478e+01 1.653081e+01 1.249281e+01 1.963463e+01 1.625842e+01 3.350891e+01 1.353876e+01 1.961658e+01 2.471640e+01 2.167269e+01 1.972373e+01 2.082272e+01 2.740835e+01 2.267786e+01 2.396354e+01 1.436086e+01 2.114372e+01 1.265307e+01 1.426807e+01 2.111230e+01 1.759412e+01 2.331259e+01 1.848357e+01 1.834642e+01 1.543739e+01 1.859418e+01 1.535640e+01 
6.294248e+00 5.885673e+00 5.523858e+00 6.467819e+00 6.033222e+00 5.867361e+00 5.435664e+00 4.956726e+00 5.659279e+00 5.331758e+00 6.755824e+00 4.997058e+00 5.208694e+00 5.254711e+00 5.997718e+00 5.233830e+00 4.539686e+00 4.422739e+00 6.197149e+00 5.550358e+00 4.393597e+00 6.420549e+00 5.529998e+00 7.105861e+00 5.055561e+00 5.631897e+00 7.166858e+00 5.445994e+00 6.044588e+00 5.790042e+00 
2.244173e+00 2.654545e+00 2.187362e+00 2.260814e+00 2.601965e+00 2.822900e+00 2.304406e+00 2.233855e+00 2.590354e+00 2.762054e+00 2.856463e+00 2.243919e+00 2.482415e+00 2.642817e+00 2.261068e+00 2.351368e+00 2.601608e+00 2.833958e+00 2.210438e+00 2.597653e+00 2.476917e+00 2.292842e+00 2.531262e+00 2.490402e+00 2.688086e+00 2.230425e+00 2.243619e+00 2.359646e+00 2.511313e+00 2.762223e+00 
9.802752e-01 1.076162e+00 1.185438e+00 1.051838e+00 9.200960e-01 1.031934e+00 9.705546e-01 1.038685e+00 1.074286e+00 8.864302e-01 1.034131e+00 7.784754e-01 1.061584e+00 7.400150e-01 7.735318e-01 7.838419e-01 1.224987e+00 8.091003e-01 1.017549e+00 7.318485e-01 1.268629e+00 1.022284e+00 1.088508e+00 9.732650e-01 1.045384e+00 1.030469e+00 1.102099e+00 7.336656e-01 7.374892e-01 9.137709e-01 
3.344905e-01 4.805284e-01 2.756890e-01 4.258386e-01 6.583456e-01 5.346101e-01 4.083287e-01 6.153752e-01 6.146256e-01 4.463556e-01 6.109906e-01 4.657211e-01 5.211220e-01 4.985840e-01 5.699876e-01 5.703833e-01 6.102493e-01 6.136760e-01 4.484535e-01 4.600113e-01 2.477978e-01 3.177911e-01 6.445626e-01 2.202861e-01 3.147830e-01 7.058723e-01 3.271976e-01 4.095621e-01 4.076717e-01 3.557169e-01 
2.729152e-01 2.616957e-01 1.802498e-01 2.568710e-01 4.895551e-01 3.136113e-01 1.906269e-01 4.645028e-01 2.319831e-01 2.982862e-01 4.419020e-01 2.854644e-01 2.769165e-01 2.903402e-01 4.138545e-01 3.370819e-01 3.934435e-01 2.253082e-01 2.437085e-01 2.389176e-01 2.077257e-01 2.545877e-01 3.688041e-01 2.014643e-01 2.403579e-01 4.035280e-01 1.909240e-01 3.292491e-01 2.383459e-01 1.914543e-01 
1.638964e-01 1.651130e-01 1.756887e-01 1.051972e-01 4.534516e-01 2.933767e-01 1.740208e-01 3.791944e-01 1.903208e-01 1.865836e-01 3.643503e-01 2.064903e-01 2.384642e-01 2.185977e-01 2.085310e-01 2.363175e-01 2.303430e-01 2.083590e-01 1.870109e-01 1.986470e-01 1.262985e-01 1.915251e-01 3.372281e-01 1.170128e-01 1.729300e-01 3.398580e-01 1.426938e-01 1.633415e-01 1.723665e-01 1.854887e-01 
1.638964e-01 1.651130e-01 1.756887e-01 1.051972e-01 1.087536e-01 2.933767e-01 1.089273e-01 3.791944e-01 9.876839e-03 1.865836e-01 3.068573e-01 6.940942e-02 2.384642e-01 1.491164e-01 2.085310e-01 1.345247e-01 7.915065e-02 2.963572e-02 1.870109e-01 7.665601e-02 7.904173e-02 1.915251e-01 3.372281e-01 9.876839e-03 1.974653e-02 3.398580e-01 1.975419e-02 1.633415e-01 1.486830e-01 5.963237e-02 
1.000000e+06 1.000000e+06 1.000000e+06 1.000000e+06 1.000000e+06 1.000000e+06 1.000000e+06 1.000000e+06 1.000000e+06 1.000000e+06 1.000000e+06 1.000000e+06 1.000000e+06 1.000000e+06 1.000000e+06 1.000000e+06 1.000000e+06 1.000000e+06 1.000000e+06 1.000000e+06 1.000000e+06 1.000000e+06 1.000000e+06 1.000000e+06 1.000000e+06 1.000000e+06 1.000000e+06 1.000000e+06 1.000000e+06 1.000000e+06 
