3.264768e+03 2.481175e+03 2.927730e+03 4.812077e+03 2.722560e+03 1.206313e+03 1.859579e+03 3.866326e+03 2.778737e+03 2.145668e+03 3.994369e+03 2.129132e+03 2.794185e+03 1.206313e+03 3.752112e+03 3.140484e+03 3.613351e+03 1.403393e+03 1.555937e+03 2.627723e+03 3.722408e+03 3.213807e+03 1.291910e+03 3.619612e+03 2.823701e+03 3.177297e+03 1.630360e+03 2.568269e+03 3.280371e+03 2.199167e+03 
3.264768e+03 2.365299e+03 2.927730e+03 3.219867e+03 2.722560e+03 1.204084e+03 1.851447e+03 3.866326e+03 2.778737e+03 2.145668e+03 3.994369e+03 2.096956e+03 2.794185e+03 1.204084e+03 3.535906e+03 3.140484e+03 3.613351e+03 1.403393e+03 1.417420e+03 2.627723e+03 2.651897e+03 3.213807e+03 1.291910e+03 3.609990e+03 2.823701e+03 3.177297e+03 1.630360e+03 2.568269e+03 3.212675e+03 2.199167e+03 
2.889681e+03 2.319684e+03 2.584386e+03 2.926809e+03 2.288670e+03 1.181410e+03 1.846661e+03 3.500807e+03 2.717050e+03 2.142197e+03 3.605792e+03 1.836178e+03 2.565044e+03 1.181410e+03 3.231029e+03 3.043261e+03 3.503799e+03 1.385211e+03 1.394204e+03 2.252508e+03 2.651897e+03 3.054456e+03 1.209297e+03 2.308140e+03 2.823701e+03 2.969806e+03 1.630360e+03 2.419997e+03 2.853761e+03 2.191502e+03 
2.889681e+03 1.366633e+03 2.381137e+03 2.821214e+03 2.011054e+03 1.181410e+03 1.846661e+03 3.246464e+03 2.341249e+03 1.863823e+03 2.601358e+03 1.629774e+03 1.768429e+03 1.181410e+03 3.231029e+03 2.664036e+03 3.355895e+03 1.350739e+03 1.342392e+03 1.785341e+03 2.483902e+03 2.389273e+03 1.209297e+03 2.308140e+03 2.037093e+03 1.548742e+03 1.596261e+03 1.464920e+03 2.736976e+03 1.484785e+03 
2.290727e+03 1.366633e+03 1.243314e+03 2.254010e+03 9.850387e+02 9.947445e+02 1.146931e+03 1.099114e+03 2.267425e+03 1.526996e+03 1.983782e+03 9.957001e+02 7.114992e+02 9.947445e+02 1.817576e+03 2.071882e+03 2.767137e+03 1.330624e+03 1.165870e+03 1.162473e+03 9.197135e+02 2.236205e+03 1.159946e+03 2.096111e+03 5.846625e+02 1.121695e+03 1.596261e+03 1.323766e+03 1.133788e+03 1.484785e+03 
1.345334e+03 9.418632e+02 6.855245e+02 1.415188e+03 5.050563e+02 6.868660e+02 7.002343e+02 7.723666e+02 4.810673e+02 1.180626e+03 6.955344e+02 7.759972e+02 5.948749e+02 6.868660e+02 1.232885e+03 1.298671e+03 8.069419e+02 5.793138e+02 9.532679e+02 9.168617e+02 6.549184e+02 1.137773e+03 6.569113e+02 9.759652e+02 4.433596e+02 6.636385e+02 6.394706e+02 8.063304e+02 5.792796e+02 9.798474e+02 
6.103537e+02 4.819396e+02 2.696391e+02 4.558292e+02 2.783093e+02 4.624825e+02 3.557365e+02 3.152023e+02 3.056148e+02 4.925792e+02 5.898258e+02 4.209619e+02 2.527435e+02 4.624825e+02 5.608206e+02 5.746841e+02 4.890361e+02 3.110171e+02 2.991987e+02 4.305657e+02 3.846171e+02 4.663795e+02 3.996319e+02 3.115228e+02 2.432801e+02 2.450363e+02 3.197671e+02 3.446214e+02 3.727684e+02 4.022044e+02 
1.591386e+02 2.045596e+02 1.767402e+02 1.862293e+02 1.488259e+02 1.635990e+02 1.891860e+02 1.643041e+02 1.900608e+02 1.575099e+02 1.479109e+02 1.621373e+02 2.067001e+02 1.635990e+02 2.276876e+02 2.099226e+02 1.964196e+02 1.732269e+02 1.826067e+02 1.455742e+02 1.772605e+02 1.609486e+02 1.485230e+02 1.750973e+02 1.841635e+02 1.331129e+02 1.662058e+02 2.133519e+02 1.799673e+02 1.886276e+02 
1.047891e+02 9.805972e+01 7.351604e+01 1.120860e+02 9.956069e+01 1.107266e+02 1.179367e+02 1.144831e+02 9.903027e+01 1.133764e+02 9.813685e+01 9.413227e+01 9.038549e+01 1.107266e+02 1.116860e+02 9.618236e+01 1.240521e+02 1.173053e+02 1.018987e+02 1.085691e+02 1.070996e+02 1.006150e+02 8.132575e+01 1.086946e+02 1.097862e+02 9.451267e+01 1.075493e+02 1.289503e+02 1.099891e+02 9.389376e+01 
8.069454e+01 7.146537e+01 6.533733e+01 8.368367e+01 7.475637e+01 7.046223e+01 8.827202e+01 8.478239e+01 7.119368e+01 8.278365e+01 6.727504e+01 6.446543e+01 6.503627e+01 7.046223e+01 6.042185e+01 7.291816e+01 7.678311e+01 8.822842e+01 6.546067e+01 6.850898e+01 7.458012e+01 6.599044e+01 6.202369e+01 6.595107e+01 6.847419e+01 6.322101e+01 8.130593e+01 7.553185e+01 8.597245e+01 6.343495e+01 
5.948001e+01 5.528003e+01 5.263787e+01 5.675677e+01 5.558539e+01 5.769745e+01 5.820871e+01 5.764851e+01 5.239544e+01 6.367892e+01 5.497068e+01 5.405820e+01 5.343520e+01 5.769745e+01 5.395053e+01 5.390946e+01 5.313812e+01 6.767986e+01 5.276228e+01 5.586966e+01 5.833328e+01 5.375850e+01 5.416244e+01 5.423919e+01 5.499767e+01 5.273893e+01 5.792945e+01 6.113841e+01 6.514621e+01 5.722279e+01 
5.135772e+01 5.030691e+01 5.049150e+01 5.113027e+01 5.059100e+01 5.081768e+01 5.293196e+01 5.069692e+01 5.069030e+01 5.058919e+01 5.126204e+01 5.049701e+01 5.085157e+01 5.081768e+01 5.066559e+01 5.092777e+01 5.059764e+01 3.675806e+01 4.988246e+01 5.025146e+01 5.106281e+01 5.025352e+01 5.114776e+01 5.090516e+01 5.026266e+01 5.011543e+01 5.260027e+01 5.503853e+01 5.178064e+01 5.119790e+01 
2.687384e+00 4.160206e+01 4.912530e+01 4.922048e+01 4.931477e+01 7.183825e+00 4.945463e+01 4.921028e+01 4.944569e+01 3.406644e+00 4.956302e+01 4.921949e+01 4.915386e+01 7.183825e+00 5.251003e+00 8.461863e+00 4.912989e+01 4.956908e+00 4.903174e+01 1.680612e+01 4.944794e+01 4.918766e+01 4.923030e+01 4.226508e+00 4.914509e+01 4.902877e+01 5.433777e+00 4.988856e+01 4.944261e+01 2.079377e+01 
8.711880e-01 2.311737e+00 4.880855e+01 2.891266e+00 4.091091e+00 6.028384e-01 9.782564e-01 1.163286e+00 4.430277e+01 4.048837e-01 4.898939e+01 4.885503e+01 5.104576e+00 6.028384e-01 8.036760e-01 9.285748e-01 4.966731e+00 4.348497e-01 4.883654e+01 1.160364e+00 4.664063e+01 2.263753e+00 5.774736e-01 8.874161e-01 4.124343e+01 4.878630e+01 6.059272e-01 4.894908e+01 1.978908e+00 5.780677e-01 
1.011389e-01 4.807275e-01 4.875389e+01 2.562781e-01 1.806514e-01 1.127613e-01 4.250132e-01 2.272879e-01 9.414339e-01 7.445419e-02 4.882331e+01 4.878359e+01 8.659365e-02 1.127613e-01 1.816582e-01 9.606806e-02 2.774461e-01 1.568037e-01 4.876236e+01 8.197923e-02 3.119814e-01 2.813450e-01 1.149049e-01 1.478851e-01 6.210735e-01 4.876947e+01 1.662826e-01 4.886899e+01 1.134468e-01 1.303122e-01 
1.011389e-01 8.897077e-03 4.875389e+01 2.562781e-01 1.806514e-01 7.631157e-03 4.250132e-01 2.272879e-01 9.414339e-01 7.142338e-03 4.875332e+01 4.875332e+01 8.659365e-02 7.631157e-03 1.816582e-01 6.775877e-03 8.187924e-03 1.568037e-01 4.875322e+01 8.164254e-03 3.119814e-01 2.813450e-01 1.149049e-01 8.343705e-03 6.210735e-01 4.875322e+01 1.662826e-01 4.878165e+01 1.134468e-01 1.303122e-01 
1.000000e+06 1.000000e+06 1.000000e+06 1.000000e+06 1.000000e+06 1.000000e+06 1.000000e+06 1.000000e+06 1.000000e+06 1.000000e+06 1.000000e+06 1.000000e+06 1.000000e+06 1.000000e+06 1.000000e+06 1.000000e+06 1.000000e+06 1.000000e+06 1.000000e+06 1.000000e+06 1.000000e+06 1.000000e+06 1.000000e+06 1.000000e+06 1.000000e+06 1.000000e+06 1.000000e+06 1.000000e+06 1.000000e+06 1.000000e+06 
