1.762887e+06 1.880972e+06 1.402844e+06 1.626198e+06 1.957358e+06 6.762542e+05 2.946348e+06 2.738546e+05 4.137089e+06 2.961090e+06 1.212520e+06 3.151426e+06 4.170761e+06 4.782382e+06 2.572407e+06 2.758097e+06 4.536123e+05 2.896680e+06 3.520177e+06 3.636537e+06 4.133618e+06 2.344701e+06 1.426196e+06 5.514826e+05 1.158680e+06 1.260593e+06 5.276843e+05 2.864074e+06 1.632495e+06 5.283636e+06 
1.762887e+06 1.777365e+06 1.402844e+06 1.626198e+06 1.909345e+06 6.762542e+05 2.944242e+06 2.738546e+05 4.137089e+06 2.961090e+06 1.209876e+06 3.100425e+06 3.973474e+06 4.782382e+06 2.572407e+06 2.758097e+06 4.447997e+05 2.312429e+06 2.573638e+06 2.954210e+06 4.133618e+06 2.344701e+06 1.426196e+06 5.514826e+05 1.158667e+06 1.260593e+06 5.225214e+05 2.864074e+06 1.561991e+06 5.283636e+06 
1.292775e+06 1.777365e+06 1.368711e+06 1.625195e+06 1.909345e+06 6.623875e+05 2.908500e+06 2.738546e+05 4.136786e+06 2.961090e+06 1.041420e+06 2.916079e+06 2.851432e+06 4.663305e+06 2.572407e+06 2.703907e+06 4.447997e+05 1.615743e+06 2.523541e+06 2.897348e+06 4.074952e+06 2.165023e+06 1.379784e+06 5.514826e+05 1.158667e+06 1.245395e+06 5.222304e+05 2.713824e+06 1.529056e+06 4.270736e+06 
1.036948e+06 1.774434e+06 1.162439e+06 1.625195e+06 1.264101e+06 6.623692e+05 2.908500e+06 2.688889e+05 3.986306e+06 2.564510e+06 1.041420e+06 2.916079e+06 2.846652e+06 4.327420e+06 2.572107e+06 2.426577e+06 4.437599e+05 5.928622e+05 2.523262e+06 2.566300e+06 1.262438e+06 2.058595e+06 1.294647e+06 5.503184e+05 9.560394e+05 1.216958e+06 5.200695e+05 2.202864e+06 6.539104e+05 3.835894e+06 
9.917417e+05 3.490370e+05 1.147097e+06 1.319012e+06 1.226415e+06 1.806645e+05 1.943477e+06 2.342504e+05 2.693833e+06 3.474851e+05 9.862587e+05 9.600862e+05 2.743605e+06 2.652674e+06 7.436928e+05 1.253478e+06 3.950150e+05 4.562938e+05 1.103964e+05 6.791533e+05 1.259547e+06 1.553663e+06 8.779081e+05 2.513273e+05 9.560394e+05 1.216958e+06 4.765511e+05 4.046078e+05 6.452947e+05 1.725921e+06 
8.023325e+05 2.932779e+05 6.785644e+05 4.543271e+05 5.095760e+05 4.935756e+04 2.109088e+05 1.691144e+05 1.336288e+05 4.819253e+04 1.787169e+05 1.464298e+05 1.478656e+05 2.587604e+05 1.768525e+05 3.373718e+05 2.072642e+05 2.567936e+05 4.944110e+04 1.263632e+05 1.244611e+05 2.555288e+04 3.840711e+05 1.178225e+05 1.919283e+05 1.705561e+05 3.392305e+05 3.300652e+04 1.488109e+05 7.080930e+05 
1.732240e+04 1.430249e+04 9.849995e+03 8.154639e+04 2.377947e+04 8.216991e+03 1.083831e+04 2.265266e+04 4.025233e+03 3.227417e+04 2.472188e+04 2.353211e+04 2.381025e+04 2.686396e+03 3.035412e+03 2.106736e+04 1.012925e+04 1.663139e+04 1.357906e+04 1.841921e+04 1.757313e+04 9.430287e+02 4.613887e+04 3.678522e+03 2.937059e+04 1.477140e+04 4.462360e+04 6.441004e+03 2.401278e+04 4.371296e+03 
5.038616e+02 6.309594e+02 3.621959e+02 1.842563e+02 3.889971e+02 4.774844e+01 1.049537e+02 1.063277e+02 5.594448e+01 6.617639e+02 9.643210e+02 6.533651e+02 8.348386e+01 7.690181e+01 4.388419e+02 1.776126e+02 3.684768e+02 9.574428e+01 4.037387e+02 2.291678e+02 6.901127e+01 9.721236e+01 4.500309e+02 1.616764e+02 1.957266e+02 1.211213e+03 4.609336e+02 4.671485e+02 8.497600e+02 1.554357e+02 
2.058369e+01 2.244094e+01 2.363239e+01 1.832131e+01 1.525754e+01 1.336323e+01 1.161665e+01 1.809201e+01 2.180380e+01 2.665424e+01 2.970057e+01 1.466071e+01 1.876427e+01 2.135086e+01 1.672054e+01 2.292904e+01 3.182677e+01 1.740537e+01 1.471646e+01 1.365582e+01 1.451360e+01 1.132302e+01 2.238341e+01 1.773608e+01 2.778512e+01 1.967856e+01 1.829629e+01 2.008449e+01 1.660775e+01 1.717804e+01 
6.038970e+00 5.761654e+00 7.379461e+00 5.029452e+00 5.828543e+00 5.885737e+00 5.603445e+00 6.872059e+00 4.949631e+00 5.205093e+00 5.954020e+00 7.045846e+00 6.015490e+00 6.445720e+00 6.009900e+00 5.979238e+00 5.419298e+00 5.541108e+00 6.110733e+00 6.286652e+00 4.712688e+00 5.295900e+00 4.870957e+00 5.080572e+00 6.053764e+00 5.148636e+00 4.696201e+00 6.175963e+00 6.515551e+00 6.577777e+00 
2.031981e+00 2.497787e+00 2.441774e+00 2.554990e+00 2.635255e+00 2.325645e+00 2.683356e+00 2.388550e+00 2.385308e+00 2.341439e+00 2.303702e+00 1.794303e+00 2.610768e+00 2.339782e+00 2.639744e+00 2.767329e+00 3.047556e+00 2.388456e+00 2.757170e+00 2.135696e+00 2.031345e+00 2.522514e+00 2.064685e+00 1.751713e+00 2.954719e+00 2.844043e+00 2.217750e+00 2.552464e+00 1.784178e+00 2.386527e+00 
5.033689e-01 1.233017e+00 6.935477e-01 7.332823e-01 8.362549e-01 1.181449e+00 1.041130e+00 1.023756e+00 9.069839e-01 6.351022e-01 1.048190e+00 1.188834e+00 1.209802e+00 1.197280e+00 7.679157e-01 8.900355e-01 8.476109e-01 1.221548e+00 1.204951e+00 9.890984e-01 9.644130e-01 9.240058e-01 1.015647e+00 8.720041e-01 1.065524e+00 9.472986e-01 1.003287e+00 7.744516e-01 6.732941e-01 1.081194e+00 
2.584883e-01 6.557050e-01 5.464943e-01 3.642433e-01 6.128337e-01 6.518759e-01 5.328192e-01 4.559438e-01 2.674398e-01 2.094777e-01 4.984200e-01 4.615592e-01 3.926795e-01 5.625937e-01 3.619325e-01 2.315298e-01 2.679422e-01 6.101369e-01 4.055945e-01 3.755784e-01 4.661647e-01 2.211322e-01 3.936391e-01 5.899670e-01 3.007602e-01 3.750180e-01 7.854807e-01 4.787005e-01 4.602331e-01 6.426059e-01 
2.130590e-01 2.891420e-01 2.354537e-01 2.618643e-01 4.254729e-01 1.465240e-01 2.682224e-01 3.090084e-01 1.182062e-01 1.134326e-01 3.354656e-01 2.487806e-01 2.814187e-01 3.523113e-01 1.454487e-01 2.102503e-01 1.566599e-01 3.156099e-01 1.568169e-01 3.390008e-01 1.901488e-01 1.537558e-01 3.032437e-01 3.046031e-01 1.619930e-01 1.996652e-01 2.205213e-01 3.612801e-01 3.015953e-01 3.064141e-01 
1.776454e-01 2.710311e-01 2.279991e-01 1.580573e-01 3.461875e-01 1.423654e-01 1.691644e-01 1.777866e-01 1.112194e-01 1.102726e-01 2.751983e-01 1.218360e-01 1.653617e-01 1.309492e-01 1.113156e-01 1.717056e-01 1.439347e-01 1.907539e-01 1.426410e-01 3.224801e-01 1.797363e-01 1.497013e-01 2.988450e-01 2.439786e-01 8.478263e-02 1.262337e-01 1.939421e-01 2.807648e-01 2.365995e-01 8.215182e-02 
9.876839e-03 2.710311e-01 2.279991e-01 3.973840e-02 3.461875e-01 8.938493e-02 1.691644e-01 1.777866e-01 4.945376e-02 1.102726e-01 1.595636e-01 1.218360e-01 1.653617e-01 1.309492e-01 3.957041e-02 3.951842e-02 8.907152e-02 1.385807e-01 1.974652e-02 4.942839e-02 8.887225e-02 1.497013e-01 2.988450e-01 2.439786e-01 6.929933e-02 1.975419e-02 1.939421e-01 2.807648e-01 2.365995e-01 8.215182e-02 
1.000000e+06 1.000000e+06 1.000000e+06 1.000000e+06 1.000000e+06 1.000000e+06 1.000000e+06 1.000000e+06 1.000000e+06 1.000000e+06 1.000000e+06 1.000000e+06 1.000000e+06 1.000000e+06 1.000000e+06 1.000000e+06 1.000000e+06 1.000000e+06 1.000000e+06 1.000000e+06 1.000000e+06 1.000000e+06 1.000000e+06 1.000000e+06 1.000000e+06 1.000000e+06 1.000000e+06 1.000000e+06 1.000000e+06 1.000000e+06 
