4.365022e+02 2.703970e+02 4.274266e+02 3.367532e+02 3.883051e+02 3.623862e+02 3.792073e+02 3.909394e+02 3.880148e+02 3.344828e+02 4.887858e+02 3.906684e+02 3.527002e+02 5.361628e+02 5.538264e+02 3.672965e+02 4.204781e+02 4.176887e+02 2.829647e+02 2.503411e+02 3.574947e+02 3.814670e+02 5.139077e+02 4.020625e+02 4.722482e+02 4.137636e+02 4.597624e+02 3.668287e+02 4.484313e+02 2.636834e+02 
4.357211e+02 2.639373e+02 3.143375e+02 2.690123e+02 2.945206e+02 3.120513e+02 3.676646e+02 2.617224e+02 3.791230e+02 3.344828e+02 4.430611e+02 3.472619e+02 3.527002e+02 4.665427e+02 4.736919e+02 3.077681e+02 4.204781e+02 3.699881e+02 2.829647e+02 2.503411e+02 3.337900e+02 3.055610e+02 4.784851e+02 4.020625e+02 4.626191e+02 3.654115e+02 4.535998e+02 3.336332e+02 4.165628e+02 2.636834e+02 
2.773907e+02 2.639373e+02 3.060678e+02 2.595026e+02 2.534652e+02 2.852038e+02 3.530989e+02 2.617224e+02 3.424251e+02 3.192632e+02 2.954321e+02 3.472619e+02 3.151915e+02 4.452755e+02 4.734885e+02 2.887436e+02 4.204781e+02 3.670274e+02 2.806466e+02 2.503411e+02 3.191646e+02 2.815860e+02 4.593437e+02 3.093631e+02 3.538420e+02 3.654115e+02 4.348661e+02 3.168537e+02 2.738698e+02 2.621732e+02 
2.773907e+02 2.353958e+02 3.060678e+02 2.595026e+02 2.534652e+02 2.852038e+02 2.637903e+02 2.320785e+02 3.288861e+02 3.192632e+02 2.954321e+02 3.179001e+02 2.992842e+02 3.015135e+02 3.420613e+02 2.500797e+02 3.808132e+02 2.464084e+02 2.439561e+02 2.503411e+02 2.495313e+02 1.983161e+02 3.683839e+02 3.093631e+02 3.250117e+02 3.468836e+02 3.416951e+02 2.907477e+02 2.738698e+02 2.537348e+02 
2.321424e+02 2.353958e+02 2.198847e+02 2.595026e+02 2.463877e+02 2.846266e+02 1.817412e+02 1.519099e+02 2.999415e+02 2.608986e+02 2.852205e+02 1.470464e+02 2.380405e+02 1.688424e+02 2.742505e+02 1.645880e+02 1.793000e+02 2.374306e+02 2.439561e+02 2.503411e+02 2.069952e+02 1.400549e+02 2.697365e+02 3.093631e+02 2.417080e+02 2.851815e+02 1.250392e+02 2.239280e+02 1.954354e+02 2.259159e+02 
1.941734e+02 1.852546e+02 1.421811e+02 1.537408e+02 1.826327e+02 1.498452e+02 1.510893e+02 1.506429e+02 2.072915e+02 1.739621e+02 1.533757e+02 1.415158e+02 1.823470e+02 1.635225e+02 1.833546e+02 1.465368e+02 1.515708e+02 2.156021e+02 1.681152e+02 1.807916e+02 1.815777e+02 1.400549e+02 1.857840e+02 2.360328e+02 1.737382e+02 1.890102e+02 1.222633e+02 1.793301e+02 1.685113e+02 1.921880e+02 
9.800491e+01 1.102289e+02 1.160666e+02 9.898254e+01 1.040554e+02 8.513232e+01 1.271535e+02 1.255300e+02 8.878306e+01 1.239006e+02 1.248608e+02 1.263526e+02 1.072992e+02 8.820242e+01 1.272048e+02 9.076754e+01 1.076638e+02 1.281773e+02 1.227004e+02 1.160555e+02 1.290903e+02 1.292269e+02 1.507863e+02 1.075935e+02 1.366834e+02 1.174849e+02 7.000369e+01 1.267844e+02 1.035979e+02 1.462335e+02 
7.422847e+01 8.685834e+01 5.121008e+01 7.829811e+01 6.826102e+01 6.426237e+01 8.023633e+01 7.144996e+01 7.324742e+01 7.771648e+01 6.947254e+01 7.163035e+01 8.394439e+01 6.635234e+01 8.033100e+01 6.599645e+01 7.704537e+01 5.905229e+01 7.052648e+01 6.426353e+01 6.853166e+01 7.991869e+01 7.541505e+01 6.300170e+01 8.058231e+01 7.170296e+01 5.346435e+01 7.962617e+01 6.771004e+01 8.011559e+01 
4.216546e+01 4.103037e+01 4.370548e+01 4.587104e+01 3.761581e+01 4.213920e+01 5.353561e+01 4.831209e+01 4.043143e+01 4.259757e+01 3.691307e+01 3.850133e+01 4.388171e+01 4.078623e+01 4.017950e+01 2.851924e+01 3.415570e+01 3.184779e+01 3.405794e+01 4.319101e+01 3.953879e+01 4.262266e+01 4.017075e+01 4.174895e+01 3.591086e+01 3.717297e+01 3.779835e+01 2.628832e+01 4.157606e+01 3.519356e+01 
2.107504e+01 2.330886e+01 2.205992e+01 1.989175e+01 2.292056e+01 2.215977e+01 2.773016e+01 2.288815e+01 2.285324e+01 1.938623e+01 2.180190e+01 2.077378e+01 1.930646e+01 2.127425e+01 2.196835e+01 1.568891e+01 2.135443e+01 2.118159e+01 1.819839e+01 1.993488e+01 2.336798e+01 2.533720e+01 2.317538e+01 2.312552e+01 2.470478e+01 2.104036e+01 1.757734e+01 1.781704e+01 2.013455e+01 2.700353e+01 
1.254280e+01 1.268599e+01 1.076097e+01 9.991252e+00 1.465076e+01 1.092333e+01 1.162022e+01 1.009455e+01 1.336515e+01 5.873416e+00 8.296311e+00 1.230854e+01 8.969224e+00 1.053878e+01 1.121207e+01 6.229199e+00 1.255332e+01 1.002119e+01 1.214131e+01 8.792860e+00 1.293458e+01 9.605295e+00 1.362422e+01 1.310117e+01 1.067677e+01 1.339688e+01 9.029784e+00 1.148396e+01 1.246255e+01 1.347447e+01 
2.139051e+00 1.942122e+00 8.671527e-01 9.840463e-01 2.253564e+00 1.122646e+00 2.130385e+00 1.959324e+00 3.197765e+00 1.559497e+00 2.465684e+00 8.123840e+00 1.395728e+00 2.280198e+00 1.635560e+00 1.968655e+00 2.826032e+00 9.785354e-01 1.085728e+01 9.678003e-01 1.087756e+01 1.571808e+00 1.014120e+00 2.129651e+00 1.359727e+00 1.256743e+00 1.715569e+00 2.212560e+00 6.205904e+00 8.344968e+00 
1.034719e-03 9.146313e-03 1.624070e-03 5.601577e-03 3.211035e-03 8.087428e-03 4.007197e-03 7.504759e-03 9.597691e-04 4.045107e-03 2.644920e-03 4.557560e+00 2.523427e-03 1.963071e-02 2.363130e-03 9.026624e-03 5.746194e-04 2.829771e-03 3.593965e+00 1.590679e-02 1.025295e+01 3.294238e-03 7.479234e-03 4.664528e-03 1.560189e-03 1.465450e-04 9.968469e-03 2.588970e-04 4.125180e-01 2.625203e+00 
2.315326e-08 1.773605e-07 1.059046e-07 6.258406e-07 6.508151e-08 2.829427e-07 1.842159e-07 5.748397e-07 7.025695e-08 3.968079e-07 6.028308e-08 4.524437e+00 3.823542e-07 1.399334e-06 5.398143e-08 5.767696e-07 1.000000e-08 2.166911e-07 1.296944e+00 2.418904e-07 1.025066e+01 1.811844e-07 3.064041e-07 1.722761e-07 7.750982e-08 1.000000e-08 6.224642e-07 1.000000e-08 1.434864e-01 2.329250e+00 
1.000000e-08 1.000000e-08 1.000000e-08 1.000000e-08 1.000000e-08 1.000000e-08 1.000000e-08 1.000000e-08 1.000000e-08 1.000000e-08 1.000000e-08 9.949591e-01 1.000000e-08 1.000000e-08 1.000000e-08 1.000000e-08 1.000000e-08 1.000000e-08 1.000000e-08 1.000000e-08 3.979836e+00 1.000000e-08 1.000000e-08 1.000000e-08 1.000000e-08 1.000000e-08 1.000000e-08 1.000000e-08 1.000000e-08 1.000000e-08 
1.000000e-08 1.000000e-08 1.000000e-08 1.000000e-08 1.000000e-08 1.000000e-08 1.000000e-08 1.000000e-08 1.000000e-08 1.000000e-08 1.000000e-08 1.000000e-08 1.000000e-08 1.000000e-08 1.000000e-08 1.000000e-08 1.000000e-08 1.000000e-08 1.000000e-08 1.000000e-08 1.000000e-08 1.000000e-08 1.000000e-08 1.000000e-08 1.000000e-08 1.000000e-08 1.000000e-08 1.000000e-08 1.000000e-08 1.000000e-08 
8.387300e+04 8.862300e+04 8.682600e+04 9.089900e+04 8.612400e+04 8.624200e+04 9.073100e+04 8.775400e+04 8.612400e+04 9.201900e+04 8.594700e+04 1.475120e+05 9.151500e+04 8.976300e+04 8.688400e+04 9.061800e+04 7.825500e+04 8.659400e+04 1.140000e+05 8.964900e+04 1.622360e+05 8.500300e+04 8.970600e+04 8.624200e+04 8.405300e+04 7.244400e+04 9.162700e+04 6.874000e+04 1.052800e+05 1.155290e+05 
