6.321756e+02 6.866643e+02 7.812708e+02 8.466888e+02 8.738688e+02 7.904291e+02 9.325966e+02 7.082377e+02 6.150846e+02 8.278506e+02 7.895552e+02 5.974990e+02 4.768976e+02 7.441980e+02 7.086529e+02 8.656980e+02 5.469027e+02 6.027021e+02 2.146011e+02 7.358744e+02 7.651393e+02 5.172735e+02 4.405846e+02 7.567010e+02 4.207504e+02 7.770928e+02 5.459496e+02 8.306383e+02 5.585301e+02 7.758454e+02 
6.266712e+02 5.570672e+02 7.474272e+02 6.372826e+02 4.957917e+02 7.904291e+02 4.703364e+02 6.382389e+02 6.150846e+02 5.242635e+02 5.914000e+02 5.143628e+02 4.768976e+02 7.441980e+02 6.311997e+02 8.316326e+02 4.602973e+02 6.026066e+02 2.146011e+02 6.308568e+02 6.693366e+02 5.172735e+02 4.405846e+02 6.911180e+02 4.207504e+02 7.620876e+02 4.394290e+02 6.195569e+02 5.563242e+02 7.579934e+02 
5.220624e+02 3.688061e+02 7.474272e+02 6.171703e+02 4.957917e+02 7.904291e+02 4.703364e+02 4.856827e+02 6.150846e+02 4.701247e+02 5.913932e+02 5.143619e+02 4.768976e+02 6.556052e+02 6.311997e+02 7.276452e+02 4.383223e+02 4.398718e+02 2.146011e+02 4.290944e+02 4.566561e+02 5.171754e+02 4.405846e+02 6.911180e+02 3.989039e+02 6.168866e+02 4.303639e+02 6.195569e+02 4.914057e+02 3.381525e+02 
5.042559e+02 3.687679e+02 5.048270e+02 6.171703e+02 4.957917e+02 7.511528e+02 4.675156e+02 2.846696e+02 6.150846e+02 4.254417e+02 5.913932e+02 5.142793e+02 4.768808e+02 6.321916e+02 6.311997e+02 7.276452e+02 4.383223e+02 4.332561e+02 2.146011e+02 4.269606e+02 3.750792e+02 4.276985e+02 4.363320e+02 1.373716e+02 3.988890e+02 4.127590e+02 3.014389e+02 6.195397e+02 4.912983e+02 3.381525e+02 
4.190282e+02 3.338749e+02 4.857850e+02 4.265956e+02 4.450885e+02 5.656855e+02 4.628336e+02 2.522922e+02 4.624494e+02 3.786801e+02 3.980447e+02 4.070252e+02 3.247145e+02 4.035787e+02 5.153149e+02 4.391360e+02 2.962193e+02 4.328781e+02 2.146011e+02 3.867472e+02 1.726321e+02 2.844548e+02 3.261469e+02 1.373716e+02 3.988890e+02 4.017961e+02 3.014374e+02 4.814097e+02 3.789649e+02 3.304316e+02 
2.073920e+02 2.460375e+02 1.896117e+02 3.743827e+02 2.515689e+02 1.109027e+02 2.475226e+02 1.829010e+02 1.067607e+02 2.808654e+02 1.214045e+02 2.128764e+02 2.814462e+02 2.786842e+02 3.287804e+02 3.235864e+02 1.057010e+02 1.974813e+02 1.728284e+02 2.736551e+02 1.726121e+02 1.415666e+02 1.386367e+02 1.322375e+02 2.317332e+02 1.013222e+02 1.436143e+02 2.358809e+02 3.450086e+02 2.286438e+02 
1.642089e+02 1.739073e+02 3.324283e+01 1.632709e+02 2.121419e+02 6.794237e+01 1.343324e+02 7.199919e+01 1.025254e+02 1.709714e+02 1.088357e+02 1.868038e+02 1.647448e+02 1.878817e+01 7.321591e+01 2.975812e+02 1.049975e+02 1.200358e+02 1.227585e+02 2.084760e+02 8.455960e+01 1.354348e+02 8.221238e+01 1.302785e+02 9.414047e+01 4.062099e+01 1.436143e+02 1.150835e+02 7.800419e+01 1.512265e+02 
8.117538e+01 7.325769e+01 1.503873e+01 1.101905e+02 3.714018e+01 4.608410e+01 7.346806e+01 2.823157e+01 6.193171e+01 1.205542e+02 5.543607e+01 1.239301e+02 5.648066e+01 1.598214e+01 7.303975e+01 3.063604e+01 2.104036e+01 7.726477e+01 2.531551e+01 7.622893e+01 8.441007e+01 4.681197e+01 3.351607e+01 5.400908e+01 3.281468e+01 2.774417e+01 5.660194e+01 4.778611e+01 4.113700e+01 1.288601e+02 
3.768948e+01 4.095551e+01 1.191572e+01 8.986363e+00 2.040315e+01 2.981022e+01 4.552427e+01 2.558640e+01 3.739993e+01 3.812673e+01 1.135774e+01 1.531891e+01 2.859943e+01 1.551032e+01 3.816299e+01 2.874049e+01 1.022215e+01 4.077806e+01 2.427317e+01 1.582310e+01 1.250346e+01 3.489396e+01 8.142753e+00 1.816869e+01 2.266977e+01 2.557397e+01 2.425667e+01 2.523244e+01 2.024113e+01 5.928025e+01 
1.494108e+01 1.298118e+01 4.776555e+00 5.941441e+00 6.101245e+00 6.955197e+00 7.287974e+00 6.426177e+00 1.227302e+01 1.453288e+01 7.826347e+00 5.924514e+00 5.927906e+00 3.434756e+00 5.925070e+00 9.370650e+00 3.552670e+00 3.651819e+00 5.430308e+00 1.224912e+01 5.229179e+00 1.405408e+01 7.979561e+00 5.263381e+00 4.054162e+00 5.660128e+00 8.830045e+00 4.073532e+00 9.555851e+00 1.829804e+01 
2.354112e+00 2.314132e+00 1.817779e+00 2.850969e+00 1.870643e+00 1.617787e+00 2.064214e+00 1.876611e+00 2.439606e+00 1.887061e+00 1.876933e+00 7.595321e-01 2.155020e+00 1.868168e+00 1.322318e+00 1.905400e+00 1.941414e+00 1.648399e+00 1.777981e+00 2.041129e+00 7.883451e-01 2.262015e+00 1.727655e+00 2.177966e+00 1.597536e+00 1.039131e+00 3.198551e+00 1.549665e+00 2.374820e+00 1.931552e+00 
3.542629e-01 3.926746e-01 4.958056e-01 4.880320e-01 5.995059e-01 3.843919e-01 4.237943e-01 3.680779e-01 4.564288e-01 6.040362e-01 3.644047e-01 4.287919e-01 4.767864e-01 3.706060e-01 7.043282e-01 4.775757e-01 3.240528e-01 3.929483e-01 2.500694e-01 5.194652e-01 3.676104e-01 5.746243e-01 3.021449e-01 3.360352e-01 4.578065e-01 5.896757e-01 5.461524e-01 4.713492e-01 5.771509e-01 5.941404e-01 
5.070673e-02 8.685908e-02 2.053131e-01 2.349623e-01 2.170600e-01 8.589718e-02 1.025771e-01 1.618748e-01 7.536523e-02 7.568572e-02 1.017192e-01 1.307022e-01 7.475566e-02 1.360714e-01 8.691408e-02 1.319584e-01 5.692048e-02 1.428943e-01 1.218029e-01 1.275264e-01 1.238577e-01 7.496248e-02 8.951323e-02 1.588655e-01 6.941935e-02 1.158182e-01 2.111078e-01 1.895713e-01 1.561339e-01 1.928530e-01 
4.191746e-02 6.533634e-02 5.586518e-02 8.004179e-02 8.577628e-02 1.767142e-02 6.207553e-02 6.474617e-02 4.747435e-02 3.077049e-02 6.612788e-02 6.340281e-02 5.666876e-02 4.472475e-02 6.310272e-02 4.787183e-02 2.894195e-02 2.792551e-02 5.354122e-02 7.660717e-02 7.375916e-02 5.277035e-02 4.755604e-02 3.621888e-02 5.784785e-02 5.780183e-02 6.180061e-02 3.972132e-02 3.861243e-02 5.635855e-02 
1.255910e-02 4.142135e-02 2.470922e-02 3.896899e-02 3.422985e-02 1.402635e-02 3.348057e-02 4.201960e-02 3.616232e-02 2.613877e-02 2.768551e-02 4.581909e-02 4.078760e-02 3.605160e-02 2.346818e-02 3.767798e-02 2.723922e-02 1.120129e-02 4.014413e-02 2.258960e-02 4.467963e-02 3.724794e-02 1.556091e-02 3.505490e-02 5.105397e-02 3.354304e-02 3.912940e-02 3.089302e-02 3.012390e-02 2.830406e-02 
1.255910e-02 1.973020e-02 6.293161e-04 2.071372e-02 2.000734e-02 5.099010e-06 5.412259e-03 8.763172e-03 6.007361e-05 4.667827e-04 3.488652e-03 1.945500e-02 1.988991e-02 2.108272e-02 4.127926e-06 1.884000e-05 2.209497e-02 1.865323e-04 1.949627e-02 1.943186e-02 1.944385e-02 2.536244e-03 5.513017e-04 2.497474e-03 1.953812e-02 1.789186e-02 2.026662e-02 2.227380e-03 1.389234e-03 2.098290e-02 
2.000000e+05 2.000000e+05 2.000000e+05 2.000000e+05 2.000000e+05 2.000000e+05 2.000000e+05 2.000000e+05 2.000000e+05 2.000000e+05 2.000000e+05 2.000000e+05 2.000000e+05 2.000000e+05 2.000000e+05 2.000000e+05 2.000000e+05 2.000000e+05 2.000000e+05 2.000000e+05 2.000000e+05 2.000000e+05 2.000000e+05 2.000000e+05 2.000000e+05 2.000000e+05 2.000000e+05 2.000000e+05 2.000000e+05 2.000000e+05 
