2.840954e+03 3.380399e+03 3.071447e+03 2.139143e+03 2.366245e+03 2.762993e+03 2.721105e+03 2.935525e+03 2.685213e+03 2.786009e+03 3.471693e+03 2.647484e+03 2.373510e+03 2.338566e+03 1.884166e+03 2.524184e+03 2.910172e+03 2.649461e+03 2.475610e+03 2.556670e+03 2.187409e+03 3.375405e+03 2.094729e+03 2.705449e+03 2.141752e+03 2.209116e+03 1.928193e+03 2.438583e+03 1.895631e+03 3.205606e+03 
2.377462e+03 3.380399e+03 3.071447e+03 2.139143e+03 2.366245e+03 2.562922e+03 2.721075e+03 2.891491e+03 2.685213e+03 2.168305e+03 3.307975e+03 2.598423e+03 2.113154e+03 2.003573e+03 1.884166e+03 2.524184e+03 2.909954e+03 2.640845e+03 2.475610e+03 2.496941e+03 2.187409e+03 3.375405e+03 2.094729e+03 2.705439e+03 2.137114e+03 1.738007e+03 1.850987e+03 2.438583e+03 1.895631e+03 3.083323e+03 
2.377462e+03 3.116765e+03 3.071447e+03 2.101636e+03 2.366245e+03 2.480791e+03 2.203814e+03 2.754727e+03 2.685213e+03 2.017719e+03 3.294105e+03 2.598423e+03 2.096265e+03 2.003573e+03 1.853781e+03 2.430193e+03 2.856165e+03 2.640838e+03 2.432291e+03 2.478021e+03 2.066520e+03 2.985107e+03 2.094686e+03 2.705439e+03 2.137114e+03 1.737966e+03 1.850987e+03 2.438583e+03 1.895631e+03 3.083323e+03 
2.376900e+03 2.794804e+03 2.791923e+03 2.101636e+03 2.351768e+03 2.472382e+03 1.988767e+03 2.691582e+03 2.376458e+03 2.017719e+03 3.205347e+03 2.087570e+03 1.928796e+03 2.003573e+03 1.724311e+03 2.125228e+03 2.321727e+03 2.394621e+03 2.281921e+03 2.391456e+03 2.066520e+03 2.702319e+03 1.516930e+03 2.471770e+03 1.749879e+03 1.382202e+03 1.840720e+03 2.370168e+03 1.895631e+03 2.584953e+03 
2.303979e+03 2.434529e+03 2.116268e+03 1.663696e+03 2.018815e+03 1.553065e+03 1.843754e+03 2.208155e+03 2.099380e+03 1.632381e+03 2.843946e+03 2.000430e+03 1.763896e+03 1.706317e+03 1.724282e+03 2.086198e+03 2.141777e+03 2.064063e+03 2.266495e+03 1.305803e+03 1.896084e+03 1.710954e+03 1.418771e+03 2.038226e+03 1.256029e+03 1.382098e+03 1.528106e+03 2.129665e+03 1.793806e+03 2.349003e+03 
1.449883e+03 1.402345e+03 1.782994e+03 1.507072e+03 1.444068e+03 1.487795e+03 1.659278e+03 1.769747e+03 1.737165e+03 1.381322e+03 1.563910e+03 1.595305e+03 1.376499e+03 1.289293e+03 1.443280e+03 1.530476e+03 1.921455e+03 1.678017e+03 1.354442e+03 1.293067e+03 1.772393e+03 1.212508e+03 1.282367e+03 1.936923e+03 1.255558e+03 1.125973e+03 1.291884e+03 1.668658e+03 1.718898e+03 1.756352e+03 
1.206269e+03 1.179577e+03 1.142474e+03 8.451480e+02 9.348652e+02 8.661050e+02 1.030014e+03 1.039438e+03 1.325101e+03 9.928504e+02 8.714330e+02 1.030800e+03 8.624504e+02 1.060015e+03 1.045014e+03 1.168775e+03 6.279054e+02 1.080485e+03 1.274112e+03 7.682008e+02 1.088926e+03 4.294976e+02 1.014528e+03 8.880791e+02 6.039108e+02 9.909811e+02 1.016193e+03 1.054523e+03 1.141988e+03 1.133797e+03 
5.922315e+02 5.833490e+02 6.405334e+02 6.365284e+02 5.954766e+02 5.923898e+02 6.346160e+02 8.178871e+02 6.890700e+02 5.139972e+02 5.628435e+02 5.399343e+02 2.552918e+02 4.480373e+02 6.475628e+02 2.794057e+02 4.664461e+02 5.883739e+02 6.923266e+02 5.666408e+02 5.376288e+02 3.946001e+02 6.844336e+02 7.451637e+02 5.353465e+02 3.750812e+02 6.019950e+02 7.558763e+02 6.685002e+02 4.997686e+02 
2.725609e+02 2.449480e+02 2.802952e+02 3.090194e+02 2.771286e+02 2.641413e+02 3.594810e+02 1.210585e+02 3.564051e+02 2.119156e+02 2.502097e+02 1.784832e+02 2.095434e+02 2.317945e+02 3.173416e+02 2.777206e+02 1.957852e+02 2.133027e+02 2.960460e+02 3.183886e+02 1.359940e+02 2.641560e+02 9.917891e+01 3.105434e+02 1.528814e+02 1.023552e+02 3.093754e+02 1.741375e+02 2.317540e+02 8.546744e+01 
5.014408e+01 6.432836e+01 3.770772e+01 4.521955e+01 4.127402e+01 4.674887e+01 4.018970e+01 4.045958e+01 5.099271e+01 4.652555e+01 5.409399e+01 4.475590e+01 3.730957e+01 6.310640e+01 5.840239e+01 4.508561e+01 4.626545e+01 6.776387e+01 3.733591e+01 2.890761e+01 2.453841e+01 3.310775e+01 2.322480e+01 6.356204e+01 6.810755e+01 2.974492e+01 4.213143e+01 3.695025e+01 5.274100e+01 3.898877e+01 
6.019251e+00 9.361313e+00 5.874939e+00 4.427306e+00 5.601757e+00 5.812825e+00 1.036032e+01 7.093408e+00 6.830551e+00 6.227015e+00 6.603362e+00 4.531333e+00 4.777392e+00 4.893608e+00 7.955290e+00 8.210325e+00 9.793522e+00 6.603426e+00 5.345933e+00 6.083968e+00 4.096994e+00 4.314279e+00 6.061930e+00 8.420813e+00 7.352671e+00 5.719210e+00 6.238552e+00 5.602355e+00 2.549710e+00 7.251156e+00 
1.213564e+00 2.359683e+00 2.611246e+00 1.966545e+00 1.606594e+00 2.408734e+00 2.130862e+00 2.133373e+00 2.250292e+00 2.757855e+00 2.935867e+00 2.111025e+00 1.859070e+00 1.885027e+00 2.187282e+00 2.239592e+00 2.456616e+00 2.396236e+00 1.976786e+00 1.709964e+00 1.688999e+00 1.957064e+00 1.844791e+00 2.305824e+00 2.599050e+00 2.220871e+00 1.879565e+00 2.410483e+00 1.739893e+00 1.680365e+00 
9.753358e-01 1.537647e+00 1.259431e+00 1.156684e+00 9.209226e-01 1.065036e+00 1.608163e+00 1.570259e+00 5.798758e-01 1.623870e+00 1.342699e+00 1.451187e+00 1.491471e+00 1.294564e+00 5.126620e-01 1.587286e+00 1.694449e+00 1.267372e+00 1.112296e+00 6.841257e-01 1.356646e+00 9.460537e-01 7.422913e-01 1.386344e+00 1.101798e+00 1.440262e+00 1.484962e+00 1.577572e+00 1.466260e+00 6.594289e-01 
9.378051e-01 1.140745e+00 9.442556e-01 1.155498e+00 7.178987e-01 7.059672e-01 1.383941e+00 1.523566e+00 5.527391e-01 1.075873e+00 9.449373e-01 9.276992e-01 1.227101e+00 1.263296e+00 4.500164e-01 1.504906e+00 1.123566e+00 5.772998e-01 8.741959e-01 5.598357e-01 1.101911e+00 8.632486e-01 3.238741e-01 9.344733e-01 1.026414e+00 9.743359e-01 1.428165e+00 1.553099e+00 8.895138e-01 5.684103e-01 
6.409698e-01 5.215531e-01 9.206947e-01 6.859992e-01 7.150817e-01 6.800745e-01 8.471363e-01 5.981052e-01 5.282078e-01 7.368824e-01 5.479349e-01 6.710184e-01 9.876078e-01 6.488829e-01 4.223276e-01 7.770758e-01 7.594111e-01 5.621491e-01 4.359719e-01 5.345372e-01 8.606574e-01 4.900060e-01 3.070612e-01 9.096039e-01 5.678439e-01 9.400577e-01 8.905518e-01 5.926971e-01 7.892436e-01 5.280678e-01 
3.848796e-01 8.547981e-02 4.148910e-01 3.650915e-01 3.449936e-01 3.788422e-01 4.986348e-01 5.981052e-01 4.329339e-01 4.237181e-01 4.193539e-01 2.709542e-01 5.624387e-01 1.584721e-01 2.399206e-01 4.802351e-01 4.913202e-01 5.130927e-01 4.359719e-01 2.953743e-01 2.518179e-01 3.154850e-01 2.715379e-01 3.186955e-01 5.678439e-01 3.858473e-01 4.080332e-01 1.511026e-01 3.217678e-01 2.557617e-01 
1.000000e+06 1.000000e+06 1.000000e+06 1.000000e+06 1.000000e+06 1.000000e+06 1.000000e+06 1.000000e+06 1.000000e+06 1.000000e+06 1.000000e+06 1.000000e+06 1.000000e+06 1.000000e+06 1.000000e+06 1.000000e+06 1.000000e+06 1.000000e+06 1.000000e+06 1.000000e+06 1.000000e+06 1.000000e+06 1.000000e+06 1.000000e+06 1.000000e+06 1.000000e+06 1.000000e+06 1.000000e+06 1.000000e+06 1.000000e+06 
