5.631293e+03 6.310001e+03 5.676226e+03 5.681263e+03 5.303266e+03 5.682994e+03 5.693202e+03 6.125993e+03 5.908079e+03 5.979719e+03 5.759316e+03 6.013165e+03 5.978016e+03 5.136365e+03 5.059791e+03 6.018458e+03 5.843615e+03 5.122898e+03 4.834580e+03 5.989308e+03 5.543389e+03 6.021809e+03 5.579153e+03 5.449660e+03 5.573218e+03 4.856501e+03 6.159307e+03 5.980786e+03 5.356406e+03 5.482591e+03 
5.631293e+03 6.310001e+03 5.377779e+03 5.422702e+03 5.303266e+03 5.305361e+03 5.206090e+03 6.060766e+03 5.908079e+03 5.979719e+03 5.645738e+03 5.829005e+03 5.798574e+03 5.136365e+03 4.955272e+03 6.018458e+03 5.709319e+03 4.868424e+03 4.810285e+03 5.961121e+03 5.543389e+03 6.021809e+03 5.426589e+03 5.449660e+03 5.573218e+03 4.856501e+03 5.726012e+03 5.490296e+03 5.356406e+03 5.482591e+03 
5.631293e+03 5.963127e+03 4.899972e+03 5.422702e+03 4.844354e+03 5.305361e+03 5.206090e+03 5.576302e+03 5.329312e+03 5.500568e+03 5.513091e+03 5.770956e+03 5.584917e+03 5.136365e+03 4.955272e+03 5.667778e+03 5.223928e+03 4.843336e+03 4.800797e+03 5.594936e+03 5.388325e+03 5.982272e+03 5.375102e+03 5.385822e+03 5.527983e+03 4.856501e+03 5.609331e+03 5.411032e+03 5.184704e+03 5.335668e+03 
5.219940e+03 5.821568e+03 4.540744e+03 5.077665e+03 4.780358e+03 4.554881e+03 4.861507e+03 5.029243e+03 5.215159e+03 5.453632e+03 5.387533e+03 5.571748e+03 5.554719e+03 4.968513e+03 4.841384e+03 5.227494e+03 5.009675e+03 4.363319e+03 4.800797e+03 4.998092e+03 5.382536e+03 5.710730e+03 4.921367e+03 5.145205e+03 5.285629e+03 4.856501e+03 5.133832e+03 4.939011e+03 5.182547e+03 5.146420e+03 
4.840431e+03 5.246640e+03 4.532097e+03 4.531043e+03 4.622587e+03 4.554881e+03 4.798260e+03 4.282272e+03 4.564792e+03 4.706392e+03 4.929274e+03 4.931909e+03 4.740347e+03 4.527369e+03 4.745624e+03 5.046859e+03 4.243985e+03 3.850111e+03 4.399111e+03 4.803884e+03 4.682578e+03 5.302927e+03 4.752267e+03 4.377323e+03 4.695777e+03 4.459772e+03 3.857957e+03 4.673521e+03 4.735849e+03 4.535660e+03 
4.498354e+03 4.475543e+03 3.998943e+03 4.381200e+03 3.874345e+03 3.101137e+03 3.990206e+03 3.553170e+03 3.987235e+03 4.072151e+03 4.444292e+03 3.795679e+03 4.005284e+03 3.930397e+03 4.300795e+03 4.159378e+03 3.230072e+03 3.837100e+03 3.229284e+03 4.287892e+03 4.097323e+03 4.291829e+03 3.953062e+03 3.602919e+03 4.214967e+03 4.001723e+03 3.172215e+03 4.164657e+03 3.434659e+03 4.345645e+03 
3.486480e+03 3.416839e+03 2.596687e+03 3.480326e+03 3.137931e+03 3.014164e+03 3.162494e+03 3.216883e+03 2.754280e+03 3.131376e+03 3.082547e+03 2.767776e+03 3.228296e+03 3.050364e+03 2.765274e+03 3.116718e+03 2.518413e+03 2.992359e+03 2.749971e+03 3.329574e+03 2.923215e+03 2.762104e+03 3.220388e+03 3.050231e+03 3.246636e+03 2.802300e+03 2.842097e+03 2.960982e+03 2.574657e+03 3.432121e+03 
2.290915e+03 2.136088e+03 1.837556e+03 2.273843e+03 2.141498e+03 1.944638e+03 2.071704e+03 2.595784e+03 1.678095e+03 1.938798e+03 1.862827e+03 2.311627e+03 2.261672e+03 2.246097e+03 2.191181e+03 2.345066e+03 1.783018e+03 2.368175e+03 1.850368e+03 2.279020e+03 1.670279e+03 2.184309e+03 1.650993e+03 2.178522e+03 2.177114e+03 2.020992e+03 2.107108e+03 2.440814e+03 2.051668e+03 1.882768e+03 
1.253615e+03 1.021030e+03 1.038785e+03 1.315314e+03 9.494258e+02 1.184734e+03 1.324438e+03 1.190042e+03 1.033084e+03 1.039864e+03 1.203257e+03 1.198040e+03 9.993716e+02 8.589726e+02 8.373318e+02 1.016124e+03 8.237424e+02 1.131640e+03 1.266992e+03 1.129048e+03 8.416021e+02 1.321856e+03 1.000530e+03 1.126172e+03 8.566051e+02 1.126821e+03 9.088657e+02 1.190073e+03 1.209356e+03 9.593604e+02 
2.202766e+02 2.416319e+02 2.651445e+02 2.820352e+02 2.683649e+02 3.041554e+02 3.037704e+02 3.308250e+02 2.731378e+02 1.995053e+02 2.227575e+02 2.722379e+02 2.342915e+02 2.336565e+02 1.912384e+02 3.694037e+02 3.542539e+02 3.014124e+02 2.480545e+02 2.584507e+02 1.900050e+02 3.843701e+02 2.167719e+02 3.780582e+02 1.802330e+02 3.144279e+02 2.841236e+02 3.664275e+02 1.774572e+02 2.993433e+02 
1.779780e+01 1.517738e+01 1.290903e+01 1.970250e+01 1.359272e+01 1.724463e+01 1.553262e+01 1.812247e+01 1.231684e+01 1.347808e+01 1.318147e+01 1.449284e+01 8.908718e+00 1.452318e+01 9.311094e+00 1.332734e+01 1.628627e+01 1.067553e+01 1.089259e+01 1.728152e+01 1.408796e+01 1.869919e+01 1.282865e+01 1.762406e+01 7.615804e+00 7.349891e+00 1.716408e+01 1.416693e+01 2.054640e+01 1.165113e+01 
4.512992e-02 1.835949e-02 6.075975e-02 3.335584e-02 1.684634e-02 2.152920e-02 3.794872e-02 4.563134e-02 2.006720e-02 4.549148e-02 2.190800e-02 2.338952e-02 9.338757e-03 1.087621e-02 3.647337e-02 5.020567e-02 2.347793e-02 1.820621e-02 3.100197e-02 3.154717e-02 3.463717e-02 3.988087e-02 1.779719e-02 7.803187e-03 7.869023e-03 7.837329e-03 3.630055e-02 2.780822e-02 6.806938e-02 1.527507e-02 
1.000000e-08 1.000000e-08 1.000000e-08 1.000000e-08 1.000000e-08 1.000000e-08 1.000000e-08 1.000000e-08 1.000000e-08 1.000000e-08 1.000000e-08 1.000000e-08 1.000000e-08 1.000000e-08 3.122846e-02 1.000000e-08 1.000000e-08 1.000000e-08 1.000000e-08 1.000000e-08 1.000000e-08 1.000000e-08 1.000000e-08 1.000000e-08 1.000000e-08 1.000000e-08 1.000000e-08 1.000000e-08 1.000000e-08 1.000000e-08 
1.000000e-08 1.000000e-08 1.000000e-08 1.000000e-08 1.000000e-08 1.000000e-08 1.000000e-08 1.000000e-08 1.000000e-08 1.000000e-08 1.000000e-08 1.000000e-08 1.000000e-08 1.000000e-08 3.122846e-02 1.000000e-08 1.000000e-08 1.000000e-08 1.000000e-08 1.000000e-08 1.000000e-08 1.000000e-08 1.000000e-08 1.000000e-08 1.000000e-08 1.000000e-08 1.000000e-08 1.000000e-08 1.000000e-08 1.000000e-08 
1.000000e-08 1.000000e-08 1.000000e-08 1.000000e-08 1.000000e-08 1.000000e-08 1.000000e-08 1.000000e-08 1.000000e-08 1.000000e-08 1.000000e-08 1.000000e-08 1.000000e-08 1.000000e-08 3.122846e-02 1.000000e-08 1.000000e-08 1.000000e-08 1.000000e-08 1.000000e-08 1.000000e-08 1.000000e-08 1.000000e-08 1.000000e-08 1.000000e-08 1.000000e-08 1.000000e-08 1.000000e-08 1.000000e-08 1.000000e-08 
1.000000e-08 1.000000e-08 1.000000e-08 1.000000e-08 1.000000e-08 1.000000e-08 1.000000e-08 1.000000e-08 1.000000e-08 1.000000e-08 1.000000e-08 1.000000e-08 1.000000e-08 1.000000e-08 3.122846e-02 1.000000e-08 1.000000e-08 1.000000e-08 1.000000e-08 1.000000e-08 1.000000e-08 1.000000e-08 1.000000e-08 1.000000e-08 1.000000e-08 1.000000e-08 1.000000e-08 1.000000e-08 1.000000e-08 1.000000e-08 
1.279430e+05 1.281190e+05 1.282950e+05 1.313620e+05 1.278550e+05 1.269750e+05 1.284710e+05 1.324060e+05 1.279430e+05 1.316230e+05 1.289110e+05 1.293510e+05 1.256550e+05 1.268870e+05 1.000000e+06 1.284710e+05 1.267990e+05 1.282950e+05 1.266230e+05 1.277670e+05 1.302310e+05 1.289990e+05 1.260950e+05 1.259190e+05 1.245990e+05 1.277670e+05 1.302310e+05 1.287350e+05 1.324930e+05 1.295270e+05 
