1.675326e+03 1.638281e+03 1.428809e+03 1.594733e+03 1.601041e+03 1.393794e+03 1.680659e+03 1.586412e+03 1.469108e+03 1.543779e+03 1.533992e+03 1.477661e+03 1.313325e+03 1.252077e+03 1.559519e+03 1.591281e+03 1.776078e+03 1.334094e+03 1.732863e+03 1.543776e+03 1.540966e+03 9.984956e+02 1.612269e+03 1.332218e+03 1.198899e+03 1.475677e+03 1.596264e+03 1.749876e+03 1.614743e+03 1.499255e+03 
1.675326e+03 1.638281e+03 1.428809e+03 1.594733e+03 1.601041e+03 1.393468e+03 1.680517e+03 1.586412e+03 1.456142e+03 1.543779e+03 1.430520e+03 1.477201e+03 1.291945e+03 1.230093e+03 1.556956e+03 1.552413e+03 1.610241e+03 1.334094e+03 1.606877e+03 1.543776e+03 1.529573e+03 9.984956e+02 1.594456e+03 1.315476e+03 1.197301e+03 1.472551e+03 1.596264e+03 1.749876e+03 1.601411e+03 1.499255e+03 
1.576178e+03 1.413180e+03 1.428809e+03 1.538171e+03 1.518626e+03 1.393468e+03 1.586104e+03 1.585905e+03 1.410864e+03 1.543779e+03 1.206192e+03 1.465846e+03 1.146059e+03 1.230093e+03 1.489242e+03 1.418136e+03 1.505171e+03 1.298669e+03 1.545950e+03 1.363676e+03 1.446904e+03 9.921011e+02 1.549822e+03 1.315476e+03 1.044579e+03 1.464100e+03 1.536574e+03 1.578950e+03 1.557015e+03 1.490651e+03 
1.489727e+03 1.413180e+03 1.428809e+03 1.532205e+03 1.227263e+03 1.370242e+03 1.581325e+03 1.530244e+03 1.318944e+03 1.437455e+03 1.193981e+03 1.347650e+03 1.016314e+03 1.230093e+03 1.469851e+03 1.418136e+03 1.458218e+03 1.246267e+03 1.545950e+03 1.363676e+03 1.444328e+03 9.921011e+02 1.505416e+03 1.041539e+03 8.237224e+02 1.384157e+03 1.512389e+03 1.469383e+03 1.333492e+03 1.453282e+03 
1.189062e+03 1.352495e+03 1.279961e+03 1.447769e+03 9.222508e+02 1.321693e+03 1.149795e+03 9.608223e+02 1.268235e+03 1.367621e+03 1.193981e+03 1.120859e+03 9.648060e+02 1.213539e+03 1.129875e+03 1.206164e+03 1.382043e+03 1.038719e+03 1.333353e+03 1.135508e+03 1.059164e+03 9.921011e+02 1.203701e+03 9.588832e+02 7.605849e+02 1.234637e+03 1.385800e+03 1.254879e+03 1.087536e+03 1.361269e+03 
1.025472e+03 1.073011e+03 9.588756e+02 9.256770e+02 6.676691e+02 1.023989e+03 1.102348e+03 8.137830e+02 1.004003e+03 1.051359e+03 1.023873e+03 8.523721e+02 8.081536e+02 9.014615e+02 9.606372e+02 9.225605e+02 7.203700e+02 8.813944e+02 1.032978e+03 8.742615e+02 9.159307e+02 8.689368e+02 1.003215e+03 8.552375e+02 7.408287e+02 1.013370e+03 7.181423e+02 8.146419e+02 8.922526e+02 1.068023e+03 
6.351996e+02 6.220629e+02 2.794360e+02 5.020928e+02 3.953448e+02 5.732540e+02 4.646562e+02 3.524853e+02 3.682282e+02 5.852680e+02 5.205772e+02 5.115980e+02 5.604035e+02 5.954505e+02 4.083926e+02 7.151414e+02 4.833415e+02 5.509901e+02 4.588724e+02 5.267558e+02 3.926274e+02 4.350361e+02 4.583260e+02 5.138618e+02 4.541101e+02 5.377282e+02 3.878183e+02 4.838673e+02 6.811981e+02 4.899932e+02 
2.292727e+02 2.008381e+02 2.043614e+02 2.200760e+02 1.678788e+02 1.634067e+02 1.523302e+02 1.889395e+02 1.752005e+02 1.914138e+02 1.886901e+02 1.774354e+02 1.735422e+02 1.712270e+02 2.015968e+02 1.912399e+02 2.111636e+02 1.616746e+02 1.478486e+02 1.960339e+02 1.894125e+02 2.227584e+02 2.108517e+02 2.514782e+02 2.313531e+02 2.228159e+02 1.398312e+02 1.876966e+02 1.804549e+02 1.960074e+02 
4.748991e+01 4.930546e+01 5.864324e+01 5.583127e+01 6.191968e+01 6.418915e+01 6.453282e+01 6.835975e+01 6.077958e+01 6.350021e+01 4.771537e+01 6.145373e+01 6.700968e+01 6.929564e+01 5.365469e+01 5.929368e+01 6.281846e+01 6.312113e+01 6.959586e+01 6.437445e+01 4.965244e+01 7.020072e+01 5.824691e+01 5.314373e+01 6.020010e+01 5.649728e+01 6.261201e+01 6.555468e+01 5.014328e+01 6.964370e+01 
1.092346e+01 9.601959e+00 1.015941e+01 1.035984e+01 1.164136e+01 1.165510e+01 1.023670e+01 1.153794e+01 1.103535e+01 9.071023e+00 1.064801e+01 9.835138e+00 1.019407e+01 1.036162e+01 1.013088e+01 9.835244e+00 1.140493e+01 1.130165e+01 1.136876e+01 1.173927e+01 1.020812e+01 9.967783e+00 9.902150e+00 1.056328e+01 1.026881e+01 9.861570e+00 1.051929e+01 1.062708e+01 9.025735e+00 1.046319e+01 
1.168525e-01 1.008374e-01 1.035515e-01 9.639942e-02 1.036062e-01 1.033794e-01 9.574364e-02 1.757648e-01 6.637245e-02 8.117487e-02 9.525767e-02 7.184555e-02 7.415273e-02 1.109379e-01 1.008944e-01 6.957952e-02 9.209340e-02 6.547192e-02 9.192719e-02 1.017609e-01 8.451033e-02 9.035972e-02 8.247052e-02 1.008520e-01 1.002295e-01 8.790541e-02 1.081936e-01 5.104682e-02 4.873557e-02 5.784229e-02 
6.228865e-05 4.820143e-05 2.905531e-05 4.932303e-05 4.317197e-05 4.807521e-05 4.396826e-05 5.139294e-05 5.855433e-05 4.892275e-05 3.445996e-05 5.312173e-05 5.462238e-05 3.968793e-05 3.819380e-05 2.949447e-05 5.533579e-05 3.142835e-05 3.809755e-05 4.436382e-05 3.499557e-05 3.668944e-05 4.803333e-05 4.285500e-05 9.036173e-05 6.109005e-05 2.698605e-05 3.673637e-05 3.442474e-05 2.943126e-05 
1.000000e-08 1.000000e-08 1.000000e-08 1.000000e-08 1.000000e-08 1.000000e-08 1.000000e-08 1.000000e-08 1.000000e-08 1.000000e-08 1.000000e-08 1.000000e-08 1.000000e-08 1.000000e-08 1.000000e-08 1.000000e-08 1.000000e-08 1.000000e-08 1.000000e-08 1.000000e-08 1.000000e-08 1.000000e-08 1.000000e-08 1.000000e-08 1.000000e-08 1.000000e-08 1.000000e-08 1.000000e-08 1.000000e-08 1.000000e-08 
1.000000e-08 1.000000e-08 1.000000e-08 1.000000e-08 1.000000e-08 1.000000e-08 1.000000e-08 1.000000e-08 1.000000e-08 1.000000e-08 1.000000e-08 1.000000e-08 1.000000e-08 1.000000e-08 1.000000e-08 1.000000e-08 1.000000e-08 1.000000e-08 1.000000e-08 1.000000e-08 1.000000e-08 1.000000e-08 1.000000e-08 1.000000e-08 1.000000e-08 1.000000e-08 1.000000e-08 1.000000e-08 1.000000e-08 1.000000e-08 
1.000000e-08 1.000000e-08 1.000000e-08 1.000000e-08 1.000000e-08 1.000000e-08 1.000000e-08 1.000000e-08 1.000000e-08 1.000000e-08 1.000000e-08 1.000000e-08 1.000000e-08 1.000000e-08 1.000000e-08 1.000000e-08 1.000000e-08 1.000000e-08 1.000000e-08 1.000000e-08 1.000000e-08 1.000000e-08 1.000000e-08 1.000000e-08 1.000000e-08 1.000000e-08 1.000000e-08 1.000000e-08 1.000000e-08 1.000000e-08 
1.000000e-08 1.000000e-08 1.000000e-08 1.000000e-08 1.000000e-08 1.000000e-08 1.000000e-08 1.000000e-08 1.000000e-08 1.000000e-08 1.000000e-08 1.000000e-08 1.000000e-08 1.000000e-08 1.000000e-08 1.000000e-08 1.000000e-08 1.000000e-08 1.000000e-08 1.000000e-08 1.000000e-08 1.000000e-08 1.000000e-08 1.000000e-08 1.000000e-08 1.000000e-08 1.000000e-08 1.000000e-08 1.000000e-08 1.000000e-08 
1.364080e+05 1.380610e+05 1.348420e+05 1.325800e+05 1.335370e+05 1.328410e+05 1.351030e+05 1.361470e+05 1.397140e+05 1.342330e+05 1.334500e+05 1.351900e+05 1.363210e+05 1.317100e+05 1.361470e+05 1.345810e+05 1.349290e+05 1.337980e+05 1.343200e+05 1.337980e+05 1.349290e+05 1.332760e+05 1.360600e+05 1.331020e+05 1.413590e+05 1.352770e+05 1.336240e+05 1.333630e+05 1.316230e+05 1.302310e+05 
