3.783616e+02 5.820747e+02 4.666141e+02 7.083432e+02 7.003606e+02 4.046829e+02 4.905307e+02 3.893833e+02 1.091727e+03 3.557533e+02 5.680153e+02 5.218267e+02 1.091619e+03 3.492922e+02 4.448959e+02 3.555106e+02 1.234519e+03 2.747426e+02 6.034379e+02 6.111631e+02 9.385609e+02 8.036679e+02 4.013072e+02 5.564178e+02 5.217988e+02 4.245340e+02 6.613083e+02 4.630123e+02 4.464378e+02 5.116350e+02 
3.328535e+02 5.820747e+02 3.345254e+02 3.733543e+02 6.861557e+02 4.046829e+02 2.757410e+02 3.893833e+02 4.806580e+02 3.547794e+02 4.665222e+02 5.218267e+02 5.051920e+02 3.386487e+02 3.955812e+02 3.555106e+02 7.781981e+02 2.481679e+02 5.294656e+02 5.711803e+02 3.783444e+02 6.567904e+02 3.670210e+02 4.385351e+02 3.284102e+02 4.245340e+02 5.886016e+02 3.225224e+02 4.464378e+02 5.116350e+02 
3.328535e+02 3.255434e+02 3.268748e+02 2.800328e+02 4.897124e+02 4.009583e+02 2.640961e+02 3.625601e+02 4.806580e+02 3.547794e+02 4.602035e+02 5.116737e+02 3.414688e+02 3.369733e+02 3.955812e+02 3.555106e+02 7.042370e+02 2.450056e+02 5.294656e+02 3.176713e+02 3.407433e+02 4.235612e+02 3.670210e+02 3.662338e+02 3.284102e+02 4.245340e+02 4.106579e+02 3.225224e+02 4.464378e+02 5.116350e+02 
3.328535e+02 2.678745e+02 3.078995e+02 2.800328e+02 4.897124e+02 3.881353e+02 2.640961e+02 3.591388e+02 4.806580e+02 2.535373e+02 4.602035e+02 5.116737e+02 3.414688e+02 3.369733e+02 3.517957e+02 3.555106e+02 4.129963e+02 2.450056e+02 5.284719e+02 3.163862e+02 2.168677e+02 4.062428e+02 3.350810e+02 1.062432e+02 3.284102e+02 3.148511e+02 3.959215e+02 2.038666e+02 4.464378e+02 5.116350e+02 
3.118424e+02 2.678745e+02 2.055452e+02 2.456368e+02 2.363482e+02 2.160040e+02 2.360026e+02 3.140401e+02 3.693118e+02 2.265812e+02 3.468034e+02 4.161278e+02 3.157443e+02 3.369733e+02 2.392194e+02 2.555566e+02 3.834401e+02 1.790321e+02 2.998765e+02 3.163862e+02 2.101507e+02 3.026342e+02 2.145830e+02 1.060206e+02 1.847821e+02 2.467592e+02 2.763976e+02 1.592457e+02 3.301571e+02 2.464710e+02 
2.140609e+02 1.561695e+02 2.055452e+02 1.233687e+02 1.398868e+02 1.553263e+02 2.225447e+02 1.701156e+02 2.297656e+02 1.230211e+02 1.465614e+02 2.554899e+02 1.991387e+02 1.922230e+02 1.530498e+02 1.564512e+02 1.243918e+02 1.550333e+02 2.319601e+02 1.787101e+02 1.572416e+02 1.500050e+02 1.564252e+02 1.060206e+02 1.096241e+02 1.789826e+02 1.762970e+02 1.414413e+02 2.473385e+02 2.162094e+02 
1.090438e+02 1.168606e+02 9.945449e+01 1.015452e+02 1.227729e+02 1.086302e+02 1.036786e+02 1.545065e+02 1.321090e+02 1.230211e+02 1.348699e+02 1.351140e+02 9.228701e+01 1.128084e+02 1.180861e+02 1.120296e+02 1.181228e+02 1.284143e+02 1.365237e+02 1.432331e+02 9.728733e+01 1.255330e+02 1.515584e+02 9.602479e+01 9.899700e+01 1.058269e+02 1.276224e+02 7.666166e+01 1.446682e+02 1.286808e+02 
7.065399e+01 9.939208e+01 7.561279e+01 8.132338e+01 8.315886e+01 9.016777e+01 9.285984e+01 6.887306e+01 8.002260e+01 9.765410e+01 9.154813e+01 9.250921e+01 7.868016e+01 1.005707e+02 5.909651e+01 7.226816e+01 6.242446e+01 7.129463e+01 8.219497e+01 7.001159e+01 6.640730e+01 8.763787e+01 8.409069e+01 7.850104e+01 8.151721e+01 8.480143e+01 8.314653e+01 7.367318e+01 8.553522e+01 1.011699e+02 
6.155167e+01 6.433012e+01 6.199562e+01 6.599804e+01 7.404124e+01 6.658206e+01 5.527981e+01 6.359521e+01 5.784170e+01 6.233573e+01 6.643010e+01 6.468771e+01 7.053549e+01 6.354015e+01 5.785628e+01 5.768742e+01 6.028636e+01 6.446666e+01 6.298094e+01 6.279446e+01 6.370219e+01 5.928545e+01 6.082134e+01 5.886652e+01 6.136462e+01 7.604247e+01 5.382436e+01 5.933563e+01 6.784015e+01 6.459847e+01 
5.344869e+01 5.473881e+01 5.308841e+01 5.645092e+01 5.742186e+01 5.582228e+01 5.408842e+01 5.532363e+01 5.222955e+01 3.912359e+01 5.508210e+01 5.544984e+01 5.425541e+01 5.655793e+01 5.540278e+01 5.258683e+01 5.498824e+01 5.715197e+01 5.567646e+01 5.565789e+01 5.387315e+01 5.499195e+01 5.435711e+01 3.595129e+01 5.282363e+01 5.490577e+01 5.362288e+01 5.194148e+01 5.637159e+01 5.467355e+01 
5.060868e+01 5.056896e+01 5.129441e+01 5.133067e+01 4.436011e+01 5.104636e+01 5.153511e+01 5.132826e+01 4.994031e+01 3.628538e+01 5.150005e+01 5.088163e+01 5.185274e+01 3.663700e+01 5.159111e+01 5.090647e+01 5.162014e+01 4.301500e+01 5.141906e+01 5.118688e+01 5.069195e+01 5.185207e+01 5.210401e+01 2.819303e+01 5.032825e+01 4.927832e+01 5.083874e+01 5.007568e+01 5.108716e+01 5.073451e+01 
4.912594e+01 4.915892e+01 4.929443e+01 4.929479e+01 1.630963e+01 4.939933e+01 3.066352e+01 9.450972e+00 4.944309e+01 1.657179e+01 4.944746e+01 4.978385e+01 4.948271e+01 1.411568e+01 4.954237e+01 4.903309e+01 5.000766e+01 3.806279e+01 1.177386e+01 4.212755e+01 4.931390e+01 1.926451e+01 4.951597e+01 9.219882e+00 3.715320e+01 2.584189e+01 4.451674e+01 4.889517e+01 2.677193e+01 4.944733e+01 
4.841587e+01 5.372624e+00 8.636965e+00 8.817781e+00 5.928918e+00 1.000611e+01 4.400576e+00 3.885934e+00 4.667328e+01 1.056400e+01 4.718706e+01 4.844165e+01 6.389680e+00 5.163862e+00 4.869787e+01 2.090533e+01 4.861748e+01 6.949122e+00 4.779079e+00 1.785957e+01 5.114145e+00 5.714450e+00 4.848506e+01 5.781834e+00 1.203845e+01 5.771776e+00 6.885280e+00 2.849465e+01 9.529091e+00 3.803131e+01 
6.010289e+00 2.030185e+00 1.509374e+00 2.484766e+00 7.607878e-01 3.767953e+00 1.380908e+00 7.602985e-01 3.621484e+01 5.879303e-01 3.652170e+01 4.808496e+01 2.657995e+00 2.295960e+00 7.170593e+00 2.507079e+00 3.777817e+00 7.546138e-01 1.424380e+00 3.615647e+00 6.534500e-01 1.316883e+00 4.803269e+01 5.444054e-01 2.907300e+00 1.378077e+00 3.221761e+00 1.109522e+00 1.428430e+00 3.624215e+01 
4.438742e-03 3.692534e-03 4.149207e-03 3.972093e-03 5.585922e-03 4.754503e-03 3.151441e-03 4.549183e-03 3.804768e-03 2.626585e-03 4.233702e-03 4.798802e+01 3.650374e-03 5.893491e-03 3.794872e-03 5.141074e-03 3.350059e-03 4.705874e-03 5.546490e-03 5.090543e-03 3.853183e-03 4.409185e-03 3.814966e-03 3.101600e-03 3.824057e-03 2.201820e-03 3.139297e-03 2.226877e-03 6.661348e-03 1.638247e-02 
2.332650e-03 2.577401e-03 2.640419e-03 3.263299e-03 2.539693e-03 2.139952e-03 2.527697e-03 1.283579e-03 2.314939e-03 2.473895e-03 1.688712e-03 4.798802e+01 1.953259e-03 3.267021e-03 2.095361e-03 1.838262e-03 2.530935e-03 2.554380e-03 2.008388e-03 1.588270e-03 1.866789e-03 2.020303e-03 2.388984e-03 2.469263e-03 2.219550e-03 1.797166e-03 2.089827e-03 1.837493e-03 1.652518e-03 2.118073e-03 
2.000000e+05 2.000000e+05 2.000000e+05 2.000000e+05 2.000000e+05 2.000000e+05 2.000000e+05 2.000000e+05 2.000000e+05 2.000000e+05 2.000000e+05 2.000000e+05 2.000000e+05 2.000000e+05 2.000000e+05 2.000000e+05 2.000000e+05 2.000000e+05 2.000000e+05 2.000000e+05 2.000000e+05 2.000000e+05 2.000000e+05 2.000000e+05 2.000000e+05 2.000000e+05 2.000000e+05 2.000000e+05 2.000000e+05 2.000000e+05 
