5.365571e+02 5.637002e+02 5.281729e+02 5.428889e+02 4.780885e+02 5.599311e+02 4.931277e+02 5.261646e+02 6.123720e+02 5.262889e+02 6.026348e+02 5.599567e+02 6.125442e+02 5.830169e+02 5.383578e+02 4.869055e+02 6.266220e+02 5.004058e+02 5.170566e+02 5.268795e+02 6.477584e+02 5.259271e+02 6.266200e+02 5.341857e+02 4.292036e+02 5.681760e+02 4.750495e+02 5.479286e+02 4.904020e+02 4.814736e+02 
5.031883e+02 5.377011e+02 5.112108e+02 5.265858e+02 4.780885e+02 5.435288e+02 4.931277e+02 5.115280e+02 5.591676e+02 5.262889e+02 5.361579e+02 5.599567e+02 6.027769e+02 5.542873e+02 4.920859e+02 4.869055e+02 6.059756e+02 5.004058e+02 4.951994e+02 5.082090e+02 5.946506e+02 5.259271e+02 4.801256e+02 5.091845e+02 4.108438e+02 5.681760e+02 4.257520e+02 4.306194e+02 4.811142e+02 4.814736e+02 
4.792225e+02 4.246515e+02 5.112108e+02 5.265858e+02 4.780885e+02 4.769519e+02 4.843152e+02 5.115280e+02 5.263691e+02 5.056306e+02 5.322902e+02 5.307146e+02 5.985559e+02 5.471782e+02 4.851004e+02 4.869055e+02 5.448019e+02 5.004058e+02 4.951994e+02 4.989300e+02 5.607258e+02 5.136742e+02 4.801256e+02 4.922746e+02 4.036173e+02 5.284428e+02 4.257520e+02 4.306194e+02 4.811142e+02 4.814736e+02 
4.728051e+02 4.246515e+02 5.080145e+02 5.265858e+02 4.345549e+02 4.769519e+02 4.756188e+02 5.010605e+02 4.714045e+02 5.056306e+02 4.976533e+02 5.107704e+02 5.985559e+02 4.880293e+02 4.851004e+02 4.869055e+02 3.909202e+02 5.004058e+02 4.893603e+02 4.876110e+02 5.361879e+02 5.136742e+02 4.801256e+02 4.543193e+02 4.036173e+02 5.062511e+02 4.257520e+02 4.306194e+02 4.510763e+02 4.809477e+02 
4.728051e+02 4.129733e+02 4.265968e+02 4.638276e+02 4.166934e+02 3.478310e+02 4.286402e+02 4.472139e+02 4.429212e+02 5.056306e+02 4.240465e+02 4.819214e+02 5.270426e+02 3.368227e+02 4.561990e+02 3.269989e+02 3.700062e+02 4.860456e+02 4.558409e+02 4.578976e+02 4.638934e+02 4.426085e+02 4.801256e+02 4.462819e+02 3.839138e+02 4.789313e+02 4.257520e+02 4.136405e+02 4.510763e+02 4.313228e+02 
4.315030e+02 4.129733e+02 4.158542e+02 4.556307e+02 2.919397e+02 3.080243e+02 3.214305e+02 4.450547e+02 4.390421e+02 4.488981e+02 3.255719e+02 3.820784e+02 4.292927e+02 3.368227e+02 4.367295e+02 2.774425e+02 3.162776e+02 3.478581e+02 3.842236e+02 4.390465e+02 4.281280e+02 4.399552e+02 4.494910e+02 4.163482e+02 3.653157e+02 4.522592e+02 4.078835e+02 3.947112e+02 4.175858e+02 3.979013e+02 
3.037857e+02 3.614311e+02 4.077882e+02 3.841805e+02 2.919397e+02 2.759090e+02 3.148640e+02 4.069693e+02 4.102531e+02 3.965497e+02 2.652700e+02 3.177804e+02 4.133653e+02 3.170002e+02 4.059828e+02 2.671399e+02 3.160213e+02 3.310031e+02 3.758885e+02 3.328657e+02 3.681903e+02 3.548713e+02 3.944589e+02 3.899756e+02 2.790338e+02 4.166941e+02 4.005992e+02 3.842192e+02 4.169116e+02 3.974513e+02 
2.817210e+02 3.000464e+02 2.600057e+02 3.341375e+02 2.349564e+02 2.416739e+02 2.679229e+02 3.928160e+02 3.903003e+02 3.316945e+02 2.376137e+02 2.976896e+02 3.882291e+02 2.978159e+02 3.779517e+02 2.640436e+02 3.073070e+02 3.104573e+02 3.680139e+02 3.060225e+02 3.238864e+02 3.016946e+02 3.745975e+02 3.759777e+02 2.687708e+02 3.914407e+02 3.522461e+02 3.255112e+02 3.986398e+02 2.717625e+02 
2.422564e+02 2.549022e+02 2.148516e+02 2.413020e+02 2.009773e+02 2.107904e+02 2.532744e+02 3.094162e+02 2.873643e+02 3.021116e+02 2.157617e+02 2.371433e+02 3.086904e+02 2.708483e+02 3.217409e+02 2.236208e+02 2.786337e+02 2.474710e+02 2.945169e+02 2.315366e+02 2.861567e+02 2.415012e+02 2.760437e+02 2.306166e+02 2.302589e+02 1.794201e+02 2.789606e+02 2.824063e+02 3.000026e+02 2.495850e+02 
1.830221e+02 2.205900e+02 1.878603e+02 2.263200e+02 1.739334e+02 1.867220e+02 1.943797e+02 2.089455e+02 2.300869e+02 2.298085e+02 2.094892e+02 2.203246e+02 2.538334e+02 1.919714e+02 2.454963e+02 2.019189e+02 2.117644e+02 2.083367e+02 2.375033e+02 2.165298e+02 2.363440e+02 2.238247e+02 1.840946e+02 1.980124e+02 2.187676e+02 1.489312e+02 2.135891e+02 2.073764e+02 2.358391e+02 2.162918e+02 
1.626318e+02 1.775199e+02 1.534291e+02 1.820494e+02 1.380265e+02 1.549994e+02 1.817570e+02 1.773163e+02 1.958389e+02 2.085319e+02 1.720857e+02 2.015897e+02 2.051576e+02 1.689573e+02 2.029655e+02 1.771170e+02 1.807135e+02 1.948547e+02 1.890451e+02 2.057828e+02 1.919648e+02 1.874309e+02 1.444712e+02 1.803601e+02 2.024270e+02 1.377655e+02 1.847381e+02 1.416140e+02 2.168409e+02 1.660497e+02 
1.288066e+02 1.288793e+02 1.320632e+02 1.357289e+02 1.231740e+02 1.198421e+02 1.435812e+02 1.631735e+02 1.460669e+02 1.738968e+02 1.250592e+02 1.560927e+02 1.299547e+02 1.429706e+02 1.525817e+02 1.519532e+02 1.312178e+02 1.469295e+02 1.456639e+02 1.632976e+02 1.551040e+02 1.420626e+02 1.256954e+02 8.008568e+01 1.771121e+02 1.212354e+02 1.481508e+02 1.313333e+02 1.902472e+02 1.515125e+02 
1.052181e+02 1.080833e+02 1.088013e+02 1.192552e+02 1.039276e+02 1.081095e+02 1.086002e+02 1.152183e+02 1.076301e+02 1.558485e+02 1.081483e+02 1.165176e+02 1.065598e+02 1.098678e+02 1.059195e+02 1.308465e+02 1.054335e+02 1.103151e+02 1.092269e+02 1.213127e+02 1.149195e+02 1.249595e+02 1.080231e+02 3.442094e+01 1.385009e+02 1.030966e+02 1.106776e+02 1.069144e+02 1.779399e+02 1.143981e+02 
1.009105e+02 1.012228e+02 1.009980e+02 1.019696e+02 1.004997e+02 1.010168e+02 1.018478e+02 1.008046e+02 1.007511e+02 1.017028e+02 1.016352e+02 1.026048e+02 1.012695e+02 1.015297e+02 1.011753e+02 1.026394e+02 1.017149e+02 1.012789e+02 1.016047e+02 1.040005e+02 1.009604e+02 1.020672e+02 1.008959e+02 2.231549e+01 1.037958e+02 1.011011e+02 1.019151e+02 1.014228e+02 1.334579e+02 1.037078e+02 
1.000001e+02 1.000000e+02 1.000000e+02 1.000000e+02 1.000001e+02 1.000000e+02 1.000039e+02 1.000013e+02 1.002391e+02 1.000000e+02 1.000000e+02 1.000000e+02 1.000000e+02 1.000000e+02 1.000149e+02 1.000000e+02 1.000000e+02 1.000000e+02 1.000000e+02 1.000000e+02 1.000000e+02 1.000000e+02 1.002816e+02 7.528512e+00 1.000000e+02 1.000000e+02 1.000032e+02 1.000000e+02 1.002090e+02 1.000005e+02 
1.000000e+02 1.000000e+02 1.000000e+02 1.000000e+02 1.000000e+02 1.000000e+02 1.000000e+02 1.000000e+02 1.000000e+02 1.000000e+02 1.000000e+02 1.000000e+02 1.000000e+02 1.000000e+02 1.000000e+02 1.000000e+02 1.000000e+02 1.000000e+02 1.000000e+02 1.000000e+02 1.000000e+02 1.000000e+02 1.000000e+02 1.000000e-08 1.000000e+02 1.000000e+02 1.000000e+02 1.000000e+02 1.000000e+02 1.000000e+02 
2.000000e+05 2.000000e+05 2.000000e+05 2.000000e+05 2.000000e+05 2.000000e+05 2.000000e+05 2.000000e+05 2.000000e+05 2.000000e+05 2.000000e+05 2.000000e+05 2.000000e+05 2.000000e+05 2.000000e+05 2.000000e+05 2.000000e+05 2.000000e+05 2.000000e+05 2.000000e+05 2.000000e+05 2.000000e+05 2.000000e+05 1.490880e+05 2.000000e+05 2.000000e+05 2.000000e+05 2.000000e+05 2.000000e+05 2.000000e+05 
