7.255512e+07 3.179529e+07 8.979408e+07 2.689616e+07 1.213118e+07 2.306471e+07 3.520397e+07 1.886784e+07 5.126397e+07 3.144099e+07 5.046276e+07 3.884646e+07 4.716232e+07 1.562833e+07 1.533420e+07 7.005675e+07 4.352240e+07 6.916373e+07 3.534527e+07 1.928188e+07 3.118783e+07 5.930809e+06 1.043245e+08 6.565170e+06 1.110136e+08 2.489545e+07 1.888394e+07 1.753525e+07 1.061073e+07 5.018025e+07 
7.255512e+07 3.179529e+07 8.979353e+07 2.689616e+07 1.213118e+07 2.306470e+07 3.520395e+07 1.886784e+07 5.126395e+07 3.138618e+07 5.046276e+07 3.884646e+07 4.716197e+07 1.562833e+07 1.533420e+07 7.005675e+07 4.352240e+07 5.534228e+07 3.534527e+07 1.928188e+07 3.118320e+07 5.930607e+06 1.043245e+08 6.564683e+06 1.110136e+08 2.489545e+07 1.883359e+07 1.753525e+07 1.061047e+07 5.018013e+07 
3.186630e+07 3.179495e+07 7.949526e+07 2.689601e+07 1.213012e+07 2.306470e+07 3.520344e+07 1.886783e+07 5.126395e+07 3.138404e+07 5.046276e+07 3.884644e+07 4.716197e+07 1.562833e+07 1.533087e+07 7.005675e+07 4.352240e+07 5.532374e+07 3.534527e+07 1.880077e+06 3.118320e+07 5.930475e+06 1.012272e+08 6.564683e+06 6.078097e+07 2.489545e+07 1.883357e+07 1.753502e+07 1.061047e+07 5.018013e+07 
3.186630e+07 1.569872e+07 7.944875e+07 2.537622e+07 1.213002e+07 2.306456e+07 3.520304e+07 1.886732e+07 3.403616e+07 1.339757e+07 5.046275e+07 3.884384e+07 4.716176e+07 1.562827e+07 1.533087e+07 3.434355e+07 6.720906e+06 5.532012e+07 2.576557e+07 1.880077e+06 2.984636e+07 5.930475e+06 1.012272e+08 6.564604e+06 4.065492e+07 2.489545e+07 1.818046e+07 1.737827e+07 1.060566e+07 4.950352e+07 
3.186609e+07 1.569859e+07 2.287712e+07 2.537554e+07 1.183289e+07 2.306353e+07 2.116138e+07 1.837072e+07 3.394870e+07 1.339661e+07 9.042262e+06 3.505471e+07 1.435470e+07 1.562827e+07 1.364178e+07 3.434308e+07 4.005205e+06 5.473376e+06 2.571040e+07 1.880065e+06 8.327110e+06 5.930352e+06 3.276388e+07 6.564541e+06 4.065492e+07 1.971114e+07 1.818029e+07 1.737807e+07 1.060384e+07 7.612445e+06 
8.567532e+06 1.569859e+07 2.287069e+07 1.494460e+07 9.340799e+05 9.192163e+06 1.607278e+07 1.656656e+07 3.079252e+07 1.264563e+07 9.034652e+06 1.359266e+07 9.907678e+06 1.099539e+07 1.353404e+07 3.250375e+07 3.243218e+06 3.368759e+06 2.571036e+07 1.880065e+06 8.324325e+06 5.888589e+06 2.858193e+07 6.564475e+06 1.511331e+07 1.968312e+07 1.818025e+07 6.807690e+06 1.049338e+07 5.371811e+06 
1.166244e+06 1.225729e+07 1.057475e+07 6.611276e+06 9.090367e+05 5.399660e+06 4.450773e+06 3.750757e+06 3.987855e+06 8.441006e+06 4.452186e+06 5.221873e+06 5.447719e+06 4.546185e+06 6.239850e+06 1.214065e+07 3.240433e+06 1.151314e+06 5.364944e+06 1.810768e+06 6.908001e+06 4.630897e+06 3.379038e+06 2.347404e+06 1.077443e+07 4.095197e+05 6.159075e+06 8.537729e+05 6.822214e+06 5.230883e+06 
2.939303e+05 7.386497e+05 2.856367e+06 3.624005e+05 6.572695e+05 1.430122e+06 3.403571e+05 1.439603e+06 1.827205e+05 1.907173e+06 5.359809e+05 1.566746e+05 1.276504e+06 2.167430e+06 1.779327e+06 7.742870e+05 3.102771e+06 6.027285e+05 2.186639e+05 7.559615e+05 5.515861e+05 2.079007e+06 9.521384e+04 6.078454e+04 3.656935e+05 3.135752e+05 9.399572e+05 2.757101e+05 5.195721e+05 5.167240e+05 
3.578055e+04 2.690985e+04 4.215176e+04 4.963452e+04 4.182532e+04 1.740944e+04 4.081825e+04 7.934145e+04 1.087806e+05 2.464956e+04 1.251780e+05 1.175544e+05 2.589629e+05 6.063171e+04 1.450850e+05 3.649542e+04 5.519356e+04 2.456735e+04 3.669034e+04 1.996690e+04 1.230987e+05 1.275270e+05 3.293690e+04 1.920721e+04 4.191445e+04 1.931133e+05 4.301313e+04 8.809174e+04 7.681299e+03 3.507715e+04 
5.292174e+02 6.142228e+02 9.704344e+02 3.157057e+02 5.960082e+02 2.160955e+02 3.690115e+02 2.071154e+03 4.533163e+02 4.965741e+02 1.186971e+03 1.046112e+03 1.073347e+03 1.745865e+03 9.019476e+02 4.791738e+02 9.897354e+02 2.302034e+02 2.000967e+03 3.255482e+02 6.733215e+02 3.341058e+02 3.305563e+02 1.525565e+03 1.082229e+03 6.571649e+02 2.772162e+03 4.873621e+02 8.615715e+02 4.187662e+02 
1.885816e+00 3.816360e+00 5.021085e+00 3.890570e+00 5.464487e+00 2.926509e+00 2.534181e+00 6.927669e+00 4.653298e+00 5.760263e+00 3.862708e+00 2.914746e+00 3.126381e+00 3.907608e+00 5.556140e+00 6.205847e+00 7.540622e+00 5.989751e+00 7.162015e+00 6.275838e+00 6.587033e+00 5.728493e+00 7.381476e+00 8.519905e+00 4.921898e+00 1.999437e+00 5.768434e+00 4.848384e+00 4.830462e+00 3.001011e+00 
5.169423e-01 3.983018e-01 4.366198e-01 4.084158e-01 4.478516e-01 4.137280e-01 4.642830e-01 4.447277e-01 4.437283e-01 3.989381e-01 3.772132e-01 3.623453e-01 4.694507e-01 3.922239e-01 4.397813e-01 5.733970e-01 5.048938e-01 5.392056e-01 2.446037e-01 3.242137e-01 4.362703e-01 3.666745e-01 3.880828e-01 6.242844e-01 4.861544e-01 4.629668e-01 3.052167e-01 3.467716e-01 3.949171e-01 2.499581e-01 
1.655564e-01 1.399034e-01 1.927246e-01 3.006157e-01 2.182720e-01 1.117553e-01 1.364958e-01 1.596385e-01 1.213603e-01 2.555721e-01 2.214437e-01 1.273160e-01 1.761447e-01 1.154638e-01 1.340600e-01 2.241539e-01 1.379133e-01 1.356275e-01 1.929130e-01 1.262861e-01 1.657609e-01 1.698220e-01 1.759845e-01 2.339364e-01 2.214127e-01 1.627612e-01 9.934073e-02 2.072204e-01 2.332564e-01 1.506910e-01 
7.583346e-02 8.840879e-02 1.209703e-01 1.336135e-01 1.474878e-01 8.899715e-02 9.269285e-02 1.328410e-01 1.151724e-01 1.425209e-01 1.485579e-01 1.269561e-01 1.418994e-01 8.879683e-02 1.258730e-01 1.557247e-01 1.363866e-01 1.283935e-01 1.366007e-01 1.255869e-01 7.726493e-02 1.416873e-01 1.659861e-01 1.666850e-01 1.423931e-01 1.171597e-01 5.092925e-02 1.980188e-01 2.064700e-01 1.157979e-01 
7.037452e-02 7.806052e-02 1.195052e-01 1.091828e-01 1.449940e-01 6.434154e-02 8.332430e-02 7.820970e-02 1.130139e-01 1.239240e-01 1.005601e-01 1.223775e-01 1.245489e-01 8.874412e-02 1.257866e-01 1.402934e-01 1.332632e-01 1.182185e-01 1.360851e-01 9.858695e-02 7.714823e-02 1.248928e-01 1.026988e-01 1.530542e-01 1.397898e-01 1.168954e-01 5.049273e-02 9.830645e-02 1.268697e-01 1.090703e-01 
7.037452e-02 7.806052e-02 1.116248e-01 2.746133e-02 2.301483e-02 6.434154e-02 8.312749e-02 2.766651e-02 5.508255e-02 1.328042e-02 5.981840e-03 3.060155e-02 6.037602e-02 8.874412e-02 3.803898e-02 7.754945e-02 2.771450e-02 5.277993e-02 1.360851e-01 5.788594e-03 5.104694e-02 5.934400e-02 3.473581e-02 6.418041e-02 4.139733e-02 1.168954e-01 5.049273e-02 2.471553e-02 4.107942e-02 3.934183e-02 
1.000000e+06 1.000000e+06 1.000000e+06 1.000000e+06 1.000000e+06 1.000000e+06 1.000000e+06 1.000000e+06 1.000000e+06 1.000000e+06 1.000000e+06 1.000000e+06 1.000000e+06 1.000000e+06 1.000000e+06 1.000000e+06 1.000000e+06 1.000000e+06 1.000000e+06 1.000000e+06 1.000000e+06 1.000000e+06 1.000000e+06 1.000000e+06 1.000000e+06 1.000000e+06 1.000000e+06 1.000000e+06 1.000000e+06 1.000000e+06 
