1.080760e+03 1.225556e+03 1.113222e+03 1.139519e+03 1.468570e+03 1.153025e+03 1.508143e+03 1.170882e+03 1.076001e+03 1.276850e+03 1.209923e+03 1.313378e+03 1.271449e+03 1.222203e+03 1.483721e+03 1.183205e+03 1.481767e+03 1.346001e+03 1.113625e+03 1.202247e+03 1.167332e+03 1.100118e+03 9.965760e+02 1.311435e+03 1.302132e+03 1.473906e+03 1.349541e+03 1.161545e+03 1.503517e+03 1.354236e+03 
1.071956e+03 1.127099e+03 1.113222e+03 1.139519e+03 1.468570e+03 1.153025e+03 1.508143e+03 1.167945e+03 1.076001e+03 1.276850e+03 1.209923e+03 1.313378e+03 1.237521e+03 1.209373e+03 1.448917e+03 1.181246e+03 1.481767e+03 1.266104e+03 1.109596e+03 1.202247e+03 1.167332e+03 1.091193e+03 9.965760e+02 1.311435e+03 1.295469e+03 1.473906e+03 1.313522e+03 1.155207e+03 1.274862e+03 1.281640e+03 
1.028631e+03 9.829750e+02 1.111831e+03 1.122960e+03 1.286806e+03 1.022525e+03 1.506407e+03 1.141405e+03 1.005307e+03 1.198113e+03 1.122782e+03 1.313378e+03 1.237521e+03 1.179160e+03 1.348176e+03 1.181246e+03 1.413957e+03 1.257302e+03 1.095283e+03 1.199273e+03 1.136352e+03 1.067409e+03 9.965760e+02 1.267411e+03 1.259349e+03 1.464464e+03 1.267793e+03 1.151305e+03 1.156186e+03 1.214074e+03 
9.857794e+02 9.749819e+02 1.098151e+03 1.109307e+03 1.285690e+03 1.010683e+03 1.341112e+03 1.034938e+03 9.805107e+02 1.051921e+03 1.039881e+03 1.181159e+03 1.210340e+03 1.145480e+03 1.297181e+03 1.044907e+03 1.279987e+03 1.219650e+03 1.095283e+03 1.182054e+03 1.075255e+03 1.004905e+03 9.540428e+02 1.212004e+03 1.185022e+03 1.345197e+03 1.144061e+03 1.077765e+03 1.019460e+03 1.188186e+03 
8.296091e+02 9.047490e+02 9.672120e+02 7.809276e+02 1.104399e+03 9.424791e+02 1.224388e+03 8.807304e+02 9.362309e+02 9.458393e+02 1.005620e+03 1.131224e+03 9.660016e+02 9.876053e+02 9.936466e+02 1.041547e+03 1.104381e+03 9.827648e+02 9.605267e+02 1.087756e+03 1.020497e+03 8.990238e+02 8.932969e+02 1.083641e+03 1.105869e+03 1.026695e+03 9.249952e+02 9.905134e+02 1.006958e+03 1.091448e+03 
7.016774e+02 7.400557e+02 8.305713e+02 6.587244e+02 8.763830e+02 7.993816e+02 1.003092e+03 7.999558e+02 8.040551e+02 7.870039e+02 8.587329e+02 9.052497e+02 8.717906e+02 7.890680e+02 8.272050e+02 7.274119e+02 9.417632e+02 7.856580e+02 8.016525e+02 8.842900e+02 8.788423e+02 6.752320e+02 8.219261e+02 8.247166e+02 9.128796e+02 8.757971e+02 7.164520e+02 9.170890e+02 8.344335e+02 8.361591e+02 
4.833027e+02 6.585537e+02 6.531443e+02 6.247625e+02 6.421009e+02 6.048199e+02 7.117517e+02 6.114156e+02 6.278187e+02 6.033878e+02 6.489818e+02 6.235703e+02 6.772175e+02 6.637009e+02 6.372391e+02 5.847229e+02 6.082430e+02 5.766400e+02 6.098395e+02 6.738982e+02 6.580958e+02 6.065289e+02 6.460879e+02 6.213120e+02 6.866961e+02 6.520438e+02 6.140882e+02 6.261895e+02 6.839117e+02 6.197433e+02 
3.133774e+02 4.255670e+02 5.095588e+02 5.152522e+02 5.355266e+02 5.052659e+02 5.047397e+02 4.773337e+02 4.863228e+02 5.094120e+02 5.222785e+02 5.119609e+02 5.165782e+02 5.393600e+02 4.995931e+02 4.793833e+02 5.116313e+02 5.031920e+02 5.059939e+02 5.121747e+02 5.249267e+02 4.226468e+02 5.304725e+02 3.922342e+02 5.171056e+02 4.870441e+02 5.189513e+02 5.198090e+02 5.266974e+02 5.120415e+02 
2.598741e+02 3.188335e+02 4.506159e+02 4.393494e+02 4.515093e+02 4.465240e+02 4.521604e+02 4.411364e+02 4.320391e+02 4.431740e+02 4.323190e+02 4.605662e+02 4.468200e+02 3.990924e+02 4.436144e+02 2.670076e+02 4.419612e+02 4.506941e+02 3.224877e+02 3.773807e+02 3.460607e+02 3.376512e+02 4.478149e+02 3.097855e+02 4.407497e+02 4.372693e+02 4.467818e+02 4.385578e+02 4.605369e+02 4.325725e+02 
1.990256e+02 2.811969e+02 4.075527e+02 4.073765e+02 4.056292e+02 4.084533e+02 4.090779e+02 4.078012e+02 4.083064e+02 4.087032e+02 3.458899e+02 4.072213e+02 2.996727e+02 3.293287e+02 4.097322e+02 2.110775e+02 4.080797e+02 4.075328e+02 2.005376e+02 2.422733e+02 2.684844e+02 3.187157e+02 4.095677e+02 1.821440e+02 4.070830e+02 3.223029e+02 4.063852e+02 4.059467e+02 3.894532e+02 3.707434e+02 
1.808690e+02 2.447995e+02 4.001283e+02 4.006764e+02 4.003864e+02 3.995227e+02 4.008368e+02 4.002121e+02 3.991456e+02 4.003012e+02 3.106046e+02 3.662662e+02 2.606775e+02 2.919144e+02 4.006792e+02 1.954257e+02 4.002126e+02 4.006568e+02 1.299856e+02 1.685433e+02 1.823424e+02 1.952049e+02 2.683162e+02 1.603427e+02 4.007628e+02 2.644653e+02 3.995422e+02 3.999917e+02 2.480837e+02 2.318133e+02 
1.613229e+02 1.975640e+02 3.998978e+02 4.006348e+02 3.985108e+02 3.981606e+02 4.006350e+02 4.000360e+02 3.988448e+02 3.998978e+02 3.044450e+02 2.776847e+02 2.483289e+02 2.819433e+02 4.006350e+02 1.866528e+02 3.998978e+02 4.006401e+02 1.227782e+02 1.509378e+02 1.673163e+02 1.543274e+02 2.530208e+02 1.213107e+02 4.006369e+02 2.204012e+02 3.988450e+02 3.985911e+02 2.360556e+02 2.184682e+02 
1.404460e+02 1.836789e+02 3.998978e+02 4.006348e+02 3.985106e+02 3.981605e+02 4.006350e+02 4.000360e+02 3.988448e+02 3.998978e+02 3.032966e+02 2.759612e+02 1.889925e+02 2.771947e+02 4.006350e+02 1.425987e+02 3.998978e+02 4.006401e+02 1.197626e+02 1.453048e+02 1.419400e+02 1.491723e+02 2.431894e+02 1.156433e+02 4.006369e+02 2.117713e+02 3.988448e+02 3.985910e+02 2.271246e+02 2.157911e+02 
1.244013e+02 1.685712e+02 3.998978e+02 4.006348e+02 3.985106e+02 3.981605e+02 4.006350e+02 4.000360e+02 3.988448e+02 3.998978e+02 2.593319e+02 2.652990e+02 1.432020e+02 2.145663e+02 4.006350e+02 1.269208e+02 3.998978e+02 4.006401e+02 1.113786e+02 1.248609e+02 1.343779e+02 1.387398e+02 2.392752e+02 1.069061e+02 4.006369e+02 2.072851e+02 3.988448e+02 3.985910e+02 2.241876e+02 2.036080e+02 
1.000000e+02 1.000000e+02 3.838511e+02 4.006347e+02 3.970204e+02 3.829492e+02 4.004634e+02 4.000360e+02 3.973750e+02 3.944076e+02 2.000000e+02 2.000000e+02 1.000000e+02 1.000000e+02 4.006347e+02 1.000000e+02 3.000130e+02 4.003378e+02 1.000000e+02 1.000000e+02 1.000000e+02 1.000000e+02 2.000000e+02 1.000000e+02 4.006347e+02 1.000000e+02 3.963418e+02 3.776389e+02 1.000000e+02 2.000383e+02 
1.000000e+02 1.000000e+02 3.000000e+02 3.855335e+02 3.000000e+02 3.000000e+02 3.792180e+02 3.000000e+02 3.000000e+02 3.000000e+02 2.000000e+02 2.000000e+02 1.000000e+02 1.000000e+02 3.913685e+02 1.000000e+02 3.000000e+02 3.894970e+02 1.000000e+02 1.000000e+02 1.000000e+02 1.000000e+02 2.000000e+02 1.000000e+02 3.902668e+02 1.000000e+02 3.000000e+02 3.000000e+02 1.000000e+02 2.000000e+02 
1.000000e+06 1.000000e+06 1.000000e+06 1.000000e+06 1.000000e+06 1.000000e+06 1.000000e+06 1.000000e+06 1.000000e+06 1.000000e+06 1.000000e+06 1.000000e+06 1.000000e+06 1.000000e+06 1.000000e+06 1.000000e+06 1.000000e+06 1.000000e+06 1.000000e+06 1.000000e+06 1.000000e+06 1.000000e+06 1.000000e+06 1.000000e+06 1.000000e+06 1.000000e+06 1.000000e+06 1.000000e+06 1.000000e+06 1.000000e+06 
