4.820045e+10 7.044639e+10 5.408287e+10 4.065532e+10 6.181953e+10 4.301282e+10 5.240884e+10 4.963366e+10 5.545224e+10 6.351093e+10 5.939029e+10 4.681725e+10 6.819306e+10 6.042736e+10 4.942091e+10 5.310449e+10 5.829391e+10 6.369944e+10 4.963335e+10 7.291130e+10 4.475662e+10 5.487404e+10 5.679077e+10 5.450736e+10 5.587630e+10 5.178804e+10 5.494038e+10 6.442814e+10 4.735156e+10 7.401291e+10 
4.531085e+10 6.865642e+10 5.408287e+10 4.065532e+10 5.754451e+10 4.301282e+10 5.240884e+10 4.963366e+10 5.545224e+10 6.304439e+10 5.924592e+10 4.573960e+10 6.426112e+10 6.042736e+10 4.942091e+10 5.130861e+10 5.787017e+10 5.983668e+10 4.963335e+10 6.911952e+10 4.475662e+10 5.487404e+10 5.638609e+10 5.450736e+10 5.587630e+10 5.178804e+10 5.494038e+10 6.442814e+10 4.735156e+10 6.242900e+10 
4.151798e+10 6.647798e+10 5.254014e+10 4.065532e+10 5.289930e+10 4.109435e+10 5.111199e+10 4.963366e+10 5.311571e+10 6.267778e+10 5.559321e+10 3.164219e+10 5.819276e+10 5.213760e+10 4.942091e+10 4.524001e+10 5.183629e+10 4.221070e+10 4.963335e+10 6.911952e+10 4.434620e+10 5.446720e+10 5.188602e+10 4.579931e+10 4.738797e+10 5.178804e+10 5.494038e+10 6.442814e+10 4.568551e+10 6.242900e+10 
4.151798e+10 5.856132e+10 5.254014e+10 4.006639e+10 5.256904e+10 3.692765e+10 5.111199e+10 4.869239e+10 4.921262e+10 6.206729e+10 4.649251e+10 3.105338e+10 4.992873e+10 5.128356e+10 4.657701e+10 4.169954e+10 3.617585e+10 4.221070e+10 4.658738e+10 4.795977e+10 4.417993e+10 5.130652e+10 4.471380e+10 4.579931e+10 4.550394e+10 5.178804e+10 5.160238e+10 6.349181e+10 4.376657e+10 4.906285e+10 
3.606162e+10 3.816009e+10 4.018381e+10 3.493485e+10 4.442343e+10 3.692765e+10 3.761599e+10 4.241998e+10 2.547720e+10 5.087748e+10 4.603538e+10 2.758770e+10 2.919673e+10 4.151683e+10 4.217308e+10 3.490936e+10 2.862162e+10 4.005422e+10 4.652223e+10 3.722130e+10 3.705622e+10 4.486971e+10 4.024603e+10 3.086884e+10 4.039179e+10 3.702844e+10 2.930274e+10 4.424621e+10 2.968721e+10 4.598218e+10 
2.187067e+10 2.849831e+10 2.220324e+10 2.115179e+10 3.075813e+10 2.395647e+10 3.440553e+10 3.150141e+10 2.530952e+10 4.018141e+10 3.224030e+10 2.233697e+10 1.888222e+10 2.519201e+10 2.890133e+10 2.772921e+10 2.199625e+10 2.498257e+10 4.286813e+10 2.516441e+10 2.974576e+10 2.676097e+10 2.271795e+10 1.760944e+10 2.789437e+10 2.403298e+10 2.659126e+10 2.402333e+10 2.267191e+10 3.822876e+10 
1.121796e+10 9.624119e+09 5.228622e+09 9.315744e+09 1.033768e+10 6.336163e+09 8.907827e+09 9.102071e+09 9.264234e+09 1.273838e+10 1.310018e+10 9.095983e+09 1.351522e+10 9.110018e+09 7.546872e+09 7.308975e+09 1.314065e+10 8.820616e+09 1.852916e+10 1.089580e+10 8.941454e+09 8.711514e+09 1.065650e+10 1.279596e+10 9.663656e+09 9.734266e+09 1.018478e+10 8.234819e+09 8.186264e+09 1.508331e+10 
2.044936e+09 2.542450e+09 3.339867e+09 2.727210e+09 3.241114e+09 1.991994e+09 2.448277e+09 1.665914e+09 1.907558e+09 2.280813e+09 1.832398e+09 2.962324e+09 2.877873e+09 1.878167e+09 1.755212e+09 2.539015e+09 2.797878e+09 1.806970e+09 2.276298e+09 2.443964e+09 1.891891e+09 2.203362e+09 2.668698e+09 1.750920e+09 2.730822e+09 2.154005e+09 1.556627e+09 3.478825e+09 2.028406e+09 3.197720e+09 
1.672583e+08 2.777503e+08 3.377676e+08 3.048428e+08 3.217851e+08 2.012192e+08 1.707492e+08 3.205135e+08 1.868043e+08 3.115538e+08 2.377111e+08 3.762712e+08 2.531892e+08 2.160243e+08 1.347400e+08 3.099523e+08 2.722746e+08 3.168055e+08 2.968385e+08 2.104379e+08 2.685063e+08 3.707611e+08 1.904118e+08 2.619620e+08 2.896786e+08 1.571940e+08 2.243868e+08 3.926836e+08 3.834358e+08 2.192686e+08 
7.892596e+06 5.935788e+06 7.832984e+06 5.342444e+06 3.793451e+06 5.358680e+06 6.462487e+06 7.642983e+06 5.734401e+06 1.107208e+07 6.179119e+06 6.095781e+06 4.972223e+06 9.925822e+06 7.399402e+06 3.498125e+06 4.001684e+06 6.260075e+06 5.996821e+06 9.272016e+06 7.856413e+06 5.611974e+06 5.804260e+06 8.757075e+06 6.632428e+06 7.343288e+06 8.393989e+06 7.345888e+06 3.161336e+06 4.325375e+06 
6.927900e+04 1.475037e+05 2.834490e+04 4.719898e+04 2.848200e+04 4.697930e+04 3.101260e+04 4.910004e+04 1.492120e+05 1.581892e+05 7.017801e+04 8.599441e+04 7.313925e+04 1.210477e+05 1.581416e+05 4.404950e+04 1.353638e+05 3.714866e+04 1.106904e+05 7.217758e+04 2.383715e+04 8.666756e+04 1.287946e+05 5.765184e+04 5.845609e+04 1.319962e+05 7.131568e+04 6.707925e+04 3.301818e+04 5.441293e+04 
3.417636e+03 5.117619e+03 2.915555e+03 5.335599e+03 6.072016e+02 4.737247e+03 8.800409e+03 1.094896e+03 1.663385e+03 6.626495e+03 2.968140e+03 2.324091e+03 7.914136e+03 3.272513e+03 3.264474e+03 4.567884e+03 1.150078e+04 3.998560e+03 1.297415e+03 5.237648e+02 1.513228e+03 3.411959e+03 2.163379e+03 2.700688e+03 3.958338e+03 3.581865e+03 5.778836e+03 4.261590e+03 2.510132e+03 2.042790e+03 
8.118753e+02 8.993932e+02 2.250271e+02 4.654836e+02 2.510242e+02 1.519053e+03 2.911129e+01 7.083923e+02 1.036466e+03 3.993308e+02 9.558839e+02 9.323612e+02 2.761593e+03 3.980351e+02 2.816886e+02 1.226759e+03 6.490192e+02 1.250194e+03 2.085885e+02 2.350092e+02 7.280977e+02 5.688179e+02 7.911086e+02 1.214570e+03 1.555107e+03 9.547278e+02 2.976200e+02 8.708836e+02 5.571720e+02 7.368395e+02 
2.395608e+02 3.363696e+02 1.549912e+02 3.729290e+02 4.352892e+01 3.510173e+02 2.493831e+01 2.494427e+02 1.622816e+02 2.676749e+02 7.815312e+01 1.729919e+02 6.640970e+01 1.571408e+02 2.816884e+02 1.291114e+02 1.955761e+02 1.035428e+02 2.066783e+02 1.479959e+02 8.741769e+01 2.947317e+02 4.483937e+02 7.362558e+01 1.924877e+02 1.040461e+02 2.432367e+01 1.555602e+02 2.360550e+02 2.347070e+02 
1.000000e-08 1.000000e-08 1.000000e-08 1.000000e-08 1.000000e-08 1.000000e-08 1.000000e-08 1.000000e-08 1.000000e-08 1.000000e-08 1.000000e-08 1.000000e-08 1.000000e-08 1.000000e-08 1.000000e-08 1.000000e-08 1.000000e-08 1.000000e-08 1.000000e-08 1.000000e-08 1.000000e-08 1.000000e-08 1.000000e-08 1.000000e-08 1.000000e-08 1.000000e-08 1.000000e-08 1.000000e-08 1.000000e-08 1.000000e-08 
1.000000e-08 1.000000e-08 1.000000e-08 1.000000e-08 1.000000e-08 1.000000e-08 1.000000e-08 1.000000e-08 1.000000e-08 1.000000e-08 1.000000e-08 1.000000e-08 1.000000e-08 1.000000e-08 1.000000e-08 1.000000e-08 1.000000e-08 1.000000e-08 1.000000e-08 1.000000e-08 1.000000e-08 1.000000e-08 1.000000e-08 1.000000e-08 1.000000e-08 1.000000e-08 1.000000e-08 1.000000e-08 1.000000e-08 1.000000e-08 
5.189750e+05 5.187250e+05 5.194250e+05 5.204750e+05 5.173750e+05 5.194250e+05 5.194760e+05 5.205250e+05 5.199250e+05 5.192250e+05 5.190750e+05 5.185750e+05 5.188750e+05 5.192750e+05 5.187260e+05 5.180250e+05 5.178250e+05 5.185750e+05 5.200250e+05 5.182750e+05 5.189250e+05 5.172750e+05 5.194750e+05 5.198250e+05 5.194750e+05 5.185750e+05 5.174750e+05 5.187250e+05 5.197750e+05 5.189750e+05 
