1.243829e+10 1.219222e+10 6.748686e+09 1.842570e+10 1.254024e+10 2.208178e+10 1.452959e+10 7.217965e+09 1.249240e+10 1.554179e+10 1.090162e+10 2.286750e+10 1.929210e+10 1.859049e+10 1.308870e+10 2.644703e+10 1.324297e+10 1.506648e+10 1.872320e+10 2.461107e+10 1.035207e+10 1.939751e+10 1.237087e+10 1.431490e+10 1.305383e+10 2.152285e+10 5.169069e+09 1.656432e+10 1.218032e+10 2.096244e+10 
1.210734e+10 1.219222e+10 6.410803e+09 1.823015e+10 1.254024e+10 1.894391e+10 1.070955e+10 6.216725e+09 1.130324e+10 1.285774e+10 1.086561e+10 1.831888e+10 1.693247e+10 1.555721e+10 1.226130e+10 1.142730e+10 1.184952e+10 1.480715e+10 1.543867e+10 1.481213e+10 9.299334e+09 1.398034e+10 1.160302e+10 1.268619e+10 1.160111e+10 2.152169e+10 4.183725e+09 1.656432e+10 1.218032e+10 2.017289e+10 
1.210734e+10 1.090807e+10 5.901927e+09 1.660049e+10 1.243653e+10 1.767636e+10 7.743207e+09 4.857721e+09 1.051422e+10 1.285774e+10 1.086561e+10 1.485983e+10 1.516898e+10 1.555721e+10 1.154333e+10 1.018297e+10 1.184952e+10 1.079683e+10 1.394828e+10 1.247563e+10 8.299108e+09 1.398034e+10 1.160302e+10 1.167096e+10 1.074008e+10 1.557641e+10 4.183725e+09 1.498971e+10 8.770834e+09 8.824556e+09 
6.559272e+09 6.050945e+09 5.258727e+09 1.524789e+10 1.156041e+10 1.738750e+10 6.262361e+09 4.847813e+09 9.799602e+09 1.117452e+10 1.009506e+10 1.286302e+10 1.513172e+10 7.453103e+09 1.117083e+10 8.149173e+09 1.173588e+10 9.568025e+09 1.394828e+10 8.569235e+09 8.299108e+09 1.305230e+10 6.563851e+09 1.167096e+10 9.598077e+09 1.512324e+10 4.183725e+09 1.498971e+10 8.770834e+09 8.824556e+09 
4.439244e+09 4.829922e+09 5.163891e+09 8.368906e+09 1.029856e+10 1.141183e+10 6.262361e+09 2.811910e+09 3.495476e+09 8.094494e+09 8.715764e+09 5.093429e+09 9.172839e+09 3.144020e+09 8.189001e+09 6.507740e+09 6.984803e+09 6.174913e+09 2.944091e+09 7.362944e+09 2.740579e+09 8.647642e+09 6.522532e+09 6.518552e+09 9.319222e+09 3.452721e+09 3.904598e+09 6.863044e+09 8.198324e+09 6.982561e+09 
3.070294e+09 4.073849e+09 2.288670e+09 4.166140e+09 4.998613e+09 5.495483e+09 5.183917e+09 2.003333e+09 2.516709e+09 4.027321e+09 4.039921e+09 5.020616e+09 4.863872e+09 3.144020e+09 4.344539e+09 1.945362e+09 2.547832e+09 4.119960e+09 2.882880e+09 2.516812e+09 1.193761e+09 3.691808e+09 3.941736e+09 5.155337e+09 4.449525e+09 2.633085e+09 3.882253e+09 5.359658e+09 3.238488e+09 2.113905e+09 
1.435438e+09 1.611600e+09 1.375506e+09 1.139286e+09 1.342420e+09 8.561776e+08 2.568760e+09 1.204993e+09 1.650084e+09 1.222339e+09 1.562432e+09 8.954366e+08 2.181442e+09 1.457877e+09 1.041998e+09 1.282744e+09 1.352109e+09 1.265280e+09 1.568671e+09 2.009351e+09 1.090234e+09 1.766014e+09 1.652299e+09 1.527427e+09 2.395726e+09 1.496673e+09 1.010445e+09 1.356250e+09 1.709440e+09 1.884206e+09 
3.252507e+08 3.254252e+08 4.477369e+08 5.276569e+08 1.958343e+08 4.667372e+08 5.014342e+08 3.316976e+08 3.662751e+08 1.787495e+08 4.276161e+08 3.163633e+08 5.994471e+08 6.028561e+08 3.768808e+08 4.043731e+08 4.055317e+08 2.833746e+08 2.194964e+08 8.497825e+07 7.883248e+07 6.044644e+08 3.457377e+08 3.332500e+08 3.805382e+08 3.483990e+08 3.807200e+08 5.834655e+08 3.666138e+08 4.312106e+08 
1.434269e+08 4.922041e+07 1.031305e+08 4.021228e+07 3.508937e+07 7.485639e+07 5.504723e+07 7.694600e+07 9.386624e+07 6.475314e+07 7.099525e+07 1.022370e+08 9.025723e+07 5.854920e+07 5.820104e+07 8.714998e+07 4.092964e+07 6.369090e+07 6.780487e+07 4.133744e+07 4.030705e+07 4.703307e+07 4.596249e+07 6.889017e+07 2.697680e+07 5.760815e+07 8.629279e+07 9.354678e+07 1.134885e+08 3.207890e+07 
1.028350e+07 1.683763e+07 6.064746e+06 1.000147e+07 7.806121e+06 1.729326e+07 7.904876e+06 9.886316e+06 6.406013e+06 4.154827e+06 1.444965e+07 2.155403e+06 9.575425e+06 1.062443e+07 3.001874e+06 8.913157e+06 6.353541e+06 9.843881e+06 6.112165e+06 8.605314e+06 1.675316e+07 1.115004e+07 5.392849e+06 7.381158e+06 7.068826e+06 5.403928e+06 7.265495e+06 3.982898e+06 1.466616e+07 3.376703e+06 
5.294876e+05 6.253395e+05 7.479285e+05 1.215823e+06 3.040845e+05 4.849901e+05 6.539772e+05 2.570916e+05 3.437152e+05 1.111164e+06 6.576803e+05 8.297199e+05 1.794787e+05 2.670510e+05 4.902890e+05 4.831619e+05 7.984390e+05 5.267819e+05 5.987670e+05 1.011390e+06 3.528549e+05 2.260997e+05 3.347255e+05 7.210004e+05 8.108937e+05 7.910111e+05 1.428763e+05 5.876084e+05 7.335627e+05 2.262674e+05 
1.083220e+04 2.495279e+04 1.391181e+04 6.388423e+04 7.445734e+03 2.118247e+04 5.443582e+04 4.007747e+04 3.069264e+04 7.277966e+04 2.446172e+04 1.857585e+04 1.176735e+05 6.263199e+04 2.720745e+04 1.795872e+04 2.042325e+04 6.226949e+03 3.922258e+04 7.230294e+04 5.109488e+04 1.333998e+04 1.813181e+04 5.121966e+04 1.921523e+04 1.802852e+04 1.758026e+04 3.522689e+04 1.945658e+04 3.487113e+04 
5.107608e+02 1.638861e+03 3.838536e+03 5.223557e+03 3.677927e+03 3.762692e+03 3.201862e+03 3.842455e+03 2.534494e+03 1.092618e+03 4.056619e+03 4.991753e+03 8.520713e+03 3.119931e+02 2.192920e+03 9.232236e+03 3.326108e+03 6.079478e+02 6.557937e+03 6.126269e+03 1.270081e+03 3.809151e+03 1.098422e+03 3.574066e+03 2.532684e+03 5.812496e+02 1.311335e+03 5.011071e+03 1.346388e+03 6.621119e+03 
4.702484e+02 4.715799e+02 1.603691e+03 9.193294e+02 1.580985e+02 2.789391e+03 1.155997e+02 6.541029e+02 1.184969e+03 1.019165e+03 1.356399e+03 3.474214e+02 1.460672e+02 2.878890e+02 1.429654e+03 1.529747e+03 5.845330e+02 4.039727e+02 3.194508e+01 2.911216e+03 2.196928e+02 7.900726e+02 1.098082e+03 9.522280e+02 1.696796e+03 5.670004e+02 4.685973e+02 1.813883e+03 7.941213e+02 1.864073e+03 
1.000000e-08 1.000000e-08 1.000000e-08 1.000000e-08 1.000000e-08 1.000000e-08 1.000000e-08 1.000000e-08 1.000000e-08 1.000000e-08 1.000000e-08 1.000000e-08 1.000000e-08 1.000000e-08 1.000000e-08 1.000000e-08 1.000000e-08 1.000000e-08 1.000000e-08 1.000000e-08 1.000000e-08 1.000000e-08 1.000000e-08 1.000000e-08 1.000000e-08 1.000000e-08 1.000000e-08 1.000000e-08 1.000000e-08 1.000000e-08 
1.000000e-08 1.000000e-08 1.000000e-08 1.000000e-08 1.000000e-08 1.000000e-08 1.000000e-08 1.000000e-08 1.000000e-08 1.000000e-08 1.000000e-08 1.000000e-08 1.000000e-08 1.000000e-08 1.000000e-08 1.000000e-08 1.000000e-08 1.000000e-08 1.000000e-08 1.000000e-08 1.000000e-08 1.000000e-08 1.000000e-08 1.000000e-08 1.000000e-08 1.000000e-08 1.000000e-08 1.000000e-08 1.000000e-08 1.000000e-08 
1.200390e+05 1.194850e+05 1.184100e+05 1.197430e+05 1.185820e+05 1.209630e+05 1.174580e+05 1.180660e+05 1.178510e+05 1.209630e+05 1.193560e+05 1.192270e+05 1.178940e+05 1.189690e+05 1.194850e+05 1.187540e+05 1.181950e+05 1.178940e+05 1.193990e+05 1.193560e+05 1.201650e+05 1.184960e+05 1.195280e+05 1.190980e+05 1.187540e+05 1.206270e+05 1.200390e+05 1.177650e+05 1.184100e+05 1.192700e+05 
