1.488751e+03 1.554332e+03 2.570091e+03 1.826745e+03 1.110358e+03 1.830825e+03 1.274119e+03 1.430466e+03 1.115943e+03 1.317485e+03 1.712081e+03 1.412679e+03 1.487470e+03 1.480069e+03 1.612395e+03 1.836743e+03 1.414452e+03 1.108365e+03 8.759359e+02 9.471504e+02 2.585719e+03 1.735136e+03 1.599776e+03 1.017758e+03 2.196337e+03 1.130893e+03 1.246209e+03 1.653509e+03 1.136497e+03 1.354566e+03 
1.488751e+03 1.554332e+03 1.339117e+03 1.826272e+03 1.109263e+03 1.681245e+03 1.274119e+03 1.383150e+03 1.115943e+03 8.587268e+02 1.712081e+03 1.412679e+03 1.396733e+03 1.480069e+03 1.569623e+03 1.260525e+03 1.414452e+03 1.108365e+03 7.824395e+02 9.471504e+02 1.403664e+03 1.269984e+03 1.030796e+03 8.654597e+02 2.106592e+03 1.080631e+03 1.246209e+03 1.653509e+03 9.583677e+02 1.354566e+03 
1.356469e+03 1.316561e+03 1.239378e+03 1.220585e+03 1.017736e+03 1.541029e+03 1.274119e+03 9.751074e+02 1.046755e+03 8.587268e+02 1.225792e+03 1.285168e+03 1.396733e+03 1.155597e+03 1.362759e+03 1.066369e+03 1.302355e+03 1.108365e+03 7.824395e+02 9.471504e+02 1.159923e+03 1.056794e+03 1.025059e+03 8.005976e+02 1.944160e+03 1.080631e+03 1.185776e+03 1.292406e+03 9.583677e+02 1.186103e+03 
1.336947e+03 1.251863e+03 1.068778e+03 1.220585e+03 8.004140e+02 1.478455e+03 1.274119e+03 9.568953e+02 1.046755e+03 8.587268e+02 1.208629e+03 1.285168e+03 1.396733e+03 1.155597e+03 9.772115e+02 1.066369e+03 1.059085e+03 1.039528e+03 7.022231e+02 9.471504e+02 1.093503e+03 6.785327e+02 8.790765e+02 8.005976e+02 1.503805e+03 1.035420e+03 9.575699e+02 1.227383e+03 9.583677e+02 9.040238e+02 
9.270802e+02 1.051236e+03 5.821219e+02 1.183636e+03 8.004140e+02 1.328653e+03 7.896635e+02 9.169595e+02 8.144036e+02 7.146172e+02 8.061948e+02 8.007537e+02 8.327008e+02 8.769445e+02 9.156763e+02 1.066369e+03 9.879134e+02 6.183659e+02 6.872579e+02 6.789635e+02 1.021813e+03 6.288801e+02 7.633779e+02 6.368075e+02 9.002996e+02 8.379962e+02 9.085197e+02 1.070091e+03 9.232357e+02 8.383026e+02 
6.116115e+02 7.279360e+02 5.821219e+02 5.464713e+02 6.925359e+02 9.658748e+02 6.971138e+02 5.180878e+02 5.347449e+02 5.837975e+02 6.670591e+02 5.593615e+02 6.830433e+02 7.414319e+02 7.691175e+02 7.669408e+02 6.134681e+02 5.479878e+02 5.643865e+02 6.219783e+02 8.217850e+02 5.578840e+02 6.763838e+02 5.945394e+02 6.908992e+02 7.368216e+02 5.729656e+02 9.883797e+02 5.654566e+02 6.639986e+02 
5.587736e+02 6.313160e+02 5.354018e+02 5.358708e+02 4.743861e+02 5.068736e+02 5.958319e+02 5.065348e+02 5.261340e+02 5.744503e+02 6.299947e+02 5.235059e+02 6.359414e+02 5.375404e+02 5.716960e+02 5.855141e+02 5.416435e+02 5.346759e+02 5.115677e+02 5.495591e+02 5.401769e+02 4.834553e+02 6.005003e+02 5.328218e+02 6.146365e+02 4.804586e+02 5.513107e+02 5.429725e+02 5.644497e+02 6.283922e+02 
4.852610e+02 4.904048e+02 4.726571e+02 4.929289e+02 4.743861e+02 4.908915e+02 4.802259e+02 4.983381e+02 4.884711e+02 5.086118e+02 5.385729e+02 4.956589e+02 5.079499e+02 4.895046e+02 4.624645e+02 4.704447e+02 4.777328e+02 4.815047e+02 4.806853e+02 4.928517e+02 5.141182e+02 4.571521e+02 5.056563e+02 4.597058e+02 4.938922e+02 4.649218e+02 5.268972e+02 4.628349e+02 5.276602e+02 5.088074e+02 
4.684987e+02 4.563375e+02 4.376545e+02 4.626682e+02 4.490939e+02 4.398894e+02 4.644003e+02 4.516415e+02 4.681512e+02 4.467846e+02 4.609242e+02 4.556527e+02 4.484147e+02 4.577314e+02 4.552713e+02 4.506871e+02 4.429779e+02 4.549551e+02 4.709342e+02 4.676554e+02 4.571799e+02 4.544556e+02 4.562559e+02 4.461217e+02 4.546966e+02 4.465665e+02 4.655804e+02 4.591876e+02 4.415997e+02 4.718740e+02 
4.404998e+02 4.059981e+02 4.220760e+02 4.378023e+02 4.320635e+02 4.092784e+02 4.106690e+02 4.219699e+02 4.415144e+02 4.303478e+02 4.217071e+02 4.269756e+02 4.254990e+02 4.210435e+02 4.350780e+02 4.140575e+02 4.396683e+02 4.283457e+02 4.490323e+02 4.236851e+02 4.176516e+02 4.179669e+02 4.373855e+02 4.235009e+02 4.344214e+02 4.213287e+02 4.453429e+02 4.336666e+02 3.716250e+02 4.118137e+02 
4.304666e+02 4.031899e+02 4.080592e+02 2.780616e+02 4.147883e+02 4.042253e+02 4.036425e+02 4.067403e+02 4.190166e+02 4.120681e+02 4.066666e+02 4.102828e+02 4.089174e+02 2.954039e+02 4.135907e+02 4.036370e+02 4.018921e+02 4.112026e+02 4.148791e+02 4.098761e+02 4.088542e+02 4.075735e+02 4.040729e+02 4.091206e+02 4.097462e+02 4.069148e+02 4.142976e+02 4.089688e+02 3.191064e+02 4.055840e+02 
2.373718e+02 4.003403e+02 2.615993e+02 1.802678e+02 4.039858e+02 4.007790e+02 3.995030e+02 3.994531e+02 4.034964e+02 1.713865e+02 3.991243e+02 2.123098e+02 4.002147e+02 1.752626e+02 4.042315e+02 3.988968e+02 3.991706e+02 4.049616e+02 3.557705e+02 4.008926e+02 4.004935e+02 4.007474e+02 4.012452e+02 3.991569e+02 4.023063e+02 4.016504e+02 4.046456e+02 3.385306e+02 2.498367e+02 2.018517e+02 
1.239606e+02 3.981529e+02 1.377581e+02 1.339029e+02 4.002859e+02 3.987622e+02 3.981757e+02 3.984468e+02 3.981748e+02 1.410939e+02 3.984539e+02 1.474867e+02 3.986410e+02 1.338912e+02 3.998209e+02 3.983197e+02 3.986379e+02 4.000523e+02 1.249043e+02 3.984325e+02 3.979512e+02 3.982590e+02 3.997796e+02 3.982219e+02 3.991600e+02 3.982400e+02 3.985219e+02 2.398536e+02 1.226169e+02 1.202056e+02 
1.054015e+02 3.978838e+02 1.057801e+02 1.074918e+02 3.982933e+02 3.979735e+02 3.978242e+02 3.979184e+02 3.979006e+02 1.232004e+02 3.980219e+02 1.067188e+02 3.979478e+02 1.073004e+02 3.986712e+02 3.979913e+02 3.983138e+02 3.985232e+02 1.075987e+02 3.979632e+02 3.978551e+02 3.978648e+02 3.982471e+02 3.979370e+02 3.983060e+02 3.978788e+02 3.979999e+02 1.101607e+02 1.092907e+02 1.050079e+02 
1.000494e+02 3.977429e+02 1.000501e+02 1.003224e+02 3.977429e+02 3.977429e+02 3.977429e+02 3.977429e+02 3.977429e+02 1.000247e+02 3.977429e+02 1.000248e+02 3.977429e+02 1.000170e+02 3.977429e+02 3.977429e+02 3.977429e+02 3.977429e+02 1.000430e+02 3.977429e+02 3.977429e+02 3.977429e+02 3.977429e+02 3.977429e+02 3.977429e+02 3.977429e+02 3.977429e+02 1.001276e+02 1.000186e+02 1.034315e+02 
1.000110e+02 3.977429e+02 1.000075e+02 1.000073e+02 3.977429e+02 3.977429e+02 3.977429e+02 3.977429e+02 3.977429e+02 1.000058e+02 3.977429e+02 1.000115e+02 3.977429e+02 1.000083e+02 3.977429e+02 3.977429e+02 3.977429e+02 3.977429e+02 1.000101e+02 3.977429e+02 3.977429e+02 3.977429e+02 3.977429e+02 3.977429e+02 3.977429e+02 3.977429e+02 3.977429e+02 1.000072e+02 1.000094e+02 1.034315e+02 
2.000000e+05 2.000000e+05 2.000000e+05 2.000000e+05 2.000000e+05 2.000000e+05 2.000000e+05 2.000000e+05 2.000000e+05 2.000000e+05 2.000000e+05 2.000000e+05 2.000000e+05 2.000000e+05 2.000000e+05 2.000000e+05 2.000000e+05 2.000000e+05 2.000000e+05 2.000000e+05 2.000000e+05 2.000000e+05 2.000000e+05 2.000000e+05 2.000000e+05 2.000000e+05 2.000000e+05 2.000000e+05 2.000000e+05 2.000000e+05 
