2.441479e+03 2.390696e+03 2.033843e+03 2.747081e+03 2.449436e+03 2.454932e+03 2.716590e+03 2.188256e+03 1.571871e+03 2.495481e+03 2.127176e+03 2.449511e+03 2.723045e+03 1.791793e+03 2.437016e+03 1.918193e+03 1.681935e+03 2.688302e+03 2.389486e+03 2.426392e+03 2.187584e+03 2.523871e+03 2.491085e+03 2.243907e+03 2.525697e+03 2.169906e+03 2.362378e+03 2.782165e+03 2.631867e+03 2.524342e+03 
2.199179e+03 2.192485e+03 2.033843e+03 2.591727e+03 2.349359e+03 2.405733e+03 2.263659e+03 2.188256e+03 1.420368e+03 2.495481e+03 2.127176e+03 2.121586e+03 2.372813e+03 1.791793e+03 2.054166e+03 1.918193e+03 1.681935e+03 2.592784e+03 2.389486e+03 2.384112e+03 2.187584e+03 2.280438e+03 2.491085e+03 2.243907e+03 2.264869e+03 2.169906e+03 2.339442e+03 2.439865e+03 2.174454e+03 2.082909e+03 
2.199179e+03 2.180985e+03 1.977586e+03 2.374591e+03 2.349359e+03 2.199675e+03 2.261579e+03 2.188256e+03 1.420368e+03 2.284509e+03 1.956504e+03 2.121586e+03 1.895931e+03 1.791793e+03 2.035260e+03 1.718802e+03 1.681935e+03 2.120996e+03 2.111637e+03 1.816986e+03 1.558158e+03 1.687213e+03 2.012211e+03 1.676023e+03 2.112129e+03 2.055659e+03 2.232263e+03 2.277606e+03 1.953037e+03 2.082909e+03 
2.199179e+03 2.076291e+03 1.847645e+03 2.374591e+03 2.120249e+03 2.107400e+03 2.036218e+03 2.093587e+03 1.420368e+03 2.077168e+03 1.843019e+03 2.086299e+03 1.885951e+03 1.791793e+03 2.035260e+03 1.718802e+03 1.386871e+03 2.120996e+03 1.897536e+03 1.816986e+03 1.558158e+03 1.687213e+03 2.012211e+03 1.676023e+03 2.053419e+03 2.055659e+03 2.035495e+03 1.964039e+03 1.943764e+03 1.894653e+03 
1.592244e+03 1.521102e+03 1.325563e+03 1.956393e+03 1.741747e+03 1.642166e+03 1.799252e+03 1.101515e+03 1.149821e+03 1.776835e+03 1.606593e+03 1.551813e+03 1.883223e+03 1.439466e+03 1.691724e+03 1.637035e+03 1.250734e+03 1.907229e+03 1.505088e+03 1.816986e+03 1.514956e+03 1.623184e+03 1.901425e+03 1.676023e+03 1.169496e+03 1.886746e+03 1.561352e+03 1.861199e+03 1.829272e+03 1.681540e+03 
1.592244e+03 1.306454e+03 1.325563e+03 1.371516e+03 1.741747e+03 1.349421e+03 1.630107e+03 1.011875e+03 1.149821e+03 1.643462e+03 1.340619e+03 1.428433e+03 1.268713e+03 1.439466e+03 1.059822e+03 1.361457e+03 1.250734e+03 1.762511e+03 9.865274e+02 1.618003e+03 1.514956e+03 1.623184e+03 1.353958e+03 1.676023e+03 1.169496e+03 1.780164e+03 1.561352e+03 1.446530e+03 1.483592e+03 1.598724e+03 
1.283175e+03 1.172993e+03 1.325563e+03 1.069707e+03 1.456038e+03 1.349421e+03 1.463759e+03 7.655894e+02 1.149821e+03 1.409261e+03 1.340619e+03 1.198653e+03 1.268713e+03 1.172634e+03 1.018854e+03 1.319025e+03 1.134521e+03 1.368592e+03 9.087280e+02 1.363263e+03 1.134083e+03 1.378136e+03 1.339244e+03 1.361513e+03 9.688391e+02 1.435639e+03 1.506775e+03 1.248044e+03 1.429487e+03 1.318739e+03 
1.150835e+03 1.046381e+03 1.214580e+03 1.069707e+03 1.263666e+03 1.311797e+03 1.346349e+03 7.655894e+02 9.906771e+02 8.575400e+02 9.741972e+02 1.072890e+03 7.926498e+02 1.086033e+03 8.019127e+02 9.141591e+02 1.132470e+03 1.218090e+03 9.087280e+02 1.157286e+03 8.626207e+02 1.071801e+03 1.095226e+03 1.090611e+03 9.688391e+02 1.251569e+03 1.170612e+03 1.011433e+03 1.405001e+03 9.098569e+02 
1.080827e+03 8.953539e+02 9.600576e+02 1.041111e+03 1.059582e+03 1.034417e+03 8.993494e+02 5.640385e+02 9.514243e+02 8.575400e+02 9.675247e+02 9.551254e+02 7.926498e+02 7.914043e+02 6.254236e+02 9.141591e+02 7.232493e+02 1.096832e+03 7.659200e+02 6.307233e+02 8.626207e+02 8.936229e+02 8.883434e+02 1.004935e+03 5.878719e+02 6.685075e+02 1.132902e+03 8.805312e+02 1.098897e+03 9.098569e+02 
7.092670e+02 7.284809e+02 9.423197e+02 6.854376e+02 8.505151e+02 8.601876e+02 7.819521e+02 3.425566e+02 7.761545e+02 7.160440e+02 6.695453e+02 8.304685e+02 7.451593e+02 5.157977e+02 5.408227e+02 7.736003e+02 5.553332e+02 8.946094e+02 2.897753e+02 6.100378e+02 8.357954e+02 6.739292e+02 7.554754e+02 5.842974e+02 4.571811e+02 6.103493e+02 8.684649e+02 8.484104e+02 7.982412e+02 7.189664e+02 
4.929019e+02 4.729650e+02 4.223255e+02 5.704737e+02 3.565953e+02 5.258876e+02 4.918306e+02 2.527787e+02 4.005640e+02 4.399882e+02 5.762434e+02 4.218266e+02 4.847824e+02 3.556592e+02 2.469808e+02 1.409499e+02 4.657616e+02 7.335872e+02 2.170012e+02 3.816075e+02 5.848293e+02 3.122232e+02 5.743033e+02 4.011253e+02 2.007470e+02 3.211086e+02 4.285460e+02 5.405411e+02 3.871404e+02 4.720219e+02 
3.575767e+02 2.658167e+02 3.929040e+02 3.152879e+02 1.265222e+02 3.647526e+02 3.194115e+02 8.593874e+01 1.871211e+02 2.707652e+02 3.070474e+02 1.284826e+02 2.816025e+02 2.687399e+02 1.558366e+02 8.867193e+01 3.425713e+02 2.921141e+02 9.306054e+01 2.436025e+02 4.055854e+02 2.159515e+02 3.010204e+02 2.900202e+02 1.560762e+02 1.227537e+02 1.871391e+02 3.233788e+02 1.739455e+02 3.264220e+02 
2.569000e+02 9.614580e+01 2.512733e+02 2.150640e+02 4.372140e+01 1.967244e+02 1.704624e+02 2.674108e+01 2.837691e+01 1.773592e+02 1.912947e+02 6.169765e+01 2.135875e+02 6.864136e+01 2.793434e+01 3.127381e+01 2.579948e+02 1.835679e+02 4.060896e+01 1.548655e+02 9.252573e+01 1.557314e+02 2.843290e+01 7.179467e+01 4.411234e+01 4.811855e+01 4.249497e+01 1.769928e+02 5.245019e+01 1.949596e+02 
1.528795e+02 7.293790e+01 2.446780e+02 1.475404e+02 3.027758e+01 1.409241e+02 1.310357e+02 1.647160e+01 2.119193e+01 2.010693e+01 5.133016e+01 2.373756e+01 1.800627e+02 5.286285e+01 2.364447e+01 2.341308e+01 2.261386e+02 1.471586e+02 2.887618e+01 1.325968e+02 5.454055e+01 1.515378e+02 1.524605e+01 5.835933e+01 1.725800e+01 3.526957e+01 3.375607e+01 1.242371e+02 3.434278e+01 1.652045e+02 
1.311312e+02 7.171012e+01 2.429820e+02 5.865368e+01 2.302851e+01 5.696123e+01 1.270185e+02 1.475261e+01 1.944250e+01 1.980071e+01 2.638503e+01 7.701676e+00 7.459517e+01 4.888914e+01 2.285204e+01 2.276337e+01 1.588340e+02 1.450390e+02 2.675398e+01 8.562641e+01 4.758182e+01 1.325259e+02 7.895917e+00 5.316912e+01 1.511926e+01 3.040288e+01 2.484890e+01 1.189793e+02 2.767701e+01 1.547829e+02 
1.311312e+02 2.505219e+01 1.847208e+01 1.214180e+01 1.853454e+01 2.330824e+01 1.187506e+02 1.030734e+01 1.030734e+01 1.398621e+01 2.638503e+01 7.701676e+00 6.954830e+00 7.017285e+00 1.524449e+01 1.036979e+01 1.502621e+02 1.440054e+02 2.675398e+01 1.533115e+01 7.134364e+00 1.024488e+01 3.664778e+00 2.557172e+01 1.511926e+01 2.659779e+01 1.030734e+01 1.536939e+01 1.853454e+01 1.547829e+02 
2.000000e+05 2.000000e+05 2.000000e+05 2.000000e+05 2.000000e+05 2.000000e+05 2.000000e+05 2.000000e+05 2.000000e+05 2.000000e+05 2.000000e+05 2.000000e+05 2.000000e+05 2.000000e+05 2.000000e+05 2.000000e+05 2.000000e+05 2.000000e+05 2.000000e+05 2.000000e+05 2.000000e+05 2.000000e+05 2.000000e+05 2.000000e+05 2.000000e+05 2.000000e+05 2.000000e+05 2.000000e+05 2.000000e+05 2.000000e+05 
