8.771407e+02 5.171060e+02 5.445159e+02 4.507888e+02 5.927537e+02 7.551373e+02 6.275786e+02 7.023640e+02 6.657532e+02 6.605779e+02 8.258770e+02 6.883245e+02 7.502149e+02 5.386358e+02 6.044912e+02 7.250624e+02 6.463241e+02 8.026851e+02 5.772874e+02 7.303007e+02 4.977815e+02 6.002655e+02 8.002594e+02 8.368888e+02 8.039719e+02 7.894678e+02 6.023248e+02 6.311818e+02 6.802849e+02 4.702977e+02 
4.166193e+02 5.044643e+02 5.445159e+02 4.507888e+02 4.755709e+02 7.551373e+02 5.334744e+02 7.021417e+02 6.416395e+02 6.542640e+02 7.014380e+02 6.735048e+02 5.040299e+02 5.379388e+02 6.044912e+02 6.646548e+02 4.517501e+02 7.999269e+02 5.403773e+02 4.696325e+02 4.977815e+02 5.816488e+02 5.778721e+02 8.335721e+02 7.852287e+02 7.342689e+02 5.829083e+02 6.295520e+02 3.830534e+02 4.552935e+02 
4.166193e+02 4.958080e+02 5.444746e+02 3.829067e+02 4.755709e+02 6.455407e+02 5.334744e+02 4.336392e+02 6.416395e+02 6.542640e+02 6.979732e+02 6.695198e+02 4.188560e+02 5.379388e+02 6.044912e+02 6.045830e+02 3.470110e+02 7.648774e+02 2.536235e+02 4.657205e+02 4.977815e+02 5.816438e+02 5.537593e+02 7.605912e+02 6.182549e+02 7.342116e+02 5.159342e+02 5.037404e+02 3.830534e+02 4.552935e+02 
4.166193e+02 4.566934e+02 5.444746e+02 3.829067e+02 4.351937e+02 6.446173e+02 5.334744e+02 4.180437e+02 6.416395e+02 6.542640e+02 6.500473e+02 5.687592e+02 4.054760e+02 4.625577e+02 5.834737e+02 4.120279e+02 3.470110e+02 7.602531e+02 2.536004e+02 3.657617e+02 4.900970e+02 5.816438e+02 5.537592e+02 6.373199e+02 6.101642e+02 5.090567e+02 4.165752e+02 5.037404e+02 3.830394e+02 4.552875e+02 
4.071037e+02 3.472304e+02 4.017116e+02 3.478015e+02 3.542259e+02 6.291204e+02 5.334744e+02 1.733943e+02 4.349123e+02 5.641873e+02 5.319044e+02 2.163758e+02 4.054642e+02 3.976592e+02 4.879114e+02 4.016632e+02 3.470110e+02 5.778707e+02 2.128056e+02 7.554265e+01 2.821161e+02 2.809276e+02 4.928095e+02 6.120141e+02 6.021337e+02 2.511507e+02 4.165752e+02 3.925247e+02 3.695967e+02 4.336869e+02 
1.599207e+02 1.726685e+02 3.627697e+02 3.478015e+02 3.295210e+02 3.407013e+02 1.648730e+02 1.733901e+02 2.918812e+02 4.292241e+02 3.877696e+02 2.150310e+02 4.054642e+02 3.600145e+02 2.427131e+02 2.488829e+02 2.733279e+02 2.702339e+02 1.195377e+02 7.554265e+01 2.285751e+02 1.642315e+02 2.726374e+02 3.717990e+02 1.565725e+02 1.756518e+02 3.983454e+02 2.392965e+02 2.516035e+02 3.045007e+02 
1.525113e+02 1.424400e+02 6.736855e+01 8.742577e+01 2.033477e+02 2.530756e+02 1.093086e+02 9.553118e+01 2.684656e+02 3.440674e+02 1.924759e+02 9.496251e+01 9.886217e+01 1.915842e+02 1.565688e+02 1.004222e+02 1.489624e+02 2.596762e+01 8.394125e+01 7.234827e+01 1.205464e+02 1.053512e+02 1.110276e+02 1.814189e+02 1.386299e+02 1.667938e+02 1.954775e+02 1.082435e+02 1.412485e+02 2.228853e+02 
9.108680e+01 4.641588e+01 6.003079e+01 6.154825e+01 6.348569e+01 9.328533e+01 7.603642e+01 5.988611e+01 1.178284e+02 7.653124e+01 9.218233e+01 6.668386e+01 5.895791e+01 9.701985e+01 3.798295e+01 6.735459e+01 9.929091e+01 2.557012e+01 7.326413e+01 5.013112e+01 4.694746e+01 3.669216e+01 1.110270e+02 5.721593e+01 7.504966e+01 9.388861e+01 6.784861e+01 7.860347e+01 6.818088e+01 6.884410e+01 
5.087875e+01 3.220525e+01 2.745111e+01 2.342713e+01 2.354044e+01 1.400070e+01 3.518807e+01 1.526366e+01 3.239559e+01 1.797071e+01 1.614294e+01 1.561219e+01 4.868197e+00 3.211388e+01 2.302605e+01 4.673347e+01 1.350831e+01 1.558526e+01 3.824634e+01 2.723678e+01 3.272785e+01 3.623954e+01 5.016781e+01 3.771973e+01 2.428107e+01 5.462056e+01 5.052968e+01 3.464807e+01 2.526280e+01 5.340033e+01 
1.743955e+01 1.959566e+01 6.215832e+00 7.626761e+00 1.891832e+00 1.297029e+01 1.084542e+01 1.003100e+01 1.061143e+01 4.605775e+00 1.189913e+01 4.975904e+00 4.836617e+00 1.047645e+01 6.758127e+00 9.061733e+00 8.647718e+00 5.104511e+00 1.620134e+01 6.183596e+00 1.178969e+01 1.553826e+01 1.019372e+01 1.273648e+01 3.999681e+00 3.505030e+00 1.008901e+01 1.148214e+01 1.315654e+01 7.344595e+00 
2.901458e+00 1.177185e+00 2.092911e+00 2.024139e+00 1.304201e+00 1.156643e+00 2.391695e+00 1.953803e+00 1.601149e+00 1.657829e+00 1.243131e+00 1.555828e+00 2.681496e+00 1.274132e+00 1.553483e+00 1.942610e+00 1.615267e+00 1.835609e+00 1.659363e+00 1.675461e+00 1.093085e+00 2.476293e+00 3.334490e+00 1.630820e+00 1.820849e+00 1.674010e+00 2.022108e+00 1.530136e+00 2.287817e+00 2.174289e+00 
4.845977e-01 4.946166e-01 4.644746e-01 6.556668e-01 4.258762e-01 4.268697e-01 3.553542e-01 4.709076e-01 4.513735e-01 6.117908e-01 2.281096e-01 2.802387e-01 4.946355e-01 5.878811e-01 5.297270e-01 6.109254e-01 2.471663e-01 3.345608e-01 6.776578e-01 3.795264e-01 5.042365e-01 4.809568e-01 4.888166e-01 4.340331e-01 6.916280e-01 4.068814e-01 6.367951e-01 4.611953e-01 5.974452e-01 4.471614e-01 
1.519499e-01 1.958965e-01 1.291257e-01 1.213512e-01 1.185975e-01 1.469006e-01 1.210656e-01 1.933671e-01 1.388862e-01 1.524230e-01 1.253863e-01 9.647610e-02 1.122168e-01 1.135514e-01 9.527729e-02 1.618751e-01 1.000222e-01 1.879570e-01 6.835114e-02 8.304594e-02 8.492394e-02 1.299144e-01 1.892063e-01 1.687403e-01 9.108133e-02 1.769114e-01 1.390599e-01 1.835745e-01 1.328448e-01 1.113611e-01 
4.379053e-02 1.021907e-01 8.837270e-02 7.756181e-02 3.593579e-02 5.662924e-02 4.759547e-02 8.059512e-02 6.605076e-02 3.941918e-02 3.994053e-02 4.383398e-02 5.773580e-02 5.653026e-02 6.374451e-02 5.079742e-02 4.449037e-02 5.676124e-02 5.128099e-02 5.423110e-02 4.380075e-02 4.975176e-02 5.983853e-02 3.792368e-02 3.486881e-02 5.673301e-02 4.143879e-02 4.366972e-02 2.541271e-02 4.342713e-02 
3.147335e-02 3.737308e-02 4.557682e-02 2.743315e-02 3.130036e-02 2.805289e-02 3.167263e-02 3.502085e-02 3.738784e-02 1.922581e-02 3.958210e-02 2.503910e-02 5.023935e-02 3.469570e-02 3.997193e-02 4.673346e-02 3.566212e-02 4.954838e-02 2.812282e-02 2.129745e-02 3.721037e-02 3.522265e-02 2.757396e-02 3.575969e-02 3.464906e-02 3.710478e-02 2.439338e-02 3.174669e-02 2.534787e-02 2.930405e-02 
4.063452e-05 2.139908e-02 2.370797e-03 1.972162e-04 1.488384e-03 1.746241e-04 3.004888e-04 6.054164e-04 6.633689e-05 1.029640e-03 2.036204e-02 1.965649e-02 1.943373e-02 1.973380e-02 1.944566e-02 1.414857e-04 1.979979e-02 6.290891e-05 1.528430e-04 2.308871e-06 2.418239e-04 1.973180e-02 1.854047e-03 2.557057e-03 3.457590e-04 2.048911e-02 1.500605e-03 4.667929e-05 1.983497e-02 4.097035e-06 
2.000000e+05 2.000000e+05 2.000000e+05 2.000000e+05 2.000000e+05 2.000000e+05 2.000000e+05 2.000000e+05 2.000000e+05 2.000000e+05 2.000000e+05 2.000000e+05 2.000000e+05 2.000000e+05 2.000000e+05 2.000000e+05 2.000000e+05 2.000000e+05 2.000000e+05 2.000000e+05 2.000000e+05 2.000000e+05 2.000000e+05 2.000000e+05 2.000000e+05 2.000000e+05 2.000000e+05 2.000000e+05 2.000000e+05 2.000000e+05 
