2.279172e+03 2.126452e+03 2.065683e+03 1.998524e+03 2.158790e+03 2.427564e+03 2.022485e+03 1.845391e+03 1.938664e+03 2.136029e+03 2.195109e+03 2.470143e+03 2.465603e+03 2.224948e+03 2.422616e+03 1.964584e+03 2.568363e+03 2.593066e+03 2.640385e+03 1.651877e+03 2.205659e+03 2.296539e+03 2.293890e+03 2.561027e+03 1.106184e+03 2.024414e+03 2.571597e+03 1.692330e+03 1.384785e+03 2.437889e+03 
1.762026e+03 1.838848e+03 1.945248e+03 1.751704e+03 1.999781e+03 2.427564e+03 1.780145e+03 1.787751e+03 1.885386e+03 1.689823e+03 1.821415e+03 2.470143e+03 2.090471e+03 2.224948e+03 1.948747e+03 1.964584e+03 2.065654e+03 1.867319e+03 2.410227e+03 1.651877e+03 1.857011e+03 2.296539e+03 1.790691e+03 2.496015e+03 1.106184e+03 2.024414e+03 2.281579e+03 1.440776e+03 1.323426e+03 2.310029e+03 
1.762026e+03 1.424731e+03 1.945248e+03 1.682530e+03 1.941713e+03 2.201368e+03 1.780145e+03 1.787751e+03 1.885386e+03 1.689823e+03 1.688234e+03 2.470143e+03 2.032746e+03 2.136844e+03 1.948747e+03 1.908162e+03 1.956330e+03 1.867319e+03 2.410227e+03 1.545741e+03 1.713258e+03 2.296539e+03 1.542591e+03 2.402595e+03 1.104226e+03 1.964112e+03 2.267983e+03 1.440776e+03 1.323426e+03 2.037501e+03 
1.654356e+03 1.055190e+03 1.874644e+03 1.627708e+03 1.941713e+03 2.003631e+03 1.660617e+03 1.712702e+03 1.812015e+03 1.689823e+03 1.662979e+03 2.365174e+03 2.017445e+03 2.011795e+03 1.803431e+03 1.908162e+03 1.956330e+03 1.258563e+03 2.176010e+03 1.545741e+03 1.713258e+03 2.096819e+03 1.542591e+03 2.297462e+03 1.104226e+03 1.913317e+03 2.071954e+03 1.440776e+03 1.032238e+03 2.021482e+03 
1.332352e+03 1.055190e+03 1.457495e+03 1.399147e+03 1.626683e+03 1.661016e+03 1.594213e+03 1.319054e+03 1.452964e+03 1.689823e+03 1.441320e+03 1.785915e+03 1.288345e+03 1.748066e+03 1.671346e+03 1.644050e+03 1.728021e+03 1.242536e+03 1.727428e+03 1.472776e+03 1.403129e+03 1.351359e+03 1.314318e+03 1.887170e+03 1.104226e+03 1.386720e+03 1.892789e+03 1.396716e+03 9.913280e+02 1.542251e+03 
1.172665e+03 7.724079e+02 1.243903e+03 1.329832e+03 1.086813e+03 1.193449e+03 1.029928e+03 1.319054e+03 1.084204e+03 1.128949e+03 8.559876e+02 1.576227e+03 1.257357e+03 1.379761e+03 1.006933e+03 1.414958e+03 1.349537e+03 1.165662e+03 1.471290e+03 9.375429e+02 1.392635e+03 1.351359e+03 1.020051e+03 1.393526e+03 1.070559e+03 1.200471e+03 1.460385e+03 1.217707e+03 9.913280e+02 1.324609e+03 
7.723155e+02 7.605495e+02 6.264093e+02 1.002663e+03 7.617633e+02 1.014354e+03 9.883784e+02 1.111350e+03 9.377992e+02 7.288370e+02 5.916873e+02 1.258637e+03 1.145053e+03 1.142971e+03 7.655785e+02 8.249070e+02 8.867711e+02 6.925927e+02 1.011293e+03 7.118511e+02 1.042383e+03 4.380268e+02 8.468436e+02 1.086653e+03 9.435689e+02 1.186829e+03 9.179744e+02 9.121869e+02 9.913280e+02 9.641361e+02 
6.421195e+02 5.054936e+02 5.574194e+02 5.485452e+02 3.945561e+02 8.221797e+02 5.212897e+02 5.715697e+02 6.593111e+02 4.440035e+02 4.525002e+02 5.552677e+02 5.032018e+02 7.231882e+02 3.158236e+02 5.269053e+02 7.126251e+02 3.163323e+02 5.155267e+02 4.267657e+02 7.687440e+02 4.030894e+02 5.926672e+02 6.830140e+02 6.433774e+02 7.923160e+02 5.511316e+02 3.906067e+02 4.497476e+02 5.230784e+02 
3.389937e+02 3.221650e+02 4.615446e+02 2.064602e+02 1.556642e+02 1.862552e+02 4.131906e+02 3.651867e+02 2.994782e+02 1.595909e+02 2.375372e+02 4.300238e+02 2.244778e+02 3.112148e+02 2.292752e+02 2.838624e+02 3.228009e+02 2.274797e+02 3.316522e+02 2.601450e+02 3.496884e+02 2.930213e+02 2.946324e+02 1.917855e+02 2.822813e+02 3.504204e+02 1.347485e+02 1.707862e+02 2.740115e+02 1.221380e+02 
6.027652e+01 4.722614e+01 7.200181e+01 9.588020e+01 4.980664e+01 5.384350e+01 8.085523e+01 8.530909e+01 7.544088e+01 1.198130e+02 5.639040e+01 1.043638e+02 5.615542e+01 1.311952e+02 8.337263e+01 8.930489e+01 2.001869e+02 1.113740e+02 1.052175e+02 6.239424e+01 1.044932e+02 7.730192e+01 9.662527e+01 7.331305e+01 6.397606e+01 1.301902e+02 1.166683e+02 8.729246e+01 8.395483e+01 9.682167e+01 
1.717562e+01 2.027274e+01 1.517213e+01 1.103555e+01 8.941642e+00 1.475350e+01 2.148746e+01 1.810259e+01 2.788488e+01 7.895451e+00 9.797056e+00 6.951663e+00 1.751677e+01 1.023710e+01 9.809415e+00 1.399598e+01 1.891476e+01 1.364815e+01 1.298260e+01 1.084244e+01 7.764624e+00 1.930511e+01 7.868008e+00 2.913569e+01 1.012537e+01 1.766759e+01 1.586669e+01 1.174066e+01 3.386852e+00 1.841672e+01 
4.889324e-01 4.006715e-01 5.684234e-01 4.110569e-01 1.297058e-01 7.534815e-01 4.779411e-01 5.637517e-01 6.091617e-01 4.808151e-01 4.065900e-01 1.999595e-01 4.038989e-01 6.696072e-01 3.601950e-01 3.038916e-01 4.112549e-01 5.011561e-01 4.865713e-01 3.307035e-01 4.898832e-01 2.908920e-01 3.594989e-01 5.192723e-01 3.655823e-01 5.280502e-01 2.789538e-01 8.259486e-01 3.935195e-01 3.718860e-01 
1.342147e-05 9.188989e-07 5.749225e-06 1.970451e-06 4.990879e-07 4.074005e-06 4.312729e-06 1.976030e-06 8.208735e-07 1.296420e-06 9.324885e-07 1.330529e-06 2.512324e-06 9.916228e-06 1.554678e-06 1.543104e-06 2.288186e-06 7.530543e-06 1.436214e-06 7.611861e-07 1.402334e-06 2.521690e-06 1.799095e-06 2.801758e-06 2.625593e-07 3.784193e-06 1.959805e-06 6.330862e-06 1.104630e-06 6.780256e-07 
1.000000e-08 1.000000e-08 1.000000e-08 1.000000e-08 1.000000e-08 1.000000e-08 1.000000e-08 1.000000e-08 1.000000e-08 1.000000e-08 1.000000e-08 1.000000e-08 1.000000e-08 1.000000e-08 1.000000e-08 1.000000e-08 1.000000e-08 1.000000e-08 1.000000e-08 1.000000e-08 1.000000e-08 1.000000e-08 1.000000e-08 1.000000e-08 1.000000e-08 1.000000e-08 1.000000e-08 1.000000e-08 1.000000e-08 1.000000e-08 
1.000000e-08 1.000000e-08 1.000000e-08 1.000000e-08 1.000000e-08 1.000000e-08 1.000000e-08 1.000000e-08 1.000000e-08 1.000000e-08 1.000000e-08 1.000000e-08 1.000000e-08 1.000000e-08 1.000000e-08 1.000000e-08 1.000000e-08 1.000000e-08 1.000000e-08 1.000000e-08 1.000000e-08 1.000000e-08 1.000000e-08 1.000000e-08 1.000000e-08 1.000000e-08 1.000000e-08 1.000000e-08 1.000000e-08 1.000000e-08 
1.000000e-08 1.000000e-08 1.000000e-08 1.000000e-08 1.000000e-08 1.000000e-08 1.000000e-08 1.000000e-08 1.000000e-08 1.000000e-08 1.000000e-08 1.000000e-08 1.000000e-08 1.000000e-08 1.000000e-08 1.000000e-08 1.000000e-08 1.000000e-08 1.000000e-08 1.000000e-08 1.000000e-08 1.000000e-08 1.000000e-08 1.000000e-08 1.000000e-08 1.000000e-08 1.000000e-08 1.000000e-08 1.000000e-08 1.000000e-08 
5.672500e+04 5.548400e+04 5.672500e+04 5.548400e+04 5.356300e+04 5.614100e+04 5.745300e+04 5.636000e+04 5.430300e+04 5.526500e+04 5.511700e+04 5.511700e+04 5.650600e+04 5.730900e+04 5.614100e+04 5.563000e+04 5.541100e+04 5.636000e+04 5.621400e+04 5.452500e+04 5.665200e+04 5.599500e+04 5.548400e+04 5.650600e+04 5.519100e+04 5.636000e+04 5.570300e+04 5.709000e+04 5.555700e+04 5.570300e+04 
