5.247308e+03 5.612265e+03 5.953621e+03 5.605566e+03 5.382471e+03 5.247723e+03 5.811933e+03 5.299918e+03 5.990500e+03 6.290656e+03 5.766230e+03 6.078848e+03 5.762072e+03 5.408008e+03 5.905603e+03 5.941684e+03 5.636893e+03 5.874096e+03 5.934355e+03 4.960502e+03 5.386454e+03 5.688599e+03 5.853950e+03 5.096992e+03 5.550972e+03 6.243070e+03 5.757865e+03 6.350089e+03 6.151876e+03 6.068859e+03 
5.225610e+03 5.612265e+03 5.953621e+03 5.605566e+03 5.382471e+03 5.247723e+03 5.811933e+03 5.299918e+03 5.495178e+03 6.089972e+03 5.766230e+03 6.078848e+03 5.762072e+03 5.408008e+03 5.895013e+03 5.879125e+03 5.155096e+03 5.550058e+03 5.934355e+03 4.568665e+03 5.386454e+03 5.522517e+03 5.420697e+03 4.745817e+03 5.418032e+03 6.063453e+03 5.757865e+03 6.091445e+03 6.151876e+03 6.068859e+03 
5.101900e+03 5.581454e+03 5.772907e+03 5.605566e+03 5.060844e+03 5.125219e+03 5.748638e+03 5.220456e+03 5.491998e+03 5.990409e+03 5.581746e+03 6.027999e+03 5.264226e+03 5.408008e+03 5.624106e+03 5.383876e+03 5.155096e+03 5.375423e+03 5.799789e+03 4.568665e+03 5.386454e+03 5.485763e+03 5.329264e+03 4.745817e+03 5.301575e+03 5.873723e+03 5.723533e+03 5.837929e+03 6.151876e+03 6.068859e+03 
5.101900e+03 5.214032e+03 5.349653e+03 5.417891e+03 4.943977e+03 4.973593e+03 5.748638e+03 5.037395e+03 5.231965e+03 5.738996e+03 5.191958e+03 5.627404e+03 5.134446e+03 5.408008e+03 5.110923e+03 5.383876e+03 5.155096e+03 4.860020e+03 5.521825e+03 4.568665e+03 4.819483e+03 5.324722e+03 5.252237e+03 4.628990e+03 5.301575e+03 5.335855e+03 5.723533e+03 5.313814e+03 5.741424e+03 5.489177e+03 
4.703392e+03 4.811722e+03 4.664360e+03 4.903956e+03 4.870682e+03 4.878679e+03 5.178485e+03 4.850609e+03 4.443616e+03 5.318871e+03 4.571356e+03 4.940481e+03 4.814057e+03 4.490713e+03 4.904765e+03 4.928368e+03 4.679750e+03 4.249522e+03 5.015263e+03 4.166749e+03 4.726880e+03 5.123139e+03 5.048306e+03 4.268190e+03 4.379615e+03 5.262782e+03 5.420507e+03 4.748234e+03 5.249373e+03 5.220333e+03 
4.521586e+03 4.339207e+03 4.099879e+03 4.121473e+03 4.357683e+03 4.521880e+03 4.157109e+03 3.749352e+03 3.801149e+03 4.373494e+03 3.864374e+03 4.244146e+03 4.152774e+03 3.368977e+03 4.393179e+03 4.405022e+03 4.190159e+03 3.529871e+03 4.343251e+03 3.976616e+03 3.906331e+03 4.281473e+03 3.896968e+03 4.096476e+03 4.011211e+03 4.641212e+03 4.336319e+03 4.154045e+03 4.276298e+03 4.306050e+03 
3.358852e+03 3.055019e+03 3.212319e+03 3.172949e+03 3.047139e+03 3.498377e+03 2.908219e+03 3.265063e+03 3.189135e+03 3.621570e+03 2.853099e+03 3.037563e+03 3.519421e+03 3.022649e+03 3.362008e+03 3.266079e+03 3.252876e+03 3.004187e+03 3.016153e+03 3.117558e+03 3.408936e+03 2.736310e+03 2.747047e+03 3.272725e+03 3.408568e+03 3.472758e+03 3.591185e+03 3.181704e+03 2.846531e+03 3.334603e+03 
2.307140e+03 1.985271e+03 2.073825e+03 2.445282e+03 1.801293e+03 1.864289e+03 2.059718e+03 2.089725e+03 1.671272e+03 2.233634e+03 1.913903e+03 2.144117e+03 2.509879e+03 1.989968e+03 2.149836e+03 2.402992e+03 2.187412e+03 1.795569e+03 2.345146e+03 2.204274e+03 2.147302e+03 1.859172e+03 2.018569e+03 2.179777e+03 2.560916e+03 2.197104e+03 2.012533e+03 2.178547e+03 2.058155e+03 2.177175e+03 
1.019531e+03 1.222921e+03 9.250852e+02 1.126591e+03 7.243341e+02 1.203551e+03 8.704902e+02 9.265000e+02 9.697972e+02 9.273707e+02 9.996280e+02 1.059819e+03 9.976786e+02 1.162954e+03 1.081419e+03 1.228651e+03 8.348059e+02 9.311132e+02 8.970255e+02 1.050138e+03 6.288881e+02 9.075798e+02 1.164070e+03 8.802017e+02 1.044150e+03 8.369281e+02 1.229735e+03 1.114159e+03 1.033444e+03 1.030535e+03 
1.948859e+02 2.988134e+02 1.999081e+02 3.494976e+02 2.211368e+02 1.978914e+02 2.037222e+02 2.842084e+02 2.116227e+02 1.362145e+02 1.619101e+02 2.319217e+02 2.824251e+02 1.971099e+02 2.583644e+02 1.728404e+02 1.897196e+02 1.933139e+02 1.640793e+02 2.263452e+02 2.301238e+02 1.328273e+02 1.899018e+02 1.902748e+02 2.077976e+02 2.249295e+02 1.456336e+02 2.682410e+02 1.233111e+02 1.733650e+02 
1.046482e+01 8.848996e+00 1.401353e+01 1.375841e+01 7.929486e+00 1.247859e+01 4.934791e+00 6.074894e+00 1.200073e+01 1.051745e+01 6.677617e+00 1.149900e+01 1.365051e+01 1.114109e+01 8.723011e+00 1.254501e+01 6.632676e+00 1.538268e+01 7.763538e+00 1.225121e+01 1.189118e+01 1.250763e+01 8.398828e+00 1.110424e+01 7.257323e+00 8.623785e+00 1.216774e+01 7.876936e+00 1.140098e+01 7.468217e+00 
7.093854e-03 6.354550e-03 9.045243e-03 2.088052e-02 9.316298e-03 7.697020e-03 2.251074e-03 6.753883e-03 1.247873e-02 2.668966e-03 5.550560e-03 4.935139e-03 1.004953e-02 8.881148e-03 7.788647e-03 1.121202e-02 2.098290e-03 9.576875e-03 5.716268e-03 3.529983e-03 7.428138e-03 3.766959e-03 2.025582e-02 6.040768e-03 7.370924e-03 8.305239e-03 4.904575e-03 4.146100e-03 9.221138e-03 3.892744e-03 
1.000000e-08 1.000000e-08 1.000000e-08 1.000000e-08 1.000000e-08 1.000000e-08 1.000000e-08 1.000000e-08 1.000000e-08 1.000000e-08 1.000000e-08 1.000000e-08 1.000000e-08 1.000000e-08 1.000000e-08 1.000000e-08 1.000000e-08 1.000000e-08 1.000000e-08 1.000000e-08 1.000000e-08 1.000000e-08 1.000000e-08 1.000000e-08 1.000000e-08 1.000000e-08 1.000000e-08 1.000000e-08 1.000000e-08 1.000000e-08 
1.000000e-08 1.000000e-08 1.000000e-08 1.000000e-08 1.000000e-08 1.000000e-08 1.000000e-08 1.000000e-08 1.000000e-08 1.000000e-08 1.000000e-08 1.000000e-08 1.000000e-08 1.000000e-08 1.000000e-08 1.000000e-08 1.000000e-08 1.000000e-08 1.000000e-08 1.000000e-08 1.000000e-08 1.000000e-08 1.000000e-08 1.000000e-08 1.000000e-08 1.000000e-08 1.000000e-08 1.000000e-08 1.000000e-08 1.000000e-08 
1.000000e-08 1.000000e-08 1.000000e-08 1.000000e-08 1.000000e-08 1.000000e-08 1.000000e-08 1.000000e-08 1.000000e-08 1.000000e-08 1.000000e-08 1.000000e-08 1.000000e-08 1.000000e-08 1.000000e-08 1.000000e-08 1.000000e-08 1.000000e-08 1.000000e-08 1.000000e-08 1.000000e-08 1.000000e-08 1.000000e-08 1.000000e-08 1.000000e-08 1.000000e-08 1.000000e-08 1.000000e-08 1.000000e-08 1.000000e-08 
1.000000e-08 1.000000e-08 1.000000e-08 1.000000e-08 1.000000e-08 1.000000e-08 1.000000e-08 1.000000e-08 1.000000e-08 1.000000e-08 1.000000e-08 1.000000e-08 1.000000e-08 1.000000e-08 1.000000e-08 1.000000e-08 1.000000e-08 1.000000e-08 1.000000e-08 1.000000e-08 1.000000e-08 1.000000e-08 1.000000e-08 1.000000e-08 1.000000e-08 1.000000e-08 1.000000e-08 1.000000e-08 1.000000e-08 1.000000e-08 
1.242470e+05 1.258310e+05 1.257430e+05 1.260950e+05 1.241590e+05 1.251270e+05 1.216070e+05 1.237190e+05 1.293510e+05 1.228390e+05 1.247750e+05 1.261830e+05 1.266230e+05 1.252150e+05 1.259190e+05 1.265350e+05 1.221350e+05 1.270630e+05 1.241590e+05 1.263590e+05 1.238070e+05 1.255670e+05 1.274150e+05 1.244230e+05 1.244230e+05 1.265350e+05 1.278550e+05 1.235430e+05 1.293510e+05 1.240710e+05 
