6.676447e+06 2.086788e+06 2.410515e+06 3.021555e+06 5.624424e+06 1.048072e+06 2.726919e+06 4.857976e+06 2.511408e+06 4.051805e+06 3.770734e+06 6.998325e+05 1.184846e+07 6.054104e+05 1.030102e+07 3.200509e+06 1.257298e+06 1.445830e+06 1.147295e+06 1.905321e+06 4.617092e+05 1.101351e+06 7.435864e+06 2.852207e+05 2.948274e+05 1.288236e+06 1.268542e+06 1.236378e+06 2.185201e+06 1.239524e+06 
6.676141e+06 1.187501e+06 1.151878e+06 3.021429e+06 1.837995e+06 3.036867e+04 2.726471e+06 1.431756e+06 4.824940e+05 4.051805e+06 3.770545e+06 2.762116e+05 3.312841e+06 6.051889e+05 4.334072e+06 3.200509e+06 1.257298e+06 1.445830e+06 1.147273e+06 1.905272e+06 4.617040e+05 1.015972e+06 3.059200e+04 2.844198e+05 2.948274e+05 1.470430e+04 1.268542e+06 1.235628e+06 2.185201e+06 1.239184e+06 
2.526124e+05 6.801052e+05 1.509845e+05 3.636984e+05 1.744111e+06 3.030069e+04 2.726471e+06 1.431756e+06 4.824940e+05 4.051776e+06 3.146537e+06 2.762116e+05 3.312771e+06 6.049984e+05 4.333642e+06 3.200509e+06 1.257297e+06 5.205775e+05 1.146722e+06 3.203744e+05 4.616866e+05 1.015972e+06 3.059200e+04 2.844198e+05 2.947656e+05 1.470430e+04 1.267980e+06 1.235628e+06 2.185175e+06 1.239184e+06 
2.526089e+05 6.801052e+05 1.509845e+05 3.636984e+05 1.743635e+06 2.995668e+04 2.726452e+06 1.431716e+06 4.824940e+05 4.051544e+06 3.146537e+06 2.762116e+05 3.312769e+06 2.291347e+05 2.043785e+06 3.200498e+06 1.257062e+06 5.205775e+05 1.146721e+06 3.203554e+05 4.616568e+05 1.015830e+06 3.059200e+04 2.844198e+05 2.946531e+05 1.469439e+04 1.102547e+06 1.235628e+06 2.184912e+06 9.714877e+05 
2.526089e+05 6.799773e+05 1.509545e+05 3.636984e+05 2.815382e+05 2.993175e+04 1.265119e+06 3.305985e+05 4.821769e+05 9.846644e+05 3.146537e+06 2.762051e+05 1.720215e+06 7.816217e+04 1.201941e+06 3.450187e+05 1.256961e+06 3.114384e+05 1.146698e+06 3.195768e+05 1.335484e+05 1.015245e+06 3.038409e+04 2.844198e+05 2.945725e+05 1.409975e+04 8.031753e+05 6.433163e+05 2.184869e+06 9.884830e+04 
2.526089e+05 6.796856e+05 1.509147e+05 3.636273e+05 2.815188e+05 2.993175e+04 1.498101e+04 3.305476e+05 1.171975e+05 9.189173e+05 1.876986e+06 2.694587e+05 6.494664e+05 7.804079e+04 7.993286e+05 3.450187e+05 1.256936e+06 1.889645e+05 9.929881e+04 1.028379e+05 1.149790e+05 6.017883e+05 3.038409e+04 2.844116e+05 2.368472e+05 1.409973e+04 8.031506e+05 6.433163e+05 5.315865e+05 9.849778e+04 
2.524774e+05 6.796366e+05 1.508476e+05 1.726817e+05 2.812797e+05 2.984894e+04 1.462021e+04 3.305476e+05 1.171873e+05 9.187527e+05 3.162189e+05 2.694019e+05 5.246394e+05 7.778908e+04 6.284881e+05 1.091343e+05 2.898905e+05 1.199629e+05 7.857409e+04 1.027891e+05 1.149790e+05 6.016764e+05 3.024995e+04 4.089311e+04 2.366541e+05 1.409973e+04 8.031506e+05 6.433163e+05 5.314196e+05 9.814017e+04 
2.802942e+04 4.362398e+05 1.507703e+05 9.238359e+04 1.698131e+05 2.984864e+04 1.461470e+04 1.965993e+05 1.170718e+05 5.330772e+05 1.400710e+05 2.694019e+05 3.793947e+04 7.749210e+04 2.837800e+05 1.090812e+05 9.597179e+04 1.888623e+04 3.886206e+04 1.027343e+05 1.142499e+05 1.303032e+05 3.024234e+04 4.089309e+04 2.886376e+03 1.387264e+04 1.534774e+05 1.506038e+05 2.859963e+05 9.812644e+04 
2.802128e+04 1.095745e+05 3.843504e+04 1.936215e+04 7.549644e+04 2.983857e+04 1.437337e+04 1.410210e+05 3.608967e+04 1.390347e+04 1.256764e+05 2.690706e+05 2.086922e+03 2.822143e+03 1.010631e+05 1.037635e+05 6.298690e+04 1.859171e+04 3.472457e+04 4.848159e+04 7.150480e+04 1.302836e+05 3.010915e+04 2.556612e+04 2.683843e+03 1.984239e+03 6.814504e+04 6.736708e+04 1.408826e+04 1.817330e+04 
1.887012e+04 2.791066e+04 1.068228e+04 1.072969e+04 2.143257e+04 2.384387e+04 1.429113e+04 8.378244e+03 2.807577e+04 7.866688e+03 4.620309e+04 9.039891e+04 1.972949e+03 2.821583e+03 6.512432e+04 1.890034e+04 6.298443e+04 1.856957e+04 2.293183e+04 3.168201e+04 1.350682e+04 3.750561e+04 3.007389e+04 2.543561e+04 2.628345e+03 1.946775e+03 5.644705e+04 4.676276e+04 7.437002e+03 1.811615e+04 
1.881290e+04 2.789925e+04 4.257343e+03 6.828813e+03 9.471572e+03 1.339958e+04 1.421722e+04 8.307601e+03 1.459311e+04 6.047647e+03 1.463485e+04 1.209274e+04 1.971807e+03 2.641755e+03 6.505471e+04 1.890026e+04 5.380532e+03 1.849337e+04 2.287364e+04 5.965627e+03 6.297801e+03 3.115905e+04 3.007284e+04 6.925180e+03 2.122502e+03 1.942785e+03 1.604139e+04 2.262390e+04 7.433060e+03 1.361382e+04 
1.662256e+04 7.930150e+03 4.252008e+03 6.771827e+03 9.343596e+03 1.186427e+04 2.374966e+03 3.882869e+03 1.457687e+04 6.047551e+03 1.340431e+03 7.250952e+03 1.971524e+03 2.639839e+03 2.745988e+04 1.890022e+04 2.315056e+03 1.849296e+04 1.835704e+04 5.957283e+03 4.498199e+03 3.111013e+04 9.352270e+03 5.680054e+03 2.054397e+03 1.816726e+03 1.135751e+03 2.037573e+04 2.586134e+03 6.784000e+03 
4.885895e+03 7.603548e+03 4.240002e+03 6.771728e+03 9.308323e+03 1.108855e+04 2.362060e+03 3.698602e+03 1.457254e+04 3.832656e+03 9.415216e+02 4.651537e+03 1.744890e+03 9.326365e+02 2.745985e+04 1.767668e+04 1.724110e+03 1.742271e+04 1.622923e+04 5.496914e+03 4.414215e+03 1.871172e+04 9.010611e+03 5.665176e+03 2.032180e+03 1.794578e+03 1.112658e+03 1.971669e+04 2.545258e+03 6.712540e+03 
2.957776e+03 5.918697e+03 4.208788e+03 6.641793e+03 9.013968e+03 1.107494e+04 1.888392e+03 3.652964e+03 1.455934e+04 2.994584e+03 7.223604e+02 4.647569e+03 1.736271e+03 9.255218e+02 2.569682e+04 1.612845e+04 1.721658e+03 1.741094e+04 1.622187e+04 5.426570e+03 4.366531e+03 1.436884e+04 9.010119e+03 5.664975e+03 1.985668e+03 1.692769e+03 1.102498e+03 1.971381e+04 1.716312e+03 6.607937e+03 
1.572937e+00 1.456365e+00 1.556930e+00 2.448010e+00 3.536476e+00 2.957912e+00 1.048341e+00 5.285825e-01 1.886609e+00 1.790164e+00 1.266737e+00 4.366412e+00 1.387954e+00 2.992775e+00 4.424653e+00 1.724870e+00 1.836357e+00 2.553485e+00 2.455537e+00 1.171655e+00 3.941106e+00 1.612993e+00 1.801769e+00 2.359225e+00 1.809204e+00 1.048109e+00 2.471905e+00 2.764375e+00 1.864818e+00 6.873336e+00 
5.654429e-01 3.524806e-01 4.415627e-05 2.416992e-03 1.932382e-04 4.220693e-01 2.694356e-04 3.985314e-01 4.938581e-01 3.286638e-01 3.542250e-01 9.092112e-04 4.809604e-01 4.765536e-01 2.278628e-01 9.243862e-02 6.293058e-01 4.622534e-01 4.997871e-01 2.518465e-04 3.433971e-01 7.820157e-05 3.199722e-01 3.084822e-01 6.234781e-01 3.126649e-01 1.621392e-03 4.100843e-05 2.306402e-01 4.998991e-01 
2.000000e+05 2.000000e+05 2.000000e+05 2.000000e+05 2.000000e+05 2.000000e+05 2.000000e+05 2.000000e+05 2.000000e+05 2.000000e+05 2.000000e+05 2.000000e+05 2.000000e+05 2.000000e+05 2.000000e+05 2.000000e+05 2.000000e+05 2.000000e+05 2.000000e+05 2.000000e+05 2.000000e+05 2.000000e+05 2.000000e+05 2.000000e+05 2.000000e+05 2.000000e+05 2.000000e+05 2.000000e+05 2.000000e+05 2.000000e+05 
