1.543729e+03 1.559348e+03 1.072824e+03 1.270726e+03 1.885490e+03 5.875521e+02 1.107581e+03 1.455270e+03 8.829617e+02 1.696673e+03 1.333501e+03 1.281159e+03 1.635126e+03 1.520028e+03 1.486388e+03 1.633872e+03 1.953703e+03 1.689710e+03 1.104247e+03 1.321339e+03 1.551223e+03 1.910179e+03 9.290496e+02 1.442136e+03 5.629157e+02 1.402620e+03 1.612441e+03 1.438955e+03 6.628192e+02 1.635574e+03 
1.091538e+03 1.559348e+03 9.127173e+02 1.209513e+03 1.478065e+03 5.875521e+02 8.026589e+02 1.132494e+03 8.829617e+02 1.124888e+03 1.333501e+03 1.281159e+03 1.352717e+03 1.520028e+03 1.153314e+03 1.491644e+03 7.941996e+02 1.658039e+03 1.056400e+03 1.107876e+03 1.238513e+03 1.158388e+03 8.759252e+02 1.442136e+03 4.109741e+02 1.337993e+03 8.154780e+02 1.365359e+03 6.628192e+02 1.194106e+03 
1.091538e+03 1.507568e+03 8.977053e+02 1.209513e+03 1.354684e+03 5.029688e+02 7.968920e+02 1.107025e+03 8.829617e+02 9.884887e+02 1.165141e+03 1.171836e+03 1.286974e+03 1.472938e+03 1.153314e+03 9.362600e+02 7.941996e+02 1.650290e+03 9.027288e+02 1.107876e+03 1.238513e+03 1.158388e+03 8.759252e+02 1.442136e+03 4.109741e+02 1.334861e+03 5.426152e+02 1.365359e+03 6.628192e+02 1.095164e+03 
9.777677e+02 2.916615e+02 7.459448e+02 1.182071e+03 1.331154e+03 4.791236e+02 7.943808e+02 5.420312e+02 8.378911e+02 9.884887e+02 1.156174e+03 1.171836e+03 1.286974e+03 4.097640e+02 1.059847e+03 8.882686e+02 7.941996e+02 1.619595e+03 9.027288e+02 1.107876e+03 1.159899e+03 1.115577e+03 8.759252e+02 1.362423e+03 4.109741e+02 1.179073e+03 4.295858e+02 8.592649e+02 3.165720e+02 1.095164e+03 
8.625572e+02 2.264062e+02 6.866080e+02 6.587638e+02 6.285141e+02 4.686829e+02 7.473038e+02 5.382415e+02 7.711939e+02 4.541964e+02 3.554660e+02 7.808137e+02 8.183064e+02 3.328609e+02 5.360147e+02 6.168781e+02 7.941996e+02 1.086204e+03 8.982236e+02 8.516090e+02 8.815369e+02 8.228480e+02 8.759252e+02 1.123618e+03 3.836251e+02 1.150238e+03 4.295858e+02 6.518088e+02 2.657959e+02 9.882338e+02 
3.618680e+02 1.986066e+02 5.598570e+02 5.682203e+02 4.338352e+02 4.686829e+02 4.291098e+02 3.371018e+02 1.839457e+02 4.382404e+02 3.552188e+02 6.289541e+02 5.084935e+02 2.856642e+02 2.664954e+02 1.764921e+02 3.286730e+02 7.651584e+02 2.846192e+02 4.071000e+02 6.695125e+02 5.379009e+02 5.219073e+02 6.028761e+02 3.218299e+02 6.009300e+02 3.337210e+02 1.876488e+02 2.473218e+02 5.110539e+02 
2.585622e+02 1.986066e+02 3.321790e+02 1.745860e+02 3.392518e+02 2.971780e+02 2.489584e+02 2.228265e+02 1.232224e+02 2.178740e+02 2.047724e+02 3.537893e+02 1.464936e+02 1.205648e+02 1.735748e+02 1.618757e+02 1.249355e+02 1.978481e+02 2.777889e+02 2.277116e+02 2.871130e+02 3.932282e+02 3.589399e+02 2.516046e+02 1.215309e+02 3.349911e+02 2.552533e+02 1.664712e+02 2.125110e+02 3.741854e+02 
1.983231e+02 1.723484e+02 2.172565e+02 1.397012e+02 1.895359e+02 1.919982e+02 1.324421e+02 1.907384e+02 9.525058e+01 1.631868e+02 1.357333e+02 1.090836e+02 1.221764e+02 7.838987e+01 1.293278e+02 9.918671e+01 9.856727e+01 1.463091e+02 1.711968e+02 1.346618e+02 2.376677e+02 1.786598e+02 1.908251e+02 1.867981e+02 9.352446e+01 1.649666e+02 1.312768e+02 1.515428e+02 2.001181e+02 1.944268e+02 
9.286226e+01 1.209525e+02 9.358997e+01 7.702238e+01 1.424929e+02 9.574760e+01 1.239749e+02 8.400219e+01 5.589946e+01 1.232711e+02 1.317414e+02 5.326882e+01 8.303949e+01 6.150953e+01 8.846692e+01 7.785691e+01 7.510255e+01 9.272792e+01 9.376147e+01 1.020059e+02 8.607363e+01 1.096752e+02 1.300681e+02 1.221885e+02 5.624140e+01 1.206470e+02 6.433910e+01 6.555633e+01 1.303542e+02 1.026175e+02 
6.776803e+01 3.958124e+01 4.195144e+01 3.222474e+01 1.059066e+02 4.024870e+01 1.119379e+02 7.920926e+01 4.491084e+01 4.753735e+01 1.145116e+02 4.441206e+01 5.178414e+01 4.413274e+01 5.426402e+01 5.501691e+01 4.692562e+01 5.454043e+01 5.962986e+01 6.826619e+01 5.324732e+01 4.891556e+01 9.270337e+01 7.757016e+01 4.309058e+01 1.137659e+02 3.264706e+01 6.352477e+01 7.973682e+01 6.707789e+01 
2.877852e+01 3.549043e+01 2.581705e+01 2.683195e+01 5.155404e+01 1.793180e+01 4.332859e+01 3.637658e+01 2.785536e+01 2.694523e+01 6.103835e+01 2.625708e+01 4.223260e+01 2.707745e+01 2.878983e+01 1.667147e+01 3.407702e+01 3.212354e+01 2.946701e+01 2.568352e+01 2.538476e+01 2.142340e+01 7.853569e+01 3.903586e+01 2.036562e+01 1.111188e+02 1.601199e+01 2.109967e+01 4.223782e+01 3.190391e+01 
3.885930e+00 2.538724e+01 2.516220e+01 1.269899e+01 2.742572e+01 7.446382e+00 2.486863e+01 1.982930e+01 5.231477e+00 6.525925e+00 2.735836e+01 1.584346e+01 1.823585e+01 5.703859e+00 2.391995e+01 4.281808e+00 1.567084e+01 2.441416e+01 2.144861e+01 8.049002e+00 7.019582e+00 6.118672e+00 3.031723e+01 1.666904e+01 6.801421e+00 1.050506e+02 5.687951e+00 3.029659e+00 9.940733e+00 1.424418e+01 
5.678652e-01 1.724185e+01 1.420940e+01 1.075334e+01 2.159839e+01 3.746636e-01 3.661293e+00 9.926287e+00 4.110737e-01 1.333258e+00 1.852483e+01 4.114860e+00 1.545475e+00 3.213039e+00 1.309270e+01 6.762738e-01 9.836910e-01 1.355239e+01 5.113833e+00 1.834465e-01 8.369448e-01 1.851066e-01 3.860989e+00 3.850960e+00 3.943577e-01 1.005984e+02 3.234720e-01 3.242926e-01 1.021425e+00 6.096245e-01 
4.205391e-02 3.108401e-01 2.548429e-01 5.705306e-02 1.201364e+01 8.117298e-02 3.867998e-02 5.895657e-02 7.126385e-03 6.116574e-02 1.831109e+01 5.107569e-02 7.853010e-02 1.549731e-01 3.743991e-01 1.905282e-02 9.047886e-02 1.337224e+01 4.178869e-01 2.580627e-02 3.164481e-02 1.463961e-02 6.436549e-02 1.484995e-01 2.161793e-02 1.000012e+02 6.923505e-02 1.757290e-02 3.457368e-02 8.915868e-02 
1.000000e-08 1.000000e-08 1.000000e-08 1.000000e-08 1.070009e+01 1.000000e-08 1.000000e-08 1.000000e-08 1.000000e-08 1.000000e-08 1.000000e-08 1.000000e-08 1.000000e-08 1.000000e-08 1.000000e-08 1.000000e-08 1.000000e-08 1.000000e-08 1.000000e-08 1.000000e-08 1.000000e-08 1.000000e-08 1.000000e-08 1.000000e-08 1.000000e-08 1.000000e+02 1.000000e-08 1.000000e-08 1.000000e-08 1.000000e-08 
1.000000e-08 1.000000e-08 1.000000e-08 1.000000e-08 1.000000e-08 1.000000e-08 1.000000e-08 1.000000e-08 1.000000e-08 1.000000e-08 1.000000e-08 1.000000e-08 1.000000e-08 1.000000e-08 1.000000e-08 1.000000e-08 1.000000e-08 1.000000e-08 1.000000e-08 1.000000e-08 1.000000e-08 1.000000e-08 1.000000e-08 1.000000e-08 1.000000e-08 1.000000e+02 1.000000e-08 1.000000e-08 1.000000e-08 1.000000e-08 
1.234890e+05 1.221350e+05 1.221750e+05 1.208840e+05 1.448680e+05 1.222180e+05 1.210500e+05 1.216370e+05 1.224240e+05 1.218030e+05 1.226680e+05 1.206270e+05 1.203770e+05 1.207110e+05 1.210060e+05 1.207970e+05 1.224230e+05 1.224610e+05 1.220920e+05 1.199560e+05 1.218480e+05 1.215960e+05 1.213420e+05 1.216360e+05 1.197880e+05 2.000000e+05 1.209630e+05 1.213440e+05 1.215540e+05 1.224220e+05 
