9.766658e+02 8.779771e+03 6.890095e+04 1.466760e+04 2.541468e+04 2.290552e+04 6.277600e+04 3.004024e+04 3.506390e+04 9.729947e+04 5.818020e+04 2.701068e+04 6.071090e+04 2.983825e+04 1.574525e+04 1.965875e+04 2.601700e+04 3.061440e+04 4.904767e+04 2.448116e+04 2.343351e+04 4.306982e+04 4.786959e+04 4.971908e+04 3.864233e+03 8.214937e+03 8.003663e+03 1.026853e+04 5.522856e+03 9.176614e+03 
9.766658e+02 8.474261e+03 2.527527e+04 2.919663e+03 1.846662e+04 2.290552e+04 9.141264e+03 2.978766e+04 3.468156e+04 6.670436e+04 5.811607e+04 2.701068e+04 2.426961e+04 1.058112e+04 6.664013e+03 1.537526e+04 2.469339e+04 4.092090e+03 2.964331e+04 2.075814e+04 2.282447e+04 9.208135e+03 2.709779e+04 4.971891e+04 3.841380e+03 8.214937e+03 5.209213e+03 1.026853e+04 5.522248e+03 9.030250e+03 
9.766658e+02 8.458537e+03 1.544245e+04 2.919663e+03 1.846662e+04 2.290552e+04 8.740370e+03 5.281418e+03 1.998179e+03 6.670436e+04 1.730779e+04 2.701068e+04 1.182952e+04 9.679207e+03 2.805244e+03 4.129812e+03 8.614254e+03 1.892539e+03 2.964331e+04 2.071244e+04 1.187639e+04 9.203423e+03 2.704201e+04 2.948627e+04 3.839025e+03 8.214937e+03 5.209213e+03 4.774045e+03 5.522248e+03 9.030250e+03 
8.655837e+02 2.555156e+02 4.930240e+03 2.879858e+03 1.846662e+04 1.646199e+04 8.740370e+03 5.166513e+03 1.822848e+03 6.425532e+04 1.665477e+04 2.267825e+04 6.738303e+03 1.855414e+03 2.805244e+03 2.286664e+03 8.590991e+03 1.565314e+03 3.999243e+03 1.367959e+04 6.173354e+03 9.203423e+03 2.704201e+04 1.998086e+03 3.276791e+03 8.214937e+03 5.209213e+03 4.774045e+03 5.522248e+03 9.030250e+03 
3.063818e+01 2.479244e+02 4.637809e+02 4.465472e+02 1.270807e+04 2.699139e+03 8.740370e+03 4.694909e+03 1.822848e+03 2.118477e+04 6.596330e+03 2.276893e+03 4.126826e+03 1.306447e+03 2.164358e+03 2.286664e+03 9.585943e+02 1.565314e+03 3.751442e+03 5.505464e+02 3.562327e+03 7.161074e+03 2.085403e+04 8.405885e+01 3.112110e+03 6.204763e+03 1.495860e+03 4.340678e+03 5.522248e+03 5.702040e+03 
3.063818e+01 2.893294e+01 3.776859e+02 1.703666e+02 3.161576e+01 1.359290e+03 3.324597e+03 1.007154e+03 1.434131e+03 2.917489e+03 6.875746e+02 2.015870e+03 4.224593e+01 7.693981e+02 7.180561e+02 1.518652e+03 7.443879e+02 7.038760e+02 5.797221e+02 1.076945e+01 9.802610e+02 1.869527e+02 3.304028e+03 3.495413e+01 3.662666e+02 1.751744e+02 3.379035e+02 1.308677e+03 7.130346e+02 3.206511e+02 
3.026716e+01 1.556992e+01 1.498344e+02 9.059801e+01 2.946980e+01 1.653271e+01 1.377859e+02 2.044462e+02 8.518259e+01 5.897138e+01 1.340231e+02 4.256018e+01 3.939382e+01 9.158062e+01 2.676025e+02 2.596444e+02 1.011860e+02 2.182237e+02 4.880076e+01 9.701683e+00 2.198128e+01 1.627881e+02 7.695963e+01 3.495413e+01 2.082695e+01 3.958543e+01 2.497343e+01 3.734391e+01 7.323917e+01 1.081601e+02 
1.871594e+01 1.120500e+01 1.207765e+01 3.021117e+01 7.269019e+00 9.170145e+00 1.405936e+01 9.250151e+00 1.271762e+01 9.167100e+00 1.644178e+01 3.139526e+01 1.232253e+01 1.205337e+01 2.067375e+01 1.020905e+01 2.206096e+01 2.858472e+01 1.511036e+01 6.900349e+00 9.928778e+00 1.163331e+01 1.072501e+01 1.102549e+01 7.591526e+00 8.385557e+00 8.463156e+00 1.238502e+01 5.017923e+00 9.757650e+00 
5.255927e+00 4.799514e+00 5.432676e+00 3.045270e+00 3.542236e+00 5.117393e+00 5.422121e+00 4.785508e+00 4.579768e+00 4.096556e+00 3.546047e+00 7.005070e+00 4.136301e+00 5.824994e+00 5.602041e+00 5.581254e+00 6.283481e+00 4.772731e+00 4.366608e+00 3.956547e+00 4.494255e+00 6.415659e+00 7.005733e+00 4.707888e+00 4.266885e+00 5.581989e+00 3.068172e+00 3.778760e+00 3.854392e+00 3.520235e+00 
2.963721e+00 2.508168e+00 2.156162e+00 1.619673e+00 1.898607e+00 2.362696e+00 2.599119e+00 2.132847e+00 1.892766e+00 2.073430e+00 2.890230e+00 2.746936e+00 1.954018e+00 2.378893e+00 2.641535e+00 2.164225e+00 2.475861e+00 2.258999e+00 2.609905e+00 2.136909e+00 2.413283e+00 1.886705e+00 2.051789e+00 2.555111e+00 2.123739e+00 1.674811e+00 2.579025e+00 1.600124e+00 2.445991e+00 3.005856e+00 
1.230488e+00 1.058831e+00 1.012747e+00 6.317441e-01 1.083151e+00 8.131238e-01 1.015488e+00 7.900757e-01 1.143002e+00 1.484301e+00 1.157344e+00 1.244773e+00 7.831521e-01 1.170736e+00 1.348388e+00 1.462089e+00 1.443802e+00 1.185877e+00 1.181221e+00 9.331333e-01 1.030999e+00 1.115269e+00 1.216231e+00 7.469668e-01 1.268696e+00 1.065527e+00 1.269715e+00 8.502414e-01 9.822268e-01 1.305012e+00 
4.025251e-01 6.800849e-01 4.521861e-01 3.904460e-01 4.577921e-01 6.092811e-01 3.157489e-01 5.592646e-01 8.640945e-01 6.420590e-01 6.351236e-01 5.729459e-01 6.426363e-01 6.396429e-01 6.180362e-01 5.551101e-01 7.766455e-01 4.819903e-01 5.109390e-01 5.288969e-01 5.878846e-01 2.791646e-01 4.641074e-01 3.304963e-01 4.927981e-01 6.098855e-01 5.036637e-01 5.441353e-01 4.340323e-01 9.201590e-01 
1.912733e-01 2.142757e-01 8.154463e-02 2.117493e-01 6.717458e-02 3.270998e-01 1.322386e-01 1.571206e-01 3.109605e-01 1.227126e-01 1.049629e-01 1.934574e-01 3.671784e-01 1.750842e-01 1.625560e-01 3.485851e-01 2.521062e-01 1.325698e-01 2.329279e-01 2.399743e-01 2.482620e-01 8.529512e-02 1.685290e-01 7.863247e-02 1.397578e-01 1.348062e-01 4.061238e-01 2.365498e-01 2.627730e-01 2.191544e-01 
1.316323e-01 1.357483e-01 7.141702e-02 1.097275e-01 3.535444e-02 7.411641e-02 1.184273e-01 7.335841e-02 2.144447e-01 6.373721e-02 5.223563e-02 9.210797e-02 1.603480e-01 5.602669e-02 1.094852e-01 6.720832e-02 1.181889e-01 6.922519e-02 1.387754e-01 1.037369e-01 1.794531e-01 1.473472e-02 1.073288e-01 6.416056e-02 5.376346e-02 7.938065e-02 2.085156e-01 7.706024e-02 1.327454e-01 1.641995e-01 
1.288312e-01 5.967129e-02 6.947380e-02 9.661922e-02 2.639518e-02 6.863190e-02 1.036777e-01 7.076742e-02 1.846291e-01 2.369450e-02 3.888870e-02 7.364187e-02 1.376090e-01 4.621868e-02 6.898138e-02 3.571704e-02 8.038639e-02 4.563258e-02 5.876691e-02 8.077079e-02 1.365290e-01 1.369677e-02 8.571977e-02 6.200877e-02 4.579517e-02 7.313213e-02 8.680734e-02 7.551402e-02 8.951721e-02 1.282040e-01 
1.288312e-01 1.000000e-08 1.101641e-02 1.976447e-02 1.975943e-02 6.863190e-02 2.961228e-02 1.975814e-02 1.719680e-01 1.975814e-02 3.576287e-02 7.364187e-02 1.974234e-02 3.100803e-02 6.898138e-02 1.000000e-08 3.130456e-02 1.982166e-02 5.876691e-02 4.951102e-02 4.941377e-02 1.000000e-08 9.870383e-03 6.200877e-02 1.975943e-02 9.876901e-03 4.995325e-02 7.551402e-02 9.876901e-03 1.282040e-01 
2.000000e+05 1.730580e+05 2.000000e+05 2.000000e+05 2.000000e+05 2.000000e+05 2.000000e+05 2.000000e+05 2.000000e+05 2.000000e+05 2.000000e+05 2.000000e+05 2.000000e+05 2.000000e+05 2.000000e+05 1.815260e+05 2.000000e+05 2.000000e+05 2.000000e+05 2.000000e+05 2.000000e+05 1.885640e+05 2.000000e+05 2.000000e+05 2.000000e+05 2.000000e+05 2.000000e+05 2.000000e+05 2.000000e+05 2.000000e+05 
