8.673121e+02 1.353341e+03 1.283199e+03 1.353380e+03 1.385618e+03 1.023237e+03 1.299220e+03 1.321870e+03 1.250595e+03 1.049199e+03 1.428378e+03 1.401381e+03 1.344466e+03 1.154258e+03 1.367979e+03 1.369819e+03 1.682417e+03 1.426731e+03 1.149983e+03 1.342268e+03 1.547647e+03 1.284047e+03 1.530032e+03 1.089897e+03 1.427476e+03 1.280703e+03 1.463474e+03 1.445956e+03 1.424380e+03 1.274102e+03 
8.673121e+02 1.116328e+03 1.277612e+03 1.353380e+03 1.385618e+03 1.018849e+03 1.247790e+03 1.307942e+03 1.192316e+03 1.049199e+03 1.428378e+03 1.351610e+03 1.344466e+03 1.150806e+03 1.311002e+03 1.226690e+03 1.682417e+03 1.233587e+03 1.149983e+03 1.341132e+03 1.547647e+03 1.275259e+03 1.279970e+03 1.089897e+03 1.427476e+03 1.280703e+03 1.416759e+03 1.431166e+03 1.387089e+03 1.274102e+03 
8.673121e+02 8.683614e+02 1.252317e+03 1.324533e+03 1.385618e+03 9.876431e+02 1.170361e+03 1.265108e+03 1.192316e+03 1.049199e+03 1.222041e+03 1.351610e+03 1.301358e+03 1.127669e+03 1.295623e+03 1.209229e+03 1.615110e+03 1.229900e+03 1.028442e+03 1.341132e+03 1.547647e+03 1.225324e+03 1.275007e+03 1.047022e+03 1.361147e+03 1.280703e+03 1.287059e+03 1.398489e+03 1.387089e+03 9.479909e+02 
8.673121e+02 7.747627e+02 1.241802e+03 1.214340e+03 1.300178e+03 9.787587e+02 1.140315e+03 1.074707e+03 1.151499e+03 9.463619e+02 1.167405e+03 1.307299e+03 1.283264e+03 1.127669e+03 1.137551e+03 9.623697e+02 1.533136e+03 1.108693e+03 1.018572e+03 1.341132e+03 1.313652e+03 1.214235e+03 1.060202e+03 1.035019e+03 1.312807e+03 1.180314e+03 1.236178e+03 1.347077e+03 1.215173e+03 7.644584e+02 
7.563783e+02 7.417115e+02 1.079751e+03 9.201724e+02 9.887854e+02 9.698560e+02 1.061938e+03 9.367795e+02 1.151499e+03 8.435012e+02 1.020209e+03 1.119911e+03 9.928387e+02 9.653662e+02 1.135353e+03 9.004265e+02 1.388684e+03 9.982846e+02 8.775884e+02 1.047020e+03 1.130119e+03 9.929609e+02 9.337573e+02 9.147484e+02 1.082682e+03 1.153116e+03 1.216939e+03 1.202450e+03 1.107051e+03 7.057162e+02 
6.252417e+02 7.368045e+02 7.718026e+02 7.041772e+02 8.127034e+02 7.926736e+02 8.661379e+02 8.188842e+02 7.459446e+02 8.025072e+02 8.274276e+02 8.213038e+02 8.860194e+02 6.672955e+02 7.435570e+02 6.968950e+02 1.038393e+03 8.056366e+02 7.324685e+02 7.716288e+02 9.054824e+02 5.955066e+02 7.503993e+02 6.776768e+02 8.051969e+02 9.248350e+02 8.235288e+02 7.878543e+02 8.639115e+02 6.285104e+02 
5.122719e+02 4.173393e+02 2.856466e+02 4.139594e+02 4.804200e+02 4.825356e+02 5.374909e+02 5.347379e+02 5.004314e+02 4.751626e+02 4.772287e+02 4.529919e+02 4.613068e+02 5.281695e+02 4.333145e+02 5.606269e+02 5.437913e+02 4.584804e+02 5.306256e+02 5.128051e+02 5.706175e+02 4.367651e+02 4.668026e+02 4.316788e+02 4.306835e+02 4.053464e+02 5.389861e+02 4.737700e+02 4.493892e+02 4.824115e+02 
2.069395e+02 2.669775e+02 1.845102e+02 2.418382e+02 1.829966e+02 2.623530e+02 2.207857e+02 2.498237e+02 2.340495e+02 1.875575e+02 2.461130e+02 2.370202e+02 2.481246e+02 2.257803e+02 1.668801e+02 2.434964e+02 2.558474e+02 1.881056e+02 2.231863e+02 1.968305e+02 2.356452e+02 1.984695e+02 2.190090e+02 2.316758e+02 2.327909e+02 2.566545e+02 2.453783e+02 2.560383e+02 2.058912e+02 2.547847e+02 
1.101968e+02 1.086727e+02 9.740540e+01 9.841072e+01 9.682927e+01 1.104895e+02 1.093026e+02 9.004684e+01 9.205449e+01 9.523037e+01 9.474794e+01 1.166019e+02 1.011431e+02 1.199896e+02 1.138055e+02 9.604880e+01 1.140135e+02 1.033533e+02 1.004231e+02 1.146622e+02 1.102069e+02 1.127929e+02 7.838420e+01 1.133660e+02 9.018534e+01 1.018658e+02 1.082577e+02 1.076413e+02 1.052907e+02 1.232923e+02 
3.891339e+01 4.106768e+01 4.170114e+01 3.990328e+01 3.857807e+01 4.629135e+01 4.166444e+01 3.897660e+01 4.141576e+01 4.177405e+01 3.790623e+01 4.062078e+01 4.126262e+01 4.549470e+01 4.180806e+01 4.026289e+01 3.727051e+01 4.416338e+01 3.767881e+01 3.908633e+01 4.262140e+01 4.139276e+01 3.865361e+01 3.798091e+01 3.872033e+01 3.842890e+01 3.667456e+01 3.806466e+01 3.734448e+01 3.730676e+01 
2.075980e+01 2.078006e+01 2.073888e+01 2.063709e+01 2.067970e+01 2.037148e+01 2.055183e+01 2.046462e+01 2.043846e+01 2.086340e+01 2.082282e+01 2.056953e+01 2.061011e+01 2.152854e+01 2.103324e+01 2.041022e+01 2.044847e+01 2.041823e+01 2.110967e+01 2.044793e+01 2.052762e+01 2.073304e+01 2.059228e+01 2.050552e+01 2.065563e+01 2.103061e+01 2.050610e+01 2.060252e+01 2.057948e+01 2.060020e+01 
2.016173e+01 2.016173e+01 2.016173e+01 2.016173e+01 2.016173e+01 2.016173e+01 2.016173e+01 2.016173e+01 2.016173e+01 2.016173e+01 2.016173e+01 2.016173e+01 2.016173e+01 2.016173e+01 2.016173e+01 2.016173e+01 2.016173e+01 2.016173e+01 2.016173e+01 2.016173e+01 2.016173e+01 2.016173e+01 2.016173e+01 2.016173e+01 2.016173e+01 2.016173e+01 2.016173e+01 2.016173e+01 2.016173e+01 2.016173e+01 
2.016173e+01 2.016173e+01 2.016173e+01 2.016173e+01 2.016173e+01 2.016173e+01 2.016173e+01 2.016173e+01 2.016173e+01 2.016173e+01 2.016173e+01 2.016173e+01 2.016173e+01 2.016173e+01 2.016173e+01 2.016173e+01 2.016173e+01 2.016173e+01 2.016173e+01 2.016173e+01 2.016173e+01 2.016173e+01 2.016173e+01 2.016173e+01 2.016173e+01 2.016173e+01 2.016173e+01 2.016173e+01 2.016173e+01 2.016173e+01 
2.016173e+01 2.016173e+01 2.016173e+01 2.016173e+01 2.016173e+01 2.016173e+01 2.016173e+01 2.016173e+01 2.016173e+01 2.016173e+01 2.016173e+01 2.016173e+01 2.016173e+01 2.016173e+01 2.016173e+01 2.016173e+01 2.016173e+01 2.016173e+01 2.016173e+01 2.016173e+01 2.016173e+01 2.016173e+01 2.016173e+01 2.016173e+01 2.016173e+01 2.016173e+01 2.016173e+01 2.016173e+01 2.016173e+01 2.016173e+01 
2.016173e+01 2.016173e+01 2.016173e+01 2.016173e+01 2.016173e+01 2.016173e+01 2.016173e+01 2.016173e+01 2.016173e+01 2.016173e+01 2.016173e+01 2.016173e+01 2.016173e+01 2.016173e+01 2.016173e+01 2.016173e+01 2.016173e+01 2.016173e+01 2.016173e+01 2.016173e+01 2.016173e+01 2.016173e+01 2.016173e+01 2.016173e+01 2.016173e+01 2.016173e+01 2.016173e+01 2.016173e+01 2.016173e+01 2.016173e+01 
2.016173e+01 2.016173e+01 2.016173e+01 2.016173e+01 2.016173e+01 2.016173e+01 2.016173e+01 2.016173e+01 2.016173e+01 2.016173e+01 2.016173e+01 2.016173e+01 2.016173e+01 2.016173e+01 2.016173e+01 2.016173e+01 2.016173e+01 2.016173e+01 2.016173e+01 2.016173e+01 2.016173e+01 2.016173e+01 2.016173e+01 2.016173e+01 2.016173e+01 2.016173e+01 2.016173e+01 2.016173e+01 2.016173e+01 2.016173e+01 
1.000000e+06 1.000000e+06 1.000000e+06 1.000000e+06 1.000000e+06 1.000000e+06 1.000000e+06 1.000000e+06 1.000000e+06 1.000000e+06 1.000000e+06 1.000000e+06 1.000000e+06 1.000000e+06 1.000000e+06 1.000000e+06 1.000000e+06 1.000000e+06 1.000000e+06 1.000000e+06 1.000000e+06 1.000000e+06 1.000000e+06 1.000000e+06 1.000000e+06 1.000000e+06 1.000000e+06 1.000000e+06 1.000000e+06 1.000000e+06 
