5.740543e+03 5.035982e+03 4.847245e+03 5.274732e+03 3.978925e+03 4.829535e+03 5.634789e+03 4.610694e+03 5.553388e+03 3.956273e+03 4.326610e+03 5.543824e+03 3.661334e+03 5.420834e+03 4.849763e+03 4.377620e+03 4.529557e+03 5.395744e+03 5.923009e+03 4.556032e+03 4.155506e+03 5.312768e+03 4.884182e+03 4.168386e+03 5.128243e+03 6.077954e+03 4.285388e+03 6.103866e+03 4.817347e+03 4.514769e+03 
5.626331e+03 4.897818e+03 4.814068e+03 5.179013e+03 3.978925e+03 4.829535e+03 5.592021e+03 4.610694e+03 5.553388e+03 3.956273e+03 4.165880e+03 5.500215e+03 3.661334e+03 5.420834e+03 4.471297e+03 4.377620e+03 4.057773e+03 5.184925e+03 5.923009e+03 4.556032e+03 4.155506e+03 5.312768e+03 4.723146e+03 4.168386e+03 5.128243e+03 5.216985e+03 4.285388e+03 6.074682e+03 4.817347e+03 4.514769e+03 
5.253186e+03 4.758535e+03 4.594831e+03 4.015960e+03 3.978925e+03 4.829535e+03 4.269918e+03 4.610694e+03 4.784093e+03 3.956273e+03 4.165880e+03 5.500215e+03 3.661334e+03 4.641347e+03 4.100898e+03 4.371780e+03 4.057773e+03 4.668365e+03 5.758463e+03 3.800785e+03 4.083889e+03 4.194666e+03 4.723146e+03 4.168386e+03 4.615431e+03 5.216985e+03 4.058839e+03 5.397568e+03 4.817347e+03 4.101232e+03 
4.935581e+03 4.411546e+03 4.490262e+03 4.015960e+03 3.411525e+03 4.312460e+03 4.158884e+03 4.264715e+03 4.050342e+03 3.660743e+03 3.612731e+03 4.401402e+03 3.625457e+03 4.318420e+03 4.100898e+03 2.450720e+03 4.024975e+03 4.668365e+03 5.032719e+03 3.799035e+03 3.995434e+03 4.194666e+03 4.604274e+03 3.948458e+03 4.576372e+03 5.152424e+03 4.058839e+03 4.920696e+03 4.684841e+03 3.701458e+03 
4.566221e+03 3.265884e+03 4.010973e+03 3.725409e+03 3.364929e+03 4.295366e+03 3.891443e+03 3.556339e+03 3.115008e+03 3.402758e+03 3.049100e+03 3.678644e+03 3.487057e+03 3.811727e+03 3.848583e+03 2.301041e+03 2.848212e+03 4.032965e+03 4.670135e+03 3.445434e+03 3.569122e+03 3.928926e+03 4.139564e+03 2.888026e+03 3.582463e+03 3.986901e+03 3.762278e+03 4.148219e+03 4.684841e+03 2.490647e+03 
3.217960e+03 2.768221e+03 3.390740e+03 2.906166e+03 2.578748e+03 3.496237e+03 1.961578e+03 2.951554e+03 2.543770e+03 2.809412e+03 2.661288e+03 2.654659e+03 3.004132e+03 2.629337e+03 2.896781e+03 1.995910e+03 2.609382e+03 2.674324e+03 3.456516e+03 3.244818e+03 2.975602e+03 3.176827e+03 2.612788e+03 2.253651e+03 3.029737e+03 2.829835e+03 2.878564e+03 2.207910e+03 3.753025e+03 2.169790e+03 
1.939502e+03 1.746228e+03 1.822201e+03 1.946668e+03 1.093050e+03 1.581973e+03 9.719303e+02 9.541315e+02 1.461864e+03 1.555447e+03 1.784857e+03 1.451355e+03 1.317635e+03 1.202415e+03 1.154938e+03 1.204641e+03 1.364339e+03 1.727909e+03 1.206986e+03 1.330928e+03 1.021352e+03 1.369742e+03 8.334613e+02 1.516399e+03 1.352631e+03 1.553144e+03 2.052605e+03 1.009722e+03 1.762219e+03 1.309140e+03 
4.715181e+02 4.454321e+02 4.684302e+02 6.485202e+02 5.544452e+02 7.106285e+02 5.822663e+02 5.389149e+02 7.110342e+02 5.961168e+02 5.237443e+02 4.087308e+02 5.405301e+02 5.841864e+02 7.014149e+02 4.968418e+02 6.981275e+02 7.061089e+02 5.615789e+02 4.358449e+02 3.149685e+02 5.447030e+02 6.171592e+02 3.958035e+02 3.927201e+02 6.592349e+02 9.760060e+02 5.687555e+02 8.016141e+02 5.163715e+02 
3.095034e+02 2.385241e+02 2.492319e+02 2.297770e+02 3.049955e+02 2.345050e+02 2.426796e+02 1.970113e+02 2.683582e+02 2.325809e+02 2.302003e+02 2.158110e+02 2.520272e+02 3.265703e+02 1.797684e+02 2.728186e+02 2.385080e+02 2.668496e+02 2.716823e+02 2.530763e+02 2.681304e+02 2.165590e+02 2.637660e+02 2.584648e+02 2.543789e+02 2.652315e+02 2.752410e+02 2.932017e+02 2.855750e+02 2.893530e+02 
1.714325e+02 1.549660e+02 1.446526e+02 1.456906e+02 1.523548e+02 1.555542e+02 1.424956e+02 1.413324e+02 1.644531e+02 1.674994e+02 1.445440e+02 1.443547e+02 1.363998e+02 1.646657e+02 1.353232e+02 1.401262e+02 1.513825e+02 1.346803e+02 1.803993e+02 1.538947e+02 1.548542e+02 1.382093e+02 1.742595e+02 1.432685e+02 1.580892e+02 1.436019e+02 1.571342e+02 1.585192e+02 1.531964e+02 1.458640e+02 
1.174095e+02 1.162461e+02 1.164742e+02 1.188234e+02 9.170300e+01 8.794313e+01 1.201826e+02 1.178615e+02 1.169746e+02 1.192767e+02 1.116817e+02 7.715571e+01 1.154822e+02 1.217470e+02 1.094826e+02 1.166592e+02 1.175677e+02 1.193171e+02 1.247217e+02 1.160108e+02 1.199160e+02 1.185663e+02 1.239567e+02 1.137905e+02 1.212404e+02 1.186157e+02 1.220856e+02 1.162078e+02 1.194707e+02 1.168046e+02 
1.085111e+02 1.069798e+02 1.020265e+02 1.077833e+02 5.110724e+01 4.465525e+01 1.098312e+02 1.088188e+02 1.056603e+02 1.091590e+02 4.687090e+01 6.502311e+01 1.037392e+02 1.087459e+02 5.718968e+01 1.064884e+02 1.071153e+02 1.050615e+02 1.104229e+02 1.048897e+02 1.090626e+02 1.057974e+02 1.113185e+02 1.036509e+02 1.101341e+02 1.057117e+02 1.108365e+02 1.076826e+02 1.056998e+02 1.024463e+02 
1.000228e+02 1.000296e+02 1.000054e+02 1.000403e+02 3.965010e+01 7.403214e+00 1.000181e+02 1.000235e+02 1.000196e+02 1.000197e+02 3.737125e+01 3.875145e+01 1.000131e+02 1.000141e+02 2.454678e+01 1.000103e+02 1.000136e+02 1.000098e+02 1.000712e+02 1.000066e+02 1.000204e+02 1.000199e+02 1.000709e+02 1.000310e+02 1.000237e+02 1.000274e+02 1.000176e+02 1.000219e+02 1.000153e+02 1.000095e+02 
1.000000e+02 1.000000e+02 1.000000e+02 1.000000e+02 3.435529e+01 1.867073e+00 1.000000e+02 1.000000e+02 1.000000e+02 1.000000e+02 8.199640e+00 3.276950e+01 1.000000e+02 1.000000e+02 2.607473e+00 1.000000e+02 1.000000e+02 1.000000e+02 1.000000e+02 1.000000e+02 1.000000e+02 1.000000e+02 1.000000e+02 1.000000e+02 1.000000e+02 1.000000e+02 1.000000e+02 1.000000e+02 1.000000e+02 1.000000e+02 
1.000000e+02 1.000000e+02 1.000000e+02 1.000000e+02 1.000000e-08 1.000000e-08 1.000000e+02 1.000000e+02 1.000000e+02 1.000000e+02 1.000000e-08 1.000000e-08 1.000000e+02 1.000000e+02 1.000000e-08 1.000000e+02 1.000000e+02 1.000000e+02 1.000000e+02 1.000000e+02 1.000000e+02 1.000000e+02 1.000000e+02 1.000000e+02 1.000000e+02 1.000000e+02 1.000000e+02 1.000000e+02 1.000000e+02 1.000000e+02 
1.000000e+02 1.000000e+02 1.000000e+02 1.000000e+02 1.000000e-08 1.000000e-08 1.000000e+02 1.000000e+02 1.000000e+02 1.000000e+02 1.000000e-08 1.000000e-08 1.000000e+02 1.000000e+02 1.000000e-08 1.000000e+02 1.000000e+02 1.000000e+02 1.000000e+02 1.000000e+02 1.000000e+02 1.000000e+02 1.000000e+02 1.000000e+02 1.000000e+02 1.000000e+02 1.000000e+02 1.000000e+02 1.000000e+02 1.000000e+02 
1.000000e+06 1.000000e+06 1.000000e+06 1.000000e+06 5.383010e+05 5.370990e+05 1.000000e+06 1.000000e+06 1.000000e+06 1.000000e+06 5.372880e+05 5.359380e+05 1.000000e+06 1.000000e+06 5.367200e+05 1.000000e+06 1.000000e+06 1.000000e+06 1.000000e+06 1.000000e+06 1.000000e+06 1.000000e+06 1.000000e+06 1.000000e+06 1.000000e+06 1.000000e+06 1.000000e+06 1.000000e+06 1.000000e+06 1.000000e+06 
