5.831475e+03 5.353475e+03 5.414999e+03 5.483252e+03 4.855933e+03 5.772375e+03 4.915365e+03 5.753041e+03 5.997422e+03 5.497715e+03 5.793988e+03 5.426024e+03 4.896285e+03 4.406007e+03 5.882919e+03 5.492714e+03 6.213250e+03 5.731076e+03 3.892805e+03 5.416493e+03 6.206304e+03 5.863319e+03 5.573608e+03 5.755481e+03 5.207194e+03 5.235763e+03 5.717156e+03 5.598124e+03 5.836742e+03 5.175775e+03 
5.831475e+03 5.353475e+03 5.259386e+03 5.483252e+03 4.855933e+03 5.557783e+03 4.915365e+03 5.652302e+03 5.997422e+03 5.497715e+03 5.283734e+03 4.924353e+03 4.896285e+03 4.406007e+03 5.630698e+03 5.492714e+03 6.213250e+03 5.694670e+03 3.887151e+03 5.416493e+03 6.206304e+03 5.863319e+03 5.566883e+03 5.755481e+03 5.207194e+03 5.105854e+03 5.717156e+03 5.598124e+03 4.830809e+03 5.175775e+03 
5.601029e+03 5.353475e+03 4.552698e+03 4.973555e+03 4.855933e+03 5.340210e+03 4.540196e+03 5.551980e+03 5.906401e+03 5.036436e+03 5.128567e+03 4.924353e+03 4.765166e+03 4.154918e+03 5.357745e+03 5.217848e+03 5.791565e+03 5.406406e+03 3.887151e+03 4.836191e+03 5.612942e+03 5.863319e+03 5.034731e+03 5.393433e+03 5.207194e+03 4.921275e+03 5.521605e+03 5.116473e+03 4.830809e+03 5.175775e+03 
5.601029e+03 5.070154e+03 4.540988e+03 4.193047e+03 4.722399e+03 5.142000e+03 4.372929e+03 4.831048e+03 5.445624e+03 5.036436e+03 4.891953e+03 4.924353e+03 4.485503e+03 3.913611e+03 4.733015e+03 4.998227e+03 5.376225e+03 5.110055e+03 3.887151e+03 4.354898e+03 5.077667e+03 5.011442e+03 4.975495e+03 5.139031e+03 5.066694e+03 4.873990e+03 5.152805e+03 4.940316e+03 4.810753e+03 4.688043e+03 
5.058318e+03 4.266852e+03 4.012735e+03 3.878413e+03 4.296698e+03 4.655544e+03 3.841828e+03 4.161891e+03 4.604568e+03 4.043865e+03 4.724317e+03 4.488306e+03 4.485503e+03 3.797108e+03 4.612545e+03 4.574473e+03 5.098616e+03 4.476549e+03 3.479441e+03 4.330095e+03 4.613086e+03 4.917196e+03 4.686662e+03 5.139031e+03 4.579051e+03 4.818818e+03 4.842898e+03 4.502218e+03 4.672722e+03 4.029817e+03 
4.595212e+03 3.844692e+03 3.804067e+03 3.803032e+03 3.975486e+03 3.916764e+03 3.486756e+03 4.161891e+03 4.239937e+03 3.039975e+03 3.978634e+03 3.849140e+03 3.362841e+03 3.597198e+03 3.687479e+03 4.104248e+03 4.420638e+03 4.260394e+03 3.404510e+03 4.106280e+03 3.839941e+03 3.314988e+03 4.111896e+03 3.983435e+03 4.153952e+03 3.732876e+03 4.225127e+03 3.747460e+03 3.621867e+03 3.850719e+03 
3.583637e+03 3.157308e+03 2.754070e+03 3.562573e+03 3.040298e+03 3.455684e+03 3.040874e+03 3.112956e+03 3.328998e+03 2.947001e+03 3.323462e+03 2.986583e+03 3.336604e+03 2.999138e+03 3.185304e+03 2.915922e+03 3.411767e+03 3.138341e+03 2.366549e+03 2.982956e+03 3.422030e+03 3.228998e+03 3.555401e+03 3.219550e+03 3.304625e+03 3.475613e+03 3.374014e+03 3.238337e+03 2.922615e+03 2.769158e+03 
2.644922e+03 2.177244e+03 2.243771e+03 2.593203e+03 2.517310e+03 2.724775e+03 2.293245e+03 2.697088e+03 2.688542e+03 2.260463e+03 2.852394e+03 2.312411e+03 2.434729e+03 2.457992e+03 2.389171e+03 2.162356e+03 2.629556e+03 2.225450e+03 1.904592e+03 2.122350e+03 2.694333e+03 2.472432e+03 2.505762e+03 2.619928e+03 2.434292e+03 2.460904e+03 2.234099e+03 2.709318e+03 2.671661e+03 2.419863e+03 
1.768624e+03 2.040102e+03 1.343754e+03 1.939976e+03 1.787964e+03 1.771571e+03 1.488031e+03 1.931928e+03 1.443983e+03 1.758948e+03 1.762202e+03 1.725225e+03 1.689383e+03 1.667215e+03 1.551010e+03 1.663612e+03 1.415842e+03 1.613595e+03 1.395958e+03 1.454118e+03 1.880547e+03 1.592947e+03 1.757990e+03 1.726260e+03 1.864021e+03 1.811732e+03 1.656880e+03 1.630029e+03 1.747665e+03 1.558349e+03 
9.501320e+02 1.107212e+03 9.293815e+02 1.075101e+03 9.217363e+02 1.096834e+03 9.286182e+02 1.151563e+03 1.067222e+03 9.485566e+02 1.065651e+03 7.762578e+02 1.105129e+03 1.021191e+03 1.063281e+03 9.120076e+02 1.051490e+03 1.225588e+03 1.090845e+03 9.873462e+02 1.314724e+03 9.855347e+02 7.591634e+02 1.108184e+03 8.577696e+02 1.048540e+03 9.770992e+02 1.090040e+03 1.013406e+03 9.010458e+02 
3.480367e+02 5.071059e+02 3.394111e+02 6.415663e+02 4.900510e+02 6.318886e+02 5.183411e+02 7.125286e+02 4.034714e+02 4.844181e+02 5.689337e+02 3.821915e+02 6.646673e+02 3.376382e+02 6.294149e+02 5.212936e+02 5.176295e+02 6.138609e+02 6.163324e+02 5.943515e+02 7.525241e+02 5.539153e+02 2.899505e+02 6.595492e+02 5.251911e+02 5.020747e+02 5.124832e+02 4.127031e+02 5.653549e+02 5.226562e+02 
2.259214e+02 3.521728e+02 1.747651e+02 4.454046e+02 2.670576e+02 3.624052e+02 3.641249e+02 3.737901e+02 3.054068e+02 1.448749e+02 1.672553e+02 2.996853e+02 3.291898e+02 1.956879e+02 3.736654e+02 2.725007e+02 2.948305e+02 2.462401e+02 1.791262e+02 2.811760e+02 4.148093e+02 1.420452e+02 1.524199e+02 3.107473e+02 2.311373e+02 1.892386e+02 2.220743e+02 2.359425e+02 3.551999e+02 3.438764e+02 
1.256786e+02 1.550119e+02 2.554197e+01 1.884031e+02 3.482529e+01 7.800070e+01 1.601415e+02 2.651310e+02 4.448198e+01 5.327219e+01 5.137803e+01 1.723574e+02 7.229705e+01 1.397001e+02 1.363944e+02 1.207272e+02 7.190574e+01 1.454402e+02 7.423503e+01 5.829113e+01 2.179368e+02 7.653720e+01 1.413167e+02 1.683148e+02 1.350189e+02 4.372343e+01 8.791501e+01 3.342607e+01 2.594997e+02 1.613254e+01 
1.243048e+02 1.255898e+02 1.276557e+01 1.283624e+02 1.348873e+01 7.080318e+00 1.237462e+02 1.363003e+02 2.062675e+01 1.284751e+01 2.158271e+01 2.675557e+01 1.233494e+01 2.270004e+01 1.301297e+02 2.026105e+01 1.011039e+01 1.378200e+02 2.310183e+01 7.615724e+00 1.562028e+02 1.559681e+01 1.295846e+02 1.257043e+02 1.214334e+02 1.064289e+01 1.336613e+01 1.333432e+01 1.382772e+02 6.989199e+00 
9.346423e+01 1.245536e+02 9.519942e+00 1.247427e+02 1.190539e+01 5.492704e+00 1.231968e+02 1.313750e+02 1.530760e+01 1.112096e+01 1.516959e+01 1.788059e+01 1.098065e+01 1.925876e+01 1.281837e+02 1.092231e+01 9.681145e+00 1.368888e+02 2.131586e+01 5.734795e+00 9.088482e+01 1.530315e+01 1.286035e+02 1.238623e+02 1.203293e+02 5.374404e+00 1.273231e+01 1.208153e+01 1.318924e+02 6.074475e+00 
6.861420e+00 5.153872e+00 1.832462e+00 3.508781e+00 1.561423e-01 5.492704e+00 1.012625e+02 1.679650e+01 1.801233e+00 5.122644e+00 3.602467e+00 1.788059e+01 8.475283e+00 1.347508e+01 5.282571e+00 1.092231e+01 3.477553e+00 3.477553e+00 9.361321e+00 5.734795e+00 5.153872e+00 1.512018e+01 1.502649e+01 3.477553e+00 1.801233e+00 5.153872e+00 6.830192e+00 1.208153e+01 7.622545e+00 2.185992e-01 
1.000000e+06 1.000000e+06 1.000000e+06 1.000000e+06 1.000000e+06 1.000000e+06 1.000000e+06 1.000000e+06 1.000000e+06 1.000000e+06 1.000000e+06 1.000000e+06 1.000000e+06 1.000000e+06 1.000000e+06 1.000000e+06 1.000000e+06 1.000000e+06 1.000000e+06 1.000000e+06 1.000000e+06 1.000000e+06 1.000000e+06 1.000000e+06 1.000000e+06 1.000000e+06 1.000000e+06 1.000000e+06 1.000000e+06 1.000000e+06 
