2.473145e+03 2.304442e+03 1.786664e+03 2.667607e+03 2.413400e+03 2.680062e+03 1.867416e+03 1.923181e+03 2.283562e+03 2.177975e+03 2.511531e+03 2.379574e+03 2.313986e+03 2.300943e+03 2.766539e+03 2.159027e+03 2.592668e+03 2.596860e+03 2.564117e+03 2.388153e+03 2.245611e+03 2.119515e+03 2.483581e+03 2.152891e+03 2.201879e+03 2.209377e+03 2.957185e+03 1.877405e+03 2.929197e+03 2.475558e+03 
2.473145e+03 2.304442e+03 1.786664e+03 2.417633e+03 2.413400e+03 2.373348e+03 1.867416e+03 1.923181e+03 2.074635e+03 2.075155e+03 1.966852e+03 2.322865e+03 2.008186e+03 2.300943e+03 2.162548e+03 2.159027e+03 2.483801e+03 2.378476e+03 2.243788e+03 1.713176e+03 1.869134e+03 2.083068e+03 2.442281e+03 1.842595e+03 2.003126e+03 2.163688e+03 2.555537e+03 1.780956e+03 2.885316e+03 2.341307e+03 
2.217722e+03 2.268353e+03 1.773555e+03 2.358980e+03 2.047199e+03 2.373348e+03 1.867416e+03 1.923181e+03 2.074635e+03 2.066499e+03 1.723840e+03 2.184115e+03 2.008186e+03 2.151235e+03 2.162548e+03 2.014732e+03 1.958731e+03 2.370978e+03 2.066703e+03 1.359898e+03 1.721422e+03 2.083068e+03 2.265745e+03 1.586089e+03 1.845355e+03 2.121924e+03 2.448473e+03 1.541915e+03 2.184139e+03 2.341307e+03 
2.048433e+03 2.239475e+03 1.773555e+03 2.305643e+03 2.047199e+03 1.991721e+03 1.821162e+03 1.923181e+03 1.815352e+03 2.066499e+03 1.723840e+03 1.834188e+03 2.008186e+03 1.788665e+03 2.162548e+03 1.803002e+03 1.933922e+03 2.190585e+03 2.066703e+03 1.359898e+03 1.594948e+03 2.083068e+03 1.982823e+03 1.586089e+03 1.845355e+03 1.437427e+03 2.087539e+03 1.541915e+03 2.152639e+03 1.936881e+03 
1.611920e+03 1.961014e+03 1.541135e+03 1.879765e+03 1.685620e+03 1.380272e+03 1.698335e+03 1.479163e+03 1.743412e+03 1.944158e+03 1.493001e+03 1.750428e+03 1.790821e+03 1.788665e+03 1.942264e+03 1.795407e+03 1.694635e+03 1.773330e+03 1.551848e+03 1.336887e+03 1.402000e+03 1.840987e+03 1.886674e+03 1.501275e+03 1.774424e+03 1.308280e+03 1.919435e+03 1.541915e+03 1.764794e+03 1.803502e+03 
1.270517e+03 1.414314e+03 1.503514e+03 1.545255e+03 1.472871e+03 1.164962e+03 1.036822e+03 1.435783e+03 1.185608e+03 1.470843e+03 1.395925e+03 1.252842e+03 1.577221e+03 1.431214e+03 1.649802e+03 1.487219e+03 1.300676e+03 1.433692e+03 1.146818e+03 1.331540e+03 1.344403e+03 1.372005e+03 1.441790e+03 1.470245e+03 1.407158e+03 1.134241e+03 1.494463e+03 1.408521e+03 1.250119e+03 1.515364e+03 
8.319002e+02 1.021624e+03 1.025738e+03 9.964471e+02 8.611901e+02 9.239367e+02 8.896055e+02 1.068735e+03 7.651450e+02 9.738247e+02 1.094479e+03 1.070053e+03 1.000259e+03 9.897726e+02 1.351555e+03 1.207953e+03 1.231354e+03 1.117280e+03 9.054312e+02 9.909896e+02 1.021887e+03 1.037860e+03 1.251665e+03 1.077842e+03 1.035073e+03 1.070413e+03 1.320618e+03 1.192439e+03 1.043231e+03 9.689996e+02 
6.439807e+02 6.419591e+02 4.402490e+02 6.154725e+02 5.332061e+02 6.542125e+02 6.841696e+02 5.198813e+02 5.740233e+02 5.572834e+02 5.739799e+02 5.943161e+02 5.883579e+02 5.668468e+02 6.371200e+02 6.974756e+02 7.582518e+02 6.450490e+02 7.910055e+02 7.093783e+02 5.110059e+02 3.440706e+02 4.834267e+02 6.885009e+02 6.842841e+02 6.320497e+02 6.761709e+02 5.153330e+02 5.884911e+02 6.401890e+02 
2.953181e+02 2.740930e+02 3.775083e+02 4.444636e+02 3.087762e+02 3.168752e+02 2.039624e+02 3.396645e+02 2.189722e+02 2.170559e+02 4.485920e+02 2.321382e+02 3.767008e+02 3.425845e+02 3.543983e+02 2.925481e+02 2.367492e+02 2.193851e+02 2.692508e+02 4.409543e+02 2.387111e+02 1.826398e+02 2.207601e+02 2.979610e+02 2.864737e+02 4.187495e+02 2.338719e+02 1.749392e+02 2.058004e+02 2.584394e+02 
9.936288e+01 5.812167e+01 6.735003e+01 1.141409e+02 1.114052e+02 5.838353e+01 4.643051e+01 7.277494e+01 7.287956e+01 6.713602e+01 7.828791e+01 4.535435e+01 5.023896e+01 1.768214e+01 7.393577e+01 7.187975e+01 8.495555e+01 4.750914e+01 6.587797e+01 5.212441e+01 5.469193e+01 1.056538e+02 4.895295e+01 8.551882e+01 9.333439e+01 5.892824e+01 8.206616e+01 5.992019e+01 7.424888e+01 1.313860e+02 
6.760137e+00 5.450266e+00 7.520747e+00 1.345097e+01 7.905338e+00 7.930556e+00 5.923384e+00 9.773741e+00 1.348961e+01 7.248321e+00 1.070917e+01 1.012547e+01 9.658685e+00 1.100784e+01 1.444784e+01 1.048482e+01 8.697154e+00 9.225546e+00 8.670984e+00 1.567740e+01 1.441419e+01 7.761053e+00 3.448921e+00 1.426678e+01 9.811182e+00 9.792032e+00 5.263159e+00 3.960153e+00 1.161995e+01 8.322844e+00 
4.069808e-01 1.381851e-01 2.692759e-01 1.638474e-01 2.552798e-01 3.580797e-01 1.861256e-01 2.110200e-01 2.493227e-01 1.002966e-01 4.924888e-01 2.435703e-01 3.298545e-01 3.054063e-01 3.741527e-01 2.280034e-01 2.446618e-01 2.519977e-01 3.497508e-01 2.683244e-01 1.680552e-01 1.839153e-01 3.059046e-01 2.474919e-01 3.138448e-01 4.014260e-01 2.648195e-01 4.643970e-01 2.655508e-01 2.659245e-01 
1.507930e-06 2.889064e-07 2.205279e-06 3.391742e-07 4.750736e-07 5.333914e-07 3.891309e-07 3.217265e-07 1.471021e-06 4.906724e-08 5.679021e-07 3.681980e-07 9.277437e-07 3.292744e-07 8.895950e-07 1.808385e-07 1.771896e-07 2.777697e-07 1.151018e-06 3.490140e-07 3.656978e-07 4.071180e-07 2.694887e-07 7.587259e-07 5.736301e-07 1.354638e-07 1.331900e-07 1.101342e-06 3.193172e-07 1.465414e-07 
1.000000e-08 1.000000e-08 1.000000e-08 1.000000e-08 1.000000e-08 1.000000e-08 1.000000e-08 1.000000e-08 1.000000e-08 1.000000e-08 1.000000e-08 1.000000e-08 1.000000e-08 1.000000e-08 1.000000e-08 1.000000e-08 1.000000e-08 1.000000e-08 1.000000e-08 1.000000e-08 1.000000e-08 1.000000e-08 1.000000e-08 1.000000e-08 1.000000e-08 1.000000e-08 1.000000e-08 1.000000e-08 1.000000e-08 1.000000e-08 
1.000000e-08 1.000000e-08 1.000000e-08 1.000000e-08 1.000000e-08 1.000000e-08 1.000000e-08 1.000000e-08 1.000000e-08 1.000000e-08 1.000000e-08 1.000000e-08 1.000000e-08 1.000000e-08 1.000000e-08 1.000000e-08 1.000000e-08 1.000000e-08 1.000000e-08 1.000000e-08 1.000000e-08 1.000000e-08 1.000000e-08 1.000000e-08 1.000000e-08 1.000000e-08 1.000000e-08 1.000000e-08 1.000000e-08 1.000000e-08 
1.000000e-08 1.000000e-08 1.000000e-08 1.000000e-08 1.000000e-08 1.000000e-08 1.000000e-08 1.000000e-08 1.000000e-08 1.000000e-08 1.000000e-08 1.000000e-08 1.000000e-08 1.000000e-08 1.000000e-08 1.000000e-08 1.000000e-08 1.000000e-08 1.000000e-08 1.000000e-08 1.000000e-08 1.000000e-08 1.000000e-08 1.000000e-08 1.000000e-08 1.000000e-08 1.000000e-08 1.000000e-08 1.000000e-08 1.000000e-08 
5.511700e+04 5.341500e+04 5.570300e+04 5.378500e+04 5.415500e+04 5.452500e+04 5.356300e+04 5.289300e+04 5.511700e+04 5.116800e+04 5.445100e+04 5.400700e+04 5.504300e+04 5.363700e+04 5.430300e+04 5.311800e+04 5.415500e+04 5.422900e+04 5.555700e+04 5.408100e+04 5.452500e+04 5.385900e+04 5.378500e+04 5.408100e+04 5.474700e+04 5.341500e+04 5.266800e+04 5.533800e+04 5.378500e+04 5.422900e+04 
