2.441479e+03 2.390696e+03 2.033843e+03 2.747081e+03 2.449436e+03 2.454932e+03 2.716590e+03 2.188256e+03 1.571871e+03 2.495481e+03 2.127176e+03 2.449511e+03 2.723045e+03 1.791793e+03 2.437016e+03 1.918193e+03 1.681935e+03 2.688302e+03 2.389486e+03 2.426392e+03 2.187584e+03 2.523871e+03 2.491085e+03 2.243907e+03 2.525697e+03 2.169906e+03 2.362378e+03 2.782165e+03 2.631867e+03 2.524342e+03 
2.199179e+03 2.192485e+03 2.033843e+03 2.591727e+03 2.349359e+03 2.405733e+03 2.263659e+03 2.188256e+03 1.420368e+03 2.495481e+03 2.127176e+03 2.121586e+03 2.372813e+03 1.791793e+03 2.054166e+03 1.918193e+03 1.681935e+03 2.592784e+03 2.389486e+03 2.384112e+03 2.187584e+03 2.280438e+03 2.491085e+03 2.243907e+03 2.264869e+03 2.169906e+03 2.339442e+03 2.439865e+03 2.174454e+03 2.082909e+03 
2.199179e+03 2.180985e+03 1.977586e+03 2.374591e+03 2.349359e+03 2.199675e+03 2.261579e+03 2.188256e+03 1.420368e+03 2.284509e+03 1.956504e+03 2.121586e+03 1.895931e+03 1.791793e+03 2.035260e+03 1.718802e+03 1.681935e+03 2.120996e+03 2.111637e+03 1.816986e+03 1.558158e+03 1.687213e+03 2.012211e+03 1.676023e+03 2.112129e+03 2.055659e+03 2.232263e+03 2.277606e+03 1.953037e+03 2.082909e+03 
2.199179e+03 2.076291e+03 1.847645e+03 2.374591e+03 2.120249e+03 2.107400e+03 2.036218e+03 2.093587e+03 1.420368e+03 2.077168e+03 1.843019e+03 2.086299e+03 1.885951e+03 1.791793e+03 2.035260e+03 1.718802e+03 1.386871e+03 2.120996e+03 1.897536e+03 1.816986e+03 1.558158e+03 1.687213e+03 2.012211e+03 1.676023e+03 2.053419e+03 2.055659e+03 2.035495e+03 1.964039e+03 1.943764e+03 1.894653e+03 
1.592244e+03 1.521102e+03 1.325563e+03 1.956393e+03 1.741747e+03 1.642166e+03 1.799252e+03 1.101515e+03 1.149821e+03 1.776835e+03 1.606593e+03 1.551813e+03 1.883223e+03 1.439466e+03 1.691724e+03 1.637035e+03 1.250734e+03 1.907229e+03 1.505088e+03 1.816986e+03 1.514956e+03 1.623184e+03 1.901425e+03 1.676023e+03 1.169496e+03 1.886746e+03 1.561352e+03 1.861199e+03 1.829272e+03 1.681540e+03 
1.592244e+03 1.306454e+03 1.325563e+03 1.371516e+03 1.741747e+03 1.349421e+03 1.630107e+03 1.011875e+03 1.149821e+03 1.643462e+03 1.340619e+03 1.428433e+03 1.268713e+03 1.439466e+03 1.059822e+03 1.361457e+03 1.250734e+03 1.762511e+03 9.865274e+02 1.618003e+03 1.514956e+03 1.623184e+03 1.353958e+03 1.676023e+03 1.169496e+03 1.780164e+03 1.561352e+03 1.446530e+03 1.483592e+03 1.598724e+03 
1.283175e+03 1.172993e+03 1.325563e+03 1.069707e+03 1.456038e+03 1.349421e+03 1.463759e+03 7.655894e+02 1.149821e+03 1.409261e+03 1.340619e+03 1.198653e+03 1.268713e+03 1.172634e+03 1.018854e+03 1.319025e+03 1.134521e+03 1.368592e+03 9.087280e+02 1.363263e+03 1.134083e+03 1.378136e+03 1.339244e+03 1.361513e+03 9.688391e+02 1.435639e+03 1.506775e+03 1.248044e+03 1.429487e+03 1.318739e+03 
1.150835e+03 1.046381e+03 1.214580e+03 1.069707e+03 1.263666e+03 1.311797e+03 1.346349e+03 7.655894e+02 9.906771e+02 8.575400e+02 9.741972e+02 1.072890e+03 7.926498e+02 1.086033e+03 8.019127e+02 9.141591e+02 1.132470e+03 1.218090e+03 9.087280e+02 1.157286e+03 8.626207e+02 1.071801e+03 1.095226e+03 1.090611e+03 9.688391e+02 1.251569e+03 1.170612e+03 1.011433e+03 1.405001e+03 9.098569e+02 
1.080827e+03 8.953539e+02 9.600576e+02 1.041111e+03 1.059582e+03 1.034417e+03 8.993494e+02 5.640385e+02 9.514243e+02 8.575400e+02 9.675247e+02 9.551254e+02 7.926498e+02 7.914043e+02 6.254236e+02 9.141591e+02 7.232493e+02 1.096832e+03 7.659200e+02 6.307233e+02 8.626207e+02 8.936229e+02 8.883434e+02 1.004935e+03 5.878719e+02 6.685075e+02 1.132902e+03 8.805312e+02 1.098897e+03 9.098569e+02 
7.092670e+02 7.284809e+02 9.423197e+02 6.854376e+02 8.505151e+02 8.601876e+02 7.819521e+02 3.425566e+02 7.761545e+02 7.160440e+02 6.695453e+02 8.304685e+02 7.451593e+02 5.157977e+02 5.408227e+02 7.736003e+02 5.553332e+02 8.946094e+02 2.897753e+02 6.100378e+02 8.357954e+02 6.739292e+02 7.554754e+02 5.842971e+02 4.571811e+02 6.103493e+02 8.684649e+02 8.484104e+02 7.982412e+02 7.189662e+02 
4.888440e+02 4.729650e+02 4.223255e+02 5.704737e+02 4.084903e+02 5.258876e+02 4.918306e+02 2.527786e+02 4.351958e+02 4.399880e+02 5.762411e+02 4.218266e+02 4.847821e+02 3.556560e+02 3.254733e+02 1.409522e+02 5.442551e+02 7.335929e+02 2.170012e+02 3.816075e+02 5.848500e+02 3.122232e+02 5.743024e+02 4.094586e+02 2.007470e+02 3.210328e+02 4.285460e+02 5.420216e+02 3.871404e+02 5.914055e+02 
3.342440e+02 2.895590e+02 3.375900e+02 3.147556e+02 1.499861e+02 3.515633e+02 3.194167e+02 9.880121e+01 1.609516e+02 1.447328e+02 2.668142e+02 2.464149e+02 3.440637e+02 2.021813e+02 6.790428e+01 9.248159e+01 3.720139e+02 2.473653e+02 1.119725e+02 2.434618e+02 2.141986e+02 2.244026e+02 1.142444e+02 1.853027e+02 1.560762e+02 7.179271e+01 1.871865e+02 3.421906e+02 1.739498e+02 3.446125e+02 
2.709593e+02 1.666839e+02 2.759296e+02 1.786430e+02 8.399477e+01 1.200331e+02 1.564487e+02 4.035174e+01 5.072428e+01 2.476505e+01 1.917135e+02 5.811861e+01 2.232555e+02 6.025305e+01 3.350802e+01 2.613739e+01 2.775223e+02 1.653749e+02 3.932323e+01 1.573389e+02 7.897214e+01 1.536134e+02 2.653045e+01 7.271509e+01 3.073163e+01 3.623903e+01 4.223998e+01 1.466373e+02 7.027564e+01 2.124193e+02 
2.498782e+02 1.390017e+02 2.438183e+02 1.575114e+02 2.402804e+01 2.768509e+01 1.320756e+02 1.803661e+01 1.989475e+01 2.115521e+01 1.562627e+02 2.031813e+01 1.801372e+02 4.870296e+01 2.851799e+01 2.282490e+01 1.416141e+02 1.500466e+02 2.845471e+01 1.387310e+02 4.498557e+01 1.401199e+02 1.400957e+01 5.436828e+01 1.717935e+01 2.966765e+01 3.487904e+01 1.223587e+02 2.701316e+01 1.650608e+02 
1.723814e+02 3.697050e+01 1.426273e+02 1.451456e+02 2.269052e+01 2.227831e+01 1.268709e+02 1.497652e+01 1.970450e+01 1.981467e+01 2.765085e+01 1.146755e+01 1.105528e+01 4.742331e+01 2.509673e+01 2.247323e+01 1.385245e+02 1.460350e+02 2.676780e+01 1.010680e+02 4.435598e+01 1.346922e+02 8.100109e+00 5.231198e+01 1.550890e+01 2.896942e+01 3.319148e+01 6.900723e+01 2.552474e+01 1.628128e+02 
1.353493e+01 1.030734e+01 1.220407e+02 6.892376e+00 1.024488e+01 2.227831e+01 1.365984e+01 1.497652e+01 1.524449e+01 6.892376e+00 3.602324e+00 1.146755e+01 1.105528e+01 4.742331e+01 6.829921e+00 1.865945e+01 2.054272e+01 2.182459e+01 1.847208e+01 1.543185e+01 1.365984e+01 1.853454e+01 8.100109e+00 3.122722e-01 1.550890e+01 1.865945e+01 4.371811e-01 1.518203e+01 1.359739e+01 3.194088e+01 
2.000000e+05 2.000000e+05 2.000000e+05 2.000000e+05 2.000000e+05 2.000000e+05 2.000000e+05 2.000000e+05 2.000000e+05 2.000000e+05 2.000000e+05 2.000000e+05 2.000000e+05 2.000000e+05 2.000000e+05 2.000000e+05 2.000000e+05 2.000000e+05 2.000000e+05 2.000000e+05 2.000000e+05 2.000000e+05 2.000000e+05 2.000000e+05 2.000000e+05 2.000000e+05 2.000000e+05 2.000000e+05 2.000000e+05 2.000000e+05 
