2.840954e+03 3.380399e+03 3.071447e+03 2.139143e+03 2.366245e+03 2.762993e+03 2.721105e+03 2.935525e+03 2.685213e+03 2.786009e+03 3.471693e+03 2.647484e+03 2.373510e+03 2.338566e+03 1.884166e+03 2.524184e+03 2.910172e+03 2.649461e+03 2.475610e+03 2.556670e+03 2.187409e+03 3.375405e+03 2.094729e+03 2.705449e+03 2.141752e+03 2.209116e+03 1.928193e+03 2.438583e+03 1.895631e+03 3.205606e+03 
2.377462e+03 3.380399e+03 3.071447e+03 2.139143e+03 2.366245e+03 2.562922e+03 2.721075e+03 2.891491e+03 2.685213e+03 2.168305e+03 3.307975e+03 2.598423e+03 2.113154e+03 2.003573e+03 1.884166e+03 2.524184e+03 2.909954e+03 2.640845e+03 2.475610e+03 2.496941e+03 2.187409e+03 3.375405e+03 2.094729e+03 2.705439e+03 2.137114e+03 1.738007e+03 1.850987e+03 2.438583e+03 1.895631e+03 3.083323e+03 
2.377462e+03 3.116765e+03 3.071447e+03 2.101636e+03 2.366245e+03 2.480791e+03 2.203814e+03 2.754727e+03 2.685213e+03 2.017719e+03 3.294105e+03 2.598423e+03 2.096265e+03 2.003573e+03 1.853781e+03 2.430193e+03 2.856165e+03 2.640838e+03 2.432291e+03 2.478021e+03 2.066520e+03 2.985107e+03 2.094686e+03 2.705439e+03 2.137114e+03 1.737966e+03 1.850987e+03 2.438583e+03 1.895631e+03 3.083323e+03 
2.376900e+03 2.794804e+03 2.791923e+03 2.101636e+03 2.351768e+03 2.472382e+03 1.988767e+03 2.691582e+03 2.376458e+03 2.017719e+03 3.205347e+03 2.087570e+03 1.928796e+03 2.003573e+03 1.724311e+03 2.125228e+03 2.321727e+03 2.394621e+03 2.281921e+03 2.391456e+03 2.066520e+03 2.702319e+03 1.516930e+03 2.471770e+03 1.749879e+03 1.382202e+03 1.840720e+03 2.370168e+03 1.895631e+03 2.584953e+03 
2.303979e+03 2.434529e+03 2.116268e+03 1.663696e+03 2.018815e+03 1.553065e+03 1.843754e+03 2.208155e+03 2.099380e+03 1.632381e+03 2.843946e+03 2.000430e+03 1.763896e+03 1.706317e+03 1.724282e+03 2.086198e+03 2.141777e+03 2.064063e+03 2.266495e+03 1.305803e+03 1.896084e+03 1.710954e+03 1.418771e+03 2.038226e+03 1.256029e+03 1.382098e+03 1.528106e+03 2.129665e+03 1.793806e+03 2.349003e+03 
1.449883e+03 1.402345e+03 1.782994e+03 1.507072e+03 1.444068e+03 1.487795e+03 1.659278e+03 1.769747e+03 1.737165e+03 1.381322e+03 1.563910e+03 1.595305e+03 1.376499e+03 1.289293e+03 1.443280e+03 1.530476e+03 1.921455e+03 1.678017e+03 1.354442e+03 1.293067e+03 1.772393e+03 1.212508e+03 1.282367e+03 1.936923e+03 1.255558e+03 1.125973e+03 1.291884e+03 1.668658e+03 1.718898e+03 1.756352e+03 
1.206269e+03 1.179577e+03 1.142474e+03 8.451480e+02 9.348652e+02 8.661050e+02 1.030014e+03 1.039438e+03 1.325101e+03 9.928504e+02 8.714330e+02 1.030800e+03 8.624504e+02 1.060015e+03 1.045014e+03 1.168775e+03 6.279054e+02 1.080485e+03 1.274112e+03 7.682008e+02 1.088926e+03 4.294976e+02 1.014528e+03 8.880791e+02 6.039108e+02 9.909811e+02 1.016193e+03 1.054523e+03 1.141988e+03 1.133797e+03 
5.922315e+02 5.833490e+02 6.405334e+02 6.365284e+02 5.954766e+02 5.923898e+02 6.346160e+02 8.178871e+02 6.890700e+02 5.139972e+02 5.628435e+02 5.399343e+02 2.552918e+02 4.480373e+02 6.475628e+02 2.794057e+02 4.664461e+02 5.883739e+02 6.923266e+02 5.666408e+02 5.376288e+02 3.946001e+02 6.844336e+02 7.451637e+02 5.353465e+02 3.750812e+02 6.019950e+02 7.558763e+02 6.685002e+02 4.997686e+02 
2.725609e+02 2.449480e+02 2.802952e+02 3.090194e+02 2.771286e+02 2.641413e+02 3.594810e+02 1.210585e+02 3.564051e+02 2.119156e+02 2.502097e+02 1.784832e+02 2.095434e+02 2.317945e+02 3.173416e+02 2.777206e+02 1.957852e+02 2.133027e+02 2.960460e+02 3.183886e+02 1.359940e+02 2.641560e+02 9.917891e+01 3.105434e+02 1.528814e+02 1.023552e+02 3.093754e+02 1.741375e+02 2.317540e+02 8.546744e+01 
5.014408e+01 6.432836e+01 3.770772e+01 4.521955e+01 4.127402e+01 4.674887e+01 4.018970e+01 4.045958e+01 5.099272e+01 4.652555e+01 5.409399e+01 4.475590e+01 3.730957e+01 6.310640e+01 5.840239e+01 4.508561e+01 4.626545e+01 6.776387e+01 3.733591e+01 2.890761e+01 2.453841e+01 3.310775e+01 2.322480e+01 6.356204e+01 6.810755e+01 2.974492e+01 4.213143e+01 3.695025e+01 5.274100e+01 3.175716e+01 
6.258344e+00 9.361318e+00 5.874939e+00 4.427306e+00 5.601757e+00 5.812824e+00 1.036029e+01 7.093408e+00 8.292631e+00 6.227015e+00 6.603363e+00 4.531333e+00 4.777391e+00 4.893612e+00 7.955279e+00 8.210325e+00 9.967518e+00 6.603432e+00 5.345932e+00 6.083968e+00 4.096999e+00 4.314279e+00 6.061930e+00 8.420813e+00 7.352671e+00 5.719206e+00 6.238552e+00 5.602355e+00 2.549712e+00 6.509705e+00 
1.188528e+00 2.402504e+00 2.192650e+00 1.902623e+00 1.486925e+00 1.970180e+00 2.078800e+00 2.204265e+00 2.576240e+00 2.764471e+00 2.199890e+00 2.271655e+00 1.812598e+00 1.960516e+00 2.080461e+00 1.998511e+00 2.232775e+00 2.354577e+00 1.836535e+00 1.351945e+00 1.934470e+00 2.023475e+00 1.890957e+00 2.162553e+00 2.416131e+00 2.365561e+00 2.495143e+00 2.530396e+00 1.843872e+00 2.372671e+00 
1.052999e+00 1.317032e+00 1.591819e+00 1.202662e+00 8.344173e-01 9.047050e-01 1.269486e+00 1.602515e+00 7.447508e-01 1.657106e+00 1.367892e+00 1.249994e+00 1.025437e+00 8.930709e-01 8.954997e-01 1.213677e+00 1.273159e+00 1.363770e+00 1.008434e+00 7.714509e-01 1.365824e+00 1.092169e+00 1.269816e+00 1.625087e+00 1.546437e+00 1.676364e+00 1.631787e+00 1.640962e+00 1.473493e+00 9.912920e-01 
7.986630e-01 1.217623e+00 9.278342e-01 1.104877e+00 8.052216e-01 6.568094e-01 9.369697e-01 1.373761e+00 6.493512e-01 1.443977e+00 1.084508e+00 1.180467e+00 9.488802e-01 8.462564e-01 8.250320e-01 7.161293e-01 6.844835e-01 1.332028e+00 9.687450e-01 7.533167e-01 1.169345e+00 1.073413e+00 1.128646e+00 1.398276e+00 1.392453e+00 1.100544e+00 1.451069e+00 1.519835e+00 9.882291e-01 9.671445e-01 
5.969754e-01 7.391059e-01 8.324434e-01 5.269850e-01 6.619012e-01 6.537996e-01 4.932652e-01 7.695885e-01 6.271550e-01 7.177348e-01 8.921727e-01 1.083033e+00 9.232625e-01 5.284475e-01 5.874852e-01 5.339799e-01 3.943480e-01 7.129395e-01 9.600823e-01 5.963694e-01 8.604389e-01 6.485374e-01 9.178650e-01 7.755434e-01 6.062728e-01 9.928033e-01 1.412255e+00 1.105129e+00 9.836071e-01 8.517074e-01 
5.040166e-01 3.331521e-01 1.813727e-01 1.108064e-01 4.100264e-01 5.239390e-01 4.932652e-01 2.021772e-01 6.929313e-02 3.906396e-01 3.637225e-01 3.708112e-01 6.597585e-01 3.479531e-01 4.895224e-01 4.268594e-01 3.639718e-01 4.704364e-01 4.571701e-01 4.824591e-01 4.952709e-01 3.558108e-01 3.850774e-01 2.283325e-01 5.280604e-01 2.022800e-01 7.260608e-01 5.272066e-01 2.687228e-01 1.520555e-01 
1.000000e+06 1.000000e+06 1.000000e+06 1.000000e+06 1.000000e+06 1.000000e+06 1.000000e+06 1.000000e+06 1.000000e+06 1.000000e+06 1.000000e+06 1.000000e+06 1.000000e+06 1.000000e+06 1.000000e+06 1.000000e+06 1.000000e+06 1.000000e+06 1.000000e+06 1.000000e+06 1.000000e+06 1.000000e+06 1.000000e+06 1.000000e+06 1.000000e+06 1.000000e+06 1.000000e+06 1.000000e+06 1.000000e+06 1.000000e+06 
