4.246494e+06 1.575347e+07 1.202654e+07 4.236753e+07 3.197862e+07 8.576382e+07 4.703446e+07 4.173755e+07 2.443596e+07 5.603963e+07 6.107538e+07 3.489153e+07 1.298421e+07 2.852507e+07 2.936562e+07 1.028902e+08 8.753303e+07 2.999212e+07 3.682608e+07 1.056391e+07 4.677745e+07 4.084568e+07 1.655234e+07 5.246826e+07 1.484631e+07 6.865952e+07 4.325289e+06 3.433837e+07 7.537386e+07 3.080812e+07 
4.244291e+06 1.575347e+07 1.201800e+07 4.236753e+07 3.197862e+07 8.576382e+07 4.703446e+07 4.173358e+07 2.271195e+07 4.874696e+07 5.651482e+06 3.489153e+07 1.298421e+07 2.852507e+07 2.936562e+07 1.675270e+07 8.753303e+07 2.999212e+07 3.682608e+07 1.056391e+07 4.677745e+07 4.084568e+07 1.655234e+07 5.246826e+07 1.484631e+07 6.865952e+07 4.325289e+06 3.094933e+07 7.537039e+07 2.001241e+07 
4.243788e+06 1.575347e+07 1.201800e+07 4.236753e+07 3.197862e+07 8.555717e+07 4.703446e+07 4.173355e+07 2.271195e+07 4.872326e+07 5.651482e+06 3.489153e+07 1.298421e+07 2.852507e+07 2.936550e+07 1.675270e+07 8.753303e+07 2.999212e+07 3.682608e+07 9.784917e+06 4.677720e+07 4.084568e+07 1.655173e+07 5.246826e+07 2.789835e+06 5.858957e+07 4.325289e+06 3.094933e+07 7.537039e+07 2.001238e+07 
4.243758e+06 1.571418e+07 1.200190e+07 4.236750e+07 3.197862e+07 6.092887e+07 4.703446e+07 4.173031e+07 2.270930e+07 4.872323e+07 5.651280e+06 3.487002e+07 1.258959e+07 2.852222e+07 2.935892e+07 1.675270e+07 1.137255e+07 2.999212e+07 3.682467e+07 9.784473e+06 4.677351e+07 4.084567e+07 1.655041e+07 2.001223e+07 2.789343e+06 5.858923e+07 4.325271e+06 3.002807e+07 3.665478e+06 2.001238e+07 
4.243635e+06 1.270735e+07 2.760820e+06 4.236742e+07 3.197860e+07 4.319851e+07 4.702840e+07 3.030672e+07 2.270194e+07 2.607737e+07 5.651014e+06 3.486936e+07 1.258959e+07 2.852220e+07 9.259765e+06 1.675131e+07 1.135425e+07 2.593194e+07 3.416464e+07 3.797010e+06 4.677338e+07 3.316350e+07 1.654274e+07 2.001179e+07 2.789078e+06 1.240816e+07 4.323355e+06 3.001772e+07 2.985769e+06 1.999666e+07 
3.586680e+06 8.947437e+06 2.760535e+06 4.236356e+07 4.307548e+06 4.921332e+06 1.335973e+07 1.915419e+07 2.268645e+07 1.525546e+07 5.650621e+06 5.922081e+06 7.973436e+06 2.847841e+07 9.255533e+06 4.561525e+06 5.318511e+06 2.031227e+07 3.415776e+07 3.793013e+06 1.263296e+07 2.563835e+07 1.654273e+07 1.011333e+07 2.568893e+06 1.240676e+07 3.969622e+06 2.906259e+07 2.740149e+06 1.642474e+07 
6.777295e+05 7.960943e+06 2.756559e+06 1.962087e+07 4.299898e+06 5.462560e+05 6.060623e+06 1.309272e+07 1.251575e+07 5.275059e+06 5.570641e+06 5.894597e+06 5.592926e+06 1.225239e+06 3.009576e+06 4.544464e+06 3.845844e+06 4.372057e+06 1.260588e+07 3.732740e+06 1.211086e+07 1.041158e+06 1.445669e+07 4.483731e+05 2.568683e+06 5.852475e+06 2.889177e+05 2.234348e+06 2.740118e+06 8.461058e+05 
5.852137e+05 2.600489e+05 6.780518e+05 1.774647e+06 9.050743e+05 3.251868e+05 1.482577e+06 1.404728e+06 5.307998e+06 6.937059e+05 2.015038e+06 1.525071e+05 1.729193e+06 3.202915e+05 1.911380e+05 1.525650e+06 2.589111e+05 9.518212e+05 2.454487e+06 1.868066e+06 6.975718e+05 6.058641e+05 6.660316e+05 2.003808e+05 2.096181e+05 6.753322e+05 9.270574e+04 2.207671e+06 4.117611e+05 4.895047e+05 
2.219619e+04 6.900235e+04 3.147743e+04 3.234559e+04 1.112197e+05 7.207158e+04 1.956227e+04 2.232181e+04 7.081957e+04 2.790357e+04 4.191114e+04 4.346456e+04 7.961682e+04 1.491885e+05 7.330904e+04 3.592653e+04 4.217528e+04 1.010308e+04 1.162760e+05 1.360657e+05 4.521561e+04 7.882578e+04 6.497752e+04 4.803857e+04 2.598857e+04 2.937116e+04 5.534526e+04 2.128508e+05 5.614098e+04 1.271248e+05 
2.336474e+02 1.261796e+03 3.077767e+02 3.681033e+02 2.044889e+03 3.429081e+02 1.621472e+03 4.580977e+02 3.817366e+02 4.477850e+02 7.487982e+02 4.370994e+02 7.917407e+02 3.585652e+02 4.352164e+02 1.287086e+03 7.262314e+02 1.037258e+03 2.119847e+03 1.278221e+03 3.401866e+02 8.454319e+02 7.811688e+02 1.067552e+03 1.123150e+03 8.598878e+02 9.596576e+02 1.069216e+03 6.768262e+02 5.503320e+02 
2.843245e+00 3.488293e+00 3.282660e+00 5.212016e+00 6.209302e+00 5.200186e+00 4.760672e+00 5.861269e+00 4.309464e+00 4.636346e+00 7.531028e+00 3.338109e+00 3.048415e+00 4.023467e+00 4.923161e+00 4.947005e+00 4.253909e+00 2.610335e+00 4.032199e+00 7.239811e+00 3.789254e+00 4.094234e+00 3.021930e+00 3.671700e+00 5.274453e+00 6.402691e+00 6.085446e+00 5.129167e+00 3.964436e+00 5.651166e+00 
4.988952e-01 3.238260e-01 1.864091e-01 2.656861e-01 3.503871e-01 3.318384e-01 3.589086e-01 2.923010e-01 2.447379e-01 3.889048e-01 3.378254e-01 3.935863e-01 3.626520e-01 3.179185e-01 2.690763e-01 2.268416e-01 3.904030e-01 4.606430e-01 2.889743e-01 1.931758e-01 2.296786e-01 2.637800e-01 2.869743e-01 2.664503e-01 3.181122e-01 3.827265e-01 3.067426e-01 2.338856e-01 3.516024e-01 4.360777e-01 
2.338322e-01 1.772649e-01 9.540564e-02 9.764674e-02 2.225912e-01 1.397103e-01 1.323276e-01 1.599725e-01 1.259607e-01 1.501097e-01 1.679480e-01 1.243981e-01 1.756955e-01 1.610987e-01 1.550642e-01 1.727259e-01 1.775719e-01 1.932368e-01 1.439054e-01 1.214179e-01 1.007410e-01 1.048663e-01 2.330790e-01 1.968641e-01 8.082153e-02 1.661060e-01 2.308682e-01 1.799191e-01 1.387361e-01 1.692552e-01 
1.961529e-01 1.383236e-01 6.204809e-02 4.911320e-02 1.060894e-01 1.010900e-01 6.408644e-02 1.280987e-01 9.611974e-02 6.162983e-02 1.174400e-01 8.763405e-02 1.451535e-01 1.069372e-01 1.054427e-01 1.627869e-01 9.361662e-02 1.275721e-01 3.982370e-02 1.175300e-01 7.465742e-02 6.221172e-02 9.205101e-02 1.541397e-01 6.298525e-02 1.445677e-01 1.508462e-01 1.598470e-01 8.828315e-02 1.030014e-01 
1.705247e-01 1.059518e-01 4.922125e-02 4.632695e-02 1.023294e-01 1.004643e-01 4.600875e-02 1.252245e-01 8.171691e-02 3.406220e-02 1.045604e-01 4.413358e-02 1.055835e-01 6.590422e-02 9.820360e-02 1.621158e-01 9.296024e-02 9.334704e-02 3.481689e-02 1.041745e-01 7.440349e-02 4.569506e-02 8.089340e-02 7.415794e-02 5.032012e-02 1.092856e-01 1.097908e-01 8.503474e-02 8.779466e-02 9.722830e-02 
4.134335e-02 3.352063e-02 4.922125e-02 3.559831e-02 4.450174e-02 1.566941e-02 3.453681e-02 8.267377e-03 2.893601e-02 3.406220e-02 5.644353e-03 4.413358e-02 3.993835e-02 6.590422e-02 3.692982e-02 1.621158e-01 3.586254e-02 3.032813e-02 2.745321e-02 4.346396e-02 2.338289e-02 3.563793e-02 4.776319e-03 1.341850e-02 3.668101e-02 2.159263e-02 1.884318e-02 4.759889e-02 4.403328e-03 4.006330e-02 
1.000000e+06 1.000000e+06 1.000000e+06 1.000000e+06 1.000000e+06 1.000000e+06 1.000000e+06 1.000000e+06 1.000000e+06 1.000000e+06 1.000000e+06 1.000000e+06 1.000000e+06 1.000000e+06 1.000000e+06 1.000000e+06 1.000000e+06 1.000000e+06 1.000000e+06 1.000000e+06 1.000000e+06 1.000000e+06 1.000000e+06 1.000000e+06 1.000000e+06 1.000000e+06 1.000000e+06 1.000000e+06 1.000000e+06 1.000000e+06 
