5.769208e+03 5.730192e+03 6.278464e+03 5.782180e+03 6.024614e+03 5.582584e+03 5.422011e+03 5.008518e+03 5.613848e+03 5.542537e+03 5.946076e+03 6.174812e+03 5.785137e+03 5.399136e+03 5.959938e+03 6.237585e+03 5.957628e+03 6.007401e+03 5.977050e+03 5.278885e+03 5.886339e+03 4.980466e+03 5.822268e+03 5.215021e+03 5.055303e+03 6.204906e+03 5.955371e+03 5.370764e+03 4.978205e+03 6.301031e+03 
5.724995e+03 5.685685e+03 6.278464e+03 5.382151e+03 5.948077e+03 5.582584e+03 5.366162e+03 5.008518e+03 5.110250e+03 5.484219e+03 5.852261e+03 5.859836e+03 5.578209e+03 5.249288e+03 5.959938e+03 5.943374e+03 5.850716e+03 6.007401e+03 5.537978e+03 5.219738e+03 5.876835e+03 4.980466e+03 5.817890e+03 4.886618e+03 5.055303e+03 6.204906e+03 5.833841e+03 5.370764e+03 4.779820e+03 6.301031e+03 
5.716275e+03 5.685685e+03 5.955008e+03 5.382151e+03 5.502018e+03 5.252440e+03 5.366162e+03 5.008518e+03 4.897446e+03 5.484219e+03 5.560402e+03 5.795975e+03 5.468174e+03 5.249288e+03 5.392449e+03 5.334967e+03 5.714809e+03 5.843424e+03 5.199992e+03 5.209946e+03 5.631667e+03 4.833841e+03 5.392145e+03 4.886618e+03 5.055303e+03 5.683491e+03 5.759903e+03 5.370764e+03 4.102776e+03 5.970133e+03 
5.503696e+03 5.157094e+03 5.687028e+03 5.147607e+03 5.004970e+03 5.092005e+03 5.353540e+03 4.806699e+03 4.897446e+03 5.313896e+03 5.213418e+03 5.795975e+03 5.352851e+03 4.845812e+03 5.392449e+03 4.947701e+03 5.427300e+03 5.529993e+03 5.065183e+03 5.123928e+03 5.241705e+03 4.833841e+03 5.223082e+03 4.563559e+03 4.427554e+03 5.592015e+03 5.759903e+03 5.218209e+03 4.102776e+03 5.740707e+03 
4.856651e+03 4.960213e+03 4.896729e+03 4.757647e+03 4.889967e+03 4.359399e+03 5.077577e+03 4.705446e+03 4.111461e+03 4.877424e+03 5.058567e+03 4.268848e+03 4.455863e+03 4.510704e+03 5.118574e+03 4.774445e+03 4.941905e+03 5.150062e+03 5.065183e+03 4.984453e+03 5.187988e+03 4.663403e+03 4.860829e+03 4.335240e+03 4.427554e+03 4.899256e+03 5.002672e+03 4.940827e+03 4.102776e+03 5.157890e+03 
4.292747e+03 4.306992e+03 4.209939e+03 4.176865e+03 4.069931e+03 3.923555e+03 4.432953e+03 4.171423e+03 3.750987e+03 4.430547e+03 4.104940e+03 3.460405e+03 4.296217e+03 4.090351e+03 3.907759e+03 4.058019e+03 3.804171e+03 4.465708e+03 4.135171e+03 4.287896e+03 4.433777e+03 3.918841e+03 4.174046e+03 3.769258e+03 4.361895e+03 4.261907e+03 3.621711e+03 4.379014e+03 3.694472e+03 3.936742e+03 
3.302215e+03 3.295986e+03 3.007769e+03 3.160622e+03 3.421969e+03 3.432839e+03 3.041696e+03 3.404478e+03 3.114909e+03 3.326013e+03 3.319978e+03 2.848842e+03 3.213824e+03 3.189619e+03 3.473487e+03 3.179261e+03 3.282507e+03 3.367177e+03 3.117002e+03 3.419288e+03 3.038131e+03 3.263091e+03 2.927103e+03 2.846147e+03 3.522845e+03 3.216962e+03 2.989175e+03 2.858632e+03 3.115784e+03 2.792501e+03 
1.958986e+03 2.075708e+03 1.842593e+03 2.230275e+03 1.945594e+03 2.303057e+03 1.877856e+03 1.813074e+03 2.134771e+03 2.324756e+03 2.178646e+03 1.597872e+03 1.360509e+03 2.127384e+03 2.346401e+03 2.378769e+03 2.195167e+03 1.681724e+03 1.663377e+03 2.009104e+03 2.065865e+03 1.901463e+03 2.253980e+03 1.729159e+03 1.950545e+03 1.499702e+03 2.062477e+03 1.939778e+03 1.855106e+03 2.233679e+03 
1.022012e+03 5.937112e+02 8.571398e+02 9.699569e+02 9.001592e+02 7.630641e+02 8.393944e+02 8.708496e+02 7.496421e+02 1.011913e+03 1.046379e+03 9.593335e+02 9.178484e+02 7.173653e+02 1.016567e+03 1.025948e+03 9.338036e+02 8.055624e+02 1.171497e+03 1.001100e+03 9.558037e+02 7.463506e+02 6.202559e+02 8.820798e+02 7.096002e+02 7.077244e+02 7.993083e+02 8.991389e+02 7.720220e+02 8.381230e+02 
1.300818e+02 1.806003e+02 1.162289e+02 1.434758e+02 1.284778e+02 1.363256e+02 8.325900e+01 1.052010e+02 1.493861e+02 1.293393e+02 1.114839e+02 1.406759e+02 1.096570e+02 1.202699e+02 1.326631e+02 1.326302e+02 1.334133e+02 7.423793e+01 1.377766e+02 1.103214e+02 1.474354e+02 1.384016e+02 1.548357e+02 8.168027e+01 1.095363e+02 1.114612e+02 1.124180e+02 1.596800e+02 1.234009e+02 1.217198e+02 
1.004941e+00 7.447132e-01 1.062134e+00 4.519315e-01 6.058356e-01 4.302834e-01 2.879215e-01 3.201169e-01 3.522667e-01 7.073324e-01 2.482243e-01 1.077959e+00 7.556723e-01 8.611559e-01 4.215310e-01 1.006429e+00 7.525155e-01 6.783037e-01 5.904345e-01 5.915479e-01 1.751118e-01 8.778087e-01 5.243428e-01 5.241542e-01 2.034426e-01 7.353682e-01 6.705890e-01 7.540811e-01 7.502648e-01 6.507474e-01 
1.843239e-07 2.504291e-07 1.531874e-07 1.330962e-07 1.077429e-07 8.670463e-08 4.747231e-08 1.097278e-07 1.557617e-07 2.156263e-07 8.220531e-08 1.985964e-07 1.536896e-07 1.055162e-07 1.230063e-07 1.140990e-07 1.267619e-07 1.038106e-07 1.007654e-07 2.852330e-07 7.070920e-07 7.394334e-08 1.576750e-07 4.159911e-08 1.892456e-08 2.801167e-07 2.027296e-07 3.302496e-07 8.415176e-08 1.125690e-07 
1.000000e-08 1.000000e-08 1.000000e-08 1.000000e-08 1.000000e-08 1.000000e-08 1.000000e-08 1.000000e-08 1.000000e-08 1.000000e-08 1.000000e-08 1.000000e-08 1.000000e-08 1.000000e-08 1.000000e-08 1.000000e-08 1.000000e-08 1.000000e-08 1.000000e-08 1.000000e-08 1.000000e-08 1.000000e-08 1.000000e-08 1.000000e-08 1.000000e-08 1.000000e-08 1.000000e-08 1.000000e-08 1.000000e-08 1.000000e-08 
1.000000e-08 1.000000e-08 1.000000e-08 1.000000e-08 1.000000e-08 1.000000e-08 1.000000e-08 1.000000e-08 1.000000e-08 1.000000e-08 1.000000e-08 1.000000e-08 1.000000e-08 1.000000e-08 1.000000e-08 1.000000e-08 1.000000e-08 1.000000e-08 1.000000e-08 1.000000e-08 1.000000e-08 1.000000e-08 1.000000e-08 1.000000e-08 1.000000e-08 1.000000e-08 1.000000e-08 1.000000e-08 1.000000e-08 1.000000e-08 
1.000000e-08 1.000000e-08 1.000000e-08 1.000000e-08 1.000000e-08 1.000000e-08 1.000000e-08 1.000000e-08 1.000000e-08 1.000000e-08 1.000000e-08 1.000000e-08 1.000000e-08 1.000000e-08 1.000000e-08 1.000000e-08 1.000000e-08 1.000000e-08 1.000000e-08 1.000000e-08 1.000000e-08 1.000000e-08 1.000000e-08 1.000000e-08 1.000000e-08 1.000000e-08 1.000000e-08 1.000000e-08 1.000000e-08 1.000000e-08 
1.000000e-08 1.000000e-08 1.000000e-08 1.000000e-08 1.000000e-08 1.000000e-08 1.000000e-08 1.000000e-08 1.000000e-08 1.000000e-08 1.000000e-08 1.000000e-08 1.000000e-08 1.000000e-08 1.000000e-08 1.000000e-08 1.000000e-08 1.000000e-08 1.000000e-08 1.000000e-08 1.000000e-08 1.000000e-08 1.000000e-08 1.000000e-08 1.000000e-08 1.000000e-08 1.000000e-08 1.000000e-08 1.000000e-08 1.000000e-08 
9.971400e+04 9.717400e+04 9.962400e+04 9.799300e+04 9.544500e+04 9.571800e+04 9.744700e+04 9.699200e+04 9.753800e+04 9.935400e+04 9.717400e+04 1.005240e+05 9.872100e+04 9.580900e+04 9.590000e+04 9.690100e+04 9.790200e+04 9.744700e+04 9.635500e+04 1.000740e+05 1.013340e+05 9.662800e+04 9.817500e+04 9.626400e+04 9.335200e+04 1.009740e+05 9.863000e+04 1.014240e+05 9.899400e+04 9.653700e+04 
