3.309820e+02 3.870723e+02 4.032438e+02 5.214849e+02 4.415706e+02 4.044380e+02 5.269337e+02 3.480566e+02 5.868289e+02 4.079956e+02 4.850296e+02 3.866313e+02 3.104312e+02 3.254193e+02 3.764339e+02 4.455840e+02 4.113428e+02 3.610687e+02 4.715665e+02 3.604418e+02 3.483481e+02 4.782037e+02 4.722606e+02 4.741284e+02 3.507893e+02 3.267552e+02 4.330999e+02 3.714936e+02 4.090282e+02 4.049098e+02 
3.309820e+02 3.669432e+02 3.472511e+02 4.822076e+02 4.414703e+02 3.450282e+02 5.001843e+02 3.480566e+02 5.040486e+02 4.079956e+02 3.545313e+02 3.336863e+02 2.555183e+02 3.254193e+02 3.702646e+02 4.409437e+02 3.576005e+02 3.566176e+02 4.715665e+02 3.604418e+02 3.352176e+02 4.782037e+02 4.203812e+02 4.072552e+02 3.507893e+02 3.267552e+02 4.298031e+02 3.714936e+02 4.090282e+02 3.701077e+02 
3.287787e+02 2.557923e+02 3.252866e+02 3.652841e+02 3.994717e+02 3.113900e+02 4.226317e+02 3.332248e+02 4.658488e+02 3.633009e+02 3.545313e+02 3.274812e+02 2.347831e+02 3.254193e+02 3.702646e+02 3.810814e+02 3.024840e+02 3.297156e+02 3.760293e+02 2.343415e+02 3.249472e+02 4.622826e+02 3.295544e+02 4.072552e+02 3.286094e+02 1.900868e+02 3.417283e+02 2.843573e+02 2.569059e+02 3.541599e+02 
3.070775e+02 2.557923e+02 3.087469e+02 3.057465e+02 3.280368e+02 2.971741e+02 2.687200e+02 2.636600e+02 4.506329e+02 2.807264e+02 3.440392e+02 2.931940e+02 2.174378e+02 3.133427e+02 3.181604e+02 3.621265e+02 3.024840e+02 3.114921e+02 3.760293e+02 2.343415e+02 3.249472e+02 3.414456e+02 3.295544e+02 3.520114e+02 2.653891e+02 1.900868e+02 3.190383e+02 2.408535e+02 2.569059e+02 3.452787e+02 
2.449844e+02 2.557923e+02 2.270745e+02 3.057465e+02 2.258015e+02 2.597773e+02 2.687200e+02 2.413189e+02 2.897835e+02 2.439889e+02 1.982311e+02 2.279205e+02 2.045254e+02 2.949943e+02 2.220894e+02 2.324421e+02 2.224696e+02 2.638474e+02 2.280755e+02 2.343415e+02 2.578286e+02 2.512096e+02 2.395957e+02 3.208840e+02 2.558887e+02 1.737074e+02 3.190383e+02 2.171855e+02 2.098538e+02 2.724540e+02 
1.713290e+02 2.074316e+02 2.050420e+02 2.076736e+02 1.385613e+02 1.842030e+02 2.076566e+02 1.530396e+02 2.379383e+02 1.294011e+02 1.719887e+02 2.107171e+02 1.812963e+02 2.154159e+02 2.147666e+02 2.046576e+02 1.923543e+02 1.601881e+02 1.826806e+02 1.102256e+02 2.025492e+02 1.578445e+02 1.881440e+02 2.717440e+02 1.882155e+02 1.706987e+02 2.317428e+02 1.213610e+02 1.795070e+02 1.534516e+02 
1.270141e+02 1.150578e+02 1.288621e+02 1.401630e+02 1.206862e+02 1.372866e+02 1.496332e+02 1.467618e+02 1.521537e+02 1.115313e+02 1.056817e+02 1.367132e+02 1.469007e+02 1.376025e+02 9.525011e+01 1.175636e+02 1.137618e+02 1.183318e+02 1.312541e+02 1.069680e+02 9.766501e+01 1.294108e+02 1.442849e+02 1.483345e+02 1.256677e+02 1.227881e+02 1.286947e+02 1.192389e+02 1.363001e+02 1.212426e+02 
1.117886e+02 8.164310e+01 6.811495e+01 8.691370e+01 7.948631e+01 6.521049e+01 7.995690e+01 1.034666e+02 7.697940e+01 9.251935e+01 9.801224e+01 7.060914e+01 8.578943e+01 9.737531e+01 7.000607e+01 8.634451e+01 5.785000e+01 8.811085e+01 9.291152e+01 9.261577e+01 8.114272e+01 7.049217e+01 7.828566e+01 7.636603e+01 9.678564e+01 8.014963e+01 9.602706e+01 8.894609e+01 8.362681e+01 8.184670e+01 
7.005829e+01 6.088828e+01 4.722574e+01 5.750715e+01 5.832935e+01 4.508422e+01 5.924411e+01 4.855614e+01 6.524799e+01 5.668007e+01 5.476455e+01 5.279746e+01 6.995573e+01 5.328723e+01 5.430104e+01 3.955532e+01 3.797866e+01 5.964127e+01 5.868227e+01 4.563720e+01 5.956649e+01 6.095856e+01 5.585240e+01 6.238036e+01 6.234043e+01 5.493809e+01 6.625308e+01 6.684616e+01 5.871649e+01 6.563987e+01 
5.245975e+01 4.007680e+01 3.901409e+01 4.478380e+01 3.809911e+01 3.930727e+01 5.111325e+01 4.010422e+01 4.469144e+01 3.750346e+01 3.817276e+01 3.623095e+01 4.388147e+01 4.555786e+01 4.500807e+01 3.534081e+01 3.743676e+01 2.723480e+01 4.525169e+01 4.518251e+01 3.866954e+01 4.880880e+01 4.868513e+01 3.956804e+01 4.179722e+01 3.678046e+01 4.035712e+01 4.025101e+01 4.309526e+01 4.511683e+01 
3.659308e+01 3.379256e+01 2.687485e+01 3.501893e+01 3.130688e+01 3.297964e+01 2.422426e+01 3.445126e+01 3.482061e+01 2.919176e+01 3.272742e+01 2.977421e+01 2.510602e+01 3.336796e+01 3.089305e+01 2.002815e+01 3.294402e+01 2.598682e+01 3.278359e+01 3.324446e+01 3.097840e+01 3.204184e+01 2.969778e+01 2.761059e+01 2.953920e+01 2.938706e+01 2.893101e+01 2.346811e+01 3.778448e+01 2.805475e+01 
2.452297e+01 2.049577e+01 2.259404e+01 2.518204e+01 1.641170e+01 2.346927e+01 1.940611e+01 2.230147e+01 2.337219e+01 1.912947e+01 2.070481e+01 7.493431e+00 1.883960e+01 1.789321e+01 2.223994e+01 1.735967e+01 2.150512e+01 2.294510e+01 2.073591e+01 2.112490e+01 2.152892e+01 2.323935e+01 1.551931e+01 2.089891e+01 1.984575e+01 2.283145e+01 2.046628e+01 2.166303e+01 2.093815e+01 2.176305e+01 
1.686899e+01 1.548126e+01 1.607766e+01 1.451921e+01 1.268367e+01 1.833021e+01 1.456218e+01 1.426785e+01 1.928452e+01 1.683444e+01 1.624765e+01 5.962532e+00 1.691655e+01 1.039230e+01 1.648554e+01 1.322031e+01 1.846759e+01 1.778584e+01 1.786124e+01 1.594214e+01 1.897949e+01 1.870588e+01 1.123438e+01 1.516335e+01 1.444561e+01 2.004377e+01 1.439619e+01 1.939465e+01 7.612877e+00 1.696817e+01 
1.381858e+01 1.518330e+01 1.472291e+01 1.369150e+01 1.215271e+01 1.262094e+01 1.394275e+01 1.264666e+01 1.431844e+01 1.635834e+01 1.603312e+01 5.715099e+00 1.597315e+01 9.723150e+00 1.602102e+01 1.318150e+01 1.839418e+01 1.640383e+01 1.652979e+01 1.544395e+01 1.799733e+01 1.757540e+01 1.066574e+01 1.463686e+01 1.357984e+01 1.845483e+01 1.350737e+01 1.855023e+01 6.716944e+00 1.635842e+01 
1.358704e+01 1.345582e+01 1.471015e+01 1.362704e+01 1.211698e+01 8.680968e+00 1.388465e+01 1.212665e+01 1.399733e+01 1.632758e+01 1.600101e+01 5.602287e+00 1.553103e+01 7.068196e+00 1.601379e+01 1.315395e+01 1.498897e+01 1.476452e+01 1.468837e+01 1.540227e+01 1.684034e+01 1.592776e+01 1.060901e+01 1.461226e+01 1.354706e+01 1.844971e+01 1.345920e+01 1.570755e+01 6.701454e+00 1.626854e+01 
8.524333e+00 1.235291e+01 1.471015e+01 6.264094e+00 1.211698e+01 8.680968e+00 1.388465e+01 7.905588e+00 1.235074e+01 1.573962e+01 1.545775e+01 5.602287e+00 1.553103e+01 7.068196e+00 1.544518e+01 1.315395e+01 1.230501e+01 1.402659e+01 1.193893e+01 1.360573e+01 1.520542e+01 1.357118e+01 1.060901e+01 1.233970e+01 1.354706e+01 1.561510e+01 1.345920e+01 1.420990e+01 6.701454e+00 1.411110e+01 
2.000000e+05 2.000000e+05 2.000000e+05 2.000000e+05 2.000000e+05 2.000000e+05 2.000000e+05 2.000000e+05 2.000000e+05 2.000000e+05 2.000000e+05 2.000000e+05 2.000000e+05 2.000000e+05 2.000000e+05 2.000000e+05 2.000000e+05 2.000000e+05 2.000000e+05 2.000000e+05 2.000000e+05 2.000000e+05 2.000000e+05 2.000000e+05 2.000000e+05 2.000000e+05 2.000000e+05 2.000000e+05 2.000000e+05 2.000000e+05 
