3.848173e+07 2.587929e+06 5.045419e+06 4.299760e+06 4.155501e+07 2.457826e+06 1.569084e+07 1.113574e+07 1.005937e+06 2.492304e+06 1.124138e+07 2.154920e+06 4.913935e+06 5.855689e+06 2.520207e+07 1.039032e+07 5.043257e+06 9.564921e+06 1.854233e+07 1.464583e+07 2.699578e+05 1.210926e+07 1.306546e+06 3.314693e+07 5.058983e+06 5.855689e+06 1.147302e+07 2.843633e+07 8.132460e+06 2.399905e+06 
9.239859e+06 2.587929e+06 5.045419e+06 4.299760e+06 2.441447e+07 2.457804e+06 5.350031e+06 1.336822e+06 1.005937e+06 2.491794e+06 1.434160e+06 2.154920e+06 4.913580e+06 5.855689e+06 2.520207e+07 1.038999e+07 5.043249e+06 1.575685e+06 1.515455e+07 1.464550e+07 2.699578e+05 1.210918e+07 1.306536e+06 2.476978e+06 3.887605e+06 5.855689e+06 1.147285e+07 2.843632e+07 8.126394e+06 2.399905e+06 
9.239854e+06 2.244165e+06 4.480492e+06 4.299760e+06 2.441447e+07 2.457804e+06 5.350022e+06 1.336485e+06 1.005702e+06 2.491794e+06 1.434160e+06 2.154920e+06 4.906833e+06 5.853090e+06 2.287947e+07 1.038999e+07 5.043249e+06 1.575685e+06 1.100148e+07 1.464550e+07 2.699578e+05 1.208964e+07 1.306191e+06 2.476560e+06 3.887605e+06 5.853090e+06 1.147285e+07 1.911413e+06 8.126394e+06 2.399905e+06 
6.153505e+05 1.818509e+06 4.480345e+06 4.299760e+06 2.441447e+07 2.457804e+06 5.349185e+06 9.966788e+05 1.005539e+06 2.491794e+06 1.322031e+06 2.154728e+06 4.906816e+06 5.853090e+06 2.287946e+07 1.038998e+07 5.043242e+06 1.547292e+06 1.100148e+07 1.231574e+06 2.699578e+05 1.190647e+07 1.306191e+06 2.371664e+06 2.315573e+06 5.853090e+06 1.147285e+07 1.859903e+06 7.268309e+06 2.399905e+06 
6.152796e+05 1.755107e+06 2.284586e+06 3.489907e+06 3.867876e+06 7.594515e+05 5.349185e+06 9.966788e+05 1.005478e+06 1.212790e+06 1.321527e+06 1.127803e+06 4.394677e+06 5.853055e+06 2.236559e+06 9.960837e+06 5.042365e+06 1.043058e+06 5.429757e+06 1.231574e+06 2.679407e+05 3.803032e+06 1.049212e+06 2.371658e+06 2.315521e+06 5.853055e+06 2.454891e+06 9.686875e+05 6.707610e+06 2.399905e+06 
5.996053e+05 1.227412e+06 1.316265e+06 3.485694e+06 1.087017e+06 7.587139e+05 3.205210e+06 9.966788e+05 9.608677e+05 1.212787e+06 1.320224e+06 1.030310e+06 2.844286e+06 3.708042e+06 3.226991e+05 1.596265e+06 1.907552e+06 6.702716e+05 1.964899e+06 1.230014e+06 1.900330e+05 1.482049e+06 3.193431e+05 2.371642e+06 1.368118e+06 3.708042e+06 2.336262e+06 9.686593e+05 1.095560e+04 2.399602e+06 
5.989280e+05 7.036821e+05 1.311819e+06 5.104727e+05 1.080978e+06 2.183275e+05 2.843786e+05 9.962783e+05 9.430825e+05 1.901359e+05 1.318347e+06 3.584578e+05 1.177813e+06 3.707659e+06 6.616783e+04 7.531401e+05 7.974294e+05 6.696350e+05 8.461251e+05 6.170907e+05 1.856815e+05 7.953341e+04 1.528281e+05 6.771521e+05 1.183074e+06 3.707659e+06 3.734202e+05 9.680716e+05 1.069538e+04 3.465422e+05 
3.185545e+04 1.070262e+05 5.347930e+05 5.104128e+05 6.766231e+05 7.548121e+04 1.602168e+05 8.479284e+03 3.510454e+04 4.759703e+04 1.295139e+05 8.877480e+04 3.164766e+04 2.140318e+05 2.691435e+04 6.407286e+04 1.300023e+05 4.474115e+04 2.422810e+05 6.044810e+04 1.803201e+05 7.160549e+04 1.279962e+05 1.879824e+05 8.714755e+04 2.140318e+05 5.657350e+04 1.939493e+04 1.019678e+04 1.499234e+05 
1.093397e+04 4.744770e+03 1.628571e+04 4.532657e+04 2.107679e+04 2.417825e+03 7.707292e+03 8.272190e+03 1.482998e+04 4.518637e+04 1.677621e+04 3.045678e+04 9.718733e+03 1.541132e+04 4.911244e+03 4.307372e+03 2.475569e+04 7.142973e+03 1.637280e+04 3.167815e+03 1.402475e+04 5.670916e+03 2.212737e+04 1.191799e+04 7.474924e+04 1.541132e+04 2.710941e+03 5.389045e+03 3.146546e+03 3.447523e+04 
3.160455e+02 3.234621e+02 2.112212e+02 2.299622e+02 2.307415e+03 1.401742e+03 3.133436e+02 2.259786e+02 1.761356e+03 7.577852e+02 1.218882e+03 7.631143e+02 3.654734e+02 9.296660e+02 4.909031e+02 3.135568e+02 2.890960e+03 6.316358e+02 1.380429e+03 1.519703e+02 1.274020e+02 3.504604e+02 4.680425e+02 1.841304e+02 7.151883e+02 9.296660e+02 4.122355e+02 4.793199e+02 1.172671e+02 1.980690e+02 
1.086634e+01 2.014849e+01 1.138921e+01 1.224508e+01 4.933570e+01 5.642466e+00 2.286811e+01 1.836050e+01 5.818391e+00 1.321932e+01 2.362319e+01 1.528251e+01 3.812990e+00 1.400838e+01 2.602455e+01 1.095300e+01 3.525566e+01 1.196239e+01 1.212601e+01 7.193175e+00 7.606733e+00 9.407276e+00 9.216125e+00 1.104585e+01 1.550560e+01 1.400838e+01 1.618610e+01 3.470366e+01 1.078941e+01 3.232928e+01 
5.499622e-03 7.225285e-02 2.278162e-02 8.998687e-02 3.888027e-02 1.671123e-02 6.197671e-02 3.926447e-02 6.487852e-03 1.836386e-02 3.089534e-02 2.544279e-02 1.658292e-02 7.484799e-02 4.620689e-02 3.325214e-02 1.817489e-02 2.589371e-02 2.945327e-02 5.208021e-02 1.024856e-02 7.076602e-03 1.267810e-01 9.498209e-02 1.025562e-02 7.484799e-02 4.351301e-02 4.256596e-02 9.295679e-03 2.988890e-02 
1.000000e-08 1.965902e-08 1.000000e-08 9.545363e-08 1.000000e-08 1.000000e-08 1.000000e-08 2.437276e-08 1.000000e-08 1.000000e-08 4.820467e-08 1.000000e-08 1.000000e-08 6.008827e-08 4.153151e-08 1.000000e-08 2.269984e-08 1.000000e-08 1.000000e-08 1.000000e-08 1.000000e-08 1.000000e-08 4.004050e-08 1.952042e-08 1.000000e-08 6.008827e-08 1.000000e-08 1.037849e-08 1.000000e-08 1.000000e-08 
1.000000e-08 1.000000e-08 1.000000e-08 1.000000e-08 1.000000e-08 1.000000e-08 1.000000e-08 1.000000e-08 1.000000e-08 1.000000e-08 1.000000e-08 1.000000e-08 1.000000e-08 1.000000e-08 1.000000e-08 1.000000e-08 1.000000e-08 1.000000e-08 1.000000e-08 1.000000e-08 1.000000e-08 1.000000e-08 1.000000e-08 1.000000e-08 1.000000e-08 1.000000e-08 1.000000e-08 1.000000e-08 1.000000e-08 1.000000e-08 
1.000000e-08 1.000000e-08 1.000000e-08 1.000000e-08 1.000000e-08 1.000000e-08 1.000000e-08 1.000000e-08 1.000000e-08 1.000000e-08 1.000000e-08 1.000000e-08 1.000000e-08 1.000000e-08 1.000000e-08 1.000000e-08 1.000000e-08 1.000000e-08 1.000000e-08 1.000000e-08 1.000000e-08 1.000000e-08 1.000000e-08 1.000000e-08 1.000000e-08 1.000000e-08 1.000000e-08 1.000000e-08 1.000000e-08 1.000000e-08 
1.000000e-08 1.000000e-08 1.000000e-08 1.000000e-08 1.000000e-08 1.000000e-08 1.000000e-08 1.000000e-08 1.000000e-08 1.000000e-08 1.000000e-08 1.000000e-08 1.000000e-08 1.000000e-08 1.000000e-08 1.000000e-08 1.000000e-08 1.000000e-08 1.000000e-08 1.000000e-08 1.000000e-08 1.000000e-08 1.000000e-08 1.000000e-08 1.000000e-08 1.000000e-08 1.000000e-08 1.000000e-08 1.000000e-08 1.000000e-08 
4.804100e+04 5.251800e+04 5.010500e+04 5.244300e+04 4.926900e+04 4.926900e+04 5.002900e+04 5.109300e+04 4.858000e+04 4.934500e+04 5.341500e+04 4.972500e+04 5.002900e+04 5.146800e+04 5.154300e+04 4.911700e+04 5.071300e+04 4.704000e+04 4.987700e+04 4.811800e+04 4.858000e+04 4.896500e+04 5.146800e+04 5.124300e+04 4.934500e+04 5.146800e+04 5.018100e+04 5.056100e+04 4.711700e+04 4.987700e+04 
