6.336588e+03 5.805461e+03 5.927427e+03 5.561487e+03 5.612263e+03 6.007012e+03 5.774464e+03 5.802979e+03 6.024802e+03 5.683579e+03 5.028187e+03 6.017946e+03 4.945446e+03 5.829221e+03 6.321619e+03 4.986762e+03 5.486405e+03 5.874437e+03 6.012709e+03 5.069204e+03 5.729074e+03 5.839169e+03 5.917889e+03 5.564123e+03 5.750565e+03 5.836180e+03 5.232301e+03 6.773879e+03 5.619958e+03 5.276521e+03 
6.336588e+03 5.167282e+03 5.927427e+03 5.561487e+03 5.612263e+03 5.995341e+03 5.774464e+03 5.606474e+03 6.005352e+03 5.593140e+03 4.964882e+03 6.017946e+03 4.945446e+03 5.556810e+03 6.093313e+03 4.986762e+03 5.105512e+03 5.634674e+03 5.861526e+03 5.069204e+03 5.729074e+03 5.811847e+03 5.917889e+03 5.384020e+03 5.750565e+03 5.836180e+03 4.939789e+03 6.547541e+03 5.619958e+03 5.248532e+03 
5.905916e+03 5.167282e+03 5.927427e+03 5.326401e+03 5.612263e+03 5.995341e+03 5.770180e+03 5.583929e+03 5.415512e+03 4.738585e+03 4.964882e+03 6.017946e+03 4.756797e+03 5.556810e+03 5.690087e+03 4.652150e+03 4.799066e+03 5.634674e+03 5.861526e+03 5.069204e+03 5.607176e+03 5.811847e+03 5.909219e+03 3.454513e+03 5.750565e+03 5.436671e+03 4.289248e+03 6.392792e+03 5.472916e+03 4.779273e+03 
5.400619e+03 5.061873e+03 4.680947e+03 5.126545e+03 5.337896e+03 5.228443e+03 5.721116e+03 5.364921e+03 4.217074e+03 4.738585e+03 4.964882e+03 5.673661e+03 4.697579e+03 5.546982e+03 5.590665e+03 4.472378e+03 4.799066e+03 4.675961e+03 5.568684e+03 5.069204e+03 5.437999e+03 5.520782e+03 5.909219e+03 3.328767e+03 5.750565e+03 5.436671e+03 4.289248e+03 6.027522e+03 5.289588e+03 4.779273e+03 
5.398098e+03 4.706274e+03 4.637126e+03 4.537660e+03 4.888669e+03 5.010572e+03 4.540158e+03 4.585262e+03 3.770773e+03 3.874441e+03 4.964882e+03 5.220952e+03 4.632610e+03 4.832808e+03 4.741321e+03 3.687122e+03 4.299911e+03 4.675553e+03 5.109407e+03 4.236562e+03 4.453804e+03 4.938581e+03 5.587698e+03 2.525639e+03 5.217109e+03 4.367800e+03 4.281966e+03 5.024776e+03 5.029758e+03 4.060877e+03 
4.683008e+03 2.963674e+03 3.885895e+03 3.150910e+03 3.787404e+03 3.444012e+03 4.328359e+03 3.292012e+03 3.616711e+03 3.337386e+03 3.968557e+03 3.559990e+03 3.510085e+03 4.077893e+03 4.363070e+03 3.534322e+03 2.441265e+03 3.944961e+03 4.226150e+03 3.062303e+03 3.475559e+03 3.799687e+03 4.427913e+03 2.236149e+03 3.877005e+03 3.942905e+03 3.875219e+03 3.370585e+03 4.218960e+03 2.818994e+03 
2.913076e+03 1.693558e+03 3.053464e+03 2.110953e+03 1.775089e+03 1.275623e+03 2.435848e+03 2.183851e+03 2.540436e+03 1.316207e+03 2.641248e+03 1.701523e+03 2.036207e+03 2.729273e+03 2.376501e+03 1.584858e+03 2.022557e+03 2.740513e+03 2.495601e+03 2.433976e+03 1.875315e+03 3.186442e+03 2.588297e+03 1.724011e+03 2.710094e+03 2.603452e+03 1.649716e+03 2.962055e+03 3.314061e+03 1.934207e+03 
2.183603e+03 7.986561e+02 1.051423e+03 1.044555e+03 8.056030e+02 6.482984e+02 1.186545e+03 1.010184e+03 1.218184e+03 9.077972e+02 1.044220e+03 1.463985e+03 6.658605e+02 1.047180e+03 9.536931e+02 8.685664e+02 9.128813e+02 1.237500e+03 1.356801e+03 9.990945e+02 1.685209e+03 1.568078e+03 1.014037e+03 1.071812e+03 1.054319e+03 1.188490e+03 5.916957e+02 1.288988e+03 1.920818e+03 7.100420e+02 
3.798183e+02 4.166896e+02 3.810195e+02 4.346234e+02 3.595223e+02 3.914285e+02 2.654247e+02 3.955404e+02 6.469416e+02 3.665665e+02 4.637996e+02 2.686515e+02 4.818687e+02 5.222855e+02 4.060711e+02 4.063883e+02 3.189842e+02 5.615611e+02 5.010657e+02 3.683213e+02 6.803461e+02 6.190293e+02 4.269548e+02 3.858113e+02 5.523191e+02 5.693872e+02 3.966740e+02 5.155382e+02 5.670063e+02 2.891279e+02 
1.898032e+02 2.307752e+02 1.501630e+02 1.871805e+02 1.879157e+02 1.830169e+02 1.659199e+02 1.711331e+02 2.278933e+02 1.705003e+02 2.369755e+02 1.922694e+02 1.683665e+02 2.227402e+02 1.795563e+02 2.147239e+02 1.806451e+02 1.835907e+02 1.681493e+02 2.157619e+02 3.259386e+02 2.198217e+02 1.754607e+02 1.800571e+02 2.199582e+02 1.980374e+02 2.002032e+02 2.357348e+02 2.189585e+02 1.545868e+02 
1.262743e+02 1.273872e+02 1.208452e+02 1.223895e+02 1.241511e+02 1.232131e+02 1.252535e+02 1.235714e+02 1.320351e+02 1.219561e+02 1.266848e+02 1.196340e+02 1.274766e+02 1.214925e+02 1.215517e+02 1.338238e+02 1.229810e+02 1.274122e+02 1.222036e+02 1.224446e+02 1.305986e+02 1.232973e+02 1.237741e+02 1.249627e+02 1.223228e+02 1.273914e+02 1.221721e+02 1.224817e+02 1.190754e+02 1.214085e+02 
1.118576e+02 1.134221e+02 1.123883e+02 1.121441e+02 1.151840e+02 1.123107e+02 1.143129e+02 1.121844e+02 1.128455e+02 1.119750e+02 1.126109e+02 1.107859e+02 1.124505e+02 1.126286e+02 1.134454e+02 1.125573e+02 1.127899e+02 1.118019e+02 1.129136e+02 1.134998e+02 1.127615e+02 1.127931e+02 1.119902e+02 1.128238e+02 1.125293e+02 1.135711e+02 1.117501e+02 1.122240e+02 1.137849e+02 1.121603e+02 
1.064987e+02 1.047026e+02 1.063750e+02 1.069957e+02 1.077202e+02 1.066043e+02 1.061737e+02 1.060331e+02 1.055626e+02 1.063789e+02 1.057504e+02 9.891419e+01 1.074736e+02 1.090043e+02 1.031052e+02 1.078115e+02 1.041935e+02 1.059468e+02 1.065533e+02 1.072313e+02 1.071424e+02 1.061091e+02 1.082475e+02 1.058160e+02 1.076282e+02 1.078073e+02 1.070013e+02 1.063586e+02 1.054612e+02 1.052267e+02 
1.023128e+02 1.011633e+02 1.010915e+02 1.021932e+02 1.007696e+02 1.005984e+02 1.008574e+02 1.010652e+02 1.021890e+02 1.017886e+02 1.013596e+02 9.833572e+01 1.011288e+02 1.015265e+02 1.013083e+02 1.012199e+02 1.006466e+02 1.023307e+02 1.010071e+02 1.007690e+02 1.016669e+02 1.028852e+02 1.014376e+02 1.018053e+02 1.012675e+02 1.019049e+02 1.012974e+02 1.014729e+02 1.013941e+02 1.005870e+02 
1.000000e+02 1.000000e+02 1.000000e+02 1.000000e+02 1.000000e+02 1.000000e+02 1.000000e+02 1.000000e+02 1.000000e+02 1.000000e+02 1.000000e+02 9.815997e+01 1.000000e+02 1.000000e+02 1.000000e+02 1.000000e+02 1.000000e+02 1.000000e+02 1.000000e+02 1.000000e+02 1.000000e+02 1.000000e+02 1.000000e+02 1.000000e+02 1.000000e+02 1.000000e+02 1.000000e+02 1.000000e+02 1.000000e+02 1.000000e+02 
1.000000e+02 1.000000e+02 1.000000e+02 1.000000e+02 1.000000e+02 1.000000e+02 1.000000e+02 1.000000e+02 1.000000e+02 1.000000e+02 1.000000e+02 9.815997e+01 1.000000e+02 1.000000e+02 1.000000e+02 1.000000e+02 1.000000e+02 1.000000e+02 1.000000e+02 1.000000e+02 1.000000e+02 1.000000e+02 1.000000e+02 1.000000e+02 1.000000e+02 1.000000e+02 1.000000e+02 1.000000e+02 1.000000e+02 1.000000e+02 
1.000000e+06 1.000000e+06 1.000000e+06 1.000000e+06 1.000000e+06 1.000000e+06 1.000000e+06 1.000000e+06 1.000000e+06 1.000000e+06 1.000000e+06 1.000000e+06 1.000000e+06 1.000000e+06 1.000000e+06 1.000000e+06 1.000000e+06 1.000000e+06 1.000000e+06 1.000000e+06 1.000000e+06 1.000000e+06 1.000000e+06 1.000000e+06 1.000000e+06 1.000000e+06 1.000000e+06 1.000000e+06 1.000000e+06 1.000000e+06 
