1.762887e+06 1.880972e+06 1.402844e+06 1.626198e+06 1.957358e+06 6.762542e+05 2.946348e+06 2.738546e+05 4.137089e+06 2.961090e+06 1.212520e+06 3.151426e+06 4.170761e+06 4.782382e+06 2.572407e+06 2.758097e+06 4.536123e+05 2.896680e+06 3.520177e+06 3.636537e+06 4.133618e+06 2.344701e+06 1.426196e+06 5.514826e+05 1.158680e+06 1.260593e+06 5.276843e+05 2.864074e+06 1.632495e+06 5.283636e+06 
1.762887e+06 1.777365e+06 1.402844e+06 1.626198e+06 1.909345e+06 6.762542e+05 2.944242e+06 2.738546e+05 4.137089e+06 2.961090e+06 1.209876e+06 3.100425e+06 3.973474e+06 4.782382e+06 2.572407e+06 2.758097e+06 4.447997e+05 2.312429e+06 2.573638e+06 2.954210e+06 4.133618e+06 2.344701e+06 1.426196e+06 5.514826e+05 1.158667e+06 1.260593e+06 5.225214e+05 2.864074e+06 1.561991e+06 5.283636e+06 
1.292775e+06 1.777365e+06 1.368711e+06 1.625195e+06 1.909345e+06 6.623875e+05 2.908500e+06 2.738546e+05 4.136786e+06 2.961090e+06 1.041420e+06 2.916079e+06 2.851432e+06 4.663305e+06 2.572407e+06 2.703907e+06 4.447997e+05 1.615743e+06 2.523541e+06 2.897348e+06 4.074952e+06 2.165023e+06 1.379784e+06 5.514826e+05 1.158667e+06 1.245395e+06 5.222304e+05 2.713824e+06 1.529056e+06 4.270736e+06 
1.036948e+06 1.774434e+06 1.162439e+06 1.625195e+06 1.264101e+06 6.623692e+05 2.908500e+06 2.688889e+05 3.986306e+06 2.564510e+06 1.041420e+06 2.916079e+06 2.846652e+06 4.327420e+06 2.572107e+06 2.426577e+06 4.437599e+05 5.928622e+05 2.523262e+06 2.566300e+06 1.262438e+06 2.058595e+06 1.294647e+06 5.503184e+05 9.560394e+05 1.216958e+06 5.200695e+05 2.202864e+06 6.539104e+05 3.835894e+06 
9.917417e+05 3.490370e+05 1.147097e+06 1.319012e+06 1.226415e+06 1.806645e+05 1.943477e+06 2.342504e+05 2.693833e+06 3.474851e+05 9.862587e+05 9.600862e+05 2.743605e+06 2.652674e+06 7.436928e+05 1.253478e+06 3.950150e+05 4.562938e+05 1.103964e+05 6.791533e+05 1.259547e+06 1.553663e+06 8.779081e+05 2.513273e+05 9.560394e+05 1.216958e+06 4.765511e+05 4.046078e+05 6.452947e+05 1.725921e+06 
8.023325e+05 2.932779e+05 6.785644e+05 4.543271e+05 5.095760e+05 4.935756e+04 2.109088e+05 1.691144e+05 1.336288e+05 4.819253e+04 1.787169e+05 1.464298e+05 1.478656e+05 2.587604e+05 1.768525e+05 3.373718e+05 2.072642e+05 2.567936e+05 4.944110e+04 1.263632e+05 1.244611e+05 2.555288e+04 3.840711e+05 1.178225e+05 1.919283e+05 1.705561e+05 3.392305e+05 3.300652e+04 1.488109e+05 7.080930e+05 
1.732240e+04 1.430249e+04 9.849995e+03 8.154639e+04 2.377947e+04 8.216991e+03 1.083831e+04 2.265266e+04 4.025233e+03 3.227417e+04 2.472188e+04 2.353211e+04 2.381025e+04 2.686396e+03 3.035412e+03 2.106736e+04 1.012925e+04 1.663139e+04 1.357906e+04 1.841921e+04 1.757313e+04 9.430287e+02 4.613887e+04 3.678522e+03 2.937059e+04 1.477140e+04 4.462360e+04 6.441004e+03 2.401278e+04 4.371296e+03 
5.038616e+02 6.309594e+02 3.621959e+02 1.842563e+02 3.889971e+02 4.774844e+01 1.049537e+02 1.063277e+02 5.594448e+01 6.617639e+02 9.643210e+02 6.533651e+02 8.348386e+01 7.690181e+01 4.388419e+02 1.776126e+02 3.684768e+02 9.574428e+01 4.037387e+02 2.291678e+02 6.901127e+01 9.721236e+01 4.500309e+02 1.616764e+02 1.957266e+02 1.211213e+03 4.609336e+02 4.671485e+02 8.497600e+02 1.554357e+02 
2.058369e+01 2.244094e+01 2.363239e+01 1.832131e+01 1.525754e+01 1.336323e+01 1.161665e+01 1.809201e+01 2.180380e+01 2.665424e+01 2.970057e+01 1.466071e+01 1.876427e+01 2.135086e+01 1.672054e+01 2.292904e+01 3.182677e+01 1.740537e+01 1.471646e+01 1.365582e+01 1.451360e+01 1.132302e+01 2.238341e+01 1.773608e+01 2.778512e+01 1.967856e+01 1.829629e+01 2.008449e+01 1.660775e+01 1.717804e+01 
6.038968e+00 5.761654e+00 7.379461e+00 5.029452e+00 5.828449e+00 5.885737e+00 5.603445e+00 6.872061e+00 4.949628e+00 5.205094e+00 5.962180e+00 7.045846e+00 6.015490e+00 6.445727e+00 6.009900e+00 5.979238e+00 5.419298e+00 5.541041e+00 6.110734e+00 6.244639e+00 4.712688e+00 5.295900e+00 4.870957e+00 5.076867e+00 6.053764e+00 6.349972e+00 4.696201e+00 6.175963e+00 6.515551e+00 6.577777e+00 
2.167513e+00 2.339183e+00 2.680603e+00 2.384276e+00 2.344747e+00 2.029278e+00 2.143532e+00 2.351597e+00 2.361219e+00 2.423591e+00 2.504614e+00 2.215498e+00 1.811129e+00 2.025990e+00 2.746127e+00 2.182212e+00 2.248777e+00 1.723423e+00 2.706030e+00 2.425953e+00 2.539695e+00 2.813209e+00 2.416515e+00 2.340152e+00 2.732013e+00 2.348482e+00 2.874667e+00 2.699356e+00 2.095366e+00 2.337336e+00 
1.043039e+00 7.425921e-01 1.063360e+00 1.053190e+00 1.206999e+00 9.291177e-01 5.090203e-01 6.388858e-01 5.699064e-01 6.280985e-01 6.271761e-01 7.451483e-01 1.048025e+00 1.231610e+00 1.000666e+00 8.257415e-01 9.761140e-01 5.663660e-01 9.562716e-01 1.057985e+00 6.450824e-01 1.183541e+00 8.836321e-01 8.749184e-01 9.824672e-01 7.843912e-01 1.061910e+00 1.287650e+00 8.641485e-01 1.062101e+00 
2.493919e-01 5.920438e-01 5.883437e-01 4.778801e-01 4.571851e-01 2.695395e-01 2.462572e-01 3.558878e-01 3.317400e-01 2.763419e-01 3.528381e-01 4.019562e-01 5.455188e-01 4.075207e-01 4.771804e-01 5.226469e-01 1.271653e-01 3.064993e-01 3.938172e-01 3.355972e-01 3.800181e-01 4.317431e-01 3.766357e-01 3.351670e-01 6.321806e-01 4.301138e-01 5.031399e-01 5.119985e-01 6.046263e-01 4.047177e-01 
1.508022e-01 4.713183e-01 3.674525e-01 2.871708e-01 3.330407e-01 1.266525e-01 1.369703e-01 1.810158e-01 1.268142e-01 1.972418e-01 1.536121e-01 3.216738e-01 2.247049e-01 3.310748e-01 3.112503e-01 2.725026e-01 1.127690e-01 2.960998e-01 1.593328e-01 1.714764e-01 1.679673e-01 2.871387e-01 2.539729e-01 2.799318e-01 3.037189e-01 1.625263e-01 3.173208e-01 1.550978e-01 3.916551e-01 2.230445e-01 
8.778450e-02 3.571773e-01 2.626051e-01 2.812155e-01 1.995561e-01 1.036051e-01 1.267315e-01 7.580513e-02 1.219186e-01 1.507735e-01 1.515583e-01 1.527744e-01 2.116893e-01 2.632001e-01 2.107085e-01 1.930007e-01 1.002410e-01 2.630320e-01 1.550306e-01 1.547757e-01 6.696972e-02 1.763895e-01 1.614898e-01 2.349663e-01 1.540548e-01 1.003984e-01 2.084852e-01 1.358401e-01 2.425880e-01 2.170013e-01 
8.778450e-02 3.571773e-01 1.383985e-01 2.812155e-01 3.960971e-02 1.975383e-02 1.267315e-01 6.945484e-02 1.092572e-01 1.975819e-02 2.974600e-02 1.000000e-08 2.116893e-01 2.632001e-01 2.107085e-01 1.930007e-01 6.914309e-02 2.630320e-01 1.086713e-01 6.910916e-02 6.696972e-02 1.763895e-01 1.614898e-01 1.680003e-01 1.540548e-01 2.970355e-02 2.084852e-01 1.358401e-01 2.425880e-01 1.188496e-01 
1.000000e+06 1.000000e+06 1.000000e+06 1.000000e+06 1.000000e+06 1.000000e+06 1.000000e+06 1.000000e+06 1.000000e+06 1.000000e+06 1.000000e+06 9.619920e+05 1.000000e+06 1.000000e+06 1.000000e+06 1.000000e+06 1.000000e+06 1.000000e+06 1.000000e+06 1.000000e+06 1.000000e+06 1.000000e+06 1.000000e+06 1.000000e+06 1.000000e+06 1.000000e+06 1.000000e+06 1.000000e+06 1.000000e+06 1.000000e+06 
