1.538679e+07 2.112474e+06 5.617815e+06 2.966689e+06 2.972520e+06 2.105917e+07 1.195819e+07 9.075598e+06 2.972668e+07 3.781323e+06 2.751906e+06 1.283035e+07 4.114229e+05 2.528075e+07 3.385356e+07 1.661912e+07 2.545235e+06 4.084311e+06 9.817923e+06 1.713820e+07 1.067426e+07 1.685902e+07 7.820084e+06 1.332483e+06 2.451070e+06 2.528075e+07 1.749798e+06 5.879132e+06 1.481041e+07 4.213117e+06 
1.533448e+07 2.112474e+06 5.617815e+06 2.966689e+06 2.963883e+06 2.105916e+07 1.195816e+07 8.355742e+06 5.290825e+06 3.781175e+06 1.269048e+06 3.194893e+06 4.114229e+05 2.528075e+07 1.218228e+07 1.478941e+07 2.545235e+06 3.736399e+06 7.779657e+06 1.504169e+07 1.067309e+07 1.315756e+06 7.820083e+06 1.332479e+06 2.434444e+06 2.528075e+07 9.546580e+05 5.878797e+06 8.621638e+06 4.213117e+06 
8.036264e+06 2.112474e+06 5.617815e+06 2.966685e+06 2.963883e+06 1.831876e+07 1.195804e+07 8.355742e+06 5.290825e+06 3.781175e+06 1.269048e+06 3.194656e+06 4.114229e+05 1.085710e+07 1.218220e+07 1.478941e+07 2.545223e+06 2.084166e+05 7.779644e+06 1.504155e+07 6.807707e+06 1.315755e+06 7.050409e+06 1.332079e+06 2.434444e+06 1.085710e+07 8.601881e+05 5.878797e+06 8.621638e+06 4.212945e+06 
8.036264e+06 1.853316e+06 1.777587e+06 2.966434e+06 6.020747e+05 1.831858e+07 9.199028e+06 4.756670e+06 5.290825e+06 3.780900e+06 1.268787e+06 3.194656e+06 4.114229e+05 1.085652e+07 6.018653e+06 1.478941e+07 2.545223e+06 2.084166e+05 7.779575e+06 6.381386e+06 6.807707e+06 1.315732e+06 1.263566e+06 1.325997e+06 2.434398e+06 1.085652e+07 6.266421e+05 5.878700e+06 2.873503e+06 1.832741e+06 
8.035806e+06 1.853314e+06 1.777363e+06 2.966387e+06 6.019581e+05 1.831807e+07 5.259366e+06 3.808215e+06 5.290064e+06 3.780843e+06 1.268781e+06 1.174938e+06 3.692850e+05 1.067178e+07 6.018640e+06 6.357582e+06 2.545223e+06 2.081441e+05 1.233849e+05 6.380604e+06 5.174901e+06 5.227177e+05 1.263566e+06 1.321324e+06 2.433985e+06 1.067178e+07 2.983370e+05 4.961723e+06 2.873496e+06 1.832681e+06 
7.010294e+06 1.332975e+06 1.771998e+06 2.961870e+06 6.018397e+05 3.177297e+06 5.259313e+06 2.627000e+06 7.667566e+05 3.778164e+06 1.268387e+06 1.174934e+06 3.680783e+05 2.850543e+06 3.167267e+06 1.608155e+06 2.524294e+06 2.079002e+05 1.233547e+05 5.594332e+05 4.523414e+06 5.042631e+05 1.258335e+06 2.803136e+05 6.601773e+05 2.850543e+06 2.982876e+05 1.635090e+06 2.865869e+06 9.294358e+05 
3.389961e+05 6.695676e+05 4.604951e+05 1.461025e+06 1.550388e+05 1.421847e+06 1.268473e+06 2.952057e+05 1.626872e+05 1.481823e+06 1.268373e+06 3.666659e+05 3.679647e+05 9.029143e+05 7.384311e+05 1.037344e+06 6.452202e+04 2.079002e+05 1.129437e+05 5.651476e+04 3.241768e+06 5.203291e+04 9.125678e+04 2.189161e+04 1.740970e+05 9.029143e+05 2.982876e+05 1.632431e+06 5.191581e+04 6.783234e+04 
1.948625e+05 6.240325e+04 1.423910e+05 4.368998e+04 1.545527e+05 4.143421e+05 3.535818e+04 6.158004e+04 1.204592e+05 6.657125e+05 2.735591e+05 2.678029e+04 7.974011e+03 2.564451e+05 1.031733e+04 3.731104e+05 6.451436e+04 2.276377e+04 6.619670e+04 4.660309e+04 2.331120e+05 4.533981e+04 2.371711e+04 1.894987e+04 8.789939e+04 2.564451e+05 2.260713e+05 1.542293e+05 5.184761e+04 5.326537e+04 
1.798187e+04 6.251958e+03 9.206674e+03 1.499360e+04 1.059313e+04 7.436235e+04 9.417702e+03 1.199123e+04 9.084125e+03 9.184847e+03 9.668068e+03 1.607070e+04 4.761921e+03 7.241170e+04 3.809165e+03 1.485345e+04 1.244268e+04 1.312380e+04 4.853819e+04 1.017353e+03 1.559890e+04 7.574357e+03 1.156516e+04 4.649983e+03 1.283970e+04 7.241170e+04 1.967347e+03 8.227545e+03 2.175287e+04 1.502558e+04 
5.527557e+02 3.109578e+02 4.691426e+02 1.240111e+03 2.653399e+02 3.900673e+02 5.993957e+02 9.292403e+02 1.384893e+02 6.527014e+02 2.370407e+02 6.385767e+02 9.837393e+02 1.177841e+03 1.747427e+02 5.773355e+02 4.300646e+02 5.028416e+02 1.049351e+03 2.630519e+02 2.302070e+03 8.061035e+02 2.674313e+02 3.633593e+02 2.454968e+02 1.177841e+03 4.407616e+02 7.891118e+02 6.345289e+02 2.315935e+02 
9.216686e+00 1.091683e+01 6.095745e+00 3.538939e+01 3.186334e+00 1.549840e+01 1.275000e+01 9.644256e+00 1.734858e+01 2.719373e+01 6.407615e+00 1.737845e+01 1.018105e+01 8.812761e+00 4.404858e+00 7.976978e+00 2.829922e+01 1.656754e+01 2.568039e+01 7.285144e+00 3.556837e+00 1.505672e+01 2.709148e+01 2.493658e+01 1.911906e+01 8.812761e+00 1.106022e+01 9.706469e+00 3.290872e+01 1.383262e+01 
5.252995e-02 2.017438e-02 3.577372e-02 3.831413e-02 2.462144e-02 1.045313e-01 2.868528e-02 7.460638e-02 1.804716e-01 2.219478e-02 2.380693e-02 2.645993e-02 4.996161e-02 3.209948e-02 3.372118e-02 3.166815e-02 6.162886e-02 5.509454e-02 1.322555e-01 8.191727e-02 1.214316e-01 1.024339e-01 1.130898e-01 1.995302e-02 3.608029e-02 3.209948e-02 7.235094e-02 1.847923e-02 1.014489e-01 1.526754e-02 
1.101807e-08 1.000000e-08 1.000000e-08 9.037967e-08 1.000000e-08 5.206289e-08 1.000000e-08 6.823711e-08 6.490882e-08 2.173851e-08 1.064495e-08 1.000000e-08 1.000000e-08 1.000000e-08 1.000000e-08 1.119656e-08 2.237653e-08 1.006265e-08 8.462553e-08 1.877220e-08 1.000000e-08 9.056066e-08 8.259531e-08 1.103626e-08 1.304511e-08 1.000000e-08 2.191427e-08 1.000000e-08 3.265950e-08 1.000000e-08 
1.000000e-08 1.000000e-08 1.000000e-08 1.000000e-08 1.000000e-08 1.000000e-08 1.000000e-08 1.000000e-08 1.000000e-08 1.000000e-08 1.000000e-08 1.000000e-08 1.000000e-08 1.000000e-08 1.000000e-08 1.000000e-08 1.000000e-08 1.000000e-08 1.000000e-08 1.000000e-08 1.000000e-08 1.000000e-08 1.000000e-08 1.000000e-08 1.000000e-08 1.000000e-08 1.000000e-08 1.000000e-08 1.000000e-08 1.000000e-08 
1.000000e-08 1.000000e-08 1.000000e-08 1.000000e-08 1.000000e-08 1.000000e-08 1.000000e-08 1.000000e-08 1.000000e-08 1.000000e-08 1.000000e-08 1.000000e-08 1.000000e-08 1.000000e-08 1.000000e-08 1.000000e-08 1.000000e-08 1.000000e-08 1.000000e-08 1.000000e-08 1.000000e-08 1.000000e-08 1.000000e-08 1.000000e-08 1.000000e-08 1.000000e-08 1.000000e-08 1.000000e-08 1.000000e-08 1.000000e-08 
1.000000e-08 1.000000e-08 1.000000e-08 1.000000e-08 1.000000e-08 1.000000e-08 1.000000e-08 1.000000e-08 1.000000e-08 1.000000e-08 1.000000e-08 1.000000e-08 1.000000e-08 1.000000e-08 1.000000e-08 1.000000e-08 1.000000e-08 1.000000e-08 1.000000e-08 1.000000e-08 1.000000e-08 1.000000e-08 1.000000e-08 1.000000e-08 1.000000e-08 1.000000e-08 1.000000e-08 1.000000e-08 1.000000e-08 1.000000e-08 
5.048500e+04 4.964900e+04 4.865700e+04 5.251800e+04 4.896500e+04 5.206800e+04 4.834900e+04 5.154300e+04 5.124300e+04 5.221800e+04 5.033300e+04 4.926900e+04 4.995300e+04 5.018100e+04 4.942100e+04 5.063700e+04 5.071300e+04 5.146800e+04 5.146800e+04 5.116800e+04 5.010500e+04 5.199300e+04 5.244300e+04 5.139300e+04 5.131800e+04 5.018100e+04 5.094100e+04 4.911700e+04 5.131800e+04 4.757900e+04 
