1.000620e+04 5.080430e+04 2.887583e+04 2.615228e+05 1.214687e+04 6.786209e+04 2.731008e+05 1.793928e+05 8.514047e+04 2.072054e+04 1.354032e+05 4.919270e+04 7.011803e+04 3.873844e+04 7.673674e+04 7.525557e+04 2.035863e+05 3.314646e+02 1.072201e+05 1.201083e+04 1.282905e+03 6.349290e+04 1.327663e+05 1.183461e+05 1.684044e+04 1.582692e+04 5.957712e+04 3.167054e+04 4.334165e+04 1.405054e+05 
8.702656e+03 1.935670e+04 2.317712e+04 1.432024e+05 1.214687e+04 6.786209e+04 2.509687e+05 3.849544e+04 8.514047e+04 2.072054e+04 1.275161e+04 4.919270e+04 3.464630e+04 1.289956e+04 7.673674e+04 2.041632e+04 3.524028e+04 2.519070e+02 1.072201e+05 1.190870e+04 5.098007e+02 2.778896e+04 6.014964e+04 1.183461e+05 1.540881e+04 1.513889e+04 1.533294e+04 3.165698e+04 1.248565e+04 1.390657e+05 
8.702656e+03 1.162582e+03 2.317712e+04 1.324203e+05 1.125146e+04 5.120731e+04 2.152433e+05 3.845652e+04 6.917881e+04 2.072054e+04 8.609647e+03 3.217810e+04 2.631032e+04 1.289956e+04 7.207808e+04 1.917844e+04 2.404975e+04 2.309686e+02 1.072201e+05 1.115847e+04 5.098007e+02 1.688672e+04 6.014964e+04 1.183040e+05 1.539962e+04 1.513485e+04 1.533294e+04 3.165698e+04 1.248565e+04 1.094458e+05 
8.424984e+03 1.162582e+03 9.718707e+03 6.149668e+04 4.525675e+03 1.335773e+04 5.481249e+04 3.771091e+04 4.481895e+04 1.790969e+04 5.127432e+03 2.434783e+04 5.961130e+03 5.638990e+03 7.197357e+04 1.051678e+04 1.427830e+04 2.309686e+02 1.072201e+05 3.620780e+03 4.783247e+02 1.432350e+04 6.014964e+04 6.527347e+04 1.539962e+04 1.485043e+04 1.035474e+04 2.442844e+04 1.248565e+04 5.584018e+04 
8.344727e+03 1.142226e+03 5.230242e+03 5.556573e+04 1.799071e+03 6.810606e+02 2.601782e+04 8.148379e+03 7.394038e+02 1.761680e+04 2.171734e+03 1.636998e+03 5.432804e+03 3.815725e+03 4.019118e+03 8.307580e+03 5.335229e+03 2.284537e+02 6.078655e+04 1.292750e+03 4.778652e+02 1.281291e+04 7.849739e+02 6.523190e+04 1.060580e+04 7.731946e+03 4.858074e+02 3.399688e+03 6.217194e+03 3.035224e+04 
2.312159e+02 7.605087e+01 1.242422e+03 1.934795e+03 1.205666e+03 2.813557e+02 1.395084e+03 3.443484e+03 5.584762e+02 1.725944e+03 1.134739e+03 3.365758e+01 3.053398e+02 3.334759e+03 2.782196e+03 8.610345e+01 7.239340e+02 2.284537e+02 7.150438e+03 1.812539e+02 1.661937e+02 2.363079e+03 4.337270e+02 3.239224e+02 1.659004e+02 2.965936e+03 3.838251e+02 4.015571e+02 1.560809e+03 1.026649e+02 
4.534065e+01 7.086901e+01 1.106896e+02 4.834363e+01 2.490288e+01 7.225382e+01 7.539330e+01 6.835813e+02 1.946943e+01 4.375631e+01 1.147850e+02 3.066353e+01 1.633038e+01 2.111609e+02 9.728000e+01 2.724731e+01 1.175564e+02 1.219282e+02 8.564180e+01 4.884649e+01 1.485751e+01 1.287627e+02 1.629722e+01 6.481796e+01 7.035587e+01 3.325080e+02 1.691528e+02 2.064115e+01 1.436644e+02 1.025123e+02 
1.026138e+01 7.954985e+00 1.110814e+01 1.102983e+01 1.906337e+01 9.394039e+00 1.524671e+01 1.226732e+01 1.554788e+01 1.840146e+01 2.403173e+01 1.604801e+01 9.670331e+00 2.977420e+01 1.056682e+01 9.766162e+00 1.348492e+01 9.361852e+00 1.206586e+01 1.769568e+01 9.466307e+00 1.146442e+01 9.014582e+00 1.965250e+01 1.175986e+01 3.181935e+01 8.388387e+00 9.703968e+00 9.828611e+00 1.383194e+01 
6.349026e+00 4.950634e+00 5.187913e+00 5.321155e+00 4.927254e+00 4.226519e+00 6.395034e+00 4.135496e+00 3.889541e+00 6.171436e+00 5.047869e+00 4.263665e+00 4.577474e+00 6.892713e+00 5.897745e+00 6.016966e+00 6.046482e+00 5.174182e+00 6.598428e+00 3.371044e+00 4.798521e+00 6.222351e+00 3.283683e+00 5.490447e+00 5.235610e+00 6.883382e+00 4.379379e+00 2.549616e+00 6.023241e+00 4.940696e+00 
2.281259e+00 2.537108e+00 1.988761e+00 2.812565e+00 2.253843e+00 1.676287e+00 2.745018e+00 2.879973e+00 2.061456e+00 3.115428e+00 2.992845e+00 1.351253e+00 2.621751e+00 2.400030e+00 2.424802e+00 2.425859e+00 2.840959e+00 9.265570e-01 2.559702e+00 2.039522e+00 2.067979e+00 2.627326e+00 2.403946e+00 2.039803e+00 2.144615e+00 2.184028e+00 1.532811e+00 1.965580e+00 1.933475e+00 2.601858e+00 
1.333978e+00 1.227883e+00 1.121624e+00 1.508824e+00 7.451716e-01 1.217189e+00 1.428780e+00 1.112544e+00 1.033106e+00 1.246350e+00 1.164851e+00 9.626478e-01 1.012531e+00 1.263525e+00 6.522298e-01 1.339603e+00 9.630775e-01 9.025963e-01 9.013664e-01 1.004578e+00 1.193821e+00 1.628373e+00 1.150787e+00 1.022677e+00 1.010513e+00 1.507089e+00 9.690219e-01 1.156941e+00 8.853252e-01 1.131397e+00 
5.921677e-01 5.314020e-01 5.761294e-01 6.034147e-01 2.751002e-01 4.330904e-01 7.643260e-01 1.370689e-01 4.607819e-01 6.665025e-01 5.439483e-01 6.405228e-01 3.721500e-01 5.693465e-01 4.697800e-01 1.584776e-01 4.869349e-01 5.299125e-01 4.176558e-01 8.067919e-01 3.727549e-01 3.204302e-01 3.598736e-01 7.293431e-01 2.655286e-01 3.949425e-01 7.180589e-01 5.100577e-01 3.510891e-01 6.076631e-01 
2.512820e-01 2.382566e-01 2.616007e-01 2.928014e-01 2.047984e-01 1.588089e-01 2.166695e-01 1.031323e-01 2.592310e-01 8.199753e-02 2.368363e-01 2.700919e-01 4.846044e-02 2.696705e-01 7.848459e-02 1.153188e-01 1.971998e-01 2.828911e-01 2.052484e-02 2.803036e-01 2.103848e-01 9.615728e-02 1.302659e-01 3.311885e-01 6.427807e-02 1.304562e-01 3.471238e-01 1.239995e-01 2.576982e-01 1.474771e-01 
9.049633e-02 3.117224e-02 2.226711e-01 1.314386e-01 1.334205e-01 7.056765e-02 1.168579e-01 7.842106e-02 1.070052e-01 5.246779e-02 1.008147e-01 8.175865e-02 4.100823e-02 1.366011e-02 6.581059e-02 5.526039e-02 1.047557e-01 2.009072e-01 2.003091e-02 2.011189e-02 8.763086e-02 8.129172e-02 1.016993e-01 7.066235e-02 2.391661e-02 7.451838e-02 2.130740e-01 7.497299e-02 1.332868e-01 1.102881e-01 
7.271200e-02 3.090247e-02 1.191805e-01 8.629415e-02 5.504714e-02 6.874207e-02 6.399475e-02 7.436053e-02 5.536854e-02 5.125535e-02 1.003055e-01 8.059237e-02 4.042900e-02 1.221210e-02 3.537822e-02 4.977840e-02 9.740305e-02 1.034044e-01 1.998737e-02 1.597407e-02 4.239901e-02 7.957697e-02 5.277112e-02 6.467950e-02 2.111519e-02 3.353787e-02 2.013980e-01 7.290050e-02 4.655539e-02 1.019739e-01 
7.603998e-03 2.961325e-02 3.951876e-02 8.629415e-02 3.969986e-02 6.874207e-02 6.399475e-02 5.374750e-02 5.536854e-02 2.964052e-02 7.489177e-02 8.059237e-02 4.042900e-02 1.221210e-02 1.000000e-08 1.982833e-02 9.740305e-02 9.876901e-03 9.876901e-03 1.597407e-02 8.990479e-06 7.957697e-02 5.277112e-02 6.467950e-02 1.974220e-02 2.971077e-02 2.013980e-01 4.642503e-02 3.800373e-02 1.019739e-01 
2.000000e+05 2.000000e+05 2.000000e+05 2.000000e+05 2.000000e+05 2.000000e+05 2.000000e+05 2.000000e+05 2.000000e+05 2.000000e+05 2.000000e+05 2.000000e+05 2.000000e+05 2.000000e+05 1.703310e+05 2.000000e+05 2.000000e+05 2.000000e+05 2.000000e+05 2.000000e+05 2.000000e+05 2.000000e+05 2.000000e+05 2.000000e+05 2.000000e+05 2.000000e+05 2.000000e+05 2.000000e+05 2.000000e+05 2.000000e+05 
