1.618262e+03 1.748769e+03 9.905462e+02 1.095593e+03 1.307099e+03 5.829226e+02 1.206628e+03 1.295168e+03 1.002927e+03 2.194620e+03 1.321924e+03 1.206289e+03 1.835534e+03 1.008351e+03 1.299401e+03 1.411200e+03 1.699697e+03 1.786102e+03 1.232062e+03 1.476497e+03 1.328725e+03 2.013244e+03 7.396056e+02 1.444714e+03 4.566737e+02 1.473419e+03 2.010074e+03 1.512188e+03 8.926136e+02 2.191302e+03 
1.201911e+03 1.418100e+03 8.201625e+02 1.058617e+03 1.278716e+03 4.843588e+02 1.001259e+03 1.160068e+03 1.002927e+03 1.829278e+03 1.102019e+03 1.206289e+03 1.835534e+03 9.549170e+02 1.242879e+03 1.336953e+03 1.097561e+03 1.774019e+03 1.160466e+03 1.255410e+03 1.328725e+03 2.013244e+03 6.846244e+02 1.444714e+03 4.007364e+02 1.136722e+03 1.046236e+03 1.382334e+03 8.926136e+02 1.518240e+03 
1.114040e+03 4.007923e+02 8.201625e+02 9.574086e+02 1.278716e+03 4.793173e+02 1.001259e+03 1.160068e+03 9.928386e+02 1.410448e+03 1.070185e+03 1.205935e+03 1.773644e+03 9.289796e+02 1.242879e+03 9.566228e+02 8.744280e+02 1.579838e+03 1.029099e+03 8.409551e+02 1.328725e+03 1.589269e+03 6.846244e+02 1.218820e+03 4.007364e+02 1.000318e+03 1.004599e+03 1.382334e+03 8.926136e+02 1.518240e+03 
1.114040e+03 3.781567e+02 6.557112e+02 8.699121e+02 5.760104e+02 4.793173e+02 9.720765e+02 3.728760e+02 9.928386e+02 8.677754e+02 9.871577e+02 1.205935e+03 1.405605e+03 6.810821e+02 1.179847e+03 9.566228e+02 7.676360e+02 1.348679e+03 1.029099e+03 8.409551e+02 1.283012e+03 1.390545e+03 6.125193e+02 1.157212e+03 4.007364e+02 9.202472e+02 1.004599e+03 1.257364e+03 8.926136e+02 1.428959e+03 
7.640916e+02 3.248951e+02 4.261044e+02 8.697776e+02 5.136077e+02 3.944238e+02 9.198740e+02 2.460044e+02 9.746696e+02 8.098062e+02 4.387836e+02 8.237016e+02 9.467102e+02 6.810821e+02 9.322183e+02 3.640321e+02 5.827052e+02 9.027090e+02 6.046889e+02 6.087932e+02 1.112395e+03 9.065166e+02 6.002838e+02 6.755119e+02 3.716424e+02 9.202472e+02 4.875190e+02 8.327331e+02 7.928412e+02 1.364555e+03 
6.751196e+02 3.223797e+02 3.545884e+02 5.324983e+02 4.869719e+02 3.680259e+02 4.041854e+02 1.631279e+02 6.840908e+02 3.999105e+02 3.715253e+02 2.325553e+02 4.244127e+02 6.516676e+02 6.525623e+02 3.379594e+02 3.918979e+02 4.760269e+02 4.501715e+02 1.780329e+02 3.984307e+02 5.959639e+02 4.033469e+02 3.270167e+02 3.484168e+02 6.157383e+02 4.227879e+02 4.399972e+02 4.983309e+02 3.939327e+02 
2.549853e+02 1.818034e+02 2.775988e+02 3.452890e+02 2.375989e+02 1.652384e+02 3.136114e+02 1.016790e+02 2.395074e+02 3.999105e+02 2.146726e+02 2.325553e+02 2.442210e+02 3.379002e+02 3.794994e+02 2.360619e+02 2.278585e+02 2.774125e+02 2.651469e+02 1.014105e+02 2.854167e+02 3.475089e+02 1.862735e+02 3.270167e+02 2.315599e+02 3.820740e+02 1.763736e+02 2.868398e+02 4.931384e+02 3.024482e+02 
1.886774e+02 1.402928e+02 1.722950e+02 1.464285e+02 1.779518e+02 1.639409e+02 1.553226e+02 9.275282e+01 1.743912e+02 1.881172e+02 1.915468e+02 1.515046e+02 1.940876e+02 1.821350e+02 2.465633e+02 1.408674e+02 2.278585e+02 1.502783e+02 2.260518e+02 9.806575e+01 1.812643e+02 1.765866e+02 1.408630e+02 1.771434e+02 1.701088e+02 2.230392e+02 1.365672e+02 1.616811e+02 1.907374e+02 1.448588e+02 
1.478856e+02 1.072342e+02 1.368598e+02 1.395188e+02 1.435411e+02 1.546682e+02 9.174458e+01 9.275282e+01 1.308285e+02 1.236104e+02 1.282767e+02 1.035257e+02 1.232327e+02 1.526929e+02 1.434075e+02 1.127653e+02 9.503760e+01 1.067541e+02 1.353154e+02 8.374153e+01 1.494722e+02 1.340431e+02 1.106858e+02 1.039416e+02 1.440517e+02 1.485387e+02 1.004438e+02 1.125811e+02 9.427466e+01 1.178598e+02 
7.913273e+01 7.657814e+01 1.072137e+02 1.207553e+02 1.229343e+02 1.314684e+02 7.245719e+01 8.026177e+01 9.266820e+01 8.458718e+01 1.139672e+02 9.271177e+01 1.153478e+02 1.191839e+02 1.145566e+02 8.691441e+01 6.138346e+01 8.431222e+01 1.262243e+02 6.702354e+01 1.290517e+02 1.181648e+02 1.033755e+02 7.787567e+01 1.251080e+02 1.324961e+02 9.847252e+01 1.024245e+02 7.398734e+01 7.852421e+01 
6.998233e+01 7.319897e+01 6.330027e+01 7.720748e+01 1.135029e+02 1.141624e+02 4.687638e+01 3.280462e+01 6.658948e+01 6.851351e+01 1.119770e+02 7.004256e+01 1.123206e+02 1.015044e+02 1.118905e+02 8.528341e+01 4.587903e+01 7.198876e+01 1.131518e+02 5.465798e+01 1.136406e+02 1.130066e+02 7.096222e+01 6.634807e+01 1.140197e+02 1.148538e+02 5.759672e+01 8.867063e+01 4.730903e+01 6.506902e+01 
3.686605e+01 5.507189e+01 4.043301e+01 5.879594e+01 1.078293e+02 7.218312e+01 4.526861e+01 2.292840e+01 6.099399e+01 4.973035e+01 1.091354e+02 6.616077e+01 1.064131e+02 7.343342e+01 1.096375e+02 6.289563e+01 3.369445e+01 5.463557e+01 1.079471e+02 4.535715e+01 1.106693e+02 1.074248e+02 6.122265e+01 5.074165e+01 1.109942e+02 1.091052e+02 4.401527e+01 6.466181e+01 3.958567e+01 4.641781e+01 
2.533485e+01 4.900992e+01 3.701800e+01 4.418118e+01 1.048460e+02 5.691126e+01 4.114919e+01 2.131295e+01 5.561722e+01 4.375793e+01 1.042998e+02 6.296542e+01 1.036927e+02 6.735585e+01 1.052296e+02 5.557817e+01 2.683954e+01 4.853232e+01 1.044553e+02 3.239569e+01 1.061468e+02 1.043558e+02 4.083405e+01 4.568230e+01 1.067816e+02 1.047619e+02 4.019663e+01 5.934886e+01 3.467806e+01 4.282726e+01 
2.356281e+01 4.587650e+01 3.649222e+01 3.888231e+01 1.009292e+02 4.954026e+01 4.047337e+01 2.082496e+01 5.143128e+01 3.497580e+01 1.005528e+02 6.050484e+01 1.014352e+02 6.683343e+01 1.009162e+02 5.302975e+01 2.057087e+01 4.820241e+01 1.011418e+02 2.915276e+01 1.015676e+02 1.014413e+02 4.033683e+01 4.496943e+01 1.019116e+02 1.011558e+02 3.787706e+01 5.684301e+01 3.264527e+01 3.911091e+01 
2.326320e+01 4.536662e+01 2.848524e+01 3.772851e+01 1.002896e+02 4.738604e+01 3.986558e+01 5.353780e-06 1.811888e+01 3.116908e+01 1.000263e+02 3.458923e+01 1.007168e+02 3.992035e+01 1.005047e+02 3.405145e+01 1.752084e+01 3.489115e+01 1.006092e+02 1.139652e+01 1.004494e+02 1.007712e+02 3.008048e+01 4.488632e+01 1.004999e+02 1.004889e+02 3.526806e+01 1.788655e+01 2.869164e+01 2.083482e+01 
2.326320e+01 4.536662e+01 2.848524e+01 2.769324e+01 1.000000e+02 4.738604e+01 1.583464e+01 1.000000e-08 1.803000e+01 3.116908e+01 1.000000e+02 2.869164e+01 1.000000e+02 3.992035e+01 1.000000e+02 2.245656e+01 1.156306e+01 3.489115e+01 1.000000e+02 1.139652e+01 1.000000e+02 1.007345e+02 3.008048e+01 1.156306e+01 1.003989e+02 1.000000e+02 3.526806e+01 1.788655e+01 2.869164e+01 2.083482e+01 
2.000000e+05 2.000000e+05 2.000000e+05 2.000000e+05 2.000000e+05 2.000000e+05 2.000000e+05 1.315210e+05 2.000000e+05 2.000000e+05 2.000000e+05 2.000000e+05 2.000000e+05 2.000000e+05 2.000000e+05 2.000000e+05 2.000000e+05 2.000000e+05 2.000000e+05 2.000000e+05 2.000000e+05 2.000000e+05 2.000000e+05 2.000000e+05 2.000000e+05 2.000000e+05 2.000000e+05 2.000000e+05 2.000000e+05 2.000000e+05 
