8.228754e+05 9.429520e+05 5.510905e+05 1.541591e+06 1.533503e+05 2.404707e+06 2.404950e+06 1.552644e+06 5.326763e+06 1.023354e+06 1.826953e+05 2.609132e+05 1.961784e+05 4.737240e+05 4.137911e+05 2.441442e+06 5.306598e+05 1.640893e+04 1.782771e+06 2.705106e+05 2.519784e+05 4.008045e+05 2.722794e+06 1.626203e+06 1.852963e+06 3.789045e+03 3.645870e+06 2.966130e+06 2.084947e+05 1.300073e+06 
8.228754e+05 1.291109e+04 5.510905e+05 1.454375e+06 1.487089e+05 1.479751e+06 2.137711e+06 1.511024e+06 9.671181e+04 6.472535e+05 1.826953e+05 2.601974e+05 1.961784e+05 7.437136e+04 4.086419e+05 2.432164e+06 4.883597e+05 1.640893e+04 1.782771e+06 2.510593e+05 1.824328e+05 4.008045e+05 1.763735e+06 1.026076e+06 1.852963e+06 3.789045e+03 1.946684e+06 2.081003e+06 9.850151e+04 1.300073e+06 
8.228754e+05 8.956513e+03 4.004593e+05 7.989604e+05 4.158795e+03 5.343068e+04 1.790057e+06 1.497856e+06 7.665557e+04 6.297133e+05 1.761500e+05 1.846850e+05 1.961784e+05 7.437136e+04 4.086419e+05 1.634712e+05 4.883597e+05 1.289472e+04 1.320277e+06 2.390187e+05 9.295830e+04 3.837328e+05 1.489695e+06 1.026076e+06 7.531559e+05 3.789045e+03 1.056216e+06 1.317111e+06 9.850151e+04 8.361258e+05 
8.090515e+05 8.786667e+03 3.100399e+05 7.410527e+05 4.151043e+03 5.343068e+04 1.101750e+06 7.545740e+05 6.418656e+04 6.297133e+05 1.761500e+05 1.846850e+05 1.683159e+05 5.601796e+04 3.295025e+05 1.505589e+05 4.713266e+05 1.072617e+03 1.143519e+06 1.689986e+05 8.099883e+04 1.037486e+05 1.350517e+06 1.009611e+06 7.531559e+05 3.010658e+03 5.481766e+05 2.026511e+05 9.850151e+04 6.183789e+05 
7.007188e+04 7.613274e+03 1.784763e+05 1.573855e+05 8.267550e+02 5.343068e+04 3.748265e+05 1.586761e+05 5.472331e+04 2.616068e+05 1.147596e+05 5.145898e+04 7.422113e+04 3.840328e+04 1.739862e+05 2.736185e+03 5.049619e+04 1.072617e+03 4.650408e+05 4.545883e+04 6.496394e+04 1.001145e+05 3.449951e+02 3.888993e+05 6.532520e+05 2.326598e+03 1.519104e+05 7.857675e+04 7.181398e+03 1.483437e+05 
1.756639e+04 7.613274e+03 2.786006e+04 4.767659e+04 2.522833e+01 4.620282e+03 5.161550e+04 5.315953e+04 1.119752e+04 7.794312e+03 2.411428e+03 3.605809e+04 2.900902e+03 6.590822e+03 7.376191e+03 2.625256e+03 5.138144e+03 8.182857e+02 6.249213e+04 1.690387e+04 2.448629e+04 6.853428e+03 2.564189e+02 5.682048e+04 7.383167e+03 1.003946e+03 6.026732e+04 1.136140e+04 6.671669e+03 3.809533e+04 
1.564227e+03 1.381389e+03 1.239247e+03 6.433139e+03 2.335930e+01 2.210902e+03 9.090694e+03 1.028713e+04 1.797908e+03 8.654418e+02 1.667615e+03 8.402769e+02 6.974973e+01 6.294303e+02 2.434098e+01 1.427182e+03 5.820029e+02 3.459376e+02 2.413970e+03 8.811878e+01 1.168219e+03 6.635288e+03 1.870397e+02 9.846637e+03 5.779661e+02 4.587413e+02 3.651051e+03 2.093163e+03 2.655010e+01 7.620929e+03 
1.421829e+03 1.601382e+02 2.171317e+01 7.772737e+01 9.829923e+00 8.563467e+01 1.227676e+02 7.407407e+02 5.750172e+02 7.477401e+01 7.847596e+01 4.860926e+01 2.829471e+01 3.860784e+01 1.727194e+01 1.563482e+01 5.490631e+01 9.073104e+01 1.293725e+02 5.753066e+01 4.246764e+02 2.044592e+01 1.703814e+01 2.388206e+02 4.940229e+01 7.488112e+01 6.722690e+01 2.368875e+02 1.454239e+01 6.072208e+02 
1.058923e+01 1.580240e+01 1.403104e+01 8.411328e+00 5.691355e+00 9.982074e+00 1.896357e+01 1.530827e+01 2.111426e+01 1.311596e+01 1.029278e+01 9.140207e+00 1.161362e+01 1.089983e+01 1.140597e+01 9.379062e+00 7.764229e+00 1.373337e+01 1.189832e+01 1.221226e+01 1.048303e+01 1.307282e+01 8.578110e+00 1.006602e+01 1.266303e+01 1.394670e+01 9.227521e+00 1.976216e+01 8.660136e+00 3.551624e+01 
4.951327e+00 6.455575e+00 6.238857e+00 3.700007e+00 4.864553e+00 7.351218e+00 6.889793e+00 7.274930e+00 6.238138e+00 6.070132e+00 5.951269e+00 5.551088e+00 4.654447e+00 4.740295e+00 3.816895e+00 5.104817e+00 5.206504e+00 6.244248e+00 7.280551e+00 6.369936e+00 5.574114e+00 8.362111e+00 4.097487e+00 5.374294e+00 7.036933e+00 4.376958e+00 5.679521e+00 4.283783e+00 5.573614e+00 3.190503e+00 
4.199241e+00 3.482524e+00 4.124025e+00 2.432046e+00 3.901072e+00 3.049659e+00 3.596871e+00 3.381542e+00 3.772333e+00 2.527923e+00 4.023479e+00 4.739414e+00 3.856663e+00 3.000584e+00 2.945786e+00 2.553537e+00 3.677100e+00 3.034052e+00 3.712466e+00 2.805779e+00 3.882337e+00 2.885342e+00 3.558054e+00 3.332693e+00 4.066945e+00 3.044505e+00 3.278827e+00 3.061383e+00 3.239538e+00 3.086187e+00 
1.694343e+00 2.493785e+00 2.326662e+00 1.947199e+00 1.959242e+00 1.950282e+00 2.759904e+00 2.369092e+00 2.259397e+00 1.628347e+00 1.649068e+00 1.793248e+00 1.773095e+00 1.011700e+00 2.509982e+00 1.866882e+00 1.557795e+00 2.491241e+00 1.730219e+00 2.370167e+00 1.454002e+00 1.760952e+00 7.190577e-01 2.262576e+00 2.508415e+00 1.769414e+00 1.988229e+00 1.602965e+00 1.804956e+00 2.362601e+00 
8.468092e-01 1.224333e+00 1.365422e+00 8.920743e-01 9.875750e-01 1.158281e+00 1.239871e+00 8.598283e-01 7.772509e-01 1.256128e+00 1.243051e+00 1.232046e+00 1.368347e+00 8.712850e-01 1.044459e+00 6.007810e-01 7.807411e-01 1.227548e+00 6.406054e-01 8.938656e-01 1.126143e+00 8.187448e-01 3.356607e-01 1.128883e+00 7.345397e-01 8.923929e-01 1.092637e+00 1.037937e+00 7.622220e-01 7.625266e-01 
4.950170e-01 8.363065e-01 8.979525e-01 6.730099e-01 6.688810e-01 8.727263e-01 8.179918e-01 5.556490e-01 6.832663e-01 9.976629e-01 6.893583e-01 9.800833e-01 9.934025e-01 8.498144e-01 8.281861e-01 2.091350e-01 7.368650e-01 9.353031e-01 5.709179e-01 6.340146e-01 8.896405e-01 3.840329e-01 2.883169e-01 6.175281e-01 6.675280e-01 8.218028e-01 5.877692e-01 5.474596e-01 7.193137e-01 6.992029e-01 
4.447899e-01 7.744653e-01 7.566827e-01 6.191051e-01 5.962311e-01 5.495495e-01 7.106527e-01 5.349203e-01 5.827696e-01 8.769126e-01 4.577902e-01 8.919353e-01 7.919844e-01 7.820158e-01 6.624662e-01 1.505653e-01 7.234862e-01 7.508377e-01 5.202157e-01 6.085519e-01 7.421092e-01 3.582208e-01 2.683852e-01 5.894148e-01 6.619504e-01 7.135622e-01 5.800812e-01 4.224287e-01 6.478976e-01 6.809729e-01 
3.705459e-01 5.863809e-01 5.198288e-01 6.191051e-01 3.235370e-01 2.270151e-01 5.687829e-01 4.757930e-01 4.764127e-01 5.651354e-01 4.577902e-01 4.241809e-01 5.854466e-01 6.608824e-01 4.309380e-01 1.505653e-01 4.881895e-01 6.083308e-01 4.946038e-01 4.956031e-01 4.217936e-01 3.582208e-01 2.683852e-01 5.894148e-01 2.253198e-01 4.227849e-01 5.145176e-01 2.975528e-02 4.919758e-01 6.326400e-01 
2.000000e+05 2.000000e+05 2.000000e+05 2.000000e+05 2.000000e+05 2.000000e+05 2.000000e+05 2.000000e+05 2.000000e+05 2.000000e+05 2.000000e+05 2.000000e+05 2.000000e+05 2.000000e+05 2.000000e+05 2.000000e+05 2.000000e+05 2.000000e+05 2.000000e+05 2.000000e+05 2.000000e+05 2.000000e+05 2.000000e+05 2.000000e+05 2.000000e+05 2.000000e+05 2.000000e+05 2.000000e+05 2.000000e+05 2.000000e+05 
