1.317102e+10 1.346358e+10 5.969744e+09 1.232378e+10 1.424178e+10 1.563306e+10 1.439255e+10 5.321683e+09 8.808709e+09 1.100634e+10 1.001271e+10 1.597189e+10 1.471058e+10 1.739282e+10 5.900429e+09 1.416178e+10 9.733423e+09 1.083665e+10 1.221073e+10 1.410899e+10 8.072666e+09 1.043129e+10 7.665159e+09 1.482768e+10 1.021441e+10 1.686098e+10 6.061321e+09 1.072288e+10 8.733414e+09 6.603876e+09 
1.126400e+10 7.878920e+09 5.961436e+09 8.754940e+09 1.246574e+10 1.498318e+10 1.439255e+10 5.321683e+09 7.590470e+09 6.130539e+09 1.001271e+10 1.217733e+10 1.251907e+10 1.418217e+10 5.900429e+09 1.157673e+10 9.342469e+09 1.083665e+10 7.328449e+09 1.381911e+10 7.711962e+09 1.043129e+10 7.665159e+09 1.426146e+10 8.470666e+09 9.336706e+09 5.956653e+09 1.072288e+10 8.581967e+09 6.603876e+09 
1.126400e+10 7.878920e+09 5.945725e+09 8.754940e+09 1.195336e+10 1.077299e+10 9.449411e+09 5.321683e+09 6.330888e+09 5.702184e+09 7.828743e+09 6.748837e+09 1.218732e+10 1.314017e+10 5.900429e+09 8.404353e+09 9.311384e+09 6.989618e+09 6.463926e+09 7.481044e+09 6.306572e+09 6.703716e+09 5.285874e+09 8.203325e+09 8.470666e+09 5.860353e+09 3.620916e+09 1.012927e+10 8.360688e+09 6.428597e+09 
9.364398e+09 7.851106e+09 5.945725e+09 6.607004e+09 1.195336e+10 9.788351e+09 7.234904e+09 5.321683e+09 6.330888e+09 5.702184e+09 5.660488e+09 6.748832e+09 1.077956e+10 1.056962e+10 5.138825e+09 5.729814e+09 7.455692e+09 6.989618e+09 5.957437e+09 6.920022e+09 6.306572e+09 5.999022e+09 3.274792e+09 7.726952e+09 6.789298e+09 5.598369e+09 3.620916e+09 7.938976e+09 7.685861e+09 6.428597e+09 
3.514977e+09 7.714421e+09 2.562774e+09 4.681971e+09 3.350281e+09 7.420941e+09 6.823280e+09 4.898688e+09 5.492712e+09 5.027182e+09 4.063954e+09 6.746311e+09 5.382110e+09 3.684399e+09 4.807592e+09 3.242521e+09 7.078669e+09 2.273904e+09 3.578633e+09 4.689089e+09 5.414833e+09 3.410527e+09 3.274792e+09 6.710634e+09 5.137247e+09 4.382722e+09 3.620916e+09 6.691343e+09 3.989931e+09 4.602888e+09 
1.689420e+09 8.907789e+08 2.274922e+09 1.734373e+09 3.350281e+09 2.022156e+09 2.115052e+09 1.936503e+09 3.161799e+09 2.162114e+09 2.094748e+09 2.588199e+09 3.416351e+09 1.915558e+09 1.055814e+09 3.242521e+09 3.210301e+09 2.273901e+09 1.517888e+09 4.486552e+09 3.545159e+09 1.523611e+09 2.541677e+09 1.901999e+09 2.409523e+09 2.924719e+09 2.334157e+09 3.595951e+09 2.339485e+09 2.648093e+09 
7.198270e+08 7.432040e+08 8.514064e+08 6.589300e+08 1.712089e+09 8.120073e+08 8.747511e+08 1.049526e+09 4.746643e+08 5.341515e+08 3.905626e+08 1.084222e+09 1.170937e+09 5.592107e+08 7.698586e+08 5.156914e+08 1.010658e+09 9.038463e+08 8.264668e+08 8.429568e+08 8.335162e+08 5.583238e+08 4.057005e+08 1.633540e+09 1.171211e+09 7.136277e+08 6.520603e+08 6.941603e+08 9.722650e+08 5.788920e+08 
2.654914e+08 6.106462e+07 1.630867e+08 3.025282e+08 6.144787e+07 1.001572e+08 2.219939e+08 1.782823e+08 1.134660e+08 2.583845e+08 1.346093e+08 1.946665e+08 1.470408e+08 2.036025e+08 2.089259e+08 1.519546e+08 9.936545e+07 2.029168e+08 2.334034e+08 2.955901e+08 8.275124e+07 1.403429e+08 1.890719e+08 1.076590e+08 2.327965e+08 2.874667e+08 2.128124e+08 2.371353e+08 3.366197e+08 2.136580e+08 
1.325443e+07 2.071703e+07 1.167258e+07 3.184487e+07 2.844782e+07 1.480807e+07 1.132424e+07 2.252885e+07 2.380251e+07 1.824468e+07 3.044785e+07 2.181582e+07 1.536855e+07 2.260192e+07 1.242689e+07 1.710580e+07 1.169213e+07 1.203949e+07 2.697676e+07 2.704439e+07 1.679230e+07 4.737509e+07 2.840595e+07 2.846960e+07 8.822329e+06 3.135861e+07 1.527208e+07 1.871818e+07 2.101631e+07 2.265333e+07 
5.480768e+05 3.088705e+05 4.529964e+05 9.960253e+05 1.389923e+06 7.233468e+05 2.741174e+05 6.857354e+05 4.682187e+05 6.982635e+05 9.813069e+05 5.815323e+05 8.440341e+04 4.646981e+05 7.885674e+05 5.768266e+05 3.076384e+05 8.459939e+05 5.784985e+05 8.667116e+05 6.551967e+05 7.394103e+05 3.542287e+05 8.808476e+05 3.391211e+05 3.585485e+05 4.579111e+05 1.041829e+06 5.575182e+05 9.977946e+05 
1.494552e+03 1.408383e+03 1.322074e+03 1.595052e+03 1.413620e+03 1.800757e+03 1.999569e+03 2.659126e+03 2.431692e+03 2.387803e+03 2.731045e+03 1.847258e+03 1.169147e+02 1.400889e+03 2.228229e+03 1.274897e+03 2.142526e+03 1.534958e+03 1.598805e+03 3.232809e+03 3.419619e+03 1.784058e+03 1.904533e+03 1.779951e+03 3.480315e+03 1.334570e+03 2.259010e+03 2.170269e+03 2.303673e+03 1.435014e+03 
7.237312e-02 1.014672e-01 9.048256e-02 8.764344e-02 7.147048e-02 3.857616e-02 1.375118e-01 8.886334e-02 6.190907e-02 9.279529e-02 2.555357e-01 7.292154e-02 9.031052e-02 1.320551e-01 1.020878e-01 4.415956e-02 1.207821e-01 1.113492e-01 1.092403e-01 1.768867e-01 2.869530e-01 2.515063e-01 7.712820e-02 8.811552e-02 1.528063e-01 1.176294e-01 2.479584e-01 1.598366e-01 1.838497e-01 1.705656e-01 
1.000000e-08 1.208126e-08 3.092535e-08 1.710227e-08 1.619463e-08 1.000000e-08 1.000000e-08 1.294816e-08 9.999994e-09 1.000000e-08 1.000000e-08 1.000000e-08 1.000000e-08 1.000180e-08 1.303039e-08 1.000000e-08 1.000000e-08 1.000000e-08 1.000000e-08 1.692339e-08 2.368421e-08 2.600986e-08 1.000000e-08 1.000000e-08 9.999994e-09 1.842757e-08 1.000000e-08 1.065939e-08 1.000000e-08 1.761406e-08 
1.000000e-08 1.000000e-08 1.000000e-08 1.000000e-08 1.000000e-08 1.000000e-08 1.000000e-08 1.000000e-08 1.000000e-08 1.000000e-08 1.000000e-08 1.000000e-08 1.000000e-08 1.000000e-08 1.000000e-08 1.000000e-08 1.000000e-08 1.000000e-08 1.000000e-08 1.000000e-08 1.000000e-08 1.000000e-08 1.000000e-08 1.000000e-08 1.000000e-08 1.000000e-08 1.000000e-08 1.000000e-08 1.000000e-08 1.000000e-08 
1.000000e-08 1.000000e-08 1.000000e-08 1.000000e-08 1.000000e-08 1.000000e-08 1.000000e-08 1.000000e-08 1.000000e-08 1.000000e-08 1.000000e-08 1.000000e-08 1.000000e-08 1.000000e-08 1.000000e-08 1.000000e-08 1.000000e-08 1.000000e-08 1.000000e-08 1.000000e-08 1.000000e-08 1.000000e-08 1.000000e-08 1.000000e-08 1.000000e-08 1.000000e-08 1.000000e-08 1.000000e-08 1.000000e-08 1.000000e-08 
1.000000e-08 1.000000e-08 1.000000e-08 1.000000e-08 1.000000e-08 1.000000e-08 1.000000e-08 1.000000e-08 1.000000e-08 1.000000e-08 1.000000e-08 1.000000e-08 1.000000e-08 1.000000e-08 1.000000e-08 1.000000e-08 1.000000e-08 1.000000e-08 1.000000e-08 1.000000e-08 1.000000e-08 1.000000e-08 1.000000e-08 1.000000e-08 1.000000e-08 1.000000e-08 1.000000e-08 1.000000e-08 1.000000e-08 1.000000e-08 
4.904100e+04 5.048500e+04 5.116800e+04 5.056100e+04 5.071300e+04 4.995300e+04 4.926900e+04 5.033300e+04 5.025700e+04 4.926900e+04 5.010500e+04 4.980100e+04 4.881100e+04 5.033300e+04 5.040900e+04 4.919300e+04 5.002900e+04 4.819500e+04 4.995300e+04 5.063700e+04 5.078900e+04 5.094100e+04 4.964900e+04 4.881100e+04 5.025700e+04 5.094100e+04 4.873400e+04 5.033300e+04 4.926900e+04 5.063700e+04 
