3.777980e+10 2.729262e+10 2.739079e+10 3.121775e+10 3.524744e+10 3.559595e+10 3.477930e+10 2.993370e+10 2.911273e+10 2.568836e+10 3.230594e+10 2.843351e+10 3.158611e+10 3.006282e+10 2.108867e+10 3.185422e+10 3.848572e+10 3.413851e+10 2.677260e+10 3.514440e+10 2.101143e+10 2.830580e+10 4.125805e+10 3.254869e+10 3.580087e+10 3.347574e+10 3.333241e+10 2.986777e+10 2.878356e+10 3.935568e+10 
3.607862e+10 2.729261e+10 2.739079e+10 3.121775e+10 3.516949e+10 3.300294e+10 3.477930e+10 2.883300e+10 2.911273e+10 2.246010e+10 2.920853e+10 2.843351e+10 3.158611e+10 3.006282e+10 2.108867e+10 3.051548e+10 3.678454e+10 3.121346e+10 2.187153e+10 3.505968e+10 2.090095e+10 2.830580e+10 4.013551e+10 3.213898e+10 3.314576e+10 3.187251e+10 3.026353e+10 2.909847e+10 2.878356e+10 3.933012e+10 
2.748434e+10 2.729261e+10 2.683077e+10 3.121775e+10 3.172104e+10 3.084099e+10 3.450431e+10 2.883300e+10 2.911273e+10 2.010948e+10 2.899918e+10 2.843350e+10 2.838772e+10 2.914021e+10 2.103060e+10 2.706109e+10 3.434364e+10 3.088589e+10 2.187153e+10 3.327849e+10 2.036109e+10 2.830580e+10 3.365921e+10 3.213898e+10 3.314576e+10 3.187251e+10 2.969087e+10 2.864712e+10 2.353801e+10 2.830040e+10 
2.690870e+10 2.658878e+10 2.683077e+10 2.990111e+10 3.140053e+10 2.713924e+10 3.241168e+10 2.883300e+10 2.888229e+10 2.010948e+10 2.899918e+10 2.796760e+10 2.795304e+10 2.847564e+10 2.103060e+10 2.706109e+10 3.118150e+10 2.988701e+10 2.176581e+10 2.893112e+10 1.755613e+10 2.422846e+10 3.151210e+10 3.114844e+10 2.958301e+10 2.583775e+10 2.969087e+10 2.568016e+10 2.353801e+10 2.734562e+10 
2.642948e+10 2.241810e+10 2.554593e+10 2.660134e+10 2.854190e+10 2.303896e+10 2.094694e+10 2.626031e+10 2.842906e+10 2.010948e+10 2.708509e+10 2.402770e+10 2.490232e+10 2.644654e+10 2.032086e+10 2.079424e+10 3.004581e+10 2.264533e+10 1.976479e+10 2.893112e+10 1.648532e+10 2.126695e+10 2.584278e+10 1.855308e+10 1.825622e+10 2.138126e+10 2.818886e+10 2.344980e+10 1.721572e+10 2.595396e+10 
2.102573e+10 1.296475e+10 2.216053e+10 1.574081e+10 1.913249e+10 2.050874e+10 2.015495e+10 1.494504e+10 1.837526e+10 1.703190e+10 1.782817e+10 1.820310e+10 1.838698e+10 1.800556e+10 1.904171e+10 1.778135e+10 1.732083e+10 1.501951e+10 8.305144e+09 2.214599e+10 1.429441e+10 1.339214e+10 1.994816e+10 1.254526e+10 1.240136e+10 2.078292e+10 1.873995e+10 1.707107e+10 1.437043e+10 2.006454e+10 
7.690980e+09 9.080219e+09 9.681287e+09 8.584082e+09 7.753563e+09 9.338860e+09 7.985843e+09 7.741161e+09 1.217510e+10 9.135088e+09 7.062732e+09 8.494107e+09 9.125918e+09 9.592508e+09 7.620150e+09 9.445799e+09 1.127621e+10 7.542134e+09 4.819780e+09 9.029302e+09 8.461864e+09 5.144221e+09 7.179699e+09 5.719477e+09 8.615772e+09 1.089702e+10 7.413317e+09 8.110465e+09 1.010559e+10 6.666869e+09 
3.417012e+09 1.757091e+09 1.100545e+09 2.135051e+09 1.708151e+09 2.339613e+09 2.932372e+09 2.041768e+09 2.724794e+09 1.930414e+09 1.351441e+09 2.515840e+09 2.590147e+09 9.927155e+08 2.358543e+09 2.153116e+09 1.530672e+09 1.807990e+09 2.242686e+09 1.254878e+09 2.935840e+09 2.305732e+09 1.879922e+09 1.680869e+09 2.004111e+09 2.360716e+09 1.139644e+09 1.924494e+09 2.105770e+09 1.943535e+09 
2.283931e+08 1.455500e+08 9.046527e+07 1.590373e+08 1.994385e+08 1.763723e+08 2.047322e+08 1.493004e+08 1.615177e+08 1.744915e+08 1.964422e+08 1.691224e+08 2.428404e+08 1.939823e+08 2.487857e+08 4.093678e+07 1.381003e+08 8.970140e+07 1.576769e+08 2.559089e+08 1.025360e+08 1.819228e+08 1.793497e+08 1.583228e+08 1.358653e+08 1.694752e+08 1.999160e+08 1.863715e+08 1.810872e+08 2.124190e+08 
2.067321e+06 1.817504e+06 1.855875e+06 1.721264e+06 1.425465e+06 2.047217e+06 2.200932e+06 1.086229e+06 9.485918e+05 2.135976e+06 1.961840e+06 2.498453e+06 2.158247e+06 1.639196e+06 3.434278e+06 1.073765e+06 9.381043e+05 2.044394e+06 1.201955e+06 2.286484e+06 9.881316e+05 7.543762e+05 1.286376e+06 1.570742e+06 8.254130e+05 8.715580e+05 2.494754e+06 2.134798e+06 2.844970e+06 1.455157e+06 
3.530093e+02 2.995888e+02 4.351268e+02 1.881691e+02 3.036115e+02 5.356233e+02 5.049948e+02 3.011031e+02 4.501056e+02 2.700350e+02 3.404593e+02 4.098696e+02 4.912650e+02 4.491222e+02 4.284309e+02 5.126040e+02 1.091362e+02 4.417184e+02 2.308166e+02 3.393743e+02 2.533023e+02 2.212368e+02 2.610830e+02 3.226204e+02 3.768683e+02 4.984719e+02 3.325655e+02 3.600121e+02 3.499180e+02 7.388806e+02 
2.331271e-05 6.431383e-05 8.894515e-05 6.052913e-05 6.067709e-05 8.524123e-05 3.953511e-05 4.875757e-05 4.941300e-05 7.483175e-05 2.741143e-05 4.654240e-05 5.342059e-05 7.600756e-05 4.455758e-05 3.609761e-05 2.180439e-05 5.732896e-05 5.688293e-05 6.107629e-05 2.746631e-05 4.848406e-05 3.533277e-05 6.355744e-05 3.153656e-05 6.851413e-05 3.873968e-05 3.546369e-05 5.965895e-05 5.826093e-05 
1.000000e-08 1.000000e-08 1.000000e-08 1.000000e-08 1.000000e-08 1.000000e-08 1.000000e-08 1.000000e-08 1.000000e-08 1.000000e-08 1.000000e-08 1.000000e-08 1.000000e-08 1.000000e-08 1.000000e-08 1.000000e-08 1.000000e-08 1.000000e-08 1.000000e-08 1.000000e-08 1.000000e-08 1.000000e-08 1.000000e-08 1.000000e-08 1.000000e-08 1.000000e-08 1.000000e-08 1.000000e-08 1.000000e-08 1.000000e-08 
1.000000e-08 1.000000e-08 1.000000e-08 1.000000e-08 1.000000e-08 1.000000e-08 1.000000e-08 1.000000e-08 1.000000e-08 1.000000e-08 1.000000e-08 1.000000e-08 1.000000e-08 1.000000e-08 1.000000e-08 1.000000e-08 1.000000e-08 1.000000e-08 1.000000e-08 1.000000e-08 1.000000e-08 1.000000e-08 1.000000e-08 1.000000e-08 1.000000e-08 1.000000e-08 1.000000e-08 1.000000e-08 1.000000e-08 1.000000e-08 
1.000000e-08 1.000000e-08 1.000000e-08 1.000000e-08 1.000000e-08 1.000000e-08 1.000000e-08 1.000000e-08 1.000000e-08 1.000000e-08 1.000000e-08 1.000000e-08 1.000000e-08 1.000000e-08 1.000000e-08 1.000000e-08 1.000000e-08 1.000000e-08 1.000000e-08 1.000000e-08 1.000000e-08 1.000000e-08 1.000000e-08 1.000000e-08 1.000000e-08 1.000000e-08 1.000000e-08 1.000000e-08 1.000000e-08 1.000000e-08 
1.000000e-08 1.000000e-08 1.000000e-08 1.000000e-08 1.000000e-08 1.000000e-08 1.000000e-08 1.000000e-08 1.000000e-08 1.000000e-08 1.000000e-08 1.000000e-08 1.000000e-08 1.000000e-08 1.000000e-08 1.000000e-08 1.000000e-08 1.000000e-08 1.000000e-08 1.000000e-08 1.000000e-08 1.000000e-08 1.000000e-08 1.000000e-08 1.000000e-08 1.000000e-08 1.000000e-08 1.000000e-08 1.000000e-08 1.000000e-08 
1.111250e+05 1.132610e+05 1.130830e+05 1.106800e+05 1.110360e+05 1.133500e+05 1.121930e+05 1.115700e+05 1.126380e+05 1.131720e+05 1.121040e+05 1.114810e+05 1.113030e+05 1.136170e+05 1.121930e+05 1.122820e+05 1.108580e+05 1.122820e+05 1.121930e+05 1.123710e+05 1.104130e+05 1.117480e+05 1.127270e+05 1.129050e+05 1.120150e+05 1.126380e+05 1.119260e+05 1.118370e+05 1.118370e+05 1.105910e+05 
