8.359871e+03 6.877306e+03 5.318625e+03 5.631419e+03 6.783632e+03 5.977871e+03 4.953717e+03 9.285364e+03 5.637125e+03 5.775092e+03 5.037929e+03 4.971929e+03 8.020185e+03 5.977871e+03 3.716638e+03 7.444363e+03 6.836100e+03 6.589427e+03 3.830196e+03 9.989429e+03 5.548390e+03 9.112143e+03 4.248450e+03 6.787030e+03 4.589530e+03 5.758123e+03 7.416227e+03 8.863248e+03 6.710767e+03 6.718845e+03 
8.359871e+03 5.890134e+03 5.318625e+03 5.500358e+03 6.783632e+03 5.974468e+03 4.023595e+03 9.259469e+03 5.303998e+03 5.775092e+03 3.995177e+03 4.971929e+03 8.020185e+03 5.974468e+03 3.541507e+03 7.253079e+03 6.836100e+03 6.589427e+03 3.830196e+03 9.928164e+03 5.548390e+03 8.476240e+03 4.211227e+03 6.787030e+03 4.481439e+03 5.711135e+03 7.269272e+03 8.821328e+03 6.143279e+03 6.718845e+03 
8.294822e+03 5.890134e+03 4.554003e+03 4.960782e+03 6.783632e+03 5.974468e+03 4.023595e+03 6.185177e+03 4.864770e+03 5.401508e+03 3.972691e+03 4.751640e+03 8.020185e+03 5.974468e+03 3.541507e+03 7.176037e+03 6.307058e+03 4.804029e+03 3.830196e+03 9.399341e+03 5.477008e+03 8.476240e+03 3.775157e+03 5.404349e+03 4.045729e+03 5.211315e+03 6.151793e+03 8.543396e+03 6.143279e+03 6.687904e+03 
6.024580e+03 5.722066e+03 4.157769e+03 4.960782e+03 4.383703e+03 4.980783e+03 3.525257e+03 5.336767e+03 4.672806e+03 5.214417e+03 3.890637e+03 4.564959e+03 6.434464e+03 4.980783e+03 3.411323e+03 5.324035e+03 5.082895e+03 4.200639e+03 2.813087e+03 8.549650e+03 3.566657e+03 6.529269e+03 3.726891e+03 3.681685e+03 2.805720e+03 5.171239e+03 6.147480e+03 6.460962e+03 6.132659e+03 6.687904e+03 
5.940488e+03 4.437784e+03 2.959216e+03 4.893050e+03 2.086708e+03 3.287772e+03 2.601026e+03 3.172786e+03 3.068790e+03 5.214417e+03 3.734562e+03 3.550381e+03 6.394486e+03 3.287772e+03 3.261395e+03 3.679388e+03 4.073238e+03 4.196013e+03 2.632737e+03 5.139785e+03 3.053545e+03 5.539197e+03 3.092703e+03 3.528814e+03 2.805720e+03 5.171239e+03 5.718328e+03 5.637414e+03 3.813228e+03 4.438237e+03 
3.192208e+03 3.166887e+03 2.132863e+03 1.655234e+03 2.070611e+03 2.377844e+03 2.281449e+03 1.876801e+03 2.876753e+03 1.868601e+03 2.045211e+03 2.558633e+03 2.797041e+03 2.377844e+03 2.829929e+03 3.369624e+03 2.450035e+03 2.757367e+03 2.599618e+03 4.065395e+03 2.818471e+03 2.650947e+03 2.272187e+03 1.832194e+03 2.350469e+03 2.119211e+03 4.509314e+03 3.598285e+03 2.141990e+03 2.964446e+03 
2.012094e+03 1.918621e+03 1.320587e+03 1.305839e+03 1.629736e+03 1.121855e+03 1.179111e+03 1.790730e+03 1.336516e+03 1.394418e+03 1.226298e+03 1.085884e+03 1.960967e+03 1.121855e+03 1.708901e+03 1.209394e+03 1.802245e+03 1.832246e+03 1.589544e+03 2.708091e+03 1.623095e+03 1.422183e+03 1.666331e+03 1.656947e+03 1.359451e+03 1.300357e+03 1.789196e+03 1.801211e+03 1.458519e+03 2.164489e+03 
1.063642e+03 8.418269e+02 9.220884e+02 9.409592e+02 8.849387e+02 9.190192e+02 8.873941e+02 1.001037e+03 9.184125e+02 9.021114e+02 8.484129e+02 6.998178e+02 1.083892e+03 9.190192e+02 8.735609e+02 9.298166e+02 1.181013e+03 9.090045e+02 9.514490e+02 1.172288e+03 1.157340e+03 9.186220e+02 9.472130e+02 8.064448e+02 6.879428e+02 9.273796e+02 7.647326e+02 1.011125e+03 1.020487e+03 9.741367e+02 
6.596816e+02 6.274847e+02 6.270367e+02 6.861044e+02 6.280764e+02 6.702082e+02 6.176196e+02 6.858973e+02 6.612558e+02 6.232611e+02 6.317095e+02 6.063603e+02 5.765988e+02 6.702082e+02 6.733835e+02 6.633891e+02 6.530574e+02 7.157528e+02 6.287349e+02 6.814731e+02 7.576681e+02 5.933638e+02 6.883824e+02 6.145925e+02 6.237374e+02 6.792929e+02 6.351487e+02 6.839932e+02 6.202994e+02 6.899708e+02 
5.143772e+02 5.025375e+02 5.104717e+02 4.910441e+02 5.010795e+02 5.257178e+02 5.111977e+02 5.418626e+02 4.797129e+02 5.214638e+02 5.341132e+02 4.930524e+02 4.804926e+02 5.257178e+02 5.256205e+02 5.081495e+02 5.299061e+02 5.163265e+02 5.329164e+02 5.273729e+02 5.275965e+02 4.850375e+02 5.045179e+02 5.307003e+02 5.316682e+02 5.090544e+02 5.029938e+02 5.321096e+02 4.698589e+02 4.790699e+02 
4.578980e+02 4.532685e+02 4.332858e+02 4.335825e+02 4.450440e+02 4.517913e+02 4.449463e+02 4.891686e+02 4.480016e+02 4.460715e+02 4.328756e+02 4.397652e+02 4.248688e+02 4.517913e+02 4.382159e+02 4.268417e+02 4.287236e+02 4.425258e+02 4.728665e+02 4.425860e+02 4.494962e+02 4.553337e+02 4.452674e+02 4.215702e+02 4.575086e+02 4.284853e+02 4.462280e+02 4.423589e+02 4.256608e+02 4.196267e+02 
4.220297e+02 4.090609e+02 4.045579e+02 4.083772e+02 4.097812e+02 4.123324e+02 4.094105e+02 4.221827e+02 4.101147e+02 4.092026e+02 4.049038e+02 4.065114e+02 4.073995e+02 4.123324e+02 4.055725e+02 4.041284e+02 4.083950e+02 4.029709e+02 4.122731e+02 4.110714e+02 4.060522e+02 4.103146e+02 4.032165e+02 4.036276e+02 4.161647e+02 4.118069e+02 4.114242e+02 4.124009e+02 4.069933e+02 3.441543e+02 
4.014125e+02 4.004364e+02 4.003497e+02 4.003803e+02 4.009085e+02 4.006181e+02 4.012861e+02 4.013738e+02 4.010865e+02 4.006592e+02 4.004070e+02 4.005197e+02 4.007168e+02 4.006181e+02 4.008140e+02 4.004536e+02 4.010630e+02 4.003088e+02 4.012234e+02 2.512522e+02 2.948808e+02 4.011019e+02 2.730261e+02 4.005554e+02 4.014262e+02 4.004150e+02 4.004013e+02 4.009603e+02 4.004942e+02 2.575854e+02 
4.000102e+02 4.000065e+02 4.000129e+02 4.000026e+02 4.000116e+02 4.000032e+02 4.000257e+02 4.000463e+02 4.000129e+02 4.000047e+02 4.000093e+02 4.000003e+02 4.000025e+02 4.000032e+02 4.000211e+02 4.000042e+02 4.000107e+02 4.000108e+02 4.000145e+02 2.175986e+02 2.180118e+02 4.000091e+02 2.147650e+02 4.000102e+02 4.000318e+02 4.000289e+02 4.000170e+02 4.000098e+02 4.000024e+02 2.279023e+02 
4.000000e+02 4.000000e+02 4.000000e+02 4.000000e+02 4.000000e+02 4.000000e+02 4.000000e+02 4.000000e+02 4.000000e+02 4.000000e+02 4.000000e+02 4.000000e+02 4.000000e+02 4.000000e+02 4.000000e+02 4.000000e+02 4.000000e+02 4.000000e+02 4.000000e+02 2.000000e+02 2.000000e+02 4.000000e+02 2.000000e+02 4.000000e+02 4.000000e+02 4.000000e+02 4.000000e+02 4.000000e+02 4.000000e+02 2.000000e+02 
4.000000e+02 4.000000e+02 4.000000e+02 4.000000e+02 4.000000e+02 4.000000e+02 4.000000e+02 4.000000e+02 4.000000e+02 4.000000e+02 4.000000e+02 4.000000e+02 4.000000e+02 4.000000e+02 4.000000e+02 4.000000e+02 4.000000e+02 4.000000e+02 4.000000e+02 2.000000e+02 2.000000e+02 4.000000e+02 2.000000e+02 4.000000e+02 4.000000e+02 4.000000e+02 4.000000e+02 4.000000e+02 4.000000e+02 2.000000e+02 
1.000000e+06 1.000000e+06 1.000000e+06 1.000000e+06 1.000000e+06 1.000000e+06 1.000000e+06 1.000000e+06 1.000000e+06 1.000000e+06 1.000000e+06 1.000000e+06 1.000000e+06 1.000000e+06 1.000000e+06 1.000000e+06 1.000000e+06 1.000000e+06 1.000000e+06 1.000000e+06 1.000000e+06 1.000000e+06 1.000000e+06 1.000000e+06 1.000000e+06 1.000000e+06 1.000000e+06 1.000000e+06 1.000000e+06 1.000000e+06 
