5.709876e+07 7.642826e+07 8.894027e+07 1.309550e+08 2.882125e+07 5.739328e+07 8.411575e+07 2.099240e+08 1.010267e+08 6.609380e+07 1.575329e+08 6.334025e+07 3.756278e+07 1.263071e+08 2.104946e+08 3.642918e+07 1.252046e+08 7.741322e+07 6.455063e+07 5.829376e+07 3.109390e+07 8.445787e+07 4.286938e+07 2.626989e+07 5.864035e+07 1.202962e+08 8.631481e+07 1.075943e+08 9.719221e+07 5.041722e+07 
5.709870e+07 7.642821e+07 8.894027e+07 1.099287e+08 2.882125e+07 5.739328e+07 8.411575e+07 2.099239e+08 1.010267e+08 6.609380e+07 1.575323e+08 6.334020e+07 3.496974e+07 9.769140e+07 1.254687e+08 3.642918e+07 1.252046e+08 7.736799e+07 4.066521e+07 5.829376e+07 3.109390e+07 7.431297e+07 3.296397e+07 2.626958e+07 5.864032e+07 1.202962e+08 8.631481e+07 8.292255e+07 8.327441e+07 5.041722e+07 
5.709870e+07 7.642821e+07 8.894027e+07 1.099287e+08 2.882125e+07 5.026407e+07 8.411575e+07 2.099239e+08 9.450712e+07 6.609380e+07 1.575323e+08 6.334020e+07 3.496973e+07 9.769140e+07 1.176922e+08 3.642917e+07 1.252046e+08 7.647550e+07 4.066521e+07 5.829374e+07 3.109390e+07 7.431297e+07 3.296382e+07 2.626957e+07 5.863907e+07 1.202958e+08 8.631479e+07 8.292255e+07 8.327389e+07 5.041719e+07 
5.028938e+07 7.642793e+07 6.128424e+07 1.099280e+08 2.881273e+07 5.026363e+07 5.374638e+07 8.671982e+07 9.450712e+07 6.609259e+07 1.522759e+08 6.331132e+07 3.496970e+07 9.725340e+07 9.373775e+07 3.642384e+07 5.230284e+07 7.647549e+07 4.066518e+07 5.829365e+07 3.109390e+07 7.431230e+07 3.296382e+07 2.626957e+07 5.331534e+07 1.202958e+08 2.135654e+07 8.292228e+07 8.209602e+07 5.041705e+07 
2.112185e+07 6.214183e+07 6.128379e+07 1.036768e+08 2.881241e+07 5.026363e+07 5.333622e+07 3.621248e+07 9.449742e+07 6.561912e+07 1.462049e+08 6.327508e+07 3.452527e+07 9.232869e+07 9.373687e+07 3.642362e+07 1.930217e+07 7.079226e+07 4.066235e+07 2.726427e+07 3.109234e+07 7.431222e+07 2.607487e+07 2.619997e+07 5.331489e+07 1.028908e+08 2.012252e+07 4.536225e+07 2.730202e+07 4.406532e+07 
2.108111e+07 4.194246e+07 6.128077e+07 3.867269e+07 2.109400e+07 6.754031e+06 1.801245e+07 2.444880e+07 5.652478e+07 6.557188e+07 4.089360e+07 3.999369e+07 3.028841e+07 2.706566e+07 3.700157e+07 1.562838e+07 1.930174e+07 5.034353e+07 6.592458e+06 2.235022e+07 2.956259e+07 4.090436e+07 1.128861e+07 9.537810e+06 2.004802e+07 3.249914e+07 2.011591e+07 3.690741e+07 2.173103e+07 1.984377e+07 
1.509879e+07 4.039812e+07 5.980357e+06 3.801864e+06 4.582570e+06 6.318135e+06 5.845846e+06 1.309060e+07 1.092598e+07 2.851960e+07 1.418541e+07 3.231677e+07 1.708676e+06 4.846423e+06 1.742108e+07 6.983124e+06 7.532649e+06 3.628378e+06 5.463192e+06 2.135170e+07 1.565386e+07 1.563973e+07 4.337742e+06 3.044090e+06 1.224268e+07 1.553295e+07 8.674015e+06 1.933822e+07 8.561450e+06 2.954892e+06 
1.197924e+06 8.058027e+05 1.338564e+06 7.997745e+05 5.657733e+05 3.914813e+06 7.361862e+05 1.267561e+06 1.367573e+06 2.888682e+06 3.244099e+06 1.559296e+06 1.218587e+06 2.519292e+06 1.914399e+06 2.526702e+06 1.686857e+06 3.614351e+06 2.093825e+06 7.279213e+05 1.852748e+06 1.712523e+06 3.003792e+06 1.396701e+06 2.386390e+06 1.717920e+06 1.481580e+06 4.900484e+06 1.762096e+06 1.703815e+06 
8.253191e+04 3.774764e+04 4.568558e+04 1.216621e+05 6.964423e+04 9.318985e+04 1.733771e+05 8.406198e+04 9.456342e+04 2.907404e+05 1.390954e+05 2.033355e+04 6.487131e+04 9.460741e+04 7.218708e+04 2.481084e+05 2.867729e+05 1.599045e+05 3.984840e+04 1.387581e+05 2.165286e+05 2.082867e+05 1.781320e+05 2.617924e+05 1.224030e+05 4.380232e+04 2.349298e+05 2.538405e+04 2.561713e+04 8.491515e+04 
1.310624e+03 6.781511e+02 9.284014e+02 1.161831e+03 1.886293e+03 1.828912e+03 1.212751e+03 2.153088e+03 1.500482e+03 4.101593e+03 1.369875e+03 1.324100e+03 1.022981e+03 4.498879e+02 1.114229e+03 8.813475e+02 3.535858e+03 9.145239e+02 3.259539e+03 2.616488e+03 1.241838e+03 2.543159e+03 2.161124e+03 1.681715e+03 2.200724e+03 7.048470e+02 1.793299e+03 1.288603e+03 6.259784e+02 1.693532e+03 
7.746290e+00 8.322007e+00 5.522038e+00 6.094189e+00 7.720388e+00 7.546380e+00 6.258861e+00 6.040216e+00 6.649010e+00 6.102293e+00 5.534648e+00 8.317180e+00 3.138903e+00 9.221036e+00 5.774225e+00 6.141108e+00 6.729391e+00 4.085309e+00 2.489798e+00 1.096216e+01 8.318626e+00 3.525958e+00 6.880924e+00 1.074394e+01 7.069132e+00 5.194097e+00 1.232473e+01 4.496552e+00 1.193743e+01 2.554385e+00 
5.102532e-04 1.079114e-04 1.491493e-04 3.969506e-04 3.366492e-04 5.136664e-04 3.204328e-04 2.043087e-04 2.383747e-04 1.451912e-04 4.171945e-04 7.866453e-05 5.880853e-05 5.598054e-05 4.729918e-04 1.875284e-03 8.312044e-05 1.332940e-05 9.246858e-05 3.657637e-04 2.956621e-04 1.335727e-04 2.470495e-04 1.613720e-04 8.517065e-05 9.171541e-04 3.431576e-03 3.989264e-04 4.281269e-04 2.680397e-04 
1.000000e-08 1.000000e-08 1.000000e-08 1.000000e-08 1.000000e-08 1.000000e-08 1.000000e-08 1.000000e-08 1.000000e-08 1.000000e-08 1.000000e-08 1.000000e-08 1.000000e-08 1.000000e-08 1.000000e-08 1.000000e-08 1.000000e-08 1.000000e-08 1.000000e-08 1.000000e-08 1.000000e-08 1.000000e-08 1.000000e-08 1.000000e-08 1.000000e-08 1.000000e-08 1.000000e-08 1.000000e-08 1.000000e-08 1.000000e-08 
1.000000e-08 1.000000e-08 1.000000e-08 1.000000e-08 1.000000e-08 1.000000e-08 1.000000e-08 1.000000e-08 1.000000e-08 1.000000e-08 1.000000e-08 1.000000e-08 1.000000e-08 1.000000e-08 1.000000e-08 1.000000e-08 1.000000e-08 1.000000e-08 1.000000e-08 1.000000e-08 1.000000e-08 1.000000e-08 1.000000e-08 1.000000e-08 1.000000e-08 1.000000e-08 1.000000e-08 1.000000e-08 1.000000e-08 1.000000e-08 
1.000000e-08 1.000000e-08 1.000000e-08 1.000000e-08 1.000000e-08 1.000000e-08 1.000000e-08 1.000000e-08 1.000000e-08 1.000000e-08 1.000000e-08 1.000000e-08 1.000000e-08 1.000000e-08 1.000000e-08 1.000000e-08 1.000000e-08 1.000000e-08 1.000000e-08 1.000000e-08 1.000000e-08 1.000000e-08 1.000000e-08 1.000000e-08 1.000000e-08 1.000000e-08 1.000000e-08 1.000000e-08 1.000000e-08 1.000000e-08 
1.000000e-08 1.000000e-08 1.000000e-08 1.000000e-08 1.000000e-08 1.000000e-08 1.000000e-08 1.000000e-08 1.000000e-08 1.000000e-08 1.000000e-08 1.000000e-08 1.000000e-08 1.000000e-08 1.000000e-08 1.000000e-08 1.000000e-08 1.000000e-08 1.000000e-08 1.000000e-08 1.000000e-08 1.000000e-08 1.000000e-08 1.000000e-08 1.000000e-08 1.000000e-08 1.000000e-08 1.000000e-08 1.000000e-08 1.000000e-08 
1.131720e+05 1.166430e+05 1.157530e+05 1.168210e+05 1.171770e+05 1.164650e+05 1.168210e+05 1.156640e+05 1.165540e+05 1.164650e+05 1.170880e+05 1.150410e+05 1.122820e+05 1.156640e+05 1.180670e+05 1.214310e+05 1.136170e+05 1.142400e+05 1.109470e+05 1.218710e+05 1.136170e+05 1.138840e+05 1.145070e+05 1.151300e+05 1.146850e+05 1.157530e+05 1.154860e+05 1.164650e+05 1.192240e+05 1.111250e+05 
