1.000620e+04 5.080430e+04 2.887583e+04 2.615228e+05 1.214687e+04 6.786209e+04 2.731008e+05 1.793928e+05 8.514047e+04 2.072054e+04 1.354032e+05 4.919270e+04 7.011803e+04 3.873844e+04 7.673674e+04 7.525557e+04 2.035863e+05 3.314646e+02 1.072201e+05 1.201083e+04 1.282905e+03 6.349290e+04 1.327663e+05 1.183461e+05 1.684044e+04 1.582692e+04 5.957712e+04 3.167054e+04 4.334165e+04 1.405054e+05 
8.702656e+03 1.935670e+04 2.317712e+04 1.432024e+05 1.214687e+04 6.786209e+04 2.509687e+05 3.849544e+04 8.514047e+04 2.072054e+04 1.275161e+04 4.919270e+04 3.464630e+04 1.289956e+04 7.673674e+04 2.041632e+04 3.524028e+04 2.519070e+02 1.072201e+05 1.190870e+04 5.098007e+02 2.778896e+04 6.014964e+04 1.183461e+05 1.540881e+04 1.513889e+04 1.533294e+04 3.165698e+04 1.248565e+04 1.390657e+05 
8.702656e+03 1.162582e+03 2.317712e+04 1.324203e+05 1.125146e+04 5.120731e+04 2.152433e+05 3.845652e+04 6.917881e+04 2.072054e+04 8.609647e+03 3.217810e+04 2.631032e+04 1.289956e+04 7.207808e+04 1.917844e+04 2.404975e+04 2.309686e+02 1.072201e+05 1.115847e+04 5.098007e+02 1.688672e+04 6.014964e+04 1.183040e+05 1.539962e+04 1.513485e+04 1.533294e+04 3.165698e+04 1.248565e+04 1.094458e+05 
8.424984e+03 1.162582e+03 9.718707e+03 6.149668e+04 4.525675e+03 1.335773e+04 5.481249e+04 3.771091e+04 4.481895e+04 1.790969e+04 5.127432e+03 2.434783e+04 5.961130e+03 5.638990e+03 7.197357e+04 1.051678e+04 1.427830e+04 2.309686e+02 1.072201e+05 3.620780e+03 4.783247e+02 1.432350e+04 6.014964e+04 6.527347e+04 1.539962e+04 1.485043e+04 1.035474e+04 2.442844e+04 1.248565e+04 5.584018e+04 
8.344727e+03 1.142226e+03 5.230242e+03 5.556573e+04 1.799071e+03 6.810606e+02 2.601782e+04 8.148379e+03 7.394038e+02 1.761680e+04 2.171734e+03 1.636998e+03 5.432804e+03 3.815725e+03 4.019118e+03 8.307580e+03 5.335229e+03 2.284537e+02 6.078655e+04 1.292750e+03 4.778652e+02 1.281291e+04 7.849739e+02 6.523190e+04 1.060580e+04 7.731946e+03 4.858074e+02 3.399688e+03 6.217194e+03 3.035224e+04 
2.312159e+02 7.605087e+01 1.242422e+03 1.934795e+03 1.205666e+03 2.813557e+02 1.395084e+03 3.443484e+03 5.584762e+02 1.725944e+03 1.134739e+03 3.365758e+01 3.053398e+02 3.334759e+03 2.782196e+03 8.610345e+01 7.239340e+02 2.284537e+02 7.150438e+03 1.812539e+02 1.661937e+02 2.363079e+03 4.337270e+02 3.239224e+02 1.659004e+02 2.965936e+03 3.838251e+02 4.015571e+02 1.560809e+03 1.026649e+02 
4.534065e+01 7.086901e+01 1.106896e+02 4.834363e+01 2.490288e+01 7.225382e+01 7.539330e+01 6.835813e+02 1.946943e+01 4.375631e+01 1.147850e+02 3.066353e+01 1.633038e+01 2.111609e+02 9.728000e+01 2.724731e+01 1.175564e+02 1.219282e+02 8.564180e+01 4.884649e+01 1.485751e+01 1.287627e+02 1.629722e+01 6.481796e+01 7.035587e+01 3.325080e+02 1.691528e+02 2.064115e+01 1.436644e+02 1.025123e+02 
1.026138e+01 7.954985e+00 1.110814e+01 1.102983e+01 1.906337e+01 9.394039e+00 1.524671e+01 1.226732e+01 1.554788e+01 1.840146e+01 2.403173e+01 1.604801e+01 9.670331e+00 2.977420e+01 1.056682e+01 9.766162e+00 1.348492e+01 9.361852e+00 1.206586e+01 1.769568e+01 9.466307e+00 1.146442e+01 9.014582e+00 1.965250e+01 1.175986e+01 3.181935e+01 8.388387e+00 9.703968e+00 9.828611e+00 1.383194e+01 
6.349026e+00 4.950634e+00 5.187913e+00 5.321155e+00 4.927254e+00 4.226519e+00 6.395034e+00 4.135496e+00 3.889541e+00 6.171436e+00 5.047869e+00 4.263665e+00 4.577474e+00 6.892713e+00 5.897745e+00 6.016966e+00 6.046482e+00 5.174182e+00 6.598428e+00 3.371044e+00 4.798521e+00 6.222351e+00 3.283683e+00 5.490447e+00 5.235610e+00 6.883382e+00 4.379379e+00 2.549616e+00 6.023241e+00 4.940696e+00 
2.281259e+00 2.537108e+00 1.988761e+00 2.812565e+00 2.253843e+00 1.676287e+00 2.745018e+00 2.879973e+00 2.061456e+00 3.115428e+00 2.992845e+00 1.351253e+00 2.621751e+00 2.400030e+00 2.424802e+00 2.425859e+00 2.840959e+00 9.265570e-01 2.559702e+00 2.039522e+00 2.067979e+00 2.627326e+00 2.403946e+00 2.039803e+00 2.144615e+00 2.184028e+00 1.532811e+00 1.965580e+00 1.933475e+00 2.601858e+00 
1.478152e+00 1.133042e+00 8.947834e-01 1.554186e+00 7.322563e-01 9.733675e-01 1.178617e+00 1.479332e+00 1.050646e+00 1.246347e+00 8.453248e-01 1.065535e+00 1.157731e+00 1.168362e+00 6.170863e-01 9.267620e-01 7.564164e-01 9.231495e-01 9.013664e-01 1.206898e+00 6.997568e-01 1.385946e+00 1.416736e+00 1.392114e+00 1.349635e+00 1.048471e+00 1.157581e+00 8.301344e-01 1.012656e+00 1.236569e+00 
7.151185e-01 6.156463e-01 4.034704e-01 6.206680e-01 4.557486e-01 6.824544e-01 4.037271e-01 4.061689e-01 3.311612e-01 6.462726e-01 7.099648e-01 3.501275e-01 6.093738e-01 7.947428e-01 4.895262e-01 3.840882e-01 3.422904e-01 4.609955e-01 2.056272e-01 3.880851e-01 5.570966e-01 3.966566e-01 4.844392e-01 3.573208e-01 4.233460e-01 6.376777e-01 8.432022e-01 5.073979e-01 5.647249e-01 7.176368e-01 
2.145007e-01 1.141466e-01 3.538781e-02 4.175566e-01 1.401960e-01 2.569617e-01 1.427196e-01 2.617565e-01 1.807274e-01 1.272557e-01 2.365788e-01 1.554428e-01 2.758426e-01 2.768636e-01 9.083193e-02 1.276392e-01 2.312854e-01 1.715340e-01 1.265938e-01 1.900807e-01 9.347403e-02 1.434892e-01 2.843497e-01 7.790474e-02 8.738554e-02 1.250881e-01 3.655126e-01 1.010354e-01 1.066767e-01 4.534705e-01 
8.302181e-02 5.735228e-02 2.623187e-02 2.894517e-01 6.296207e-02 6.395776e-02 9.992552e-02 3.970244e-02 8.365001e-02 4.299595e-02 2.168961e-01 1.300151e-01 1.672530e-01 1.316677e-01 4.177224e-02 2.084170e-02 1.106346e-01 1.127685e-01 2.381387e-02 1.031959e-01 4.953031e-02 8.902209e-02 9.469798e-02 3.289150e-02 6.380120e-02 6.450074e-02 1.141631e-01 6.156406e-02 9.051687e-02 3.176273e-01 
6.974822e-02 1.658540e-02 2.581098e-02 2.251570e-01 4.337877e-02 5.340355e-02 9.893639e-02 3.850467e-02 5.140134e-02 4.099071e-02 1.446685e-01 9.750847e-02 5.972438e-02 1.277877e-01 3.725519e-02 2.063205e-02 1.069433e-01 1.057669e-01 2.301970e-02 8.299161e-02 4.948090e-02 7.846263e-02 6.382854e-02 3.177733e-02 6.062022e-02 5.073550e-02 7.281328e-02 5.474408e-02 8.082814e-02 2.255291e-01 
9.876901e-03 1.277232e-02 9.926861e-03 2.002075e-01 1.000000e-08 1.000000e-08 1.264773e-02 9.876901e-03 1.973863e-02 9.876901e-03 7.948295e-02 1.000000e-08 2.961159e-02 4.139886e-07 1.000000e-08 2.063205e-02 1.977863e-02 1.000000e-08 1.000000e-08 2.961794e-02 4.948090e-02 7.494571e-02 1.976511e-02 2.963863e-02 1.000000e-08 1.000000e-08 7.281328e-02 2.961053e-02 9.876930e-03 2.255291e-01 
2.000000e+05 2.000000e+05 2.000000e+05 2.000000e+05 1.827570e+05 1.750750e+05 2.000000e+05 2.000000e+05 2.000000e+05 2.000000e+05 2.000000e+05 1.863980e+05 2.000000e+05 2.000000e+05 1.641150e+05 2.000000e+05 2.000000e+05 1.730880e+05 1.783760e+05 2.000000e+05 2.000000e+05 2.000000e+05 2.000000e+05 2.000000e+05 1.705660e+05 1.722040e+05 2.000000e+05 2.000000e+05 2.000000e+05 2.000000e+05 
