9.568700e+06 1.352696e+06 1.420777e+07 1.322012e+07 2.279511e+06 6.665703e+06 1.152495e+07 2.492145e+06 2.840846e+06 1.090107e+07 5.521896e+06 1.020775e+05 6.554965e+05 1.509980e+07 4.607993e+06 9.797648e+06 8.625464e+06 4.462768e+06 2.388304e+06 1.094338e+07 3.012281e+06 7.202005e+06 1.271993e+06 1.515388e+07 1.360209e+07 1.509980e+07 1.017299e+07 5.367017e+06 8.796015e+06 8.290651e+05 
5.688721e+06 1.351694e+06 4.622988e+05 1.322012e+07 2.279167e+06 3.586269e+06 9.572971e+06 1.464127e+06 2.840846e+06 1.090107e+07 5.283583e+06 1.020575e+05 6.549994e+05 2.942608e+06 2.429820e+06 5.069926e+06 8.625454e+06 4.462768e+06 2.388304e+06 1.094338e+07 3.012281e+06 7.201971e+06 1.271783e+06 9.717293e+06 1.984637e+06 2.942608e+06 7.386951e+06 5.367012e+06 6.031987e+06 8.290462e+05 
5.688721e+06 1.351694e+06 4.622490e+05 4.608621e+06 2.279139e+06 3.586258e+06 9.572971e+06 1.464086e+06 2.840846e+06 6.292251e+06 5.283583e+06 1.018563e+05 6.549994e+05 2.942606e+06 1.674261e+06 5.069383e+06 8.625454e+06 4.462768e+06 2.388304e+06 1.446720e+06 3.012281e+06 7.201945e+06 1.271603e+06 9.717162e+06 1.984635e+06 2.942606e+06 6.346089e+06 5.367012e+06 1.152612e+06 8.287103e+05 
1.316624e+06 1.351694e+06 4.622490e+05 4.608621e+06 2.279139e+06 3.586258e+06 2.118173e+06 1.464086e+06 2.840846e+06 2.169178e+06 4.319925e+06 1.018563e+05 6.549766e+05 2.942606e+06 1.674261e+06 5.069383e+06 2.451737e+06 4.462735e+06 2.388304e+06 9.985385e+05 3.011820e+06 7.201056e+06 4.497415e+05 8.311362e+06 1.983950e+06 2.942606e+06 1.033789e+06 4.355043e+06 1.152612e+06 8.285638e+05 
1.316608e+06 1.351681e+06 3.850882e+05 1.683224e+06 1.126133e+06 2.663846e+06 2.118173e+06 8.209362e+05 2.840846e+06 2.169178e+06 3.782446e+06 5.557638e+04 6.549766e+05 7.709315e+05 1.553680e+06 5.069311e+06 2.169933e+06 4.462735e+06 2.388195e+06 9.985229e+05 3.011820e+06 6.840712e+06 4.497320e+05 8.310538e+06 1.983949e+06 7.709315e+05 1.033670e+06 4.354991e+06 1.152612e+06 8.284719e+05 
2.705724e+05 6.871373e+05 3.848765e+05 1.683219e+06 7.001292e+05 2.039015e+05 1.900336e+06 8.209362e+05 1.600857e+06 2.169163e+06 1.226019e+06 5.556473e+04 6.549694e+05 7.709315e+05 5.569997e+05 2.056718e+06 7.272354e+05 4.119713e+06 2.388195e+06 9.985217e+05 1.595278e+06 2.477110e+06 4.497154e+05 2.884877e+06 1.983949e+06 7.709315e+05 1.033670e+06 2.855561e+06 1.152599e+06 4.053519e+05 
2.698886e+05 6.870979e+05 3.843640e+05 1.388791e+06 3.943309e+05 2.038619e+05 8.329549e+05 8.209362e+05 1.590000e+06 1.366183e+06 6.167930e+05 5.547001e+04 6.549694e+05 7.706806e+05 4.422604e+05 9.852385e+05 7.267406e+05 4.119713e+06 1.437083e+06 9.985070e+05 1.855222e+05 2.459988e+06 4.497154e+05 1.463587e+06 1.177357e+06 7.706806e+05 1.033106e+06 2.855223e+06 1.152597e+06 4.053519e+05 
2.698768e+05 6.870685e+05 3.843457e+05 3.014334e+05 3.942705e+05 2.038327e+05 8.022876e+05 6.584122e+05 1.932432e+05 1.226922e+06 6.167930e+05 5.545810e+04 6.546690e+05 7.706806e+05 4.421901e+05 4.671099e+04 7.084924e+05 8.760145e+05 5.448790e+05 9.985026e+05 1.854941e+05 4.370389e+05 3.109161e+05 3.384316e+05 1.079955e+06 7.706806e+05 1.033105e+06 2.855223e+06 2.362026e+05 4.052084e+05 
2.698702e+05 4.824256e+05 1.736059e+05 3.011614e+05 6.452587e+04 2.038095e+05 4.373089e+05 2.208528e+05 1.932294e+05 6.255443e+05 6.166839e+05 5.542779e+04 1.816672e+05 1.051465e+05 4.421269e+05 4.640317e+04 4.809727e+05 1.999402e+05 2.099422e+05 1.914932e+05 1.852383e+05 3.153478e+05 3.108505e+05 3.384240e+05 1.079403e+06 1.051465e+05 6.954132e+05 3.020880e+05 2.359446e+05 3.001205e+05 
1.245326e+05 8.454090e+04 1.701035e+05 3.011338e+05 6.445799e+04 1.530194e+05 3.417384e+05 2.185654e+05 1.430016e+05 1.477147e+05 4.828573e+05 2.212176e+04 1.813899e+05 1.051353e+05 4.357963e+05 4.635832e+04 4.544260e+05 1.999297e+05 2.037839e+05 1.912653e+05 1.797120e+05 8.972565e+04 4.065696e+04 3.381103e+05 1.079139e+06 1.051353e+05 1.689820e+04 2.955387e+05 1.391576e+05 1.418284e+05 
1.245145e+05 8.243476e+04 8.617540e+04 3.010749e+05 6.445413e+04 1.400701e+05 3.416434e+05 2.185282e+05 1.428415e+05 1.069341e+05 4.828487e+05 2.201275e+04 1.813891e+05 5.004583e+04 4.310465e+05 4.632834e+04 4.361839e+05 1.619602e+05 2.026078e+05 1.608138e+05 1.718854e+05 8.770159e+04 4.064815e+04 2.444787e+05 4.834235e+05 5.004583e+04 1.681537e+04 2.939596e+05 1.081168e+05 1.298308e+05 
1.241776e+05 8.206259e+04 8.617531e+04 3.010242e+05 6.271788e+04 1.397477e+05 3.416426e+05 2.179400e+05 1.428415e+05 8.806598e+04 4.536606e+05 2.184182e+04 1.813596e+05 3.802270e+04 4.301916e+05 4.630660e+04 4.173049e+05 1.533666e+05 2.022286e+05 1.605540e+05 1.520934e+05 8.767826e+04 4.064681e+04 2.427372e+05 4.833578e+05 3.802270e+04 1.630366e+04 2.935097e+05 1.072497e+05 1.292395e+05 
1.217007e+05 8.205719e+04 8.453667e+04 2.484103e+05 6.269351e+04 1.312528e+05 3.416425e+05 2.179123e+05 1.428376e+05 7.558558e+04 4.520757e+05 1.992922e+04 1.801763e+05 3.772320e+04 3.774947e+05 4.629762e+04 4.059326e+05 1.511425e+05 1.869098e+05 1.605184e+05 1.490691e+05 8.565834e+04 4.004752e+04 2.307523e+05 4.184847e+05 3.772320e+04 1.630235e+04 2.230069e+05 1.005600e+05 1.283562e+05 
1.183358e+05 8.203863e+04 8.397876e+04 2.288659e+05 6.269228e+04 1.193451e+05 2.698505e+05 2.167954e+05 1.397546e+05 7.544413e+04 3.882293e+05 1.991437e+04 1.780576e+05 3.589439e+04 3.656993e+05 4.629637e+04 3.576194e+05 1.503677e+05 1.734094e+05 1.447267e+05 1.449133e+05 8.183488e+04 3.962431e+04 1.948240e+05 3.799399e+05 3.589439e+04 1.620708e+04 2.125454e+05 1.005452e+05 1.280909e+05 
7.234352e+01 2.404714e+01 3.273484e+01 2.772941e+01 1.546358e+01 3.654775e+01 6.172976e+01 6.713687e+01 1.986455e+01 5.626015e+01 9.282780e+00 8.293674e+01 3.916542e+01 3.259138e+01 5.054753e+01 6.200848e+01 1.030089e+02 2.033518e+01 2.205099e+01 1.727777e+01 1.474670e+02 2.666007e+01 2.875672e+01 3.573074e+01 3.607802e+01 3.259138e+01 9.286190e+01 3.466462e+01 5.441450e+01 5.590703e+01 
1.619388e+00 9.949591e-01 2.985006e+00 2.081430e-01 1.203102e+00 1.619388e+00 4.604260e+00 4.162860e-01 4.162860e-01 1.411245e+00 1.000000e-08 4.162860e-01 1.000000e-08 9.949591e-01 1.258420e+01 1.411245e+00 2.198061e+00 4.162860e-01 1.619388e+00 6.244290e-01 1.000000e-08 2.081430e-01 1.203102e+00 9.949591e-01 6.244290e-01 9.949591e-01 2.081430e-01 1.619388e+00 1.411245e+00 2.081430e-01 
2.000000e+05 2.000000e+05 2.000000e+05 2.000000e+05 2.000000e+05 2.000000e+05 2.000000e+05 2.000000e+05 2.000000e+05 2.000000e+05 1.745790e+05 2.000000e+05 1.672630e+05 2.000000e+05 2.000000e+05 2.000000e+05 2.000000e+05 2.000000e+05 2.000000e+05 2.000000e+05 1.732480e+05 2.000000e+05 2.000000e+05 2.000000e+05 2.000000e+05 2.000000e+05 2.000000e+05 2.000000e+05 2.000000e+05 2.000000e+05 
