1.262213e+07 8.427315e+05 6.853972e+06 4.148213e+06 1.373204e+06 4.892212e+05 1.476029e+06 4.072960e+05 4.690188e+04 6.035480e+05 4.389743e+06 8.424667e+06 3.053931e+06 5.613751e+06 9.487791e+06 2.389517e+06 9.797965e+06 4.144216e+06 4.744008e+06 4.522026e+06 1.072560e+05 7.914409e+05 6.139955e+05 7.366361e+06 3.597531e+05 6.808531e+05 2.742690e+05 2.570855e+06 2.816331e+07 5.429675e+06 
1.464125e+06 1.268703e+05 6.485883e+06 4.148213e+06 1.373117e+06 4.892212e+05 1.476026e+06 4.062629e+05 4.690041e+04 6.035480e+05 4.389743e+06 1.018848e+06 3.053931e+06 5.613641e+06 8.770074e+06 2.389517e+06 9.797965e+06 4.144099e+06 3.038638e+06 4.521821e+06 5.166548e+04 7.914268e+05 6.135872e+05 7.366356e+06 3.568487e+05 6.751308e+05 2.742690e+05 5.486937e+05 9.783117e+06 5.429650e+06 
1.464125e+06 1.268703e+05 2.800926e+06 4.148210e+06 1.373030e+06 4.553118e+05 1.476008e+06 4.060146e+05 4.690041e+04 6.035480e+05 4.389640e+06 3.920487e+05 3.053931e+06 3.200433e+06 4.082139e+06 2.389516e+06 8.983835e+06 4.139931e+06 3.038477e+06 1.078768e+04 5.121321e+04 7.914268e+05 6.135872e+05 7.365717e+06 3.567171e+05 6.751308e+05 2.741364e+05 5.088418e+05 9.783117e+06 5.429650e+06 
1.463258e+06 1.264271e+05 3.655023e+05 4.148046e+06 1.372186e+06 4.553118e+05 1.218782e+06 4.060146e+05 4.688361e+04 5.101886e+05 7.808647e+05 3.919668e+05 3.053931e+06 3.200191e+06 4.082126e+06 2.389063e+06 4.358046e+06 4.139562e+06 3.038477e+06 1.066981e+04 5.103678e+04 7.914268e+05 6.135816e+05 1.276424e+06 1.723504e+05 6.741941e+05 2.727524e+05 5.088418e+05 9.782994e+06 3.487112e+06 
1.462957e+06 1.258397e+05 3.651454e+05 4.066535e+06 1.369571e+06 4.553118e+05 1.032394e+05 4.054612e+05 3.966534e+04 5.096217e+05 1.043598e+05 3.915749e+05 3.053926e+06 3.198231e+06 3.427073e+04 2.389063e+06 4.358041e+06 4.139528e+06 2.965086e+05 1.066594e+04 5.103678e+04 2.024880e+05 6.135624e+05 1.276386e+06 1.679907e+05 6.741608e+05 2.723189e+05 3.150935e+05 6.659138e+06 7.538272e+05 
8.095440e+05 1.258393e+05 2.072428e+05 2.548386e+06 1.007130e+06 4.552093e+05 5.419824e+04 4.054544e+05 3.959735e+04 1.745939e+05 1.040121e+05 3.912257e+05 2.829650e+05 1.065532e+06 3.409147e+04 2.389063e+06 2.196369e+05 1.979264e+05 2.920679e+05 1.066594e+04 5.103672e+04 2.021662e+05 5.680763e+05 9.993598e+05 1.678200e+05 2.532531e+05 1.023588e+05 3.964242e+04 1.845029e+06 7.019225e+05 
4.909660e+05 1.250419e+05 2.072420e+05 5.745804e+05 9.544561e+05 8.497160e+04 5.407663e+04 1.545402e+05 3.957290e+04 1.733154e+05 1.001700e+05 1.697968e+05 1.810857e+04 1.112154e+05 3.386868e+04 3.476462e+04 2.196280e+05 1.972814e+05 2.063439e+03 1.014041e+04 5.046151e+04 1.974471e+05 5.667098e+05 9.972994e+05 1.659876e+05 1.195428e+05 1.020122e+05 2.792363e+04 1.844978e+06 3.916967e+05 
7.995865e+04 1.359282e+04 2.237485e+04 2.398678e+05 1.143774e+04 8.432780e+04 2.252069e+04 3.882712e+04 3.898530e+04 8.627030e+03 2.513840e+04 1.275900e+04 1.793707e+04 8.458167e+03 3.386740e+04 1.280541e+04 1.304907e+05 1.296377e+05 2.035737e+03 2.945619e+03 4.962525e+04 1.376832e+05 5.374155e+04 4.342108e+05 6.175594e+04 1.417164e+04 9.224447e+03 2.915992e+03 3.609570e+05 1.900125e+05 
6.503311e+03 8.754263e+02 4.842817e+03 1.745412e+04 1.131740e+03 3.313651e+03 4.758702e+03 5.067765e+03 8.835941e+03 6.011486e+03 5.405148e+03 1.460178e+02 4.725577e+03 7.914377e+02 7.893386e+03 1.104741e+04 2.453991e+03 8.712668e+02 2.027648e+03 2.374787e+02 4.908247e+03 2.394277e+03 4.378988e+02 6.207856e+03 5.404051e+03 7.924182e+03 2.346999e+03 1.266081e+03 3.056870e+03 4.976522e+03 
1.535046e+03 6.297748e+01 2.520156e+02 5.502777e+02 2.010559e+02 4.417736e+02 3.598597e+02 2.580994e+02 3.738952e+02 3.796837e+02 1.957877e+02 8.915692e+01 1.179899e+02 1.877582e+02 7.795630e+01 1.294849e+01 1.917436e+02 2.755330e+02 3.918325e+02 1.429122e+02 1.480362e+02 1.230728e+02 1.953547e+02 1.157191e+02 4.673955e+01 1.549345e+02 1.842539e+02 7.462505e+01 2.146274e+02 3.610984e+02 
9.245542e+00 4.254872e+00 5.127012e+00 2.929550e+00 1.395190e+01 1.057439e+01 2.636089e+00 8.000875e+00 1.758383e+00 4.579408e+00 2.529483e+00 5.994697e+00 3.019537e+00 6.034111e+00 5.429845e+00 3.210374e+00 7.863451e+00 2.284426e+00 6.665360e+00 2.737175e+00 1.423959e+01 6.296216e+00 3.258237e+00 6.668066e+00 5.417771e+00 4.444126e+00 4.932103e+00 1.341292e+00 1.288254e+01 3.592905e+00 
5.445947e-01 1.980978e-01 6.416332e-01 1.759475e-01 4.985009e-01 5.930345e-01 4.019317e-01 2.287897e-01 3.063001e-01 4.523969e-01 1.934115e-01 2.000587e-01 2.335128e-01 3.753106e-01 2.198837e-01 1.552834e-01 3.205083e-01 2.858777e-01 2.647987e-01 2.590001e-01 4.344923e-01 2.951579e-01 2.825665e-01 4.459838e-01 3.214471e-01 2.099796e-01 2.906744e-01 2.355460e-01 4.495208e-01 2.181635e-01 
6.197045e-02 8.659183e-02 1.053485e-01 3.745277e-02 3.950572e-02 4.639668e-02 6.735619e-02 5.732405e-02 5.068466e-02 1.033778e-01 9.067740e-02 6.076457e-02 6.463476e-02 7.645817e-02 6.990292e-02 6.047301e-02 1.008152e-01 5.674428e-02 7.809110e-02 1.021747e-01 5.642667e-02 8.100327e-02 8.020079e-02 7.340750e-02 4.288962e-02 7.341903e-02 7.567073e-02 1.073094e-01 2.499139e-02 4.769636e-02 
2.435138e-02 3.698031e-02 2.915655e-02 3.105413e-02 3.943199e-02 3.452849e-02 2.681809e-02 3.509121e-02 2.895005e-02 4.951668e-02 3.016749e-02 5.375522e-02 5.105507e-02 4.472309e-02 1.928577e-02 5.973039e-02 4.527933e-02 3.510143e-02 3.495005e-02 1.757925e-02 2.371670e-02 3.224110e-02 5.700939e-02 5.039063e-02 3.858350e-02 2.762550e-02 3.365238e-02 3.151196e-02 2.299192e-02 2.475277e-02 
1.890508e-03 9.334123e-03 3.111261e-03 3.842715e-03 5.129221e-03 2.289537e-03 4.564538e-04 8.186602e-04 6.750308e-03 4.646354e-03 2.515045e-03 3.135658e-03 1.517758e-03 1.817104e-03 1.462601e-03 1.941296e-03 5.411898e-03 2.179304e-03 2.690441e-03 2.057404e-03 7.251203e-04 9.472203e-04 5.332145e-03 1.818526e-03 1.210191e-03 4.914083e-03 3.481240e-04 3.198926e-03 4.354566e-03 1.244191e-02 
1.024303e-03 4.029334e-03 3.566783e-04 8.069927e-04 1.000000e-08 3.273875e-04 1.103478e-04 7.704966e-04 1.330983e-03 4.744091e-04 9.043867e-04 4.067662e-04 6.206451e-04 3.062714e-04 3.988849e-04 8.940338e-04 4.643727e-04 7.653956e-05 6.180745e-04 4.525617e-05 4.197403e-04 1.233548e-04 1.535523e-04 2.786962e-04 8.631398e-06 3.410229e-03 2.486126e-06 1.877738e-03 1.856692e-04 5.710947e-04 
2.000000e+05 2.000000e+05 2.000000e+05 2.000000e+05 1.613050e+05 2.000000e+05 2.000000e+05 2.000000e+05 2.000000e+05 2.000000e+05 2.000000e+05 2.000000e+05 2.000000e+05 2.000000e+05 2.000000e+05 2.000000e+05 2.000000e+05 2.000000e+05 2.000000e+05 2.000000e+05 2.000000e+05 2.000000e+05 2.000000e+05 2.000000e+05 2.000000e+05 2.000000e+05 2.000000e+05 2.000000e+05 2.000000e+05 2.000000e+05 
