2.581855e+07 5.737711e+07 7.502601e+07 8.220565e+07 6.426609e+07 5.861907e+07 1.763167e+08 4.519193e+07 6.738189e+07 6.886230e+07 7.338129e+07 5.342065e+07 4.967798e+07 3.870130e+07 7.061678e+07 5.235747e+07 9.437185e+07 2.652562e+07 2.858603e+07 3.332568e+07 4.997991e+07 3.344752e+07 3.138410e+07 8.559691e+07 1.009381e+08 6.045621e+07 6.159203e+07 3.744567e+07 3.867846e+07 4.112127e+07 
2.581854e+07 5.737709e+07 7.502601e+07 8.220562e+07 4.728504e+07 1.863701e+07 1.763167e+08 4.519193e+07 6.738189e+07 6.886230e+07 7.338128e+07 5.342065e+07 4.967798e+07 3.870072e+07 7.061678e+07 2.467530e+07 9.437182e+07 2.652562e+07 2.858603e+07 3.332567e+07 4.997898e+07 3.344734e+07 3.138410e+07 9.686078e+06 8.507656e+07 6.017418e+07 6.159203e+07 3.744540e+07 3.867846e+07 4.112127e+07 
2.581816e+07 5.737709e+07 3.354513e+07 8.220562e+07 4.728502e+07 1.863699e+07 1.313158e+08 4.519192e+07 6.738183e+07 6.886230e+07 7.338126e+07 3.135596e+07 4.967798e+07 1.922410e+07 7.061674e+07 2.467463e+07 9.437182e+07 2.652562e+07 2.858603e+07 3.107150e+07 4.997898e+07 3.344734e+07 3.138410e+07 9.686078e+06 8.507656e+07 6.017418e+07 6.159202e+07 3.744440e+07 1.435943e+07 4.112111e+07 
2.581816e+07 5.737709e+07 3.354436e+07 8.220562e+07 3.991002e+07 1.863672e+07 5.593538e+07 4.519183e+07 4.906422e+07 5.983616e+07 5.756791e+07 3.135596e+07 2.076579e+07 1.457035e+07 6.083194e+07 2.467432e+07 7.032038e+07 2.652509e+07 2.858599e+07 3.107148e+07 4.997898e+07 3.344733e+07 2.944313e+07 9.686071e+06 6.169168e+07 6.017418e+07 6.159202e+07 3.744440e+07 1.435882e+07 4.112111e+07 
2.581816e+07 3.698357e+07 1.302580e+07 4.741751e+07 3.991002e+07 1.863672e+07 2.920568e+07 4.519138e+07 3.777988e+07 2.551916e+07 3.521538e+07 3.135594e+07 2.076577e+07 4.135567e+06 2.662388e+07 1.185247e+07 1.080779e+07 2.652507e+07 2.858572e+07 1.230057e+07 4.997896e+07 1.711631e+07 2.944257e+07 9.686071e+06 3.839005e+06 1.754576e+07 3.539573e+07 1.676507e+07 1.435753e+07 2.417579e+07 
2.000377e+07 1.181905e+07 1.302540e+07 2.066174e+07 6.405736e+06 1.205205e+07 1.405782e+07 2.155258e+07 1.473855e+07 2.551914e+07 1.229550e+07 1.453607e+07 2.076576e+07 4.135482e+06 2.552122e+07 1.146464e+07 5.236624e+06 1.198174e+07 2.858571e+07 1.230057e+07 9.677848e+06 8.873206e+06 1.733240e+07 9.685172e+06 3.838995e+06 1.754576e+07 1.443942e+07 1.676504e+07 1.014832e+07 2.417483e+07 
6.698217e+06 7.313693e+06 4.119891e+06 1.201473e+07 4.174097e+06 1.205181e+07 8.990617e+06 2.706339e+06 1.473791e+07 1.148608e+07 1.229516e+07 1.078799e+07 3.397554e+06 4.135442e+06 7.013839e+06 4.226537e+06 5.194898e+06 1.198123e+07 1.338648e+07 6.290778e+06 6.406354e+06 7.680107e+06 7.931653e+06 5.654792e+06 3.838924e+06 6.372650e+06 9.149975e+06 1.676499e+07 6.496224e+06 1.191261e+07 
4.740705e+06 2.059422e+06 1.469043e+06 5.147258e+06 2.955171e+06 5.320539e+06 4.016874e+06 2.705944e+06 5.941948e+06 4.170303e+06 6.547188e+06 4.113594e+06 1.280078e+06 3.864668e+06 6.266731e+06 1.160983e+06 2.299404e+06 4.041292e+06 6.257486e+06 3.632535e+06 4.460514e+06 4.439521e+06 7.931136e+06 4.667807e+06 3.838924e+06 6.372620e+06 7.948329e+06 6.992384e+06 4.454996e+06 9.221292e+06 
2.537426e+06 2.059376e+06 1.123406e+06 4.477238e+06 2.494369e+06 1.662415e+06 3.812152e+06 1.744651e+06 4.624353e+06 3.662854e+06 1.353952e+06 3.512449e+06 1.245738e+06 1.774594e+06 3.586165e+06 1.110262e+06 2.154768e+06 3.173136e+06 2.839552e+06 1.907581e+06 1.746635e+06 1.592885e+06 4.298772e+06 3.029372e+06 2.785467e+06 3.291669e+06 2.486522e+06 1.836191e+06 4.454869e+06 7.781053e+06 
2.176179e+06 6.314850e+05 5.432807e+05 2.665354e+06 2.298266e+06 1.618631e+06 2.892639e+06 1.616646e+06 3.831262e+06 2.957570e+06 1.087621e+06 2.149751e+06 1.245568e+06 1.680289e+06 1.768798e+06 1.004997e+06 1.719091e+06 1.732164e+06 1.849993e+06 1.124424e+06 1.268614e+06 8.383557e+05 2.950905e+06 1.492714e+06 2.601332e+06 2.521270e+06 2.228384e+06 1.050883e+06 2.229875e+06 4.386798e+06 
7.838864e+05 4.125965e+05 4.132847e+05 1.803594e+06 9.562094e+05 1.282918e+06 4.207035e+05 5.437685e+05 5.098677e+05 2.247109e+06 9.721219e+05 8.806086e+05 7.067812e+05 4.422125e+05 5.575892e+05 5.341091e+05 9.533245e+05 7.957829e+05 8.218780e+05 1.018144e+06 7.508491e+05 3.098711e+05 1.130123e+06 7.334322e+05 5.764824e+05 1.110575e+06 1.960215e+06 6.274713e+05 1.051904e+06 2.368352e+06 
4.984281e+05 3.017526e+05 2.649373e+05 6.179513e+05 4.177725e+05 5.419352e+05 3.205580e+05 3.195629e+05 1.601197e+05 6.510679e+05 5.123464e+05 4.567718e+05 9.993055e+04 3.880312e+05 3.815297e+05 2.840415e+05 5.762398e+05 4.118022e+05 5.271497e+05 7.360326e+05 2.868758e+05 7.006605e+04 4.002916e+05 2.932811e+05 3.787927e+05 5.370243e+05 8.196095e+05 3.335648e+05 5.224427e+05 3.493462e+05 
3.514853e+05 1.861854e+05 2.072903e+05 3.066161e+05 3.187348e+05 4.110180e+05 2.739645e+05 6.545584e+04 6.178732e+04 7.845021e+04 3.490362e+05 2.453007e+05 2.256280e+04 2.660872e+05 2.527670e+05 1.729010e+05 2.559445e+05 1.967505e+05 4.837599e+05 6.031727e+05 6.173401e+04 6.110997e+04 3.878160e+05 2.297416e+05 2.345938e+05 2.651289e+05 3.104015e+05 1.968095e+05 3.285065e+05 9.308687e+04 
1.198364e+05 5.276627e+04 1.381416e+05 1.228795e+05 2.268836e+05 2.532217e+05 1.757796e+05 5.015068e+04 1.298369e+04 3.999095e+04 1.709161e+05 1.971394e+05 2.225417e+04 1.613188e+05 7.853773e+04 8.782326e+04 1.939539e+05 1.113906e+05 3.386337e+05 3.740328e+05 3.014392e+04 6.065489e+04 1.931240e+05 2.013054e+05 1.352814e+05 1.941639e+05 2.039278e+05 1.304208e+05 1.529690e+05 3.812649e+04 
6.410119e+02 4.053896e+02 4.468050e+02 2.311153e+02 7.742295e+02 5.218330e+02 5.185343e+02 5.520657e+02 3.094037e+02 4.311443e+02 4.172031e+02 7.063848e+02 7.164049e+02 5.658488e+02 6.484552e+02 7.372383e+02 5.911443e+02 4.745189e+02 3.776101e+02 5.709487e+02 5.525954e+02 4.130331e+02 4.576620e+02 5.507707e+02 6.124566e+02 2.531085e+02 2.080009e+02 6.568820e+02 7.463506e+02 7.605447e+02 
1.308494e+02 2.310629e+00 1.455600e+02 1.205382e+02 1.262237e+02 1.286654e+02 1.122116e+01 1.176516e+01 1.304663e+02 1.307119e+02 2.399816e+02 2.046066e+01 4.242074e+00 9.172973e+00 1.316489e+02 2.579094e+02 1.213904e+02 1.465404e+02 1.317891e+02 2.406298e+02 1.351285e+02 1.304568e+02 8.780523e+00 1.504969e+02 1.352815e+02 2.647449e+01 1.098954e+01 1.312359e+02 2.524257e+02 3.325550e+01 
1.000000e+06 1.000000e+06 1.000000e+06 1.000000e+06 1.000000e+06 1.000000e+06 1.000000e+06 1.000000e+06 1.000000e+06 1.000000e+06 1.000000e+06 1.000000e+06 1.000000e+06 1.000000e+06 1.000000e+06 1.000000e+06 1.000000e+06 1.000000e+06 1.000000e+06 1.000000e+06 1.000000e+06 1.000000e+06 1.000000e+06 1.000000e+06 1.000000e+06 1.000000e+06 1.000000e+06 1.000000e+06 1.000000e+06 1.000000e+06 
