1.262713e+03 1.498670e+03 1.420567e+03 1.466936e+03 1.172591e+03 1.269999e+03 1.109706e+03 1.148566e+03 1.592972e+03 1.221501e+03 1.287754e+03 1.266466e+03 1.252636e+03 1.229408e+03 1.223683e+03 1.558681e+03 1.438096e+03 1.573768e+03 1.550077e+03 1.388747e+03 1.475449e+03 1.214439e+03 1.437492e+03 1.459145e+03 1.605466e+03 1.210765e+03 1.415453e+03 1.480346e+03 1.704477e+03 1.344569e+03 
1.262713e+03 1.498670e+03 1.372202e+03 1.466936e+03 1.172591e+03 1.269999e+03 1.109706e+03 1.142765e+03 1.592972e+03 1.221501e+03 1.287754e+03 1.266466e+03 1.252636e+03 1.229408e+03 1.223683e+03 1.558681e+03 1.389899e+03 1.573768e+03 1.550077e+03 1.388747e+03 1.475449e+03 1.143157e+03 1.317826e+03 1.447762e+03 1.595138e+03 1.210765e+03 1.415453e+03 1.480346e+03 1.704477e+03 1.344569e+03 
1.226279e+03 1.476859e+03 1.356070e+03 1.069591e+03 1.150317e+03 1.258229e+03 1.109706e+03 1.142765e+03 1.523081e+03 1.080628e+03 1.140412e+03 1.266466e+03 1.226871e+03 1.229408e+03 1.181099e+03 1.438797e+03 1.389899e+03 1.473881e+03 1.534800e+03 1.365018e+03 1.473987e+03 1.076456e+03 1.317826e+03 1.447147e+03 1.451221e+03 1.210765e+03 1.372257e+03 1.415501e+03 1.582040e+03 1.344077e+03 
1.220663e+03 1.435511e+03 1.256970e+03 1.018598e+03 1.051433e+03 1.143366e+03 1.031213e+03 1.066051e+03 1.278526e+03 1.005821e+03 7.532398e+02 1.266466e+03 1.221640e+03 1.066653e+03 1.047308e+03 1.277369e+03 1.388428e+03 1.124736e+03 1.472295e+03 1.365018e+03 1.157339e+03 1.076456e+03 1.293505e+03 1.388391e+03 1.415919e+03 9.905718e+02 1.286720e+03 1.388621e+03 1.536450e+03 1.317673e+03 
1.036364e+03 1.202178e+03 9.662865e+02 9.919982e+02 8.173277e+02 1.106841e+03 9.821025e+02 9.838287e+02 1.176312e+03 7.949488e+02 7.177399e+02 1.057960e+03 1.221640e+03 1.025307e+03 9.122716e+02 1.075966e+03 1.074795e+03 1.050303e+03 9.050270e+02 1.226457e+03 1.090699e+03 7.174724e+02 1.087017e+03 1.168035e+03 1.327151e+03 8.134593e+02 1.109955e+03 1.006422e+03 1.109408e+03 1.007591e+03 
8.440828e+02 8.835397e+02 8.948567e+02 7.659576e+02 7.062600e+02 8.145296e+02 8.007069e+02 7.090119e+02 6.708057e+02 6.798500e+02 5.798173e+02 9.148956e+02 8.636468e+02 9.284278e+02 6.604908e+02 5.869775e+02 7.962293e+02 7.950593e+02 5.864782e+02 8.248580e+02 7.413055e+02 5.049409e+02 8.182131e+02 9.038034e+02 9.034233e+02 4.533808e+02 6.860705e+02 7.464113e+02 8.329590e+02 7.721409e+02 
5.051597e+02 4.611068e+02 4.685318e+02 4.395604e+02 5.223065e+02 4.678438e+02 4.530706e+02 4.691020e+02 4.100026e+02 4.512704e+02 4.167315e+02 5.108859e+02 5.327634e+02 5.315088e+02 5.557966e+02 4.717424e+02 4.726763e+02 5.264493e+02 3.720771e+02 3.934372e+02 3.176071e+02 4.157418e+02 3.642848e+02 4.659218e+02 5.793266e+02 4.150240e+02 3.763612e+02 4.810914e+02 5.233532e+02 5.480903e+02 
2.914841e+02 2.683114e+02 2.620880e+02 2.253332e+02 2.386208e+02 2.765184e+02 2.758728e+02 2.245315e+02 2.424173e+02 2.541205e+02 2.556951e+02 2.381621e+02 2.077672e+02 2.778175e+02 2.434604e+02 2.281069e+02 2.237781e+02 2.011537e+02 2.347535e+02 2.469874e+02 2.437736e+02 1.960270e+02 2.736945e+02 2.204726e+02 2.887187e+02 2.223659e+02 1.982077e+02 2.350942e+02 2.314195e+02 1.740361e+02 
1.054311e+02 1.141129e+02 1.274335e+02 1.090209e+02 1.019804e+02 1.125994e+02 1.185999e+02 1.281232e+02 1.243793e+02 1.211393e+02 1.086186e+02 1.210306e+02 1.206228e+02 1.131902e+02 1.115010e+02 1.118496e+02 1.227001e+02 1.138919e+02 1.161707e+02 1.230940e+02 1.242784e+02 1.131634e+02 1.120137e+02 1.150225e+02 1.194057e+02 1.100221e+02 1.228271e+02 1.227397e+02 1.098214e+02 9.682729e+01 
5.383862e+01 5.808989e+01 6.371599e+01 5.250847e+01 4.339047e+01 5.481756e+01 5.450934e+01 4.719798e+01 4.680377e+01 5.379490e+01 4.746147e+01 5.674075e+01 4.601121e+01 4.428412e+01 3.684417e+01 4.767762e+01 4.301982e+01 5.517052e+01 4.667600e+01 5.935308e+01 5.705709e+01 6.114480e+01 3.919521e+01 5.111788e+01 5.547318e+01 5.461505e+01 5.071107e+01 3.614161e+01 5.333427e+01 4.200334e+01 
1.444541e+01 1.358993e+01 1.813531e+01 1.526277e+01 1.200000e+01 1.417143e+01 1.343019e+01 1.057975e+01 1.961954e+01 1.975413e+01 1.044874e+01 1.769649e+01 1.272607e+01 1.171344e+01 1.028511e+01 1.391719e+01 1.493894e+01 2.019314e+01 1.283662e+01 2.112120e+01 1.997377e+01 1.746257e+01 8.946418e+00 1.878814e+01 1.426247e+01 1.171446e+01 1.444130e+01 1.421322e+01 1.345938e+01 1.416764e+01 
2.106717e-01 4.146154e-01 3.375082e-01 4.670892e-01 4.779833e-01 7.983869e-02 2.179146e-01 3.241675e-01 2.995050e-01 1.338111e-01 3.902447e-01 1.817674e-01 2.222456e-01 3.439796e-01 4.373820e-01 6.518504e-01 1.109643e-01 9.435764e-02 7.549197e-01 6.204282e-01 5.682242e-01 1.188320e-01 4.569042e-01 2.534940e-01 8.851272e-01 1.996279e-01 4.789433e-01 4.661555e-01 1.909354e-01 3.347255e-01 
3.934295e-06 4.655586e-06 3.768455e-06 5.255903e-06 3.472257e-06 4.159120e-06 4.898285e-06 5.276939e-06 4.474674e-06 6.105758e-06 5.244674e-06 1.987740e-06 4.987389e-06 4.550432e-06 6.939646e-06 6.333498e-06 2.498590e-06 2.002037e-06 6.522523e-06 8.205842e-06 7.390658e-06 1.803240e-06 5.921866e-06 6.753149e-06 1.032291e-05 4.929041e-06 2.619436e-06 2.718658e-06 6.562821e-06 7.387732e-06 
1.000000e-08 1.000000e-08 1.000000e-08 1.000000e-08 1.000000e-08 1.000000e-08 1.000000e-08 1.000000e-08 1.000000e-08 1.000000e-08 1.000000e-08 1.000000e-08 1.000000e-08 1.000000e-08 1.000000e-08 1.000000e-08 1.000000e-08 1.000000e-08 1.000000e-08 1.000000e-08 1.000000e-08 1.000000e-08 1.000000e-08 1.000000e-08 1.000000e-08 1.000000e-08 1.000000e-08 1.000000e-08 1.000000e-08 1.000000e-08 
1.000000e-08 1.000000e-08 1.000000e-08 1.000000e-08 1.000000e-08 1.000000e-08 1.000000e-08 1.000000e-08 1.000000e-08 1.000000e-08 1.000000e-08 1.000000e-08 1.000000e-08 1.000000e-08 1.000000e-08 1.000000e-08 1.000000e-08 1.000000e-08 1.000000e-08 1.000000e-08 1.000000e-08 1.000000e-08 1.000000e-08 1.000000e-08 1.000000e-08 1.000000e-08 1.000000e-08 1.000000e-08 1.000000e-08 1.000000e-08 
1.000000e-08 1.000000e-08 1.000000e-08 1.000000e-08 1.000000e-08 1.000000e-08 1.000000e-08 1.000000e-08 1.000000e-08 1.000000e-08 1.000000e-08 1.000000e-08 1.000000e-08 1.000000e-08 1.000000e-08 1.000000e-08 1.000000e-08 1.000000e-08 1.000000e-08 1.000000e-08 1.000000e-08 1.000000e-08 1.000000e-08 1.000000e-08 1.000000e-08 1.000000e-08 1.000000e-08 1.000000e-08 1.000000e-08 1.000000e-08 
2.041460e+05 2.059860e+05 1.999460e+05 2.018090e+05 2.043060e+05 2.042260e+05 2.035860e+05 2.091860e+05 2.075060e+05 2.093460e+05 2.087860e+05 2.047060e+05 2.051860e+05 2.063060e+05 2.115860e+05 2.058260e+05 2.015660e+05 2.051060e+05 2.106260e+05 2.051860e+05 2.088660e+05 2.047060e+05 2.052660e+05 2.054260e+05 2.128660e+05 2.051860e+05 2.035860e+05 1.968680e+05 2.056660e+05 2.047060e+05 
