6.602959e+03 7.833167e+03 8.779668e+03 1.210478e+04 6.300681e+03 8.725547e+03 9.231822e+03 8.812889e+03 6.852878e+03 5.531940e+03 9.512243e+03 8.384293e+03 5.882529e+03 8.725547e+03 8.913056e+03 7.918831e+03 8.204945e+03 9.672869e+03 1.112554e+04 1.277350e+04 9.243306e+03 1.033749e+04 6.856453e+03 7.071502e+03 6.391067e+03 2.127576e+03 6.545020e+03 5.814683e+03 3.838730e+03 4.314741e+03 
6.602959e+03 7.833167e+03 8.779668e+03 1.075319e+04 6.300681e+03 8.181283e+03 8.912839e+03 8.812889e+03 6.513463e+03 5.531940e+03 9.271168e+03 8.293195e+03 5.882529e+03 8.181283e+03 8.913056e+03 7.918831e+03 8.037504e+03 9.672869e+03 1.112554e+04 1.053211e+04 9.243306e+03 1.018054e+04 3.388559e+03 7.071502e+03 6.357119e+03 2.127576e+03 6.545020e+03 5.814683e+03 3.838730e+03 4.283361e+03 
5.605723e+03 6.210618e+03 5.407136e+03 1.014134e+04 6.163830e+03 7.721550e+03 7.745908e+03 7.940124e+03 6.169970e+03 5.531940e+03 8.906093e+03 6.484281e+03 5.433049e+03 7.721550e+03 8.215948e+03 7.119478e+03 5.695216e+03 9.672869e+03 1.048766e+04 1.053211e+04 8.697757e+03 1.018054e+04 3.270582e+03 7.071502e+03 4.589485e+03 2.056343e+03 6.545020e+03 5.814683e+03 3.364000e+03 4.283361e+03 
4.907590e+03 5.327009e+03 4.943620e+03 7.788859e+03 4.947209e+03 7.611698e+03 7.745908e+03 7.361843e+03 4.899959e+03 4.862249e+03 7.465313e+03 6.484281e+03 5.045608e+03 7.611698e+03 6.959393e+03 5.380423e+03 5.695216e+03 7.544131e+03 9.271477e+03 1.053211e+04 6.959596e+03 1.002275e+04 2.842420e+03 7.071502e+03 4.474083e+03 2.056343e+03 6.545020e+03 5.814020e+03 3.364000e+03 4.283361e+03 
3.545685e+03 3.440881e+03 3.918838e+03 6.608667e+03 4.572238e+03 7.140377e+03 7.193092e+03 5.875556e+03 4.069953e+03 2.191626e+03 5.025942e+03 2.856092e+03 4.531662e+03 7.140377e+03 6.933359e+03 4.664148e+03 4.281514e+03 4.031734e+03 6.872118e+03 6.667750e+03 4.027865e+03 7.229952e+03 2.120257e+03 6.551553e+03 3.311689e+03 2.056343e+03 3.697149e+03 5.652860e+03 2.748775e+03 3.983920e+03 
3.214661e+03 1.542512e+03 2.604490e+03 3.215254e+03 2.165850e+03 3.535010e+03 2.849049e+03 3.030279e+03 2.484353e+03 2.154492e+03 3.259994e+03 1.960940e+03 2.761192e+03 3.535010e+03 4.522979e+03 3.833303e+03 1.833870e+03 2.414571e+03 4.693385e+03 3.893584e+03 2.526351e+03 4.499022e+03 1.414122e+03 3.516048e+03 3.124845e+03 1.347449e+03 2.662008e+03 2.797193e+03 2.480956e+03 3.208015e+03 
1.893551e+03 1.090106e+03 1.254745e+03 2.243422e+03 1.377517e+03 1.815811e+03 1.541348e+03 1.749766e+03 2.029473e+03 8.724443e+02 1.675514e+03 9.224177e+02 1.703290e+03 1.815811e+03 1.737197e+03 1.723502e+03 1.491281e+03 1.443723e+03 2.380148e+03 1.591122e+03 1.391970e+03 1.956904e+03 1.140066e+03 1.371348e+03 1.297537e+03 1.132682e+03 1.634561e+03 1.229730e+03 1.139682e+03 1.801186e+03 
1.013982e+03 7.770593e+02 6.723996e+02 7.640905e+02 6.291851e+02 8.254087e+02 7.442127e+02 7.841910e+02 7.809058e+02 6.902530e+02 7.336992e+02 6.419251e+02 8.100834e+02 8.254087e+02 8.236078e+02 8.191226e+02 6.317544e+02 8.311637e+02 7.236987e+02 8.156383e+02 8.422805e+02 8.680882e+02 7.150804e+02 7.357806e+02 8.472414e+02 7.494691e+02 7.737865e+02 8.414814e+02 6.872198e+02 9.155332e+02 
5.965221e+02 5.686449e+02 5.194012e+02 5.817219e+02 5.419774e+02 5.936177e+02 5.379154e+02 5.513442e+02 6.154098e+02 5.150375e+02 5.025097e+02 5.268269e+02 6.084105e+02 5.936177e+02 5.412776e+02 5.908726e+02 5.087272e+02 6.254257e+02 5.622443e+02 5.785543e+02 5.500746e+02 5.814721e+02 5.829435e+02 5.832014e+02 5.685406e+02 5.440856e+02 5.518958e+02 6.176298e+02 5.144948e+02 5.991776e+02 
4.920399e+02 4.818492e+02 4.511609e+02 4.935950e+02 4.626145e+02 4.755728e+02 4.814635e+02 4.431269e+02 4.624929e+02 4.478199e+02 4.601563e+02 4.769302e+02 4.496973e+02 4.755728e+02 4.707676e+02 4.628583e+02 4.750413e+02 5.027470e+02 4.731610e+02 4.956544e+02 4.635511e+02 4.685870e+02 4.962142e+02 4.529371e+02 4.489761e+02 4.678467e+02 4.477420e+02 4.755721e+02 4.482600e+02 4.814244e+02 
4.215571e+02 4.183923e+02 4.218505e+02 4.227090e+02 4.196388e+02 4.201064e+02 4.249951e+02 4.164143e+02 4.165979e+02 4.156673e+02 4.369152e+02 4.310811e+02 4.170078e+02 4.201064e+02 4.206465e+02 4.190592e+02 4.269230e+02 4.606787e+02 4.270118e+02 4.494500e+02 4.288805e+02 4.178825e+02 4.327382e+02 4.287197e+02 4.296270e+02 4.252001e+02 4.248615e+02 4.248794e+02 4.213421e+02 4.338393e+02 
4.129477e+02 4.130477e+02 4.148151e+02 4.145187e+02 4.143783e+02 4.148416e+02 4.150239e+02 4.109398e+02 4.143679e+02 4.128415e+02 4.118138e+02 4.153770e+02 4.097349e+02 4.148416e+02 4.134364e+02 4.111364e+02 4.149120e+02 4.149018e+02 4.149936e+02 4.164452e+02 4.148563e+02 4.145102e+02 4.153143e+02 4.147270e+02 4.151920e+02 4.138440e+02 4.090908e+02 4.099487e+02 4.147601e+02 4.151912e+02 
4.112280e+02 4.055137e+02 4.131813e+02 4.126540e+02 4.116608e+02 4.117131e+02 4.133812e+02 4.058225e+02 4.110067e+02 4.054710e+02 4.023903e+02 4.128521e+02 4.013540e+02 4.117131e+02 4.113014e+02 4.073861e+02 4.094902e+02 4.140848e+02 4.120955e+02 4.141574e+02 4.130252e+02 4.037418e+02 4.130286e+02 4.117191e+02 4.124076e+02 4.035919e+02 4.030831e+02 4.007584e+02 4.130262e+02 4.126039e+02 
4.109429e+02 4.028566e+02 4.107155e+02 4.019028e+02 4.110096e+02 4.107615e+02 4.028154e+02 4.024267e+02 4.103734e+02 4.011033e+02 4.003714e+02 4.106753e+02 4.002902e+02 4.107615e+02 4.108025e+02 3.997805e+02 4.081657e+02 4.052285e+02 4.110748e+02 4.126818e+02 4.003866e+02 4.007154e+02 4.111094e+02 4.109148e+02 4.113094e+02 4.026471e+02 4.005130e+02 4.003538e+02 4.057453e+02 4.116050e+02 
4.109067e+02 4.001125e+02 4.100412e+02 3.990414e+02 4.101253e+02 4.100416e+02 3.992613e+02 4.012054e+02 4.102172e+02 4.000551e+02 3.997421e+02 4.100875e+02 3.999325e+02 4.100416e+02 4.100211e+02 3.991635e+02 4.069207e+02 4.036001e+02 4.100346e+02 4.125706e+02 3.999004e+02 3.993234e+02 4.100267e+02 4.100553e+02 4.103755e+02 4.013211e+02 3.993193e+02 3.990716e+02 3.996757e+02 4.102497e+02 
4.109067e+02 4.001125e+02 4.100304e+02 3.990414e+02 4.101233e+02 4.100368e+02 3.992613e+02 4.012054e+02 4.102110e+02 4.000551e+02 3.997421e+02 4.100874e+02 3.999325e+02 4.100368e+02 4.100169e+02 3.991635e+02 4.069207e+02 4.036001e+02 4.100286e+02 4.125706e+02 3.999004e+02 3.991948e+02 4.100139e+02 4.100459e+02 4.103454e+02 4.013168e+02 3.992651e+02 3.990716e+02 3.996400e+02 4.102339e+02 
1.000000e+06 1.000000e+06 1.000000e+06 1.000000e+06 1.000000e+06 1.000000e+06 1.000000e+06 1.000000e+06 1.000000e+06 1.000000e+06 1.000000e+06 1.000000e+06 1.000000e+06 1.000000e+06 1.000000e+06 1.000000e+06 1.000000e+06 1.000000e+06 1.000000e+06 1.000000e+06 1.000000e+06 1.000000e+06 1.000000e+06 1.000000e+06 1.000000e+06 1.000000e+06 1.000000e+06 1.000000e+06 1.000000e+06 1.000000e+06 
