7.365976e+06 9.577860e+06 5.648053e+06 3.667358e+06 3.994887e+06 3.223722e+06 8.380316e+06 3.222432e+06 1.068703e+07 1.583361e+07 3.544154e+06 6.634944e+06 4.457061e+06 1.059540e+07 7.144400e+06 1.897846e+06 2.225852e+06 8.771911e+06 3.069533e+06 5.510744e+06 4.039093e+06 6.925353e+06 9.838445e+06 9.747938e+05 5.139048e+06 1.062313e+07 1.019900e+07 2.777832e+06 7.763169e+06 5.134508e+06 
6.724038e+06 8.755952e+06 5.577271e+06 3.667358e+06 3.994887e+06 3.223722e+06 8.380316e+06 3.222432e+06 1.068703e+07 1.461106e+07 2.719912e+06 5.993778e+06 4.262738e+06 1.037812e+07 7.138166e+06 1.897573e+06 2.121498e+06 8.771911e+06 3.069533e+06 5.510744e+06 4.039093e+06 6.925062e+06 9.838345e+06 9.747938e+05 5.139048e+06 1.062313e+07 8.189715e+06 2.776736e+06 4.649213e+06 5.134508e+06 
6.724038e+06 8.496877e+06 2.121101e+06 3.645613e+06 3.991810e+06 3.223722e+06 8.380316e+06 1.260488e+06 9.366025e+06 1.309850e+07 1.383029e+06 5.993778e+06 3.145754e+06 9.410130e+06 4.353349e+06 1.521480e+06 2.085618e+06 8.643034e+06 3.061005e+06 5.510744e+06 4.039093e+06 6.106548e+06 1.522752e+06 2.543050e+05 5.102051e+06 4.059543e+06 8.189715e+06 2.775269e+06 4.649213e+06 4.976391e+06 
4.166413e+06 8.430208e+06 2.112534e+06 2.097203e+06 2.442405e+06 2.808927e+06 8.264242e+06 1.260122e+06 7.306622e+06 8.602845e+06 1.338136e+06 5.991402e+06 1.344906e+06 2.309313e+06 3.525919e+06 1.511644e+06 2.085270e+06 4.082215e+06 3.061005e+06 5.510744e+06 1.347019e+06 5.136928e+06 1.363703e+06 2.543050e+05 5.102051e+06 9.619739e+05 4.385739e+06 2.766760e+06 4.320962e+06 4.408396e+06 
2.128391e+06 4.968143e+06 1.751447e+06 1.166546e+06 1.154208e+06 4.207867e+05 6.879846e+06 9.362738e+05 3.586499e+06 3.210237e+06 1.033581e+06 5.991350e+06 1.101927e+06 2.099088e+06 2.413552e+06 1.433788e+06 1.991637e+06 2.823655e+06 2.917875e+06 2.646330e+06 1.323794e+06 3.885603e+06 9.242944e+05 2.300609e+05 4.975230e+06 3.911135e+05 3.785806e+06 2.064404e+06 2.103147e+06 2.618237e+06 
3.742413e+05 1.880709e+06 6.416494e+05 7.472987e+05 8.939518e+05 1.149502e+05 7.938850e+05 1.829942e+05 9.498465e+05 2.816539e+05 2.281321e+05 5.844643e+04 4.860877e+05 1.673410e+06 1.693395e+05 1.255111e+05 1.540582e+06 2.434086e+06 7.727729e+05 2.211534e+05 1.197318e+06 7.058320e+05 4.045371e+05 2.227691e+05 1.682209e+06 3.344243e+05 3.210824e+05 5.048854e+05 2.182550e+05 4.304815e+05 
2.547942e+04 1.811530e+04 7.165497e+03 4.699391e+04 9.233069e+04 1.087008e+03 1.163520e+05 2.343772e+04 3.277737e+04 5.980537e+04 1.364495e+05 9.738443e+03 2.068036e+05 5.383474e+04 3.235879e+04 8.446025e+04 3.266059e+04 9.761717e+04 4.607768e+04 3.607930e+04 3.900491e+04 1.464546e+05 9.286036e+04 4.149300e+04 1.580749e+04 7.237278e+02 1.115379e+04 1.051090e+04 1.168872e+04 5.276752e+04 
4.804734e+02 3.459576e+02 9.330302e+02 3.802407e+03 1.404669e+03 9.718458e+01 1.433554e+02 5.091934e+02 8.911403e+01 4.924013e+03 4.916006e+02 2.515326e+02 3.067313e+03 2.193603e+03 3.356877e+03 1.069659e+03 4.834278e+02 9.880068e+02 1.848632e+03 1.341862e+02 1.666194e+03 1.061715e+03 1.332601e+03 5.552518e+02 2.270810e+03 9.211672e+01 1.541705e+02 3.294513e+02 7.516549e+02 2.118351e+02 
7.838493e+01 1.969477e+01 4.372412e+01 2.657253e+01 4.127741e+01 1.970310e+01 3.412929e+01 3.274858e+01 1.534573e+01 5.258651e+01 5.292058e+01 2.227859e+01 5.661982e+01 3.880286e+01 1.007477e+02 8.830036e+01 2.820954e+01 3.374878e+01 4.228583e+01 2.919817e+01 2.698440e+01 2.086314e+01 5.155549e+01 5.182561e+01 2.566019e+01 2.011993e+01 3.341134e+01 2.821523e+01 4.883513e+01 3.415975e+01 
9.742277e+00 8.940271e+00 8.316202e+00 8.217712e+00 8.673918e+00 1.069212e+01 1.039361e+01 9.624097e+00 9.746149e+00 9.005366e+00 1.222722e+01 1.094657e+01 9.543744e+00 1.021822e+01 1.111598e+01 9.231107e+00 9.941564e+00 6.965097e+00 8.424906e+00 8.140610e+00 8.535737e+00 8.128131e+00 1.002885e+01 7.710952e+00 1.186974e+01 9.935030e+00 8.817716e+00 7.872162e+00 1.206411e+01 1.185088e+01 
4.153547e+00 3.677197e+00 3.804998e+00 3.768897e+00 5.047689e+00 4.368952e+00 4.928065e+00 4.048891e+00 3.998526e+00 4.964300e+00 5.741373e+00 5.100855e+00 4.693736e+00 3.447681e+00 4.526078e+00 4.483517e+00 3.702944e+00 3.671142e+00 4.064223e+00 4.020391e+00 4.444865e+00 4.753216e+00 4.265872e+00 4.995778e+00 5.666902e+00 4.764528e+00 4.722309e+00 5.452112e+00 4.897370e+00 3.526858e+00 
2.347343e+00 2.264760e+00 1.888440e+00 2.125369e+00 2.280063e+00 2.486810e+00 2.443371e+00 2.339534e+00 1.994917e+00 1.747738e+00 2.274662e+00 2.534655e+00 2.828182e+00 2.239454e+00 2.175004e+00 2.056950e+00 1.896174e+00 2.167699e+00 2.778124e+00 2.301990e+00 2.290782e+00 1.872549e+00 1.984791e+00 2.222576e+00 2.501863e+00 2.352412e+00 1.779358e+00 1.965155e+00 2.332090e+00 2.618553e+00 
1.452222e+00 1.115812e+00 1.151687e+00 1.495570e+00 1.128493e+00 1.440303e+00 1.492405e+00 1.459095e+00 1.441048e+00 1.327909e+00 1.227866e+00 1.428147e+00 1.699370e+00 8.371714e-01 1.384631e+00 1.568469e+00 1.223774e+00 1.689609e+00 1.750666e+00 1.225077e+00 1.340160e+00 1.039702e+00 1.438574e+00 1.242416e+00 1.645366e+00 1.109117e+00 1.113191e+00 1.387466e+00 1.234243e+00 1.237611e+00 
9.675705e-01 1.053372e+00 8.215241e-01 1.155686e+00 9.660490e-01 1.260229e+00 8.642334e-01 1.192264e+00 1.270851e+00 9.989776e-01 1.080926e+00 1.180749e+00 9.659807e-01 3.664786e-01 8.274677e-01 9.465886e-01 1.098454e+00 1.107763e+00 1.280560e+00 9.580823e-01 1.108543e+00 7.756606e-01 1.210405e+00 8.936416e-01 1.021305e+00 8.342930e-01 1.038951e+00 8.422694e-01 9.387160e-01 6.515437e-01 
7.656655e-01 9.634633e-01 7.503862e-01 1.062825e+00 8.181597e-01 1.019869e+00 8.030761e-01 9.088302e-01 9.949598e-01 9.319170e-01 1.064708e+00 1.139256e+00 5.420534e-01 3.563660e-01 7.780979e-01 6.926583e-01 8.610568e-01 1.078516e+00 1.065966e+00 8.340230e-01 8.852815e-01 7.379703e-01 1.144812e+00 8.129276e-01 9.782485e-01 7.470760e-01 9.759570e-01 7.673362e-01 8.335829e-01 6.195988e-01 
7.226339e-01 9.634633e-01 7.503862e-01 6.420463e-01 8.181597e-01 7.424523e-01 6.928786e-01 9.088302e-01 8.695182e-01 9.319170e-01 9.294237e-01 9.446747e-01 5.420534e-01 3.563660e-01 7.780979e-01 6.926583e-01 8.610568e-01 1.041192e+00 9.336155e-01 5.166163e-01 8.704343e-01 7.379703e-01 9.402449e-01 8.129276e-01 9.782485e-01 7.470760e-01 5.783828e-01 6.726505e-01 8.335829e-01 6.195988e-01 
1.000000e+06 1.000000e+06 1.000000e+06 1.000000e+06 1.000000e+06 1.000000e+06 1.000000e+06 1.000000e+06 1.000000e+06 1.000000e+06 1.000000e+06 1.000000e+06 1.000000e+06 1.000000e+06 1.000000e+06 1.000000e+06 1.000000e+06 1.000000e+06 1.000000e+06 1.000000e+06 1.000000e+06 1.000000e+06 1.000000e+06 1.000000e+06 1.000000e+06 1.000000e+06 1.000000e+06 1.000000e+06 1.000000e+06 1.000000e+06 
